22222
11111
247
22
241
90
22222
11111
247
22
241
91
11111
247
22
241
92
22222
11111
247
22
241
93
11111
247
22
241
94
22222
11111
247
22
241
95
11111
247
22
241
96
22222
11111
246
23
241
97
11111
247
22
241
98
22222
11111
247
23
242
99
11111
247
23
242
100
22222
11111
247
23
241
101
11111
247
22
241
102
22222
11111
247
22
241
103
11111
247
22
241
104
22222
11111
247
22
241
105
11111
246
22
241
106
22222
11111
247
22
241
107
11111
247
22
241
108
22222
11111
247
23
241
109
11111
247
23
241
110
22222
11111
247
23
241
111
11111
247
23
241
112
22222
11111
247
23
241
113
11111
247
23
241
114
22222
11111
247
22
241
115
11111
247
22
241
116
22222
11111
247
23
241
117
11111
247
22
241
118
22222
11111
247
23
241
119
11111
247
23
241
120
22222
11111
247
22
241
121
11111
247
23
241
122
22222
11111
247
22
241
123
11111
247
22
241
124
22222
11111
247
22
241
125
11111
247
22
241
126
22222
11111
247
22
241
127
11111
247
22
241
128
22222
11111
247
23
241
129
11111
247
23
241
130
22222
11111
247
22
241
131
11111
247
22
241
132
22222
11111
247
22
241
133
11111
247
22
241
134
22222
11111
247
22
241
135
11111
247
22
241
136
22222
11111
247
22
241
137
11111
247
22
241
138
22222
11111
247
22
241
139
11111
247
22
241
140
22222
11111
247
23
241
141
11111
247
23
241
142
22222
11111
247
22
241
143
11111
247
22
241
144
22222
11111
247
22
241
145
11111
247
22
241
146
22222
11111
247
23
241
147
11111
247
23
241
148
22222
11111
247
22
241
149
11111
247
22
241
150
22222
11111
247
22
241
151
11111
247
22
241
152
22222
11111
247
22
241
153
11111
247
22
241
154
22222
11111
247
23
241
155
11111
247
23
241
156
22222
11111
247
22
241
157
11111
247
22
241
158
22222
11111
247
23
241
159
11111
247
23
241
160
22222
11111
247
22
241
161
11111
247
22
241
162
22222
11111
247
23
241
163
11111
247
23
241
164
22222
11111
247
23
241
165
11111
247
23
241
166
22222
11111
247
23
241
167
11111
247
23
241
168
22222
11111
247
23
242
169
11111
247
23
242
170
22222
11111
247
23
241
171
11111
247
22
241
172
22222
11111
247
22
241
173
11111
247
22
241
174
22222
11111
247
23
241
175
11111
247
22
241
176
22222
11111
247
22
241
177
11111
247
22
241
178
22222
11111
247
22
241
179
11111
247
22
241
180
22222
11111
247
23
241
181
11111
247
23
241
182
22222
11111
247
23
242
183
11111
247
22
241
184
22222
11111
247
22
241
185
11111
247
22
241
186
22222
11111
247
22
241
187
11111
247
22
241
188
22222
11111
247
22
241
189
11111
247
22
241
190
22222
11111
247
22
241
191
11111
247
22
241
192
22222
11111
247
22
241
193
11111
247
22
241
194
22222
11111
247
22
241
195
11111
247
22
241
196
22222
11111
247
22
241
197
11111
247
22
241
198
22222
11111
247
22
241
199
11111
247
23
241
200
22222
11111
247
23
241
201
11111
247
23
241
202
22222
11111
247
23
242
203
11111
246
23
242
204
22222
11111
247
23
241
205
11111
247
23
241
206
22222
11111
247
23
241
207
11111
247
23
241
208
22222
11111
247
23
241
209
11111
247
23
242
210
22222
11111
247
23
241
211
11111
247
23
241
212
22222
11111
247
23
241
213
11111
247
23
241
214
22222
11111
247
23
241
215
11111
247
23
241
216
22222
11111
247
23
241
217
11111
247
23
241
218
22222
11111
247
23
242
219
11111
247
23
242
220
22222
11111
247
23
241
221
11111
247
23
241
222
22222
11111
247
23
241
223
11111
247
23
241
224
22222
11111
247
23
241
225
11111
247
23
241
226
22222
11111
247
23
241
227
11111
247
23
241
228
22222
11111
247
23
241
229
11111
247
23
241
230
22222
11111
247
23
241
231
11111
247
23
241
232
22222
11111
247
23
241
233
11111
247
23
241
234
22222
11111
247
23
242
235
11111
247
23
242
236
22222
11111
247
23
241
237
11111
247
23
241
238
22222
11111
247
23
241
239
11111
247
23
241
240
22222
11111
247
23
242
241
11111
247
23
242
242
22222
11111
247
23
241
243
11111
247
23
241
244
22222
11111
247
23
242
245
11111
247
23
241
246
22222
11111
247
23
241
247
11111
247
23
241
248
22222
11111
247
23
241
249
11111
247
23
241
250
22222
11111
247
23
241
251
11111
247
23
242
252
22222
11111
247
23
241
253
11111
247
23
241
254
22222
11111
247
23
241
255
11111
247
22
241
0
22222
11111
247
22
241
1
11111
247
22
241
2
22222
11111
247
22
241
3
11111
247
22
241
4
22222
11111
247
23
241
5
11111
247
23
241
6
22222
11111
247
23
241
7
11111
247
23
241
8
22222
11111
247
23
242
9
11111
247
23
242
10
22222
11111
247
23
241
11
11111
247
23
241
12
22222
11111
247
23
242
13
11111
247
23
242
14
22222
11111
247
23
241
15
11111
247
23
241
16
22222
11111
246
23
241
17
11111
246
23
241
18
22222
11111
247
23
241
19
11111
247
23
241
20
22222
11111
247
23
241
21
11111
247
23
241
22
22222
11111
246
23
241
23
11111
247
23
241
24
22222
11111
247
23
241
25
11111
247
23
241
26
22222
11111
247
23
241
27
11111
247
23
241
28
22222
11111
247
23
241
29
11111
247
23
241
30
22222
11111
247
23
241
31
11111
247
23
241
32
22222
11111
247
22
241
33
11111
247
22
241
34
22222
11111
247
23
241
35
11111
247
23
241
36
22222
11111
247
23
241
37
11111
247
22
241
38
22222
11111
247
23
241
39
11111
247
23
241
40
22222
11111
247
22
241
41
11111
247
23
241
42
22222
11111
247
22
241
43
11111
247
22
241
44
22222
11111
247
23
242
45
11111
247
22
241
46
22222
11111
247
22
241
47
11111
247
22
241
48
22222
11111
247
22
241
49
11111
247
23
241
50
22222
11111
247
22
241
51
11111
247
22
241
52
22222
11111
247
23
241
53
11111
247
23
241
54
22222
11111
247
23
241
55
11111
247
23
241
56
22222
11111
247
23
241
57
11111
247
23
241
58
22222
11111
247
23
241
59
11111
247
23
241
60
22222
11111
247
23
241
61
11111
247
23
241
62
22222
11111
247
23
241
63
11111
247
23
241
64
22222
11111
247
23
241
65
11111
247
23
241
66
22222
11111
246
22
241
67
11111
246
22
241
68
22222
11111
247
22
241
69
11111
247
22
241
70
22222
11111
247
23
241
71
11111
247
23
241
72
22222
11111
247
22
241
73
11111
247
22
241
74
22222
11111
247
22
241
75
11111
247
22
241
76
22222
11111
247
22
241
77
11111
247
22
241
78
22222
11111
247
23
241
79
11111
247
23
241
80
22222
11111
246
23
241
81
11111
247
22
241
82
22222
11111
247
23
241
83
11111
247
23
241
84
22222
11111
247
22
241
85
11111
247
22
241
86
22222
11111
247
23
241
87
11111
247
23
241
88
22222
11111
247
22
241
89
11111
247
22
241
90
22222
11111
247
23
241
91
11111
247
23
241
92
22222
11111
247
23
241
93
11111
247
23
241
94
22222
11111
247
23
242
95
11111
247
23
241
96
22222
11111
247
22
241
97
11111
247
22
241
98
22222
11111
247
23
242
99
11111
247
23
242
100
22222
11111
247
23
241
101
11111
247
23
241
102
22222
11111
247
23
241
103
11111
247
23
241
104
22222
11111
247
23
241
105
11111
247
23
241
106
22222
11111
247
23
241
107
11111
247
23
241
108
22222
11111
247
23
241
109
11111
247
23
241
110
22222
11111
247
23
241
111
11111
247
23
241
112
22222
11111
247
23
241
113
11111
247
23
241
114
22222
11111
247
23
242
115
11111
247
23
242
116
22222
11111
247
23
241
117
11111
247
23
241
118
22222
11111
247
23
241
119
11111
247
22
241
120
22222
11111
247
22
241
121
11111
247
22
241
122
22222
11111
247
23
241
123
11111
247
23
241
124
22222
11111
247
23
241
125
11111
247
23
241
126
22222
11111
247
23
241
127
11111
247
23
241
128
22222
11111
247
23
241
129
11111
247
23
241
130
22222
11111
247
23
241
131
11111
247
23
241
132
22222
11111
247
23
241
133
11111
247
23
241
134
22222
11111
247
23
242
135
11111
247
23
241
136
22222
11111
247
23
241
137
11111
247
23
241
138
22222
11111
247
23
241
139
11111
247
23
242
140
22222
11111
247
23
242
141
11111
247
23
242
142
22222
11111
247
23
242
143
11111
247
23
241
144
22222
11111
247
23
241
145
11111
247
23
241
146
22222
11111
247
23
241
147
11111
247
23
241
148
22222
11111
247
23
242
149
11111
247
23
242
150
22222
11111
247
23
242
151
11111
247
22
241
152
22222
11111
247
23
241
153
11111
247
23
241
154
22222
11111
247
23
242
155
11111
247
23
242
156
22222
11111
247
23
241
157
11111
247
23
241
158
22222
11111
247
23
241
159
11111
247
23
241
160
22222
11111
247
23
241
161
11111
247
23
241
162
22222
11111
247
22
241
163
11111
247
22
241
164
22222
11111
247
23
241
165
11111
247
23
242
166
22222
11111
247
23
241
167
11111
247
23
241
168
22222
11111
247
23
242
169
11111
247
23
241
170
22222
11111
247
23
241
171
11111
247
23
241
172
22222
11111
247
23
242
173
11111
247
23
242
174
22222
11111
247
23
241
175
11111
247
23
241
176
22222
11111
247
23
241
177
11111
247
23
241
178
22222
11111
247
23
241
179
11111
247
23
241
180
22222
11111
247
23
241
181
11111
246
23
241
182
22222
11111
247
23
242
183
11111
247
23
242
184
22222
11111
247
23
241
185
11111
247
23
241
186
22222
11111
247
23
241
187
11111
247
23
241
188
22222
11111
247
23
241
189
11111
247
23
241
190
22222
11111
247
23
241
191
11111
247
23
241
192
22222
11111
247
23
242
193
11111
247
23
241
194
22222
11111
247
23
241
195
11111
247
23
241
196
22222
11111
247
23
242
197
11111
247
23
241
198
22222
11111
247
23
241
199
11111
247
23
241
200
22222
11111
246
23
241
201
11111
247
23
241
202
22222
11111
247
23
241
203
11111
247
23
241
204
22222
11111
246
23
241
205
11111
247
23
242
206
22222
11111
247
23
241
207
11111
247
23
241
208
22222
11111
247
23
242
209
11111
247
23
241
210
22222
11111
247
23
242
211
11111
247
23
242
212
22222
11111
247
23
241
213
11111
247
23
241
214
22222
11111
247
22
241
215
11111
247
22
241
216
22222
11111
247
23
241
217
11111
247
23
241
218
22222
11111
247
23
241
219
11111
247
23
241
220
22222
11111
247
23
241
221
11111
247
23
241
222
22222
11111
247
22
241
223
11111
247
22
241
224
22222
11111
247
23
241
225
11111
247
23
241
226
22222
11111
247
22
241
227
11111
247
22
241
228
22222
11111
247
23
241
229
11111
247
23
241
230
22222
11111
247
23
241
231
11111
247
23
241
232
22222
11111
246
23
241
233
11111
246
23
241
234
22222
11111
247
23
241
235
11111
247
23
241
236
22222
11111
247
23
242
237
11111
247
23
242
238
22222
11111
247
23
242
239
11111
246
23
242
240
22222
11111
247
23
242
241
11111
247
23
242
242
22222
11111
247
23
242
243
11111
247
23
241
244
22222
11111
247
23
241
245
11111
247
23
241
246
22222
11111
247
23
241
247
11111
247
23
241
248
22222
11111
247
23
242
249
11111
247
23
242
250
22222
11111
247
23
242
251
11111
247
23
241
252
22222
11111
247
23
241
253
11111
247
23
241
254
22222
11111
247
23
241
255
11111
247
23
242
0
22222
11111
247
23
242
1
11111
247
23
242
2
22222
11111
247
23
242
3
11111
247
23
241
4
22222
11111
247
23
241
5
11111
247
23
241
6
22222
11111
247
23
242
7
11111
247
23
241
8
22222
11111
247
23
241
9
11111
247
23
241
10
22222
11111
247
23
242
11
11111
246
23
241
12
22222
11111
247
23
241
13
11111
247
23
241
14
22222
11111
247
23
241
15
11111
247
23
242
16
22222
11111
247
23
241
17
11111
247
23
241
18
22222
11111
247
23
241
19
11111
247
23
241
20
22222
11111
247
23
241
21
11111
247
23
241
22
22222
11111
247
22
241
23
11111
247
22
241
24
22222
11111
247
22
241
25
11111
246
22
241
26
22222
11111
247
22
241
27
11111
247
22
241
28
22222
11111
247
22
241
29
11111
247
22
241
30
22222
11111
247
22
241
31
11111
247
22
241
32
22222
11111
247
22
241
33
11111
247
22
241
34
22222
11111
247
22
241
35
11111
247
22
241
36
22222
11111
247
22
241
37
11111
247
22
241
38
22222
11111
2
38
225
39
11111
2
38
225
40
22222
11111
228
211
75
41
11111
228
211
75
42
22222
11111
241
26
244
43
11111
241
26
244
44
22222
11111
245
251
40
45
11111
245
251
40
46
22222
11111
242
24
244
47
11111
242
24
244
48
22222
11111
216
85
186
49
11111
10
155
166
50
22222
11111
8
21
17
51
11111
8
21
17
52
22222
11111
239
20
246
53
11111
244
21
243
54
22222
11111
81
78
181
55
11111
81
78
181
56
22222
11111
245
23
240
57
11111
246
23
241
58
22222
11111
246
23
241
59
11111
246
23
241
60
22222
11111
246
24
240
61
11111
246
24
240
62
22222
11111
246
24
240
63
11111
246
24
240
64
22222
11111
246
24
240
65
11111
246
24
241
66
22222
11111
246
24
241
67
11111
246
24
241
68
22222
11111
246
24
241
69
11111
246
24
240
70
22222
11111
246
24
240
71
11111
246
24
240
72
22222
11111
246
24
241
73
11111
246
24
240
74
22222
11111
246
24
241
75
11111
246
24
241
76
22222
11111
246
24
241
77
11111
246
24
241
78
22222
11111
246
24
241
79
11111
246
24
241
80
22222
11111
247
24
240
81
11111
247
24
240
82
22222
11111
247
24
240
83
11111
247
24
240
84
22222
11111
85
138
95
85
11111
85
138
95
86
22222
11111
194
140
46
87
11111
194
140
46
88
22222
11111
0
197
239
89
11111
0
197
239
90
22222
11111
29
140
221
91
11111
29
140
221
92
22222
11111
2
33
216
93
11111
2
33
216
94
22222
11111
246
25
245
95
11111
246
25
245
96
22222
11111
249
28
236
97
11111
249
28
236
98
22222
11111
69
122
183
99
11111
69
35
179
100
22222
11111
208
58
246
101
11111
208
58
246
102
22222
11111
246
22
242
103
11111
246
22
242
104
22222
11111
246
22
242
105
11111
246
22
242
106
22222
11111
246
22
242
107
11111
247
22
242
108
22222
11111
248
22
241
109
11111
248
22
241
110
22222
11111
113
140
4
111
11111
113
140
4
112
22222
11111
249
232
202
113
11111
249
232
202
114
22222
11111
246
22
243
115
11111
246
22
243
116
22222
11111
247
23
246
117
11111
247
23
246
118
22222
11111
248
24
246
119
11111
248
24
246
120
22222
11111
248
24
246
121
11111
248
24
246
122
22222
11111
248
24
246
123
11111
248
24
246
124
22222
11111
247
24
247
125
11111
247
24
247
126
22222
11111
246
23
247
127
11111
246
23
247
128
22222
11111
247
23
248
129
11111
247
23
248
130
22222
11111
248
23
247
131
11111
248
23
247
132
22222
11111
246
23
245
133
11111
246
23
245
134
22222
11111
247
23
243
135
11111
246
24
243
136
22222
11111
247
24
244
137
11111
247
24
244
138
22222
11111
246
23
244
139
11111
246
23
245
140
22222
11111
246
23
243
141
11111
246
23
243
142
22222
11111
246
23
244
143
11111
246
23
244
144
22222
11111
247
23
245
145
11111
247
23
245
146
22222
11111
247
22
245
147
11111
247
22
245
148
22222
11111
247
23
241
149
11111
247
23
241
150
22222
11111
247
22
246
151
11111
247
21
246
152
22222
11111
11
226
229
153
11111
11
226
229
154
22222
11111
19
204
209
155
11111
19
199
210
156
22222
11111
20
199
207
157
11111
20
199
207
158
22222
11111
20
183
213
159
11111
20
183
213
160
22222
11111
19
176
216
161
11111
19
176
216
162
22222
11111
19
176
216
163
11111
19
176
216
164
22222
11111
19
176
216
165
11111
19
176
216
166
22222
11111
19
176
216
167
11111
19
176
216
168
22222
11111
19
176
216
169
11111
19
176
216
170
22222
11111
32
208
210
171
11111
32
208
210
172
22222
11111
252
20
245
173
11111
252
20
245
174
22222
11111
248
21
242
175
11111
248
21
242
176
22222
11111
247
22
246
177
11111
247
22
246
178
22222
11111
247
23
246
179
11111
247
23
246
180
22222
11111
247
23
246
181
11111
247
23
246
182
22222
11111
247
22
247
183
11111
247
22
247
184
22222
11111
247
22
246
185
11111
247
22
247
186
22222
11111
247
23
247
187
11111
247
23
247
188
22222
11111
247
23
247
189
11111
247
23
247
190
22222
11111
246
22
244
191
11111
246
22
244
192
22222
11111
245
23
243
193
11111
245
23
244
194
22222
11111
245
23
244
195
11111
245
23
244
196
22222
11111
245
24
243
197
11111
245
24
243
198
22222
11111
245
23
243
199
11111
245
23
242
200
22222
11111
245
24
243
201
11111
245
24
243
202
22222
11111
245
23
243
203
11111
245
24
243
204
22222
11111
245
23
243
205
11111
245
23
243
206
22222
11111
245
23
243
207
11111
245
24
243
208
22222
11111
245
23
243
209
11111
245
23
243
210
22222
11111
245
24
243
211
11111
245
24
243
212
22222
11111
245
24
243
213
11111
245
24
243
214
22222
11111
245
24
242
215
11111
245
24
242
216
22222
11111
245
23
242
217
11111
245
23
242
218
22222
11111
245
23
242
219
11111
245
23
242
220
22222
11111
245
24
243
221
11111
245
23
242
222
22222
11111
245
23
242
223
11111
245
23
242
224
22222
11111
245
23
243
225
11111
245
23
242
226
22222
11111
245
23
242
227
11111
245
23
242
228
22222
11111
245
23
243
229
11111
245
23
242
230
22222
11111
245
22
244
231
11111
245
22
244
232
22222
11111
246
22
243
233
11111
246
21
244
234
22222
11111
247
21
244
235
11111
247
21
244
236
22222
11111
247
21
244
237
11111
247
21
244
238
22222
11111
247
21
244
239
11111
247
21
244
240
22222
11111
247
22
243
241
11111
247
22
242
242
22222
11111
247
22
241
243
11111
247
22
241
244
22222
11111
247
23
241
245
11111
247
23
240
246
22222
11111
248
23
240
247
11111
248
23
240
248
22222
11111
248
23
240
249
11111
248
23
239
250
22222
11111
248
23
240
251
11111
248
23
240
252
22222
11111
248
23
240
253
11111
248
23
240
254
22222
11111
248
23
240
255
11111
248
23
240
0
22222
11111
248
23
240
1
11111
248
23
240
2
22222
11111
248
23
240
3
11111
248
23
240
4
22222
11111
248
23
240
5
11111
248
23
240
6
22222
11111
248
23
240
7
11111
247
23
240
8
22222
11111
248
23
240
9
11111
248
23
240
10
22222
11111
247
23
240
11
11111
248
23
240
12
22222
11111
247
23
241
13
11111
247
23
241
14
22222
11111
247
23
241
15
11111
247
23
241
16
22222
11111
248
23
240
17
11111
248
22
240
18
22222
11111
248
23
240
19
11111
248
23
240
20
22222
11111
248
24
240
21
11111
248
24
240
22
22222
11111
248
24
240
23
11111
248
24
240
24
22222
11111
248
24
240
25
11111
248
24
239
26
22222
11111
248
23
239
27
11111
248
23
239
28
22222
11111
248
24
239
29
11111
248
23
240
30
22222
11111
248
23
239
31
11111
248
23
239
32
22222
11111
248
24
239
33
11111
248
23
239
34
22222
11111
248
23
240
35
11111
248
23
240
36
22222
11111
248
23
239
37
11111
248
23
239
38
22222
11111
247
23
241
39
11111
247
23
241
40
22222
11111
247
23
241
41
11111
247
23
241
42
22222
11111
247
23
241
43
11111
247
23
241
44
22222
11111
247
23
242
45
11111
247
23
241
46
22222
11111
247
23
242
47
11111
247
23
242
48
22222
11111
247
23
241
49
11111
247
23
241
50
22222
11111
247
23
241
51
11111
247
23
241
52
22222
11111
247
23
241
53
11111
247
23
240
54
22222
11111
247
23
241
55
11111
247
23
241
56
22222
11111
248
23
240
57
11111
248
23
240
58
22222
11111
248
24
239
59
11111
248
24
239
60
22222
11111
248
24
239
61
11111
248
24
239
62
22222
11111
247
24
240
63
11111
247
24
240
64
22222
11111
247
24
240
65
11111
247
24
240
66
22222
11111
248
24
239
67
11111
248
23
239
68
22222
11111
248
23
240
69
11111
248
23
240
70
22222
11111
247
23
240
71
11111
248
23
240
72
22222
11111
247
23
240
73
11111
247
23
240
74
22222
11111
242
23
246
75
11111
245
7
249
76
22222
11111
118
106
155
77
11111
118
106
155
78
22222
11111
0
34
73
79
11111
0
34
73
80
22222
11111
242
140
66
81
11111
242
140
66
82
22222
11111
252
24
229
83
11111
252
24
229
84
22222
11111
246
25
236
85
11111
246
25
236
86
22222
11111
248
25
238
87
11111
248
25
238
88
22222
11111
249
24
238
89
11111
249
24
239
90
22222
11111
246
23
241
91
11111
246
23
241
92
22222
11111
247
23
241
93
11111
246
23
241
94
22222
11111
246
23
241
95
11111
246
23
241
96
22222
11111
246
23
241
97
11111
246
23
241
98
22222
11111
246
23
241
99
11111
246
23
241
100
22222
11111
246
23
241
101
11111
246
23
241
102
22222
11111
246
23
242
103
11111
246
23
242
104
22222
11111
246
23
242
105
11111
246
23
242
106
22222
11111
246
23
242
107
11111
246
23
241
108
22222
11111
246
23
241
109
11111
246
23
241
110
22222
11111
247
24
242
111
11111
247
24
242
112
22222
11111
246
23
242
113
11111
246
23
242
114
22222
11111
246
23
241
115
11111
246
23
241
116
22222
11111
246
23
242
117
11111
246
23
242
118
22222
11111
246
23
241
119
11111
246
23
242
120
22222
11111
246
23
241
121
11111
246
23
241
122
22222
11111
246
23
241
123
11111
246
23
242
124
22222
11111
246
23
241
125