11111
243
253
227
54
22222
11111
243
253
227
55
11111
243
253
227
56
22222
11111
243
253
227
57
11111
243
253
227
58
22222
11111
243
253
227
59
11111
243
252
227
60
22222
11111
243
253
227
61
11111
243
253
227
62
22222
11111
243
253
227
63
11111
243
253
227
64
22222
11111
243
252
227
65
11111
243
252
227
66
22222
11111
243
253
227
67
11111
243
253
227
68
22222
11111
243
253
227
69
11111
243
253
227
70
22222
11111
243
253
227
71
11111
243
253
227
72
22222
11111
243
253
227
73
11111
243
253
227
74
22222
11111
244
253
227
75
11111
244
253
227
76
22222
11111
243
253
227
77
11111
243
252
227
78
22222
11111
243
253
227
79
11111
243
253
227
80
22222
11111
243
253
227
81
11111
243
253
227
82
22222
11111
243
253
227
83
11111
243
253
227
84
22222
11111
243
253
227
85
11111
243
253
227
86
22222
11111
243
253
227
87
11111
243
253
227
88
22222
11111
243
253
227
89
11111
243
253
227
90
22222
11111
243
253
227
91
11111
243
253
227
92
22222
11111
243
253
227
93
11111
243
253
227
94
22222
11111
243
253
227
95
11111
243
252
227
96
22222
11111
243
253
227
97
11111
243
253
227
98
22222
11111
243
253
227
99
11111
243
253
227
100
22222
11111
243
252
227
101
11111
243
252
227
102
22222
11111
243
253
227
103
11111
243
253
227
104
22222
11111
244
253
227
105
11111
244
253
227
106
22222
11111
243
253
227
107
11111
243
253
227
108
22222
11111
243
253
227
109
11111
243
253
227
110
22222
11111
243
253
227
111
11111
243
253
227
112
22222
11111
243
253
227
113
11111
243
253
227
114
22222
11111
243
253
227
115
11111
243
253
227
116
22222
11111
243
253
227
117
11111
243
253
227
118
22222
11111
243
253
227
119
11111
243
253
227
120
22222
11111
243
252
227
121
11111
243
252
227
122
22222
11111
243
253
227
123
11111
243
253
227
124
22222
11111
243
253
227
125
11111
243
253
227
126
22222
11111
243
253
227
127
11111
243
253
227
128
22222
11111
243
253
227
129
11111
243
253
227
130
22222
11111
243
253
227
131
11111
243
253
227
132
22222
11111
243
253
227
133
11111
243
253
227
134
22222
11111
243
253
227
135
11111
243
253
227
136
22222
11111
243
253
227
137
11111
243
253
227
138
22222
11111
243
253
227
139
11111
243
253
227
140
22222
11111
243
253
227
141
11111
243
253
227
142
22222
11111
243
253
227
143
11111
243
253
227
144
22222
11111
243
253
227
145
11111
243
253
227
146
22222
11111
243
253
227
147
11111
243
253
227
148
22222
11111
243
253
227
149
11111
243
253
227
150
22222
11111
243
253
227
151
11111
243
253
227
152
22222
11111
243
252
227
153
11111
243
253
227
154
22222
11111
243
253
227
155
11111
243
253
227
156
22222
11111
243
253
227
157
11111
243
253
227
158
22222
11111
243
253
227
159
11111
243
253
227
160
22222
11111
243
253
227
161
11111
243
253
227
162
22222
11111
243
253
227
163
11111
243
253
227
164
22222
11111
243
253
227
165
11111
243
253
227
166
22222
11111
243
253
227
167
11111
243
253
227
168
22222
11111
243
253
227
169
11111
243
253
227
170
22222
11111
243
253
227
171
11111
243
253
227
172
22222
11111
243
253
227
173
11111
243
253
227
174
22222
11111
243
253
227
175
11111
243
253
227
176
22222
11111
243
253
227
177
11111
243
253
227
178
22222
11111
243
253
227
179
11111
243
253
227
180
22222
11111
243
253
227
181
11111
243
253
227
182
22222
11111
243
253
226
183
11111
243
253
226
184
22222
11111
243
253
227
185
11111
243
253
227
186
22222
11111
244
253
227
187
11111
244
253
227
188
22222
11111
244
253
227
189
11111
244
253
227
190
22222
11111
243
253
227
191
11111
243
253
227
192
22222
11111
243
253
227
193
11111
243
253
227
194
22222
11111
243
253
227
195
11111
243
253
227
196
22222
11111
243
253
227
197
11111
243
253
227
198
22222
11111
243
253
227
199
11111
244
252
227
200
22222
11111
243
253
227
201
11111
243
253
227
202
22222
11111
243
253
227
203
11111
243
253
227
204
22222
11111
244
253
227
205
11111
244
253
227
206
22222
11111
244
253
227
207
11111
244
253
227
208
22222
11111
244
253
227
209
11111
244
253
227
210
22222
11111
244
253
227
211
11111
244
253
227
212
22222
11111
245
253
227
213
11111
245
252
227
214
22222
11111
246
252
227
215
11111
246
252
227
216
22222
11111
250
253
225
217
11111
251
253
224
218
22222
11111
251
254
209
219
11111
251
254
209
220
22222
11111
233
252
223
221
11111
236
252
225
222
22222
11111
241
252
216
223
11111
241
252
216
224
22222
11111
245
242
225
225
11111
245
242
225
226
22222
11111
245
239
225
227
11111
245
239
225
228
22222
11111
245
240
224
229
11111
245
240
224
230
22222
11111
246
239
224
231
11111
246
239
224
232
22222
11111
245
240
225
233
11111
245
240
225
234
22222
11111
245
239
225
235
11111
245
239
224
236
22222
11111
245
239
225
237
11111
245
239
225
238
22222
11111
245
239
225
239
11111
245
239
224
240
22222
11111
245
239
225
241
11111
245
239
225
242
22222
11111
245
239
225
243
11111
245
239
225
244
22222
11111
245
240
225
245
11111
245
240
225
246
22222
11111
245
239
224
247
11111
245
239
224
248
22222
11111
245
239
224
249
11111
245
239
224
250
22222
11111
246
239
225
251
11111
246
239
225
252
22222
11111
245
239
224
253
11111
245
239
224
254
22222
11111
245
239
225
255
11111
245
239
225
0
22222
11111
245
239
225
1
11111
245
239
225
2
22222
11111
245
239
225
3
11111
245
239
225
4
22222
11111
245
239
225
5
22222
11111
245
239
224
6
22222
11111
245
239
224
7
11111
245
239
224
8
22222
11111
245
240
225
9
11111
245
240
225
10
22222
11111
246
239
224
11
11111
246
238
224
12
22222
11111
246
237
224
13
11111
246
237
224
14
22222
11111
246
235
223
15
11111
246
234
223
16
22222
11111
249
234
219
17
11111
249
234
219
18
22222
11111
251
239
204
19
11111
250
241
201
20
22222
11111
4
238
211
21
11111
4
238
211
22
22222
11111
234
254
221
23
11111
234
254
221
24
22222
11111
238
253
225
25
11111
238
253
225
26
22222
11111
240
253
226
27
11111
240
253
226
28
22222
11111
241
253
226
29
11111
241
253
226
30
22222
11111
241
253
226
31
11111
241
253
226
32
22222
11111
241
253
226
33
11111
241
253
226
34
22222
11111
242
253
226
35