11111
242
253
226
129
22222
11111
242
253
226
130
11111
242
253
226
131
22222
11111
243
253
226
132
11111
242
253
226
133
22222
11111
243
253
226
134
11111
243
253
226
135
22222
11111
242
253
226
136
11111
243
253
226
137
22222
11111
243
253
226
138
11111
243
253
226
139
22222
11111
242
253
226
140
11111
242
253
226
141
22222
11111
242
253
226
142
22222
11111
242
253
226
143
11111
242
253
226
144
22222
11111
243
253
226
145
11111
243
253
226
146
22222
11111
243
253
226
147
11111
242
253
226
148
22222
11111
242
253
226
149
11111
242
253
226
150
22222
11111
243
253
226
151
11111
243
253
226
152
22222
11111
243
253
226
153
11111
243
253
226
154
22222
11111
243
253
226
155
22222
11111
243
253
226
156
11111
243
253
226
157
22222
11111
242
253
226
158
11111
242
253
226
159
22222
11111
242
253
226
160
11111
242
253
226
161
22222
11111
243
253
226
162
11111
243
253
226
163
22222
11111
242
253
226
164
11111
242
253
226
165
22222
11111
243
253
226
166
11111
243
253
226
167
22222
11111
243
253
226
168
11111
243
253
226
169
22222
11111
243
253
226
170
11111
243
253
226
171
22222
11111
243
253
226
172
22222
11111
242
253
226
173
22222
11111
242
253
226
174
22222
11111
243
253
226
175
22222
11111
242
253
226
176
22222
11111
243
253
226
177
22222
11111
242
253
226
178
22222
11111
242
253
226
179
22222
11111
242
253
226
180
22222
11111
242
253
226
181
22222
11111
242
253
226
182
22222
11111
243
253
226
183
11111
243
253
226
184
22222
11111
243
253
227
185
22222
11111
243
253
226
186
22222
11111
243
253
226
187
22222
11111
242
253
226
188
11111
242
253
226
189
22222
11111
242
253
226
190
22222
11111
243
253
226
191
11111
243
253
226
192
22222
11111
243
253
226
193
11111
243
253
226
196
22222
11111
243
253
226
197
22222
11111
242
253
226
198
22222
11111
242
253
226
199
22222
11111
243
253
226
200
22222
11111
242
253
226
201
22222
11111
243
253
226
202
22222
11111
242
253
226
203
22222
11111
242
253
226
204
22222
11111
243
253
226
205
22222
11111
243
253
226
206
22222
11111
243
253
226
207
22222
11111
242
253
226
208
22222
11111
243
253
226
209
11111
243
253
226
210
22222
11111
242
253
226
211
11111
243
253
226
212
22222
11111
242
253
226
214
22222
11111
242
253
226
218
226
220
22222
11111
242
223
22222
11111
243
253
226
224
22222
11111
242
253
226
225
22222
11111
242
253
226
226
22222
11111
243
253
226
227
22222
11111
242
253
226
228
22222
11111
242
253
226
230
22222
11111
243
253
226
231
22222
11111
243
253
226
232
22222
11111
243
253
226
239
22222
11111
242
253
226
240
22222
11111
243
253
226
241
22222
11111
243
253
226
242
11111
243
253
226
243
22222
11111
243
253
226
244
11111
243
253
226
245
22222
11111
242
253
226
246
11111
242
253
226
247
22222
11111
242
253
226
248
11111
242
253
226
249
22222
11111
242
253
226
252
22222
11111
242
253
226
254
22222
11111
242
253
226
255
22222
11111
243
253
226
0
22222
11111
243
253
226
1
22222
11111
243
253
226
2
22222
11111
242
253
226
4
22222
11111
242
253
226
5
22222
11111
242
253
226
6
11111
242
253
226
7
22222
11111
242
253
226
8
11111
243
253
226
9
22222
11111
243
253
226
10
22222
11111
242
253
226
11
22222
11111
242
253
226
12
22222
11111
243
253
226
13
11111
243
253
226
14
22222
11111
243
253
226
15
11111
242
253
226
16
22222
11111
243
253
226
17
22222
11111
242
253
226
18
22222
11111
242
253
226
19
22222
11111
243
253
226
20
22222
11111
243
253
226
21
22222
11111
243
253
226
22
22222
11111
242
253
226
23
22222
11111
243
253
226
24
22222
11111
242
253
226
25
22222
11111
242
253
226
26
22222
11111
242
253
226
27
22222
11111
242
253
226
28
22222
11111
243
253
226
29
22222
11111
243
253
226
30
22222
11111
243
253
226
31
22222
11111
242
253
226
32
22222
11111
243
253
226
33
22222
11111
242
253
226
34
11111
243
253
226
35
22222
11111
243
253
226
36
22222
11111
242
253
226
37
22222
11111
243
253
226
38
22222
11111
243
253
226
39
22222
11111
243
253
226
40
22222
11111
243
253
226
41
22222
11111
243
253
226
42
22222
11111
243
253
226
43
22222
11111
242
253
226
44
11111
242
253
226
45
22222
11111
243
253
226
46
22222
11111
243
253
226
47
22222
11111
242
253
226
48
22222
11111
243
253
226
49
11111
243
253
226
50
22222
11111
243
253
226
51
22222
11111
242
253
226
52
22222
11111
242
253
226
53
22222
11111
243
253
226
54
22222
11111
243
253
226
55
22222
11111
242
253
226
56
22222
11111
242
253
226
57
22222
11111
243
253
226
58
22222
11111
243
253
226
59
22222
11111
242
253
226
60
22222
11111
242
253
226
61
22222
11111
243
253
226
62
22222
11111
243
253
226
63
22222
11111
242
253
226
64
22222
11111
243
253
226
65
22222
11111
243
253
226
66
22222
11111
243
253
226
67
22222
11111
242
253
226
68
22222
11111
243
253
226
69
22222
11111
242
253
226
70
22222
11111
243
253
226
71
22222
11111
243
253
226
72
22222
11111
243
253
226
73
22222
11111
243
253
226
74
22222
11111
243
253
226
75
11111
243
253
226
76
22222
11111
243
253
226
77
22222
11111
242
253
226
78
22222
11111
243
253
226
79
22222
11111
243
253
226
80
22222
11111
242
253
226
81
22222
11111
242
253
226
82
22222
11111
242
253
226
83
22222
11111
243
253
226
84
11111
243
253
226
85
22222
11111
243
253
226
86
22222
11111
243
253
226
87
22222
11111
242
253
226
88
22222
11111
243
253
226
89
11111
243
253
226
90
22222
11111
242
253
226
91
22222
11111
243
253
226
92
22222
11111
242
253
226
93
22222
11111
243
253
226
94
11111
243
253
226
95
22222
11111
242
253
226
96
11111
242
253
226
97
22222
11111
243
253
226
98
22222
11111
243
253
226
99
22222
11111
243
253
226
100
22222
11111
243
253
226
101
22222
11111
243
253
226
102
11111
243
253
226
103
22222
11111
242
253
226
104
11111
242
253
226
105
22222
11111
242
253
226
106
11111
243
253
226
107
22222
11111
243
253
226
108
11111
243
253
226
109
22222
11111
243
253
226
110
11111
243
253
226
111
22222
11111
243
253
226
112
11111
243
253
226
113
22222
11111
243
253
226
114
11111
243
253
226
115
22222
11111
243
253
226
116
11111
