22222
11111
35
2
230
135
11111
35
2
230
136
22222
11111
35
2
230
137
11111
35
2
230
138
22222
11111
35
2
230
139
11111
35
2
230
140
22222
11111
35
2
230
141
11111
35
2
230
142
22222
11111
35
2
230
143
11111
35
2
230
144
22222
11111
35
2
230
145
11111
35
2
230
146
22222
11111
35
2
230
147
11111
35
2
230
148
22222
11111
35
2
230
149
11111
35
2
230
150
22222
11111
35
2
230
151
11111
35
2
230
152
22222
11111
35
2
230
153
11111
35
2
230
154
22222
11111
35
2
230
155
11111
35
2
230
156
22222
11111
35
2
230
157
11111
35
2
230
158
22222
11111
35
2
230
159
11111
35
2
230
160
22222
11111
35
2
230
161
11111
35
2
230
162
22222
11111
35
2
230
163
11111
35
2
230
164
22222
11111
35
2
230
165
11111
35
2
230
166
22222
11111
35
2
230
167
11111
35
2
230
168
22222
11111
35
2
230
169
11111
35
2
230
170
22222
11111
35
2
231
171
11111
35
2
231
172
22222
11111
35
2
231
173
11111
35
2
230
174
22222
11111
35
2
231
175
11111
35
2
231
176
22222
11111
35
2
231
177
11111
35
2
231
178
22222
11111
34
2
231
179
11111
34
2
231
180
22222
11111
34
2
231
181
11111
34
2
231
182
22222
11111
33
2
231
183
11111
33
2
231
184
22222
11111
32
2
231
185
11111
32
2
231
186
22222
11111
29
1
230
187
11111
29
1
230
188
22222
11111
26
0
226
189
11111
26
0
226
190
22222
11111
27
0
219
191
11111
28
0
217
192
22222
11111
35
1
213
193
11111
35
1
213
194
22222
11111
43
2
219
195
11111
43
1
220
196
22222
11111
41
0
229
197
11111
41
0
229
198
22222
11111
33
0
226
199
11111
33
0
226
200
22222
11111
40
1
226
201
11111
40
1
226
202
22222
11111
41
1
228
203
11111
41
1
228
204
22222
11111
41
0
228
205
11111
41
0
228
206
22222
11111
41
0
227
207
11111
41
0
227
208
22222
11111
41
0
227
209
11111
41
0
227
210
22222
11111
41
0
227
211
11111
41
0
227
212
22222
11111
41
0
227
213
11111
41
1
227
214
22222
11111
41
0
228
215
11111
41
0
228
216
22222
11111
41
0
228
217
11111
41
0
228
218
22222
11111
41
0
228
219
11111
41
0
228
220
22222
11111
41
0
228
221
11111
41
0
228
222
22222
11111
41
0
227
223
11111
41
0
227
224
22222
11111
41
0
227
225
11111
41
0
227
226
22222
11111
41
0
228
227
11111
41
0
228
228
22222
11111
41
1
227
229
11111
41
0
227
230
22222
11111
41
0
227
231
11111
41
0
227
232
22222
11111
41
0
228
233
11111
41
0
228
234
22222
11111
41
0
228
235
11111
41
0
227
236
22222
11111
41
0
228
237
11111
41
0
228
238
22222
11111
41
0
227
239
11111
41
0
227
240
22222
11111
41
0
228
241
11111
41
0
227
242
22222
11111
41
0
227
243
11111
41
0
227
244
22222
11111
41
1
229
245
11111
41
1
229
246
22222
11111
41
0
228
247
11111
41
0
228
248
22222
11111
41
0
229
249
11111
41
0
229
250
22222
11111
42
0
232
251
11111
41
0
233
252
22222
11111
39
1
235
253
11111
39
1
235
254
22222
11111
38
4
235
255
11111
38
4
235
0
22222
11111
37
7
238
1
11111
36
7
238
2
22222
11111
32
10
241
3
11111
32
10
241
4
22222
11111
26
7
236
5
11111
26
7
236
6
22222
11111
29
15
229
7
11111
29
16
230
8
22222
11111
25
14
231
9
11111
25
14
231
10
22222
11111
23
249
231
11
11111
23
249
231
12
22222
11111
35
15
185
13
11111
35
15
185
14
22222
11111
44
5
227
15
11111
44
5
227
16
22222
11111
42
3
226
17
11111
42
3
227
18
22222
11111
39
2
229
19
11111
39
2
229
20
22222
11111
38
2
230
21
11111
38
2
230
22
22222
11111
37
2
230
23
22222
11111
37
2
230
24
11111
37
2
230
25
22222
11111
36
2
230
26
11111
36
2
231
27
22222
11111
36
2
230
28
11111
36
2
230
29
22222
11111
36
2
231
30
11111
36
2
231
31
22222
11111
35
2
230
32
11111
35
2
230
33
22222
11111
35
2
230
34
11111
35
2
230
35
22222
11111
35
2
230
36
11111
35
2
230
37
22222
11111
35
2
230
38
11111
35
2
230
39
22222
11111
35
2
230
40
11111
35
2
230
41
22222
11111
35
2
230
42
11111
35
2
230
43
22222
11111
35
2
230
44
11111
35
2
230
45
22222
11111
35
2
230
46
11111
35
2
230
47
22222
11111
35
2
230
48
11111
35
2
230
49
22222
11111
35
2
230
50