22222
11111
35
2
230
6
22222
11111
35
2
230
7
11111
35
2
230
8
22222
11111
35
2
230
9
11111
35
2
230
10
22222
11111
35
2
230
11
11111
35
2
230
12
22222
11111
35
2
230
13
11111
35
2
230
14
22222
11111
35
2
230
15
11111
35
2
230
16
22222
11111
35
2
230
17
11111
35
2
230
18
22222
11111
35
2
230
19
11111
35
2
230
20
22222
11111
35
2
230
21
11111
35
2
230
22
22222
11111
35
2
230
23
11111
35
2
230
24
22222
11111
35
2
230
25
11111
35
2
230
26
22222
11111
35
2
230
27
11111
35
2
230
28
22222
11111
35
2
230
29
11111
35
2
230
30
22222
11111
35
2
230
31
11111
35
2
230
32
22222
11111
35
2
230
33
11111
35
2
230
34
22222
11111
35
2
230
35
11111
35
2
230
36
22222
11111
35
2
230
37
11111
35
2
230
38
22222
11111
35
2
230
39
11111
35
2
230
40
22222
11111
35
2
230
41
11111
35
2
230
42
22222
11111
35
2
230
43
11111
35
2
230
44
22222
11111
35
2
230
45
11111
35
2
230
46
22222
11111
35
2
230
47
11111
35
2
230
48
22222
11111
35
2
230
49
11111
35
2
230
50
22222
11111
35
2
230
51
11111
35
2
230
52
22222
11111
35
2
230
53
11111
35
2
230
54
22222
11111
35
2
230
55
11111
35
2
230
56
22222
11111
35
2
230
57
11111
35
2
230
58
22222
11111
35
2
230
59
11111
35
2
230
60
22222
11111
35
2
230
61
11111
35
2
230
62
22222
11111
35
2
230
63
11111
35
2
230
64
22222
11111
35
2
230
65
11111
35
2
230
66
22222
11111
35
2
230
67
11111
35
2
230
68
22222
11111
35
2
230
69
11111
35
2
230
70
22222
11111
35
2
230
71
11111
35
2
230
72
22222
11111
34
2
231
73
11111
34
2
231
74
22222
11111
34
2
231
75
11111
34
2
232
76
22222
11111
33
2
231
77
11111
33
2
231
78
22222
11111
32
1
231
79
11111
32
1
231
80
22222
11111
30
1
231
81
11111
30
1
230
82
22222
11111
28
1
229
83
11111
28
1
229
84
22222
11111
27
0
227
85
11111
27
0
227
86
22222
11111
26
0
222
87
11111
27
0
221
88
22222
11111
30
0
216
89
11111
30
0
216
90
22222
11111
38
3
212
91
11111
39
3
213
92
22222
11111
45
2
226
93
11111
45
2
226
94
22222
11111
36
1
231
95
11111
36
1
231
96
22222
11111
36
2
223
97
11111
37
2
223
98
22222
11111
39
4
236
99
11111
39
4
236
100
22222
11111
35
8
236
101
11111
35
8
236
102
22222
11111
31
14
240
103
11111
31
14
240
104
22222
11111
24
15
237
105
11111
24
15
237
106
22222
11111
26
15
225
107
11111
26
16
225
108
22222
11111
25
18
218
109
11111
25
18
218
110
22222
11111
27
6
234
111
11111
27
6
234
112
22222
11111
14
2
224
113
11111
11
3
220
114
22222
11111
76
2
196
115
11111
76
2
196
116
22222
11111
42
2
224
117
11111
42
2
224
118
22222
11111
41
2
228
119
11111
41
2
228
120
22222
11111
39
2
230
121
11111
39
2
230
122
22222
11111
37
2
230
123
11111
37
2
230
124
22222
11111
36
2
230
125
11111
36
2
230
126
22222
11111
36
2
230
127
22222
11111
36
2
230
128
11111
36
2
230
129
22222
11111
36
2
230
130
11111
36
2
230
131
22222
11111
36
2
230
132
11111
36
2
230
133
22222
11111
35
2
230
134
11111
35
2
230
135
22222
11111
35
2
230
136
11111
35
2
230
137
22222
11111
35
2
230
138
11111
35
2
230
139
22222
11111
36
1
230
140
11111
35
2
230
141
22222
11111
35
2
230
142
11111
35
2
230
143
22222
11111
35
2
230
144
11111
35
2
230
145
22222
11111
35
2
230
146