-7
49
255
233
1
55
-5
-7
48
255
233
1
56
-5
-7
48
255
233
1
57
-7
48
255
233
1
58
-5
-7
48
254
233
1
59
-7
48
254
233
1
60
-5
-7
48
255
233
1
61
-7
48
255
233
1
62
-5
-7
48
254
233
1
63
-7
48
255
233
1
64
-5
-7
48
254
234
1
65
-7
48
254
234
1
66
-5
-7
48
255
233
1
67
-7
48
255
233
1
68
-5
-7
48
254
233
1
69
-5
-7
48
255
234
1
70
-7
48
255
234
1
71
-5
-7
48
255
233
1
72
-7
48
255
233
1
73
-5
-7
48
255
234
1
74
-5
-7
48
255
233
1
75
-7
48
255
233
1
76
-5
-7
48
254
233
1
77
-7
47
254
233
1
78
-5
-7
48
254
233
1
79
-5
-7
48
255
233
1
80
-7
48
255
233
1
81
-5
-7
48
254
233
1
82
-7
48
254
233
1
83
-5
-7
47
253
233
1
84
-7
47
253
233
1
85
-5
-7
47
253
233
1
86
-7
48
254
233
1
87
-5
-7
48
255
233
1
88
-7
48
255
233
1
89
-5
-7
48
254
233
1
90
-7
48
255
233
1
91
-5
-7
48
254
234
1
92
-7
48
254
234
1
93
-5
-7
48
254
233
1
94
-7
48
254
234
1
95
-5
-7
48
254
234
1
96
-7
49
254
234
1
97
-5
-7
48
254
234
1
98
-7
48
254
234
1
99
-5
-7
48
253
234
1
100
-7
48
253
234
1
101
-5
-7
48
251
234
1
102
-7
48
251
234
1
103
-5
-7
48
251
233
1
104
-7
48
252
233
1
105
-5
-7
49
254
234
1
106
-7
49
254
234
1
107
-5
-7
48
254
234
1
108
-5
-7
48
254
234
1
109
-7
49
254
234
1
110
-5
-7
49
254
234
1
111
-7
49
254
234
1
112
-5
-7
49
254
234
1
113
-5
-7
49
254
234
1
114
-7
49
254
233
1
115
-5
-7
49
253
234
1
116
-5
-7
49
254
234
1
117
-7
48
254
234
1
118
-5
-7
49
254
233
1
119
-7
49
254
234
1
120
-5
-7
49
254
234
1
121
-7
49
254
234
1
122
-5
-7
49
254
233
1
123
-7
49
254
234
1
124
-5
-7
48
254
234
1
125
-7
48
254
234
1
126
-5
-7
49
254
234
1
127
-7
49
254
234
1
128
-5
-7
49
253
234
1
129
-7
49
254
233
1
130
-5
-7
49
254
234
1
131
-5
-7
49
254
233
1
132
-7
49
254
234
1
133
-5
-7
49
254
233
1
134
-5
-7
48
254
233
1
135
-7
48
254
233
1
136
-5
-7
49
254
234
1
137
-7
48
254
233
1
138
-5
-7
49
254
233
1
139
-7
49
254
233
1
140
-5
-7
49
254
234
1
141
-7
49
254
234
1
142
-5
-7
49
254
234
1
143
-7
49
254
233
1
144
-5
-7
49
254
234
1
145
-7
49
254
233
1
146
-5
-7
49
254
234
1
147
-7
49
254
234
1
148
-5
-7
49
254
233
1
149
-7
49
254
233
1
150
-5
-7
48
254
233
1
151
-7
48
254
233
1
152
-5
-7
49
254
233
1
153
-7
49
254
233
1
154
-5
-7
49
253
233
1
155
-7
48
254
233
1
156
-5
-7
48
254
234
1
157
-7
48
254
233
1
158
-5
-7
48
254
234
1
159
-7
49
254
233
1
160
-5
-7
49
254
233
1
161
-5
-7
49
254
233
1
162
-7
49
254
233
1
163
-5
-7
49
254
233
1
164
-5
-7
49
254
233
1
165
-7
49
254
233
1
166
-5
-7
49
254
233
1
167
-7
49
254
233
1
168
-5
-7
49
254
233
1
169
-5
-7
49
254
234
1
170
-1
-1
0
-1
-1
-1
-1
-1
-1
-1
-1
-1
-1
-1
-1
0
224
-1
-1
-1
2147483647
-1
-1
0
-1
-1
-1
0
0
-1
520553216
49
-1
234
1
-1
-1
0
-1
-1
-1
-1
-1
-1
-1
-1
-1
-1
-1
-1
-1
-1
-1
49
-1
-1
-1
-1
-1
-1
-1
-1
-1
-1
-1
-1
-1
-1
-1
-1
-1
-1
-1
-1
-1
-1
-1
-1
-1
-1
-1
-1
-1
-1
0
0
-7
49
254
233
1
173
-5
-7
49
254
233
1
174
-7
49
254
233
1
175
-5
-7
48
254
233
1
176
-5
-7
49
254
233
1
177
-1
-1
-1
-1
-1
-1
-1
-1
-1
-1
-1
-1
-1
-1
-1
-1
-1
-1
-1
-129
-1
-1
-1
-1
-1
-1
-1
-1
-1
-1
-1
-1
-1
-1
-1
-1
-1
-1
2030043135
-1
-1
-1
-1
-7
0
0
254
233
1
-1
-5
-7
49
254
0
-1
233
1
179
0
0
-1
-7
48
254
233
1
180
-5
-7
49
254
233
1
181
-7
49
254
233
1
182
-5
-7
49
253
233
1
191
-5
-7
49
254
233
1
184
-1
65535
-1
-1
0
-1
-1
-1
-1
-1
-1
-1
-1
-1
-1
-1
0
-1
-1
0
-1
-1
-1
-1
-1
-1
-1
-1
-1
-1
-1
-1
-1
-1
0
2147483647
-1
-1
-1
-1
-1
-1
-1
-1
-1
-1
-1
-1
-1
-1
0
-1
-1
-1
-1
-1
-7
0
-1
-1
-1
-1
-1
-1
-1
-1
-1
-1
-1
-1
-1
-1
-1
-1
-1
-1
-1
-1
-1
-1
-1
-1
-1
-1
-1
-1
-1
-1
-1
-1
-1
-1
-1
-1
-1
-1
-1
-1
-1
-1
-1
-1
-1
-1
-1
-1
-1
-1
-1
-1
-1
-1
-1
-1
-1
-1
-1
-1
-1
-1
-1
-1
-1
-1
-1
-1
-1
-1
-1
-1
-1
-1
-1
-1
-1
-1
-1
-1
-1
-1
-1
-1
-1
-1
-1
-1
-1
-1
-1
-1
-1
-1
-1
-1
-1
-1
-1
-1
-1
-1
-1
-1
-1
-1
-1
-1
-1
-1
-1
-1
-1
-1
-1
-1
-1
-1
-1
-1
-1
-1
-1
-1
-1
-1
-1
-1
-1
-1
-1
-1
-1
-1
-1
-1
-1
-1
-1
-1
-1
-1
-1
-1
-1
-1
-1
-1
-1
-1
-1
-1
-1
-1
-1
-1
-1
-1
-1
-1
-1
-1
-1
-1
-1
-1
-1
-1
-1
-1
-1
-1
-1
-1
-1
-1
-1
-1
-1
-1
-1
-1
-1
-1
-1
-1
-1
-1
-1
-1
-1
-1
-1
-1
-1
-1
-1
-1
-1
-1
-1
-1
-1
-1
-1
-1
-1
-1
-1
-1
-1
-1
-1
-1
-1
-1
-1
-1
-1
-1
-1
-1
-251658241
-1
-1
-1
-1
-1
-1
-1
-1
-1
-1
-1
-1
-1
-1
0
-1
-1
-1
-1
-1
-1
-1
-1
-1
-1
-1
-1
-1
-1
-1
-1
-1
-1
-1
-1
0
0
0
-1
-1
-1
-1
0
-1
-1
-1
-1
-1
-1
-1
-1
-1
-1
-1
-1
-1
-1
-1
-1
-1
-1
-1
0
-1
-1
-1
-1
-1
-1
-1
-1
-1
32767
-1
-1
-1
-7
49
254
233
1
30
-1
-1
-1
-1
-1
-1
1
-1
-1
-1
-1
-1
0
15794175
0
-1
-1
-1
-1
-1
-1
-1
-1
-1
-1
0
-1
-1
-1
2147483647
-1
-1
-1
-1
0
0
-1
-1
0
-1
-1
-1
-1
-1
-1
-1
-1
-1
-1
-1
-1
0
-1
-1
-1
-1
0
-1
-1
-7
49
254
233
1
192
-5
0
15794175
-7
0
254
233
1
193
-1
-16777217
-1
-1
-1
15
-1
-1
-1
-1
-1
0
-7
49
254
233
1
194
-5
-7
48
254
233
1
195
-7
48
254
233
1
196
-5
-7
49
254
233
1
197
-7
49
254
233
1
198
-5
-7
48
254
234
1
199
-7
48
254
233
1
200
-5
-7
48
254
234
1
201
-7
48
254
234
1
202
-5
-7
48
254
234
1
203
-5
-7
48
254
234
1
204
-7
48
254
234
1
205
-5
-7
46
255
235
1
206
-5
-7
46
255
235
1
207
-7
46
255
235
1
208
-5
-7
41
255
232
1
209
-7
41
255
232
1
210
-5
-7
39
0
223
0
211
-7
39
0
221
1
212
-5
-7
53
255
218
1
213
-5
-7
54
254
219
1
214
-5
-7
55
253
220
1
215
-7
56
252
222
1
216
-5
-7
48
255
232
0
217
-5
-7
47
255
231
0
218
-7
46
255
229
0
219
-5
-7
54
252
228
1
220
-5
-7
54
251
230
1
221
-5
-7
55
251
231
1
222
-7
55
251
231
1
223
-5
-7
53
0
240
1
224
-7
53
1
240
1
225
-5
-7
51
4
245
1
226
-7
51
4
245
1
227
-5
-7
48
4
246
1
228
-1
-1
0
-7
48
4
246
1
229
-5
-7
48
4
246
1
230
-7
48
4
246
1
231
-5
-7
48
4
246
1
232
-7
48
4
246
1
233
-5
-7
48
4
246
1
234
-7
48
4
246
1
235
-1
-1
-5
-7
48
4
246
1
236
-1
-1
-1
-1
-1
-1
-1
-1
-1
-1
-1
-1
-1
-1
-1
-1
-1
-1
-1
-1
-1
-1
-1
-1
0
-7
48
4
245
1
237
-5
-7
48
4
246
1
238
-5
-7
48
4
246
1
239
-7
48
4
245
1
240
-5
-7
48
4
245
1
241
-5
-7
48
4
245
1
242
-7
48
4
245
1
243
-5
-7
48
4
245
1
244
-7
48
4
245
1
245
-5
-7
48
4
244
1
246
-5
-7
48
4
244
1
247
-7
48
4
244
1
248
-5
-7
48
4
244
1
249
-7
48
4
244
1
250
-5
-7
48
4
245
1
251
-7
48
4
244
1
252
-5
-7
48
4
244
1
253
-7
48
4
244
1
254
-5
-7
48
4
244
1
255
-7
48
4
244
1
0
-5
-7
48
4
244
1
1
-1
0
-1
0
0
-1
-1
-1
-1
-1
-1
16777215
0
-1
0
1
0
-1
-1
2139095039
-1
-1
-1
0
2147483647
-1
-1
-1
-1
-1
-1
-1
-1
-1
-1
-1
-1
-1
-1
-1
-1
-1
-1
-1
-7
48
4
244
1
2
-5
-7
48
4
245
1
3
-7
48
4
245
1
4
-5
-7
48
4
245
1
5
-7
48
4
245
1
6
-5
-7
48
4
245
1
7
-7
48
4
245
1
8
-5
-7
48
4
245
1
9
-7
48
4
245
1
10
-5
-7
48
4
245
1
11
-7
48
4
245
1
12
-5
-7
48
4
245
1
13
-5
-7
48
4
245
1
14
-7
48
4
246
1
15
-5
-7
48
4
245
1
16
-7
48
4
245
1
17
-5
-7
48
4
245
-1
-1
-1
0
-1
-1
-1
-1
-1
-1
-1
-1
-1
0
-1
0
-1
-1
-1
-1
-1
-1
-1
-1
-1
-7
48
4
245
-1
1
19
-5
-1
-1
-1
-1
-1
-1
-1
-1
-1
-1
-1
4
245
1
20
-1
-1
522127105
-1
-1
-1
47
5
245
1
21
-7
47
5
245
1
22
-5
-7
45
4
244
1
23
-5
-7
45
4
243
1
24
-7
45
4
243
1
25
-5
-7
44
4
239
1
26
-7
44
4
239
1
27
-5
-7
46
13
236
1
28
-7
46
13
236
1
29
-5
-7
45
16
238
1
30
-7
45
15
238
1
31
-5
-7
36
249
238
1
32
-7
36
249
238
1
33
-5
-7
60
15
188
0
34
-5
-7
74
13
192
1
35
-5
-7
78
5
211
1
36
-5
-7
69
0
226
1
37
-5
-7
62
255
230
1
38
-5
-7
57
254
229
1
39
-5
-7
55
254
226
1
40
-5
-7
55
254
226
1
41
-7
55
254
227
1
42
-5
-7
52
253
232
1
43
-1
2139062143
-1
0
128
-1
-1
-1
-1
-1
-1
-1
-1
-1
-1
-1
-1
-1
0
-1
-1
-1
-1
-1
-1
-1
-1
-1
-1
-1
-1
-1
-1
-1
-1
-1
-1
-1
-1
-1
-1
-1
-1
-1
-1
-1
-1
-1
-1
-1
-1
-1
-1
-1
-1
-1
-1
-1
-1
-1
-1
-1
-1
-1
-1
-1
-1
-1
-1
-1
-1
44
-1
-1
-1
-7
50
254
96
-1
4
-1
1061109519
-1
-1
-1
-1
0
-1
-1
-1
0
16777215
-1
-1
-1
-1
-1
-1
-1
-1
-1
-1
-1
-1
-1
-1
-1
-1
0
-1
-1
-1
-1
-1
-1
-1
-1
-1
-1
-1
-1
0
-1
-1
-1
-1
-1
-1
-1
-1
-1
0
-1
-1
-1
-1
-1
-1
-1
-1
-1
-1
-1
-1
-1
-1
-1
-1
-1
-1
-1
-1
-1
-1
-1
-1
-1
-1
0
0
-1
-1
-1
-1
-1
-1
-1
-1
-1
-1
-1
-1
-1
-1
-1
-1
-1
-1
-1
-1
-1
0
63743
-1
-1
-1
-1
-1
-1
-1
-1
-1
-1
-1
-1
-1
-1
-1
0
-1
-1
-1
-1
-7
50
254
96
-1
46
-1
-1
-1
-1
-1
-1
-1
-1
-1
-1
-1
-1
96
-1
-1
-1
-7
50
254
233
1
-1
-1
-1
-1
-1
-1
-1
0
-1
-1
-1
-1
-1
-1
-1
-1
-1
-1
-1
-1
-1
-1
-1
-1
-1
-1
0
-1
0
2147483647
-1
-1
-1
-1
-1
-1
-1
-1
-1
0
-1
-1
-1
-1
-1
-1
-1
-1
-1
-1
-1
-7
49
254
233
1
-1
-1
-1
-1
-1
-1
-1
-1
-1
-1
-1
-1
-1
-1
-1
-1
-1
-5
-7
49
254
233
1
50
-1
-1
-1
-1
-1
-1
-1
-1
-1
-1
-1
-1
-1
-1
-1
-1
-1
-1
-1
-1
-1
0
16777215
-1
-1
-1
-1
-1
-1
-1
-1
-1
-1
-1
-1
-1
-1
-1
-1
-1
-1
-7
49
254
233
1
-1
0
-1
-1
-1
-1
-1
-1
0
-7
49
254
233
-1
-1
-1
-1
-5
-7
49
254
233
1
53