-7
49
254
233
1
100
-5
-7
49
254
233
1
101
-7
49
254
233
1
102
-5
-7
49
254
233
1
103
-7
49
254
233
1
104
-5
-7
49
254
233
1
105
-7
49
254
233
1
106
-5
-7
49
254
233
1
107
-7
49
254
233
1
108
-5
-7
49
253
233
1
109
-7
50
254
233
1
110
-5
-7
49
253
233
1
111
-7
49
253
233
1
112
-5
-7
49
254
233
1
113
-7
49
254
233
1
114
-5
-7
50
254
233
1
115
-7
50
254
233
1
116
-5
-7
50
254
233
1
117
-7
50
254
233
1
118
-5
-7
50
253
233
1
119
-7
50
254
233
1
120
-5
-7
50
253
233
1
121
-7
50
254
233
1
122
-5
-7
51
253
233
1
123
-5
-7
51
254
233
1
124
-7
51
254
233
1
125
-5
-7
52
253
233
1
126
-7
52
253
233
1
127
-5
-7
54
253
231
1
128
-7
54
253
231
1
129
-5
-7
55
253
227
1
130
-7
55
253
227
1
131
-5
-7
59
253
230
0
132
-7
59
253
230
0
133
-5
-7
51
4
182
0
134
-7
51
4
182
0
135
-5
-7
35
0
244
1
136
-7
35
0
244
1
137
-5
-7
48
9
238
1
138
-5
-7
49
13
235
1
139
-7
49
16
232
1
140
-5
-7
44
17
232
1
141
-5
-7
43
16
233
1
142
-7
44
15
234
1
143
-5
-7
43
10
238
1
144
-7
43
10
238
1
145
-5
-7
43
9
241
1
146
-7
44
9
241
1
147
-5
-7
43
10
241
1
148
-7
43
9
240
1
149
-5
-7
43
10
240
1
150
-5
-7
43
10
240
1
151
-7
43
10
240
1
152
-5
-7
43
10
238
1
153
-5
-7
43
11
238
1
154
-5
-7
43
11
238
1
155
-5
-7
43
11
238
1
156
-7
43
11
237
1
157
-5
-7
43
14
235
1
158
-7
43
14
234
1
159
-5
-7
44
19
230
1
160
-7
44
20
229
1
161
-5
-7
47
8
239
0
162
-7
45
5
240
0
163
-5
-7
34
2
243
1
164
-5
-7
31
3
238
1
165
-7
28
5
237
1
-5
-7
70
249
182
1
167
-5
-7
80
249
208
1
168
-5
-7
68
252
227
1
169
-7
68
252
227
1
170
-5
-7
55
253
227
1
171
-7
56
253
227
1
172
-5
-7
53
253
232
1
173
-7
53
253
232
1
174
-5
-7
51
253
233
1
175
-7
51
253
233
1
176
-5
-7
51
253
233
1
177
-7
51
253
233
1
178
-5
-7
51
253
233
1
179
-7
51
253
233
1
180
-5
-7
51
254
233
1
181
-7
51
254
233
1
182
-5
-7
50
253
234
1
183
-7
50
254
233
1
184
-5
-7
51
254
233
1
185
-7
51
253
233
1
186
-5
-7
52
253
233
1
187
-5
-7
52
253
233
1
188
-7
52
253
233
1
189
-5
-7
53
253
232
1
190
-5
-7
53
253
232
1
191
-7
53
253
231
1
192
-5
-7
55
253
226
1
193
-7
55
253
226
0
194
-5
-7
43
0
189
0
195
-7
43
0
189
0
196
-5
-7
43
4
242
1
197
-7
44
5
240
1
198
-5
-7
46
19
226
1
199
-5
-7
45
20
227
1
200
-7
44
20
227
1
201
-5
-7
44
19
230
1
202
-7
43
19
229
1
203
-5
-7
43
19
229
1
204
-5
-7
43
19
229
1
205
-7
43
19
229
1
206
-5
-7
45
19
226
1
207
-7
46
19
226
1
208
-5
-7
49
12
234
1
209
-7
49
11
235
1
210
-5
-7
42
4
241
1
211
-7
42
4
241
1
212
-5
-7
35
3
243
1
213
-7
32
3
239
1
214
-5
-7
43
0
189
1
215
-5
-7
49
255
185
1
216
-7
55
252
181
1
217
-5
-7
71
251
223
1
218
-5
-7
68
252
225
1
219
-5
-7
66
252
227
1
220
-7
65
252
228
1
221
-5
-7
56
253
228
1
222
-5
-7
56
253
227
1
223
-7
56
253
227
1
224
-5
-7
55
253
226
1
225
-7
55
254
226
1
226
-5
-7
55
253
228
1
227
-5
-7
56
253
228
1
228
-5
-7
55
253
228
1
229
-5
-7
55
253
227
1
230
-7
55
253
227
1
231
-5
-7
55
253
226
1
232
-7
55
253
226
1
233
-5
-7
71
252
222
1
234
-7
76
250
214
1
235
-5
-7
27
7
227
0
236
-5
-7
31
5
239
0
237
-7
31
5
239
1
238
-5
-7
51
15
231
1
239
-7
51
15
231
0
240
-5
-7
43
14
233
1
241
-7
43
13
234
1
242
-5
-7
43
10
241
1
243
-5
-7
44
10
241
1
244
-7
44
10
241
1
245
-5
-7
44
11
243
1
246
-7
44
11
243
1
247
-5
-7
43
10
240
1
248
-7
43
11
240
1
249
-5
-7
43
11
236
1
250
-7
43
12
235
1
251
-5
-7
43
14
234
1
252
-7
43
14
233
1
253
-5
-7
43
11
239
1
254
-5
-7
44
11
242
1
255
-5
-7
44
11
242
1
0
-5
-7
45
10
243
1
1
-7
46
10
244
1
2
-5
-7
51
6
242
1
3
-7
51
6
241
1
4
-5
-7
52
4
238
1
5
-7
52
4
238
1
6
-5
-7
51
2
238
1
7
-5
-7
51
2
238
1
8
-5
-7
51
2
237
1
9
-7
51
2
237
1
10
-5
-7
51
2
238
1
11
-7
51
2
238
1
12
-5
-7
51
3
239
1
13
-5
-7
52
4
239
1
14
-7
52
4
239
1
15
-5
-7
52
6
242
1
16
-5
-7
51
7
243
1
17
-5
-7
51
8
243
1
18
-5
-7
50
9
244
1
19
-7
50
9
244
1
20
-5
-7
42
14
234
1
21
-7
42
14
234
1
22
-5
-7
42
4
241
0
23
-5
-7
40
4
244
0
24
-7
36
4
243
0
25
-5
-7
58
252
229
1
26
-7
55
253
227
1
27
-5
-7
53
253
232
1
28
-5
-7
53
253
232
1
29
-7
53
253
232
1
30
-5
-7
51
253
233
1
31