-7
49
254
234
1
23
-5
-7
49
254
234
1
24
-5
-7
49
254
234
1
25
-5
-7
49
254
234
1
26
-5
-7
49
254
234
1
27
-7
49
254
234
1
28
-5
-7
49
253
234
1
29
-7
49
253
234
1
30
-5
-7
49
253
234
1
31
-7
49
254
234
1
32
-5
-7
49
253
234
1
33
-7
49
254
234
1
34
-5
-7
49
254
234
1
35
-7
49
254
234
1
36
-5
-7
49
254
234
1
37
-5
-7
49
254
234
1
38
-7
49
254
234
1
39
-5
-7
49
254
234
1
40
-5
-7
49
254
234
1
41
-7
49
254
234
1
42
-5
-7
49
254
234
1
43
-5
-7
49
254
234
1
44
-5
-7
49
254
234
1
45
-5
-7
49
254
234
1
46
-5
-7
50
254
234
1
47
-5
-7
49
254
233
1
48
-5
-7
49
254
234
1
49
-7
49
254
234
1
50
-5
-7
51
253
233
1
51
-5
-7
51
253
233
1
52
-5
-7
52
253
233
1
53
-7
52
253
233
1
54
-5
-7
56
252
227
1
55
-5
-7
55
253
226
1
56
-7
55
253
226
1
57
-5
-7
52
252
190
1
58
-7
42
3
192
1
59
-5
-7
41
5
237
0
60
-7
44
6
237
1
61
-5
-7
43
16
221
1
62
-7
43
16
221
1
63
-5
-7
41
13
232
1
64
-5
-7
42
13
232
1
65
-7
42
13
233
1
66
-5
-7
43
12
234
1
67
-7
42
12
234
1
68
-5
-7
43
12
234
1
69
-7
43
13
234
1
70
-5
-7
41
13
232
1
71
-7
41
13
232
1
72
-5
-7
41
16
225
1
73
-7
41
16
225
1
74
-5
-7
51
12
228
1
75
-7
50
9
234
1
76
-5
-7
51
253
188
1
77
-5
-7
67
244
188
1
78
-7
79
242
202
0
79
-5
-7
54
252
231
1
80
-7
54
252
231
1
81
-5
-7
51
253
233
1
82
-7
51
253
233
1
83
-5
-7
50
253
233
1
84
-7
50
253
233
1
85
-5
-7
49
253
233
1
86
-7
49
253
233
1
87
-5
-7
49
254
233
1
88
49
254
233
1
89
-5
-7
49
253
233
1
90
-7
49
254
233
1
91
-5
-7
50
254
233
1
92
-7
50
254
233
1
93
-5
-7
52
253
233
1
94
-7
53
253
232
1
95
-5
-7
58
250
228
0
96
-5
-7
67
249
225
0
97
-7
77
245
208
0
98
-5
-7
46
7
237
1
99
-7
46
7
237
1
100
-5
-7
43
12
237
1
101
-7
43
12
237
1
102
-5
-7
50
4
237
0
103
-5
-7
50
3
237
0
104
-5
-7
50
1
237
1
105
-5
-7
52
0
237
1
106
-7
52
0
237
1
107
-5
-7
48
255
223
1
108
-7
48
255
223
1
109
-5
-7
46
255
229
1
110
-7
46
255
229
1
111
-5
-7
46
254
231
1
112
-7
47
255
231
1
113
-5
-7
46
255
230
1
114
-5
-7
46
255
229
1
115
-7
46
255
229
1
116
-5
-7
46
255
225
1
117
-7
46
255
225
1
118
-5
-7
52
0
237
0
119
-7
52
0
237
0
120
-5
-7
47
13
242
1
121
-7
47
13
242
1
122
-5
-7
43
17
222
1
123
-7
43
17
222
1
124
-5
-7
28
11
229
1
125
-7
27
11
211
1
126
-5
-7
55
252
226
1
127
-7
56
252
226
1
128
-5
-7
52
253
232
1
129
-7
52
253
233
-5
-7
50
253
233
1
131
-7
50
253
233
1
132
-5
-7
49
254
233
1
133
-5
-7
50
254
233
1
134
-7
50
254
233
1
135
-5
-7
49
254
233
1
136
-7
49
254
233
1
137
-5
-7
49
253
233
1
138
-5
-7
50
254
233
1
139
-7
50
254
233
1
140
-5
-7
51
253
233
1
141
-7
51
253
233
1
142
-5
-7
56
252
227
1
143
-5
-7
56
252
226
0
144
-7
56
252
226
0
145
-5
-7
39
5
237
1
146
-7
39
5
237
1
147
-5
-7
41
14
231
1
148
-7
43
12
233
1
149
-5
-7
51
7
238
1
150
-5
-7
50
5
237
0
151
-7
50
3
237
0
152
-5
-7
52
255
223
1
153
-7
49
255
223
1
154
-5
-7
46
255
230
1
155
-7
46
255
230
1
156
-5
-7
51
253
233
1
157
-5
-7
51
253
233
1
158
-5
-7
51
253
233
1
159
-7
51
253
233
1
160
-5
-7
46
255
228
0
161
-7
46
255
226
0
162
-5
-7
50
3
237
1
163
-5
-7
50
5
237
1
164
-7
50
5
237
1
165
-5
-7
42
13
233
1
166
-7
42
13
233
1
167
-5
-7
40
5
238
0
168
-7
35
6
237
0
169
-5
-7
55
252
226
1
170
-5
-7
56
253
226
1
171
-5
-7
56
252
227
1
172
-7
55
252
229
1
173
-5
-7
50
254
233
1
174
-7
50
254
233
1
175
-5
-7
49
253
234
1
176
-7
49
254
233
1
177
-5
-7
49
254
234
1
178
-5
-7
49
254
234
1
179
-7
49
254
233
1
180
-5
-7
49
254
233
1
181
-5
-7
49
254
233
1
182
-5
-7
49
254
234
1
183
-7
49
253
234
1
184
-5
-7
49
254
234
1
185
-7
49
254
233
1
186
-5
-7
49
254
234
1
187
-7
49
254
234
1
188
-5
-7
49
254
233
1
189
-5
-7
50
254
233
1
190
-7
50
254
233
1
191
-5
-7
52
253
233
1
192
-7
52
253
233
1
193
-5
-7
69
245
188
0
194
-7
43
1
192
0
195
-5
-7
42
12
233
1
196
-7
43
12
237
1
197
-5
-7
51
255
223
1
198
-7
46
255
225
0
199
-5
-7
41
255
219
1
200
-7
39
0
223
1
201
-5
-7
45
254
235
1
202
-7
45
254
235
1
203
-5
-7
48
254
234
1
204
-5
-7
48
254
234
1
205
-5
-7
48
254
234
1
206
-7
48
254
234
1
207
-5
-7
49
254
234
1
208
-7
49
254
234
1
209
-5
-7
48
254
234
1
210
-7
48
254
234
1
211
-5
-7
48
254
234
1
212
-5
-7
49
254
234
1
213