22222
11111
49
254
234
1
247
11111
49
254
234
1
248
22222
11111
49
254
234
1
249
11111
49
254
234
1
250
22222
11111
48
254
234
1
251
22222
11111
49
254
234
1
252
11111
49
254
234
1
253
22222
11111
48
254
234
1
254
11111
48
254
234
1
255
22222
11111
49
254
234
1
0
22222
11111
48
254
234
1
1
11111
49
254
234
1
2
22222
11111
48
254
234
1
3
11111
48
254
234
1
4
22222
11111
49
254
234
1
5
11111
49
254
234
1
6
22222
11111
49
254
234
1
7
11111
49
254
234
1
8
22222
11111
49
254
234
1
9
11111
49
254
234
1
10
22222
11111
48
254
234
1
11
11111
48
254
234
1
12
22222
11111
48
254
235
1
13
11111
47
254
234
1
14
22222
11111
55
255
219
0
15
11111
55
255
219
1
16
22222
11111
45
13
241
0
17
11111
43
13
234
1
18
22222
11111
57
252
228
1
19
11111
55
253
226
1
20
22222
11111
49
254
233
1
21
22222
11111
49
253
234
1
22
22222
11111
49
254
233
1
23
22222
11111
49
254
234
1
24
22222
11111
49
254
234
1
25
22222
11111
49
254
233
1
26