-7
49
254
233
1
126
-5
-7
49
254
233
1
127
-7
49
254
233
1
128
-5
-7
49
254
233
1
129
-5
-7
49
254
233
1
130
-7
49
254
233
1
131
-5
-7
48
254
233
1
132
-5
-7
48
254
233
1
133
-7
49
254
234
1
134
-5
-7
49
254
234
1
135
-7
48
254
233
1
136
-5
-7
49
254
234
1
137
-7
49
254
234
1
138
-5
-7
48
254
233
1
139
-7
49
254
233
1
140
-5
-7
49
254
233
1
141
-7
49
254
233
1
142
-5
-7
49
254
233
1
143
-5
-7
49
254
233
1
144
-7
49
254
233
1
145
-5
-7
49
254
233
1
146
-7
49
254
233
1
147
-5
-7
49
254
233
1
148
-7
49
254
233
1
149
-5
-7
49
254
233
1
150
-5
-7
49
254
233
1
151
-5
-7
49
254
233
1
152
-5
-7
233
1
153
-5
-7
49
254
233
1
154
-7
49
254
233
1
155
-5
-7
49
254
233
1
156
-5
-7
49
254
233
1
157
-5
-7
49
254
233
1
158
-5
-7
49
254
233
1
159
-5
-7
49
254
233
1
160
-7
49
254
233
1
161
-5
-7
56
254
227
1
162
-7
56
254
227
0
163
-5
-7
44
5
238
0
164
-5
-7
50
4
244
0
165
-5
-7
53
0
239
0
166
-7
55
251
234
1
167
-5
-7
44
255
235
1
168
-5
-7
46
255
235
1
169
-7
47
255
235
1
170
-5
-7
48
254
234
1
171
-5
-7
48
254
233
1
172
-5
-7
49
254
233
1
173
-5
-7
49
254
234
1
174
-7
49
254
234
1
175
-5
-7
48
254
233
1
176
-5
-7
48
254
233
1
177
-7
48
254
233
1
178
-5
-7
49
254
233
1
179