-7
49
254
235
1
107
-5
-7
48
254
234
1
108
-7
48
254
234
1
109
-5
-7
48
254
235
1
110
-7
48
254
235
1
111
-5
-7
48
254
234
1
112
-7
48
254
235
1
113
-5
-7
48
254
235
1
114
-5
-7
48
254
234
1
115
-7
48
254
234
1
116
-5
-7
48
254
235
1
117
-5
-7
48
254
235
1
118
-5
-7
47
254
235
1
119
-7
47
254
235
1
-5
-7
45
255
235
1
121
-5
-7
44
255
235
1
122
-7
43
255
235
1
123
-5
-7
39
0
229
1
124
-7
38
0
227
1
125
-5
-7
46
0
216
1
126
-7
49
0
217
1
127
-5
-7
54
252
232
1
128
-7
54
252
232
1
129
-5
-7
51
254
226
1
130
-7
51
254
226
1
131
-5
-7
53
255
239
1
132
-7
53
255
239
1
133
-5
-7
53
0
240
1
134
-7
53
0
240
1
135
-5
-7
53
0
240
1
136
-7
53
0
240
1
137
-5
-7
53
0
240
1
138
-7
53
0
240
1
139
-5
-7
53
0
240
1
140
-5
-7
53
0
240
1
141
-5
-7
53
0
240
1
142
-7
53
0
240
1
143
-5
-7
53
0
240
1
144
-5
-7
53
0
240
1
145
-7
53
0
240
1
146
-5
-7
53
0
240
1
147
-7
53
0
240
1
148
-5
-7
53
0
240
1
149
-5
-7
53
0
240
1
150
-7
53
0
240
1
151
-5
-7
53
0
240
1
152
-7
53
0
240
1
153
-5
-7
53
0
240
1
154
-7
53
0
240
1
155
-5
-7
53
0
240
1
156
-7
53
0
240
1
157
-5
-7
53
0
240
1
158
-7
53
0
240
1
159
-5
-7
53
0
240
1
160
-7
53
0
240
1
161
-5
-7
53
0
240
1
162
-7
53
0
240
1
163
-5
-7
53
0
240
1
164
-7
53
0
239
1
165
-5
-7
53
0
240
1
166
-5
-7
53
0
240
1
167
-7
53
0
239
1
168
-5
-7
53
0
240
1
169
-5
-7
53
1
240
1
170
-7
53
1
240
1
171
-5
-7
53
2
240
1
172
-5
-7
53
1
240
1
173
-7
53
2
241
1
174
-5
-7
53
2
242
1
175
-7
53
2
242
1
176
-5
-7
50
5
245
1
177
-7
50
5
245
1
178
-5
-7
45
8
235
1
179
-7
45
8
235
1
180
-5
-7
41
5
240
1
181
-5
-7
39
0
240
1
182
-7
39
0
240
1
183
-5
-7
79
12
191
1
184
-7
79
12
191
1
185
-5
-7
54
253
230
1
186
-5
-7
54
253
230
1
187
-5
-7
53
253
231
1
188
-7
53
253
232
1
189
-5
-7
50
254
233
1
190
-5
-7
50
233
1
191
-5
-7
49
254
233
1
192
-5
-7
49
254
233
1
193
-7
49
254
233
1
194
-5
-7
49
254
233
1
195
-5
-7
49
254
233
1
196
-5
-7
49
254
233
1
197
-5
-7
49
254
233
1
198
-7
49
254
233
1
199
-5
-7
49