-7
47
255
234
1
67
-5
-7
46
255
234
1
68
-7
46
255
234
1
69
-5
-7
46
255
235
1
70
-7
46
255
235
1
71
-5
-7
45
255
234
1
72
-7
45
255
234
1
73
-5
-7
43
255
234
1
74
-5
-7
43
255
234
1
75
-5
-7
42
255
234
1
76
-7
42
255
234
1
77
-5
-7
40
0
231
1
78
-5
-7
40
0
231
1
79
-5
-7
39
0
231
1
80
-7
39
0
231
1
81
-5
-7
40
0
230
1
82
-7
40
0
230
1
83
-5
-7
39
0
229
1
84
-5
-7
39
0
229
1
85
-7
39
0
229
1
86
-5
-7
39
0
226
1
87
-7
39
0
226
1
-5
-7
39
0
222
1
89
-5
-7
39
0
221
1
90
-5
-7
39
0
221
1
91
-7
40
0
220
1
92
-5
-7
47
0
215
1
93
-7
48
0
216
1
94
-5
-7
55
251
229
1
95
-7
53
252
231
1
96
-5
-7
53
253
227
1
97
-5
-7
54
252
229
1
98
-7
55
251
233
1
99
-5
-7
51
4
244
1
100
-5
-7
49
5
245
1
101
-7
49
5
245
1
102
-5
-7
45
14
238
1
103
-7
44
15
238
1
104
-5
-7
39
2
240
1
105
-7
37
0
239
1
106
-5
-7
36
253
238
1
107
-7
36
253
238
1
108
-5
-7
36
254
238
1
109
-7
36
254
238
1
110
-5
-7
36
253
239
1
111
-7
35
254
238
1
112
-5
-7
36
253
238
1
113
-7
36
253
238
1
114
-5
-7
35
253
238
1
115
-7
35
253
238
1
116
-5
-7
35
253
238
1
117
-7
36
253
238
1
118
-5
-7
35
253
238
1
119
-5
-7
36
253
238
1
120
-7
35
253
238
1
121
-5
-7
36
253
238
1
122
-7
35
254
238
1
123
-5
-7
35
253
238
1
124
-7
35
253
238
1
125
-5
-7
35
253
238
1
126
-7
35
253
238
1
127
-5
-7
36
253
239
1
128
-7
35
254
238
1
129
-5
-7
35
253
238
1
130
-7
35
253
238
1
131
-5
-7
35
253
238
1
132
-7
35
253
238
1
133
-5
-7
35
253
237
1
134
-7
35
253
237
1
135
-5
-7
36
253
239
1
136
-7
36
253
239
1
137
-5
-7
35
251
237
1
138
-7
35
251
237
1
139
-5
-7
33
249
236
1
140
-7
34
249
236
1
141
-5
-7
32
248
231
1
142
-7
30
250
225
1
143
-5
-7
78
3
216
1
144
-5
-7
58
254
229
1
145
-5
-7
56
254
227
1
146
-5
-7
55
254
226
1
147
-5
-7
56
254
226
1
148
-7
56
254
228
1
149
-5
-7
51
253
233
1
150
-5
-7
51
254
233
1
151
-5
-7
51
254
233
1
152
-5
-7
51
254
233
1
153
-7
50
253
233
1
154
-5
-7
49
254
234
1
155
-7
49
254
234
1
156
-5
-7
49
254
234
1
157
-5
-7
49
254
234
1
158
-5
-7
49
254
233
1
159
-5
-7
49
254
233
1
160
-5
-7
49
254
234
1
161
-7
49
254
234
1
162
-5
-7
49
254
233
1
163