22222
11111
48
254
234
1
133
11111
48
254
234
1
134
22222
11111
48
254
234
1
135
22222
11111
48
254
234
1
136
22222
11111
48
254
234
1
137
22222
11111
48
254
234
1
138
22222
11111
48
254
234
1
139
11111
49
254
233
1
140
22222
11111
49
254
234
1
141
22222
11111
48
254
234
1
142
22222
11111
48
254
234
1
143
22222
11111
49
254
234
1
144
22222
11111
48
254
234
1
145
11111
48
254
234
1
146
22222
11111
48
254
234
1
147
11111
48
254
234
1
148
22222
11111
46
254
235
1
149
22222
11111
45
255
235
1
150
11111
44
255
235
1
151
22222
11111
42
0
217
0
152
11111
46
0
216
0
153
22222
11111
49
254
233
1
154
22222
11111
49
254
233
1
155
11111
47
255
232
0
156
22222
11111
54
253
239
0
157
11111
54
253
239
0
158
22222
11111
50
6
246
1
159
11111
50
6
246
1
160
22222
11111
44
11
237
1
161
11111
44
11
237
1
162
22222
11111
44
15
235
1
163
11111
44
15
235
1
164
22222
11111
34
252
237
1
165
11111
33
251
236
1
166
22222
11111
32
5
201
0
167
22222
11111
36
8
194
0
168
22222
11111
40
10
189
1
169
11111
40
10
189
0
170
22222
11111
64
254
228
1
171
11111
64
254
228
1
172
22222
11111
55
254
226
1
173
11111
55
254
226
1
174
22222
11111
55
253
227
1
175
11111
55
253
227
1
176
22222
11111
55
253
229
1
177
11111
55
254
229
1
178
22222
11111
54
253
231
1
179
11111
54
253
231
1
180
22222
11111
52
253
232
1
181
22222
11111
52
254
232
1
182
22222
11111
52
254
232
1
183
11111
52
253
232
1
184
22222
11111
51
253
233
1
185
11111
51
254
233
1
186
22222
11111
51
253
233
1
187
11111
51
254
233
1
188
22222
11111
51
254
233
1
189
22222
11111
51
254
233
1
190
22222
11111
51
254
233
1
191
11111
51
253
233
1
192
22222
11111
50
254
232
1
193
11111
50
254
232
1
194
22222
11111
51
254
233
1
195
11111
51
254
233
1
196
22222
11111
53
253
231
1
197
11111
54
253
231
1
198
22222
11111
57
252
227
0
199
11111
62
253
228
0
200
22222
11111
39
2
244
0
201
11111
40
3
242
0
202
22222
11111
44
19
230
1
203
11111
43
18
231
1
204
22222
11111
43
10
240
1
205
22222
11111
44
10
241
1
206
11111
44
10
241
1
207
22222
11111
46
10
244
1
208
22222
11111
46
10
244
1
209
11111
46
10
244
1
210
22222
11111
45
10
244
1
211
22222
11111
45
10
244
1
212
11111
45
10
244
1
213
22222
11111
43
9
241
1
214
11111
43
10
241
1
215
22222
11111
43
11
236
1
216
22222
11111
43
12
236
1
217
22222
11111
43
12
235
1
218
11111
43
13
235
1
219
22222
11111
43
18
230
1
220
11111
44
19
230
1
221
22222
11111
47
19
227
1
222
11111
47
19
227
1
223
22222
11111
43
4
241
1
224
11111
42
3
241
1
225
22222
11111
30
2
237
1
226
11111
28
4
233
1
227
22222
11111
61
250
180
1
228
11111
69
248
185
1
229
11111
55
253
226
1
230
22222
11111
55
253
226
1
231
11111
55
253
226
1
232
22222
11111
55
253
229
1
233
22222
11111
54
253
230
1
234
22222
11111
54
253
231
1
235
22222
11111
54
253
231
1
236
11111
53
253
231
1
237
22222
11111
52
253
232
1
238
11111
52
253
232
1
239
22222
11111
51
254
233
1
240
11111
51
254
233
1
241
22222
11111
50
254
233
1
242
22222
11111
50
254
233
1
243
11111
50
254
233
1
244
22222
11111
49
254
233
1
245
11111
50
254
233
1
246
22222
11111
50
253
233
1
247
22222
11111
50
254
233
1
248
11111
50
253
233
1
249
22222
11111
52
253
233
1
250
22222
11111
52
254
232
1
251
22222
11111
52
253
232
1
252
11111
53
253
232
1
253
22222
11111
55
252
227
1
254
22222
11111
55
252
226
1
255
22222
11111
55
253
226
1
0
22222
11111
55
252
226
0
1
11111
55
252
226
0
2
22222
11111
70
247
203
1
3
11111
65
251
199
1
4
22222
11111
31
16
213
1
5
22222
11111
30
17
218
1
6
11111
30
18
224
1
7
22222
11111
40
12
236
1
8
11111
42
14
238
1
9
22222
11111
52
13
229
1
10
11111
52
13
229
0
11
22222
11111
44
16
217
1
12
11111
43
16
218
1
13
22222
11111
42
17
222
1
14
11111
42
17
222
1
15
22222
11111
42
13
232
1
16
11111
42
13
233
1
17
22222
11111
46
15
239
1
18
11111
46
15
239
1
19
22222
11111
46
15
239
1
20
11111
46
15
239
1
21
22222
11111
46
15
238
1
22
22222
11111
46
15
238
1
23
11111
46
15
238
1
24
22222
11111
46
15
238
1
25
11111
46
15
238
1
26
22222
11111
45
15
238
1
27
22222
11111
44
14
237
1
28
22222
11111
44
14
237
1
29
11111
44
14
237
1
30
22222
11111
42
14
232
1
31
11111
42
14
232
1
32
22222
11111
43
16
220
1
33
11111
44
16
218
1
34
22222
11111
41
9
239
1
35
11111
38
10
238
1
36
22222
11111
65
246
193
1
39
22222
11111
67
246
194
1
40
11111
68
245
196
1
41
22222
11111
73
247
215
1
42
11111
73
247
218
1
43
22222
11111
60
251
228
1
44
22222
11111
61
251
228
1
45
11111
62
251
227
1
46
22222
11111
55
253
195
1
47
11111
55
253
195
1
48
22222
11111
45
11
238
0
49
11111
45
11
238
0
50
22222
11111
43
17
220
1
51
11111
43
17
221
1
52
22222
11111
41
14
231
1
53
11111
41
14
231
1
54
22222
11111
42
13
233
1
55
11111
42
13
232
1
56
22222
11111
41
14
231
1
57
11111
41
14
231
1
58
22222
11111
41
17
224
1
59
11111
41
17
224
1
60
22222
11111
45
12
239
1
61
11111
42
10
239
1
62
22222
11111
74
247
218
0
63
11111
63
250
228
1
64
22222
11111
55
253
230
1
65
22222
11111
54
253
231
1
66
11111
54
253
231
1
67
22222
11111
53
253
232
1
68
11111
53
253
232
1
69
22222
11111
53
253
232
1
70
22222
11111
53
253
232
1
71
11111
53
253
232
1
72
11111
52
253
232
1
73
22222
11111
52
253
232
1
74
22222
11111
52
253
232
1
75
22222
11111
52
253
232
1
76
11111
52
253
232
1
77
22222
11111
53
253
232
1
78
22222
11111
53
253
231
1
79
11111
54
253
231
1
80
22222
11111
68
250
221
0
81
11111
67
248
201
0
82
22222
11111
43
16
220
0
83
11111
42
17
223
0
84
22222
11111
49
6
236
0
85
22222
11111
52
0
236
1
86
22222
11111
54
254
231
1
87
22222
11111
52
254
224
1
88
11111
52
254
224
1
89
22222
11111
54
0
217
0
90
22222
11111
50
0
216
0
91
22222
11111
47
0
215
1
92
11111
47
0
215
1
93
22222
11111
40
255
221
1
94
22222
11111
40
0
221
1
95
22222
11111
40
0
220
1
96
11111
40
0
220
1
97
22222
11111
42
0
219
1
98
22222
11111
42
0
218
1
99
11111
42
0
218
1
100
22222
11111
53
0
216
1
101
11111
53
0
216
1
102
22222
11111
45
255
226
0
103
11111
45
255
226
0
104
22222
11111
49
7
236
1
105
11111
49
7
236
1
106
22222
11111
42
14
232
1
107
11111
42
14
232
1
108
22222
11111
50
11
236
1
109
11111
43
9
238
1
110
22222
11111
75
244
203
0
111
11111
70
249
222
0
112
22222
11111
54
253
231
1
113
11111
53
253
231
1
114
22222
11111
50
254
233
1
115
11111
50
254
233
1
116
22222
11111
49
254
233
1
117
22222
11111
49
254
234
1
118
22222
11111
49
254
233
1
119
22222
11111
49
254
233
1
120
22222
11111
48
254
233
1
121
22222
11111
49
254
233
1
122
11111
49
254
233
1
123
22222
11111
48
254
234
1
124
11111
48
254
234
1
125
22222
11111
49
254
233
1
126
11111
48
254
233
1
127
22222
11111
48
254
234
1
128
11111
48
254
233
1
129
22222
11111
48
254
234
1
130
11111
49
254
233
1
131
22222
11111
49
254
234
1
132
22222
11111
48
254
233
1
133