22222
11111
48
254
234
1
54
22222
11111
47
254
235
1
55
11111
47
254
235
1
56
22222
11111
47
254
235
1
57
22222
11111
47
255
235
1
58
22222
11111
47
255
235
1
59
22222
11111
47
254
235
1
60
11111
47
254
235
1
61
22222
11111
47
254
235
1
62
11111
47
254
235
1
63
22222
11111
46
255
235
1
64
11111
46
255
235
1
65
22222
11111
44
255
235
1
66
22222
11111
43
0
234
1
67
22222
11111
41
0
233
1
68
11111
41
0
233
1
69
22222
11111
41
0
218
0
70
11111
41
0
218
0
71
22222
11111
54
251
229
1
72
11111
54
251
229
1
73
22222
11111
55
249
232
1
74
11111
55
249
232
0
75
22222
11111
43
4
239
0
76
11111
43
4
239
1
77
22222
11111
39
8
243
1
78
11111
39
8
243
1
79
22222
11111
43
3
203
1
80
11111
53
10
201
1
81
22222
11111
55
254
227
1
82
11111
55
254
226
1
83
22222
11111
54
254
231
1
84
22222
11111
54
254
231
1
85
11111
54
254
231
1
86
22222
11111
53
254
232
1
87
22222
11111
52
254
232
1
88
11111
52
254
232
1
89
22222
11111
51
254
233
1
90
22222
11111
51
254
233
1
91
11111
51
254
233
1
92
22222
11111
51
253
233
1
93
22222
11111
51
254
233
1
94
22222
11111
51
254
233
1
95
11111
52
254
233
1
96
22222
11111
55
254
230
1
97
11111
55
254
230
1
98
22222
11111
46
7
205
1
99
11111
46
7
205
1
100
22222
11111
36
1
242
1
101
11111
36
1
242
1
102
22222
11111
38
7
242
1
103
22222
11111
38
6
243
1
104
11111
38
6
243
1
105
22222
11111
32
245
234
1
106
11111
32
245
234
1
107
22222
11111
74
11
215
0
108
11111
74
11
215
0
109
22222
11111
55
254
228
1
110
22222
11111
55
254
228
1
111
22222
11111
55
254
229
1
112
11111
55
254
230
1
113
22222
11111
52
253
232
1
116
22222
11111
53
254
232
1
117
22222
11111
53
254
231
1
118
22222
11111
53
254
231
1
119
22222
11111
53
254
231
1
120
22222
11111
54
254
230
1
121
22222
11111
54
254
230
1
122
11111
55
254
229
1
123
22222
11111
64
14
202
1
124
11111
49
9
201
1
125
22222
11111
42
14
241
0
126
11111
44
16
240
0
127
22222
11111
44
4
237
1
128
11111
43
4
238
1
129
22222
11111
45
4
243
1
130
11111
45
3
242
1
131
22222
11111
43
4
238
1
132
11111
43
4
238
1
133
22222
11111
44
5
234
1
134
11111
44
5
234
1
135
22222
11111
48
10
233
1
136
11111
48
10
233
1
137
22222
11111
45
16
240
1
138
22222
11111
45
16
240
1
139
11111
45
16
240
1
140
22222
11111
43
14
241
1
141
22222
11111
41
13
241
1
142
11111
41
12
241
1
143
22222
11111
37
0
240
1
144
11111
37
255
240
1
145
22222
11111
32
247
231
1
146
22222
11111
32
247
231
1
147
11111
32
246
229
1
148
22222
11111
37
5
204
1
149
22222
11111
46
12
197
1
150
22222
11111
46
12
197
1
151
11111
52
15
193
1
152
22222
11111
61
255
229
1
153
22222
11111
58
255
229
1
154
22222
11111
56
254
228
1
155
22222
11111
55
255
227
1
156
11111
55
255
227
1
157
22222
11111
54
254
230
1
158
11111
54
254
231
1
159
22222
11111
51
254
233
1
160
11111
51
254
233
1
161
22222
11111
50
254
233
1
162
22222
11111
50
254
233
1
164
22222
11111
49
253
234
1
165
11111
49
253
234
1
166
22222
11111
50
253
234
1
167
22222
11111
50
254
233
1
168
22222
11111
50
254
233
1
170
22222
11111
50
254
233
1
171
11111
50
254
233
1
172
22222
11111
50
254
234
1
173
11111
51
253
233
1
174
22222
11111
54
253
230
1
175
22222
11111
56
252
228
1
176
11111
56
252
228
1
177
22222
11111
56
15
185
0
178
11111
43
11
193
0
179
22222
11111
39
0
240
0
180
11111
41
3
240
0
181
22222
11111
44
16
237
1
182
11111
45
14
236
1
183
22222
11111
43
5
239
1
184
11111
43
5
239
1
185
22222
11111
46
5
246
1
186
22222
11111
47
5
246
1
187
22222
11111
47
5
246
1
188
11111
47
5
246
1
189
22222
11111
48
5
246
1
190
11111
48
5
247
1
191
22222
11111
48
5
246
1
192
22222
11111
47
5
246
1
193
11111
47
5
246
1
194
22222
11111
46
5
246
1
195
11111
46
5
246
1
196
22222
11111
44
4
244
1
197
11111
44
5
244
1
198
22222
11111
43
5
240
1
199
11111
43
6
240
1
200
22222
11111
45
11
237
1
201
11111
45
11
237
1
202
22222
11111
41
5
240
1
203
22222
11111
41
5
240
1
204
11111
35
253
239
1
205
22222
11111
48
11
186
0
206
11111
56
12
184
0
207
22222
11111
78
1
213
1
208
22222
11111
78
1
214
1
209
22222
11111
76
0
215
1
210
22222
11111
76
0
216
1
211
22222
11111
74
0
220
1
212
22222
11111
73
0
221
1
213
11111
73
0
221
1
214
22222
11111
67
254
226
1
215
11111
67
254
226
1
216
22222
11111
30
255
220
1
217
11111
32
251
229
1
218
22222
11111
44
16
237
1
219
11111
43
17
237
1
220
22222
11111
44
8
235
1
221
11111
43
7
236
1
222
22222
11111
43
4
243
1
223
22222
11111
44
5
243
1
224
11111
44
5
243
1
225
22222
11111
45
4
245
1
226
11111
44
5
245
1
227
22222
11111
43
5
243
1
228
22222
11111
45
16
237
1
230
11111
45
16
237
1
231
22222
11111
37
254
240
1
232
11111
35
252
238
1
233
22222
11111
30
1
216
1
234
11111
30
1
216
1
235
22222
11111
35
7
200
1
236
22222
11111
36
7
200
1
237
22222
11111
36
8
200
1
238
11111
36
8
200
1
239
22222
11111
44
10
191
1
240
11111
43
9
192
1
241
22222
11111
35
251
234
0
242
11111
38
254
237
0
243
22222
11111
51
4
243
1
244
11111
53
1
240
1
245
22222
11111
38
0
229
1
246
11111
42
0
234
1
247
22222
11111
48
254
234
1
248
22222
11111
48
254
233
1
249
11111
48
254
233
1
250
22222
11111
48
254
233
1
251