11111
242
253
226
80
22222
11111
242
253
226
81
11111
242
253
226
82
22222
11111
242
253
226
83
11111
242
253
226
84
22222
11111
242
253
226
85
11111
242
253
226
86
22222
11111
242
253
226
87
22222
11111
242
254
226
89
11111
242
254
226
90
22222
11111
242
253
226
91
11111
242
253
226
92
22222
11111
242
253
226
93
11111
242
253
226
94
22222
11111
242
253
226
95
11111
242
253
226
96
22222
11111
242
253
226
97
11111
242
253
226
98
22222
11111
242
253
226
99
11111
242
253
226
100
22222
11111
242
253
226
101
11111
242
253
226
102
22222
11111
242
253
226
103
11111
242
253
226
104
22222
11111
242
253
226
105
11111
242
253
226
106
22222
11111
242
253
226
107
11111
242
253
226
108
22222
11111
242
253
226
109
11111
242
253
226
110
22222
11111
242
253
226
111
11111
242
253
226
112
22222
11111
242
253
226
113
11111
242
253
226
114
22222
11111
242
253
226
115
11111
242
253
226
116
22222
11111
242
253
226
117
11111
242
253
226
118
22222
11111
242
253
226
119
11111
242
253
226
120
22222
11111
242
253
226
121
11111
242
253
226
122
22222
11111
242
253
226
123
11111
242
253
226
124
22222
11111
242
253
226
125
11111
242
253
226
126
22222
11111
242
253
226
127
11111
242
253
226
128
22222
11111
242
253
226
129
11111
242
253
226
130
22222
11111
242
254
226
131
11111
242
254
226
132
22222
11111
242
253
226
133
11111
242
253
226
134
22222
11111
242
253
226
135
11111
242
253
226
136
22222
11111
242
253
226
137
11111
242
253
226
138
22222
11111
242
253
226
139
11111
242
253
226
140
22222
11111
242
253
226
141
11111
242
253
226
142
22222
11111
242
253
226
143
11111
242
253
226
144
22222
11111
242
253
226
145
11111
242
253
226
146
22222
11111
242
253
226
147
11111
242
253
226
148
22222
11111
242
253
226
149
11111
242
253
226
150
22222
11111
242
253
226
151
11111
242
253
226
152
22222
11111
242
253
226
153
11111
242
253
226
154
22222
11111
242
253
226
155
11111
242
253
226
156
22222
11111
242
253
226
157
11111
242
253
226
158
22222
11111
242
253
226
159
11111
242
253
226
160
22222
11111
242
253
226
161
11111
242
253
226
162
22222
11111
242
253
226
163
11111
242
253
226
164
22222
11111
242
253
226
165
11111
242
253
226
166
22222
11111
242
253
226
167
11111
242
253
226
168
22222
11111
242
253
226
169
11111
242
253
226
170
22222
11111
242
253
226
171
11111
242
253
226
172
22222
11111
242
253
226
173
22222
11111
242
253
226
175
11111
242
253
226
176
22222
11111
242
253
226
177
11111
242
253
226
178
22222
11111
242
253
226
179
11111
242
253
226
180
22222
11111
242
253
226
181
11111
242
253
226
182
22222
11111
242
253
226
183
11111
242
253
226
184
22222
11111
242
253
226
185
11111
242
253
226
186
22222
11111
242
253
226
187
11111
242
253
226
188
22222
11111
242
253
226
189
11111
242
253
226
190
22222
11111
242
253
226
191
11111
242
253
226
192
22222
11111
242
253
226
193
11111
242
253
226
194
22222
11111
242
253
226
195
11111
242
253
226
196
22222
11111
242
253
226
197
11111
242
253
226
198
22222
11111
242
253
226
199
11111
242
253
226
200
22222
11111
242
253
226
201
11111
242
253
226
202
22222
11111
242
253
226
203
11111
242
253
226
204
22222
11111
242
253
226
205
11111
242
253
226
206
22222
11111
242
253
226
207
11111
242
253
226
208
22222
11111
242
253
226
209
11111
242
253
226
210
22222
11111
242
253
226
211
11111
242
253
226
212
22222
11111
242
253
226
213
11111
242
253
226
214
22222
11111
242
253
226
215
11111
242
253
226
216
22222
11111
242
253
226
217
11111
242
253
226
218
22222
11111
242
253
226
219
11111
242
253
226
220
22222
11111
242
253
226
221
11111
242
253
226
222
22222
11111
242
253
226
223
11111
242
253
226
224
22222
11111
242
253
226
225
11111
242
253
226
226
22222
11111
242
253
226
227
11111
242
253
226
228
22222
11111
242
253
226
229
11111
242
253
226
230
22222
11111
242
253
226
231
11111
242
253
226
232
22222
11111
241
253
226
233
11111
241
253
226
234
22222
11111
240
254
226
235
11111
240
254
226
236
22222
11111
235
255
223
237
11111
235
255
223
238
22222
11111
223
1
190
239
11111
239
253
180
240
22222
11111
245
245
199
241
11111
245
245
199
242
22222
11111
251
236
210
243
11111
250
235
211
244
22222
11111
250
236
210
245
11111
250
236
210
246
22222
11111
250
236
210
247
11111
250
236
210
248
22222
11111
250
236
211
249
11111
250
236
211
250
22222
11111
250
236
210
251
11111
250
236
210
252
22222
11111
250
236
210
253
11111
250
236
210
254
22222
11111
250
236
210
255
11111
250
236
210
0
22222
11111
250
236
211
1
11111
250
236
210
2
22222
11111
250
236
210
3
11111
250
236
210
4
22222
11111
250
236
210
5
11111
250
236
210
6
22222
11111
250
236
210
7
11111
250
236
210
8
22222
11111
250
236
210
9
11111
250
236
210
10
22222
11111
250
236
210
11
11111
250
236
210
12
22222
11111
250
236
211
13
11111
250
236
211
14
22222
11111
250
236
210
15
11111
250
236
211
16
22222
11111
250
236
210
17
11111
250
236
210
18
22222
11111
251
236
210
19
11111
250
236
210
20
22222
11111
250
236
210
21
11111
250
236
210
22
22222
11111
251
236
210
23
11111
251
236
210
24
22222
11111
251
236
209
25
11111
251
236
209
26
22222
11111
251
236
208
27
11111
251
236
208
28
22222
11111
250
236
212
29
11111
249
235
213
30
22222
11111
247
232
216
31
11111
247
232
216
32
22222
11111
246
238
221
33
11111
246
240
222
34
22222
11111
238
253
218
35
11111
238
253
218
36
22222
11111
235
252
224
37
11111
235
252
224
38
22222
11111
251
254
209
39
11111
251
254
209
40
22222
11111
248
253
226
41
11111
247
253
226
42
22222
11111
244
253
227
43
11111
244
253
227
44
22222
11111
243
253
227
45
11111
243
252
227
46
22222
11111
243
252
227
47
11111
243
252
227
48
22222
11111
243
253
227
49
11111
243
253
227
50
22222
11111
243
253
227
51
11111
243
253
227
52
22222
11111
243
253
227
53