11111
242
253
226
36
22222
11111
242
253
226
37
11111
241
253
226
38
22222
11111
242
253
226
39
11111
242
253
226
40
22222
11111
242
253
226
41
11111
242
253
226
42
22222
11111
242
253
226
43
11111
242
253
226
44
22222
11111
242
253
226
45
11111
242
253
226
46
22222
11111
242
253
226
47
22222
11111
242
253
226
48
22222
11111
242
253
226
49
11111
242
253
226
50
22222
11111
242
253
226
51
11111
242
253
226
52
22222
11111
241
253
226
53
11111
241
253
226
54
22222
11111
242
253
226
55
11111
242
253
226
56
22222
11111
242
253
226
57
11111
242
253
226
58
22222
11111
242
253
226
59
11111
242
253
226
60
22222
11111
242
253
226
61
11111
242
253
226
62
22222
11111
242
253
226
63
11111
242
253
226
64
22222
11111
242
254
226
65
11111
242
254
226
66
22222
11111
242
254
226
67
11111
242
254
226
68
22222
11111
242
253
226
69
11111
242
253
226
70
22222
11111
242
253
226
71
11111
242
253
226
72
22222
11111
242
253
226
73
11111
242
253
226
74
22222
11111
242
253
226
75
11111
242
253
226
76
22222
11111
242
253
226
77
11111
242
253
226
78
22222
11111
242
253
226
79
11111
242
253
226
80
22222
11111
242
253
226
81
11111
242
253
226
82
22222
11111
242
253
226
83
11111
242
253
226
84
22222
11111
242
253
226
85
11111
242
253
226
86
22222
11111
242
253
226
87
11111
242
253
226
88
22222
11111
242
253
226
89
11111
242
253
226
90
22222
11111
242
253
226
91
11111
242
253
226
92
22222
11111
242
253
226
93
11111
242
253
226
94
22222
11111
242
253
226
95
11111
242
253
226
96
22222
11111
242
253
226
97
11111
242
253
226
98
22222
11111
242
253
226
99
11111
242
253
226
100
22222
11111
242
253
226
101
11111
242
253
226
102
22222
11111
242
253
226
103
11111
242
253
226
104
22222
11111
242
253
226
105
11111
242
253
226
106
22222
11111
242
253
226
107
11111
242
253
226
108
22222
11111
242
253
226
109
11111
242
253
226
110
22222
11111
242
253
226
111
11111
242
253
226
112
22222
11111
242
253
226
113
11111
242
253
226
114
22222
11111
242
253
226
115
11111
242
253
226
116
22222
11111
242
253
226
117
11111
242
253
226
118
22222
11111
242
253
226
119
11111
242
253
226
120
22222
11111
242
253
226
121
11111
242
253
226
122
22222
11111
242
253
226
123
11111
242
253
226
124
22222
11111
242
253
226
125
11111
242
253
226
126
22222
11111
241
253
226
127
11111
242
253
226
128
22222
11111
241
253
226
129
11111
241
253
226
130
22222
11111
236
254
223
131
11111
236
254
222
132
22222
11111
254
238
224
133
11111
254
238
224
134
22222
11111
251
235
215
135
11111
251
235
215
136
22222
11111
250
235
224
137
11111
250
235
224
138
22222
11111
248
234
225
139
11111
248
234
225
140
22222
11111
248
234
225
141
11111
248
234
225
142
22222
11111
249
235
225
143
11111
249
235
225
144
22222
11111
248
235
225
145
11111
248
235
225
146
22222
11111
248
234
225
147
11111
248
234
225
148
22222
11111
248
234
225
149
11111
248
234
225
150
22222
11111
248
234
225
151
11111
248
234
225
152
22222
11111
248
234
225
153
11111
248
234
225
154
22222
11111
248
234
225
155
11111
248
234
225
156
22222
11111
248
234
225
157
11111
248
234
225
158
22222
11111
248
233
226
159
11111
248
234
226
160
22222
11111
248
234
225
161
11111
248
234
225
162
22222
11111
248
234
226
163
11111
248
234
226
164
22222
11111
248
234
225
165
11111
248
234
225
166
22222
11111
248
235
225
167
11111
248
235
225
168
22222
11111
248
234
225
169
11111
248
235
225
170
22222
11111
248
235
225
171
11111
248
235
225
172
22222
11111
248
234
225
173
11111
248
234
225
174
22222
11111
248
234
226
175
11111
248
234
226
176
22222
11111
249
234
225
177
11111
249
234
225
178
22222
11111
249
234
224
179
11111
249
234
224
180
22222
11111
250
236
218
181
11111
250
236
218
182
22222
11111
243
236
206
183
11111
240
237
213
184
22222
11111
243
254
189
185
11111
243
254
189
186
22222
11111
235
254
220
187
11111
235
254
221
188
22222
11111
239
253
226
189
11111
239
253
226
190
22222
11111
241
253
226
191
11111
241
253
226
192
22222
11111
241
253
226
193
11111
241
253
226
194
22222
11111
241
254
226
195
11111
241
254
226
196
22222
11111
241
253
226
197
11111
241
253
226
198
22222
11111
241
253
226
199