22222
11111
241
253
226
200
22222
11111
241
253
226
201
11111
242
253
226
202
22222
11111
241
253
226
203
11111
241
253
226
204
22222
11111
242
253
226
205
11111
242
253
226
206
22222
11111
242
253
226
207
11111
242
253
226
208
22222
11111
242
253
226
209
11111
242
253
226
210
22222
11111
242
253
226
211
11111
242
253
226
212
22222
11111
242
253
226
213
11111
242
253
226
214
22222
11111
242
253
226
215
11111
242
253
226
216
22222
11111
242
253
226
217
11111
242
253
226
218
22222
11111
242
253
226
219
11111
242
253
226
220
22222
11111
242
253
226
221
11111
242
253
226
222
22222
11111
242
253
226
223
11111
242
253
226
224
22222
11111
242
253
226
225
11111
242
253
226
226
22222
11111
242
253
226
227
11111
242
253
226
228
22222
11111
242
253
226
229
11111
242
253
226
230
22222
11111
242
253
226
231
11111
242
253
226
232
22222
11111
242
253
226
233
11111
242
253
226
234
22222
11111
242
253
226
235
11111
242
253
226
236
22222
11111
242
253
226
237
11111
242
253
226
238
22222
11111
242
253
226
239
11111
242
253
226
240
22222
11111
242
253
226
241
11111
242
253
226
242
22222
11111
242
253
226
243
11111
242
253
226
244
22222
11111
242
253
226
245
11111
242
253
226
246
22222
11111
242
253
226
247
11111
242
253
226
248
22222
11111
242
253
226
249
11111
242
253
226
250
22222
11111
242
253
226
251
11111
242
253
226
252
22222
11111
242
253
226
253
11111
242
253
226
254
22222
11111
242
253
226
255
11111
242
253
226
0
22222
11111
242
253
226
1
11111
242
253
226
2
22222
11111
242
253
226
3
11111
242
253
226
4
22222
11111
242
253
226
5
11111
242
253
226
6
22222
11111
242
253
226
7
11111
242
253
226
8
22222
11111
242
253
226
9
11111
242
253
226
10
22222
11111
242
253
226
11
11111
242
253
226
12
22222
11111
242
253
227
13
11111
242
253
226
14
22222
11111
242
253
226
15
11111
242
253
226
16
22222
11111
242
253
226
17
11111
242
253
226
18
22222
11111
242
253
226
19
11111
242
253
226
20
22222
11111
242
253
227
21
11111
242
253
227
22
22222
11111
242
253
226
23
11111
242
253
226
24
22222
11111
242
253
226
25
11111
242
253
226
26
22222
11111
242
253
227
27
11111
242
253
227
28
22222
11111
242
253
226
29
11111
242
253
226
30
22222
11111
242
253
226
31
11111
242
253
226
32
22222
11111
242
253
226
33
11111
242
253
226
34
22222
11111
242
253
227
35
11111
242
253
227
36
22222
11111
242
253
226
37
11111
242
253
226
38
22222
11111
242
253
226
39
11111
242
253
226
40
22222
11111
242
253
226
41
11111
242
253
226
42
22222
11111
242
253
226
43
11111
242
253
226
44
22222
11111
242
253
226
45
11111
242
253
226
46
22222
11111
242
253
226
47
11111
242
253
226
48
22222
11111
242
253
227
49
11111
242
253
227
50
22222
11111
242
253
226
51
11111
242
253
226
52
22222
11111
242
253
227
53
11111
242
253
226
54
22222
11111
242
253
226
55
11111
242
253
226
56
22222
11111
242
253
227
59
11111
242
253
227
60
22222
11111
242
253
227
61
11111
242
253
227
62
22222
11111
242
253
226
63
11111
242
253
226
64
22222
11111
242
253
226
65
11111
242
253
226
66
22222
11111
242
253
226
67
11111
242
253
226
68
22222
11111
242
253
227
69
11111
242
253
227
70
22222
11111
242
253
226
71
11111
242
253
227
72
22222
11111
242
253
226
73
11111
242
253
226
74
22222
11111
242
253
226
75
11111
242
253
226
76
22222
11111
242
253
226
77
11111
242
253
226
78
22222
11111
242
253
226
79
11111
242
253
226
80
22222
11111
242
253
226
81
11111
242
253
226
82
22222
11111
242
253
226
83
11111
242
253
226
84
22222
11111
242
253
226
85
11111
242
253
226
86
22222
11111
242
253
226
87
11111
242
253
226
88
22222
11111
242
253
226
89
11111
242
253
226
90
22222
11111
242
253
226
91
11111
242
253
226
92
22222
11111
242
253
226
93
11111
242
253
226
94
22222
11111
242
253
226
95
11111
242
253
226
96
22222
11111
242
253
226
97
11111
242
253
226
98
22222
11111
242
253
227
99
11111
242
253
227
100
22222
11111
242
253
227
101
11111
242
253
227
102
22222
11111
242
253
226
103
11111
242
253
226
104
22222
11111
241
254
226
105
11111
241
254
226
106
22222
11111
238
254
225
107
11111
237
254
224
108
22222
11111
221
7
191
109
11111
221
7
191
110
22222
11111
241
239
213
111
11111
243
238
206
112
22222
11111
250
236
217
113
11111
250
236
217
114
22222
11111
250
237
219
115
11111
250
237
219
116
22222
11111
250
237
219
117
11111
250
237
219
118
22222
11111
250
237
219
119
11111
250
237
219
120
22222
11111
250
237
219
121
11111
250
237
219
122
22222
11111
250
237
219
123
11111
250
237
219
124
22222
11111
250
237
218
125
11111
250
237
218
126
22222
11111
250
236
218
127
11111
250
236
218
128
22222
11111
249
234
224
129
11111
248
234
225
130
22222
11111
243
245
226
131
11111
243
245
226
132
22222
11111
246
252
219
133
11111
245
252
221
134
22222
11111
235
252
223
135
11111
235
252
223
136
22222
11111
233
252
215
137
11111
233
252
215
138
22222
11111
232
252
218
139
11111
232
252
218
140
22222
11111
234
252
223
141
11111
234
252
223
142
22222
11111
245
253
217
143
11111
242
252
215
144
22222
11111
244
237
227
145
11111
244
237
227
146
22222
11111
252
235
215
147
11111
252
236
211
148
22222
11111
251
245
223
149
11111
251
245
223
150
22222
11111
4
243
211
151
11111
4
242
213
152
22222
11111
5
242
213
153
11111
5
242
213
154
22222
11111
4
239
216
155
11111
4
239
216
156
22222
11111
250
244
223
157
11111
250
244
223
158
22222
11111
251
238
208
159
11111
251
238
208
160
22222
11111
246
237
223
161
11111
245
240
223
162
22222
11111
243
252
225
163
11111
243
252
225
164
22222
11111
248
254
207
165
11111
250
254
208
166
22222
11111
251
254
210
167
11111
251
254
210
168
22222
11111
251
254
210
169
11111
251
254
210
170
22222
11111
251
254
209
171
11111
251
254
209
172
22222
11111
246
253
206
173
11111
246
253
206
174
22222
11111
236
252
225
175
11111
239
252
226
176
22222
11111
237
250
223
177
11111
237
250
223
178
22222
11111
248
233
221
179
11111
249
234
220
180
22222
11111
246
242
201
181
11111
246
242
201
182
22222
11111
6
244
196
183
11111
255
249
185
184
22222
11111
221
1
220
185
11111
221
1
220
186
22222
11111
227
0
222
187
11111
227
0
222
188
22222
11111
228
0
222
189
11111
228
0
222
190
22222
11111
231
255
222
191
11111
231
255
222
192
22222
11111
223
2
194
193
11111
223
2
194
194
22222
11111
248
250
222
195
11111
248
250
222
196
22222
11111
250
237
215
197
11111
250
236
216
198
22222
11111
240
247
226
199
11111
240
247
226
200
22222
11111
233
252
210
201
11111
241
253
204
202
22222
11111
249
253
226
203
11111
249
253
226
204
22222
11111
244
253
227
205
11111
244
253
227
206
22222
11111
243
253
226
207
11111
243
253
226
208
22222
11111
243
253
227
209
11111
243
253
227
210
22222
11111
243
253
227
211
11111
243
253
227
212
22222
11111
243
253
227
213