11111
243
253
227
214
22222
11111
243
253
227
215
11111
243
253
227
216
22222
11111
243
253
227
217
11111
243
253
227
218
22222
11111
243
253
227
219
11111
243
253
226
220
22222
11111
243
253
227
221
11111
243
253
227
222
22222
11111
243
252
227
223
11111
243
253
227
224
22222
11111
243
253
227
225
11111
243
253
227
226
22222
11111
243
253
227
227
11111
243
253
227
228
22222
11111
243
253
227
229
11111
243
253
227
230
22222
11111
243
253
227
231
11111
243
253
227
232
22222
11111
243
253
227
233
11111
243
253
226
234
22222
11111
243
253
227
235
11111
243
253
227
236
22222
11111
243
253
227
237
11111
243
253
227
238
22222
11111
243
253
227
239
11111
243
253
227
240
22222
11111
243
253
227
241
11111
243
253
227
242
22222
11111
243
253
227
243
11111
243
253
227
244
22222
11111
243
253
227
245
11111
243
253
227
246
22222
11111
243
253
227
247
11111
243
253
227
248
22222
11111
243
253
227
249
11111
243
253
227
250
22222
11111
243
253
227
251
11111
243
253
227
252
22222
11111
243
253
227
253
11111
243
253
227
254
22222
11111
243
253
227
255
11111
243
253
227
0
22222
11111
243
253
227
1
11111
243
253
227
2
22222
11111
243
253
227
3
11111
243
253
227
4
22222
11111
243
253
227
5
11111
243
253
227
6
22222
11111
243
253
227
7
11111
243
253
227
8
22222
11111
243
253
227
9
11111
243
253
226
10
22222
11111
243
252
227
11
11111
243
252
227
12
22222
11111
243
253
227
13
11111
243
253
227
14
22222
11111
243
253
227
15
11111
243
253
227
16
22222
11111
243
253
227
17
11111
243
253
227
18
22222
11111
243
253
226
19
11111
243
253
226
20
22222
11111
243
253
227
21
11111
243
253
227
22
22222
11111
243
253
227
23
11111
243
253
227
24
22222
11111
243
253
226
25
11111
243
253
226
26
22222
11111
243
253
227
27
11111
243
253
226
28
22222
11111
243
253
226
29
11111
243
253
226
30
22222
11111
243
253
227
31
11111
243
253
226
32
22222
11111
243
253
226
33
11111
243
253
226
34
22222
11111
243
253
227
35
11111
243
253
227
36
22222
11111
243
253
226
37
11111
243
253
226
38
22222
11111
243
253
227
39
11111
243
253
227
40
22222
11111
243
253
226
41
11111
243
253
226
42
22222
11111
243
253
227
43
11111
243
253
227
44
22222
11111
243
253
227
45
11111
243
253
226
46
22222
11111
243
253
227
47
11111
243
253
227
48
22222
11111
245
253
227
49
11111
245
253
227
50
22222
11111
253
254
220
51
11111
253
254
220
52
22222
11111
232
252
213
53
11111
233
252
221
54
22222
11111
239
248
226
55
11111
239
248
226
56
22222
11111
248
232
221
57
11111
248
232
221
58
22222
11111
249
234
218
59
11111
249
234
218
60
22222
11111
249
234
218
61
11111
249
234
218
62
22222
11111
249
234
218
63
11111
249
234
218
64
22222
11111
249
234
218
65
11111
249
234
218
66
22222
11111
249
234
218
67
11111
249
234
218
68
22222
11111
249
234
218
69
11111
249
234
218
70
22222
11111
249
234
219
71
11111
249
234
219
72
22222
11111
249
234
218
73
11111
249
234
218
74
22222
11111
249
234
218
75
11111
249
234
218
76
22222
11111
249
234
218
77
11111
249
234
218
78
22222
11111
249
234
218
79
11111
249
234
218
80
22222
11111
249
234
218
81
22222
11111
249
234
218
82
11111
249
234
218
83
22222
11111
249
234
218
84
11111
249
234
218
85
22222
11111
249
234
218
86
11111
249
234
218
87
22222
11111
249
234
218
88
11111
249
234
218
89
22222
11111
249
234
218
90
11111
249
234
218
91
22222
11111
249
234
217
92
11111
249
234
217
93
22222
11111
250
234
217
94
11111
250
234
217
95
22222
11111
249
234
218
96
11111
248
233
218
97
22222
11111
243
244
225
98
11111
243
244
225
99
22222
11111
235
252
207
100
11111
245
253
204
101
22222
11111
245
253
228
102
11111
245
253
228
103
22222
11111
243
253
227
104
11111
243
253
227
105
22222
11111
243
253
227
106
11111
243
253
227
107
22222
11111
243
253
227
108
11111
243
253
227
109
22222
11111
243
253
227
110
11111
242
253
227
111
22222
11111
243
253
226
112
11111
243
253
226
113
22222
11111
242
253
226
114
11111
242
253
226
115
22222
11111
243
253
227
116
11111
243
253
227
117
22222
11111
243
253
226
118
11111
243
253
226
119
22222
11111
242
253
226
120
11111
242
253
226
121
22222
11111
242
253
226
122
11111
242
253
226
123
22222
11111
243
253
226
124
11111
243
253
226
125
22222
11111
243
253
226
126
11111
243
253
226
127
22222
11111
243
253
226
128