22222
11111
243
253
226
147
11111
242
253
226
148
22222
11111
243
253
226
149
22222
11111
243
253
226
150
22222
11111
242
253
227
151
22222
11111
243
253
226
152
11111
243
253
226
153
22222
11111
243
253
226
154
11111
243
253
226
155
22222
11111
243
253
227
156
11111
243
253
227
157
22222
11111
243
253
226
158
11111
243
253
226
159
22222
11111
243
253
226
160
11111
243
253
226
161
22222
11111
243
253
227
162
11111
243
253
227
163
22222
11111
243
253
227
164
11111
243
253
227
165
22222
11111
243
253
226
166
11111
243
253
226
167
22222
11111
243
253
227
168
11111
243
253
227
169
22222
11111
243
253
226
170
11111
243
253
226
171
22222
11111
243
253
226
172
11111
243
253
226
173
22222
11111
243
253
226
174
11111
243
253
226
175
22222
11111
243
253
226
176
11111
243
253
226
177
22222
11111
243
253
226
178
22222
11111
243
253
226
179
22222
11111
242
253
226
180
22222
11111
243
253
226
181
22222
11111
243
253
226
182
22222
11111
243
253
226
183
11111
243
253
226
184
22222
11111
243
253
226
185
11111
243
253
226
186
22222
11111
243
253
226
187
22222
11111
243
253
226
188
11111
242
253
226
189
22222
11111
243
253
226
190
11111
243
253
226
191
22222
11111
243
253
226
192
11111
243
253
226
193
22222
11111
243
253
226
194
22222
11111
243
253
226
196
22222
11111
242
253
227
198
22222
11111
243
253
226
199
22222
11111
243
253
226
200
11111
243
253
226
201
22222
11111
243
253
227
202
11111
243
253
226
203
22222
11111
243
253
226
204
11111
243
253
226
205
22222
11111
242
253
226
206
22222
11111
243
253
226
212
22222
11111
243
253
226
213
22222
11111
243
253
226
214
22222
11111
242
253
226
215
22222
11111
243
253
226
216
22222
11111
243
253
226
217
22222
11111
243
253
226
218
22222
11111
243
253
226
219
22222
11111
243
253
226
220
22222
11111
243
253
226
221
22222
11111
242
253
226
222
22222
11111
243
253
226
223
22222
11111
242
253
226
226
22222
11111
243
253
226
227
22222
11111
243
253
226
228
22222
11111
242
253
226
231
22222
11111
242
253
226
232
22222
11111
243
253
226
233
22222
11111
243
253
226
236
22222
11111
243
253
226
239
22222
11111
243
253
226
240
22222
11111
243
253
226
241
22222
11111
243
253
226
242
22222
11111
243
253
226
243
22222
11111
243
253
226
244
22222
11111
242
253
226
254
22222
11111
243
253
226
255
11111
243
253
226
0
22222
11111
243
253
226
1
11111
243
253
226
2
22222
11111
243
253
226
3
11111
243
253
226
4
22222
11111
243
254
226
5
22222
11111
243
253
226
7
22222
11111
243
253
226
8
22222
11111
243
253
226
9
11111
243
253
226
10
22222
11111
243
253
226
11
11111
243
253
226
12
22222
11111
243
253
226
13
22222
11111
243
253
226
14
22222
11111
243
253
226
15
11111
243
253
226
16
22222
11111
243
253
226
17
11111
243
253
226
18
22222
11111
242
253
226
19
11111
242
253
226
20
22222
11111
243
253
226
21
11111
243
253
226
22
22222
11111
243
253
226
23
11111
243
253
226
24
22222
11111
243
253
226
25
11111
243
253
226
26
22222
11111
243
253
226
27