11111
242
253
226
114
22222
11111
242
253
226
115
11111
242
253
226
116
22222
11111
243
253
226
117
11111
243
253
226
118
22222
11111
242
253
226
119
11111
242
253
226
120
22222
11111
242
253
226
121
11111
242
253
226
122
22222
11111
242
253
226
123
11111
242
253
226
124
22222
11111
242
253
226
125
11111
242
253
226
126
22222
11111
243
253
226
127
11111
243
253
226
128
22222
11111
243
253
226
129
11111
243
253
226
130
22222
11111
243
253
227
131
11111
243
253
227
132
22222
11111
244
253
227
133
11111
244
253
227
134
22222
11111
248
253
227
135
11111
248
253
227
136
22222
11111
251
254
210
137
11111
251
254
210
138
22222
11111
235
252
226
139
11111
235
252
226
140
22222
11111
237
251
221
141
11111
237
251
221
142
22222
11111
246
234
223
143
11111
247
233
222
144
22222
11111
251
237
213
145
11111
251
237
213
146
22222
11111
250
242
203
147
11111
250
242
203
148
22222
11111
250
243
202
149
11111
250
243
202
150
22222
11111
250
243
202
151
11111
250
243
202
152
22222
11111
250
243
202
153
11111
250
243
202
154
22222
11111
250
243
202
155
11111
250
243
202
156
22222
11111
251
243
203
157
11111
250
243
203
158
22222
11111
250
243
203
159
11111
250
243
203
160
22222
11111
250
243
202
161
11111
250
243
202
162
22222
11111
250
243
203
163
11111
250
243
203
164
22222
11111
250
243
203
165
11111
250
243
203
166
22222
11111
250
243
203
167
11111
250
243
203
168
22222
11111
250
243
203
169
11111
250
243
203
170
22222
11111
250
243
202
171
11111
250
243
203
172
22222
11111
251
243
202
173
11111
251
243
202
174
22222
11111
251
244
203
175
11111
251
244
203
176
22222
11111
250
243
202
177
11111
250
243
202
178
22222
11111
250
243
202
179
11111
250
243
202
180
22222
11111
250
243
202
181
11111
250
243
202
182
22222
11111
250
243
202
183
11111
250
243
202
184
22222
11111
250
243
202
185
11111
250
243
202
186
22222
11111
250
243
202
187
11111
250
243
202
188
22222
11111
250
243
201
189
11111
250
243
201
190
22222
11111
250
242
200
191
11111
250
242
200
192
22222
11111
251
237
212
193
11111
251
237
212
194
22222
11111
240
249
225
195
11111
240
249
225
196
22222
11111
247
254
206
197
11111
247
254
206
198
22222
11111
246
253
227
199
11111
245
253
227
200
22222
11111
243
253
227
201
11111
243
253
227
202
22222
11111
243
253
227
203
11111
243
253
227
204
22222
11111
243
253
227
205
11111
243
253
227
206
22222
11111
243
253
227
207
11111
243
253
227
208
22222
11111
243
253
227
209