11111
243
253
227
210
22222
11111
243
253
227
211
11111
243
253
227
212
22222
11111
243
253
227
213
11111
243
253
227
214
22222
11111
243
253
227
215
11111
243
253
227
216
22222
11111
243
253
227
217
11111
243
253
227
218
22222
11111
243
253
227
219
11111
243
253
227
220
22222
11111
243
253
227
221
11111
243
253
227
222
22222
11111
243
253
227
223
11111
243
253
227
224
22222
11111
243
253
227
225
11111
243
253
227
226
22222
11111
243
253
227
227
11111
243
253
227
228
22222
11111
243
253
227
229
11111
243
253
227
230
22222
11111
243
253
226
231
11111
243
253
226
232
22222
11111
243
253
227
233
11111
243
253
227
234
22222
11111
243
253
227
235
11111
243
253
227
236
22222
11111
243
253
227
237
11111
243
253
227
238
22222
11111
243
253
227
239
11111
243
253
227
240
22222
11111
243
253
227
241
11111
243
253
227
242
22222
11111
243
253
227
243
11111
243
253
227
244
22222
11111
243
253
226
245
11111
243
253
226
246
22222
11111
243
253
227
247
11111
243
253
227
248
22222
11111
243
253
227
249
11111
243
253
227
250
22222
11111
243
253
227
251
11111
243
253
227
252
22222
11111
243
253
227
253
11111
243
253
227
254
22222
11111
243
253
227
255
11111
243
253
227
0
22222
11111
243
253
227
1
11111
243
253
227
2
22222
11111
244
253
227
3
11111
244
253
227
4
22222
11111
248
253
227
5
11111
248
253
227
6
22222
11111
253
254
213
7
11111
253
254
213
8
22222
11111
235
252
224
9
11111
235
252
224
10
22222
11111
240
248
226
11
11111
240
248
226
12
22222
11111
247
233
224
13
11111
247
233
223
14
22222
11111
249
234
221
15
11111
249
234
221
16
22222
11111
250
237
218
17
11111
251
236
218
18
22222
11111
251
236
218
19
11111
251
236
218
20
22222
11111
251
236
218
21
11111
251
236
218
22
22222
11111
251
237
217
23
11111
251
237
217
24
22222
11111
250
237
217
25
11111
250
237
217
26
22222
11111
250
237
217
27
11111
250
236
217
28
22222
11111
250
237
217
29
11111
250
237
217
30
22222
11111
250
236
217
31
11111
250
236
218
32
22222
11111
245
238
225
33
11111
245
238
225
34
22222
11111
240
252
216
35
11111
240
252
216
36
22222
11111
245
252
219
37
11111
245
252
219
38
22222
11111
246
252
217
39
11111
246
252
217
40
22222
11111
239
251
217
41
11111
239
251
217
42
22222
11111
245
237
225
43
11111
245
237
225
44
22222
11111
251
236
214
45
11111
252
236
211
46
22222
11111
249
242
222
47
11111
249
242
222
48
22222
11111
4
241
211
49
11111
5
243
211
50
22222
11111
6
243
211
51
11111
6
243
211
52
22222
11111
5
239
212
53
11111
5
239
212
54
22222
11111
242
240
217
55
11111
242
240
217
56
22222
11111
250
236
216
57
11111
250
236
216
58
22222
11111
245
244
226
59
11111
243
245
226
60
22222
11111
245
252
223
61
11111
245
252
223
62
22222
11111
235
252
224
63
11111
234
252
223
64
22222
11111
234
252
224
65
11111
234
252
224
66
22222
11111
235
252
225
67
11111
235
252
225
68
22222
11111
246
252
220
69
11111
246
252
220
70
22222
11111
244
244
226
71
11111
244
244
226
72
22222
11111
249
234
220
73
11111
249
234
220
74
22222
11111
251
237
209
75
11111
251
237
209
76
22222
11111
251
239
206
77
11111
251
239
205
78
22222
11111
251
240
205
79
11111
251
240
205
80
22222
11111
251
238
207
81
11111
251
238
208
82
22222
11111
248
235
219
83
11111
248
235
219
84
22222
11111
247
253
220
85
11111
247
253
220
86
22222
11111
238
252
205
87
11111
238
252
205
88
22222
11111
246
254
205
89
11111
246
254
205
90
22222
11111
245
254
204
91
11111
245
254
204
92
22222
11111
244
254
204
93
11111
244
254
204
94
22222
11111
241
253
203
95
11111
241
253
203
96
22222
11111
232
252
219
97
11111
232
252
219
98
22222
11111
246
252
219
99
11111
245
253
216
100
22222
11111
247
238
222
101
11111
247
238
222
102
22222
11111
250
236
212
103
11111
250
236
212
104
22222
11111
243
239
215
105
11111
243
239
215
106
22222
11111
219
255
193
107
11111
219
255
193
108
22222
11111
235
255
221
109
11111
235
255
223
110
22222
11111
239
254
226
111
11111
239
254
226
112
22222
11111
241
253
227
113
11111
241
253
226
114
22222
11111
241
253
227
115