65517
8
65517
1
21661
65517
8
65517
1
21686
65517
8
65517
1
21709
65517
8
65517
1
21734
65517
8
65517
1
21757
65517
9
65517
1
21781
65517
9
65517
1
21806
65517
9
65517
1
21829
65517
9
65517
1
21853
65517
9
65517
1
21877
65517
9
65516
1
21901
65517
9
65516
1
21924
65517
9
65516
1
21949
65517
9
65517
1
21972
65517
9
65517
1
21996
65517
9
65517
1
22021
65517
9
65517
1
22044
65517
9
65517
1
22069
65517
9
65517
1
22092
65517
8
65517
1
22116
65517
8
65517
1
22140
65517
8
65517
1
22164
65517
9
65517
1
22188
65517
9
65517
1
22212
65517
9
65517
1
22236
65517
9
65517
1
22259
65517
9
65517
1
22284
65517
9
65517
1
22307
65517
9
65517
1
22331
65517
9
65517
1
22355
65517
9
65516
1
22379
65517
9
65516
1
22404
65517
9
65516
1
22427
65517
8
65517
1
22451
65517
8
65517
1
22475
65517
8
65517
1
22499
65517
8
65517
1
22522
65517
8
65517
1
22547
65517
8
65517
1
22571
65517
9
65517
1
22594
65517
9
65517
1
22619
65517
9
65517
1
22642
65517
8
65517
1
22667
65517
8
65517
1
22690
65517
8
65517
1
22714
65518
9
65517
1
22738
65518
9
65517
1
22762
65518
9
65517
1
22786
65517
8
65517
1
22810
65517
8
65517
1
22834
65517
9
65517
1
22857
65517
9
65517
1
22882
65517
9
65517
1
22905
65517
9
65517
1
22929
65517
9
65517
1
22953
65517
9
65517
1
22977
65517
8
65517
1
23002
65517
8
65517
1
23025
65517
8
65517
1
23049
65517
8
65517
1
23073
65517
8
65517
1
23097
65517
8
65517
1
23120
65517
8
65517
1
23145
65517
8
65517
1
23169
65517
8
65517
1
23192
65517
8
65517
1
23217
65517
8
65517
1
23240
65517
8
65517
1
23265
65517
8
65517
1
23288
65517
8
65517
1
23312
65517
8
65517
1
23336
65517
8
65517
1
23360
65517
8
65517
1
23384
65517
9
65517
1
23408
65517
9
65517
1
23432
65517
9
65517
1
23455
65517
8
65517
1
23480
65517
8
65517
1
23503
65517
8
65517
1
23527
65517
8
65517
1
23552
65517
8
65517
1
23575
65517
8
65517
1
23600
65517
8
65517
1
23623
65517
8
65517
1
23647
65517
8
65517
1
23671
65517
8
65517
1
23695
65517
8
65517
1
23718
65517
8
65517
1
23743
65517
8
65516
1
23767
65517
8
65516
1
23790
65517
8
65517
1
23815
65517
8
65517
1
23838
65517
8
65517
1
23862
65517
9
65517
1
23886
65517
9
65517
1
23910
65517
9
65517
1
23934
65517
9
65517
1
23958
65517
9
65517
1
23982
65517
9
65517
1
24006
65517
8
65517
1
24030
65517
8
65517
1
24053
65517
8
65517
1
24078
65517
9
65517
1
24101
65517
9
65517
1
24125
65517
9
65517
1
24150
65517
9
65517
1
24173
65517
9
65517
1
24198
65517
9
65517
1
24221
65517
9
65517
1
24245
65517
9
65517
1
24269
65518
8
65517
1
24293
65518
8
65517
1
24316
65518
8
65517
1
24341
65517
8
65516
1
24365
65517
8
65516
1
24388
65517
8
65516
1
24413
65517
8
65517
1
24436
65517
8
65517
1
24460
65517
8
65517
1
24484
65517
8
65517
1
24508
65517
8
65517
1
24532
65517
8
65517
1
24556
65517
9
65517
1
24580
65517
9
65517
1
24604
65517
9
65517
1
24628
65517
8
65517
1
24651
65517
8
65517
1
24676
65517
8
65517
1
24699
65517
8
65517
1
24723
65517
8
65517
1
24748
65517
9
65517
1
24771
65517
9
65517
1
24796
65517
9
65517
1
24819
65517
9
65517
1
24843
65517
9
65517
1
24867
65517
9
65517
1
24891
65517
8
65517
1
24914
65517
8
65517
1
24939
65517
8
65517
1
24963
65517
9
65517
1
24986
65517
9
65517
1
25011
65517
9
65517
1
25034
65517
9
65517
1
25058
65517
9
65517
1
25082
65517
9
65517
1
25106
65517
8
65517
1
25131
65517
8
65517
1
25154
65517
8
65517
1
25178
65517
8
65517
1
25202
65517
8
65517
1
25226
65517
8
65517
1
25249
65517
8
65517
1
25274
65517
8
65517
1
25297
65517
8
65517
1
25321
65517
8
65517
1
25346
65517
8
65517
1
25369
65517
8
65517
1
25393
65517
8
65517
1
25417
65517
8
65517
1
25441
65517
8
65517
1
25465
65517
8
65517
1
25489
65517
8
65517
1
25512
65517
9
65517
1
25537
65517
9
65517
1
25561
65517
9
65517
1
25584
65517
8
65517
1
25609
65517
8
65517
1
25632
65517
8
65517
1
25656
65517
9
65516
1
25680
65517
9
65516
1
25704
65517
9
65516
1
25729
65517
9
65516
1
25752
65517
9
65516
1
25776
65517
9
65517
1
25800
65517
9
65517
1
25824
65517
9
65517
1
25847
65516
8
65517
1
25872
65516
8
65517
1
25895
65516
8
65517
1
25919
65517
8
65517
1
25944
65517
8
65517
1
25967
65517
8
65517
1
25991
65517
9
65517
1
26015
65517
9
65517
1
26039
65517
9
65517
1
26063
65517
8
65517
1
26087
65517
8
65517
1
26110
65517
8
65517
1
26135
65517
8
65517
1
26159
65517
8
65517
1
26182
65517
9
65516
1
26207
65517
9
65516
1
26230
65517
9
65516
1
26254
65517
8
65517
1
26278
65517
8
65517
1
26302
65517
8
65517
1
26327
65517
9
65517
1
26350
65517
9
65517
1
26374
65517
9
65517
1
26398
65517
9
65517
1
26422
65517
9
65517
1
26445
65517
9
65517
1
26470
65517
9
65517
1
26493
65517
9
65517
1
26517
65517
9
65517
1
26542
65517
9
65517
1
26565
65517
9
65517
1
26589
65517
9
65517
1
26613
65517
9
65517
1
26637
65517
9
65517
1
26661
65517
9
65517
1
26685
65517
9
65517
1
26708
65517
9
65517
1
26733
65517
9
65517
1
26757
65517
9
65517
1
26780
65517
9
65517
1
26805
65517
9
65517
1
26828
65517
9
65517
1
26852
65517
9
65517
1
26876
65517
8
65517
1
26900
65517
8
65517
1
26924
65517
8
65517
1
26948
65517
8
65517
1
26972
65517
8
65517
1
26996
65517
8
65517
1
27020
65517
8
65517
1
27043
65517
8
65517
1
27068
65517
8
65517
1
27091
65516
8
65517
1
27115
65516
8
65517
1
27140
65517
8
65516
1
27163
65517
8
65516
1
27187
65517
8
65516
1
27211
65517
9
65517
1
27235
65517
9
65517
1
27259
65517
9
65517
1
27283
65517
8
65517
1
27307
65517
8
65517
1
27331
65517
8
65517
1
27355
65517
9
65517
1
27378
65517
9
65517
1
27403
65517
9
65517
1
27426
65517
8
65517
1
27450
65517
8
65517
1
27474
65517
8
65517
1
27498
65516
8
65517
1
27522
65516
8
65517
1
27546
65517
8
65517
1
27570
65517
8
65517
1
27594
65517
8
65517
1
27618
65517
9
65517
1
27641
65517
9
65517
1
27666
65517
9
65517
1
27689
65517
8
65517
1
27713
65517
8
65517
1
27738
65517
8
65517
1
27761
65516
8
65517
1
27785
65516
8
65517
1
27809
65516
8
65517
1
27833
65516
8
65518
1
27857
65516
8
65518
1
27881
65516
8
65518
1
27905
65516
8
65518
1
27929
65516
8
65518
1
27953
65516
8
65518
1
27976
65517
8
65518
1
28001
65517
8
65518
1
28024
65516
8
65518
1
28048
65516
8
65518
1
28072
65516
8
65518
1
28096
65516
8
65518
1
28120
65516
8
65518
1
28144
65516
8
65518
1
28168
65516
8
65518
1
28192
65516
8
65518
1
28216
65516
8
65518
1
28239
65516
8
65518
1
28264
65516
8
65518
1
28288
65516
8
65518
1
28311
65517
8
65518
1
28336
65517
8
65518
1
28359
65517
8
65518
1
28383
65516
8
65518
1
28407
65516
8
65518
1
28431
65516
8
65518
1
28454
65516
8
65519
1
28479
65516
8
65519
1
28503
65516
8
65518
1
28527
65516
8
65518
1
28551
65516
8
65518
1
28574
65516
8
65519
1
28599
65516
8
65519
1
28622
65516
8
65519
1
28646
65515
8
65519
1
28670
65515
8
65519
1
28694
65515
8
65519
1
28718
65515
7
65519
1
28742
65515
7
65519
1
28766
65515
7
65519
1
28790
65515
7
65519
1
28814
65515
7
65519
1
28837
65515
7
65519
1
28862
65515
7
65520
1
28886
65515
7
65520
1
28909
65515
7
65520
1
28934
65515
7
65520
1
28957
65515
7
65520
1
28981
65515
7
65520
1
29005
65515
7
65520
1
29029
65515
7
65520
1
29052
65515
6
65521
1
29077
65515
6
65521
1
29101
65515
6
65521
1
29125
65514
5
65521
1
29149
65514
5
65521
1
29172
65514
5
65521
1
29197
65514
5
65522
1
29220
65514
5
65522
1
29244
65514
5
65522
1
29268
65514
4
65523
1
29292
65514
4
65523
1
29316
65514
4
65523
1
29340
65514
3
65523
1
29364
65514
3
65523
1
29388
65514
3
65523
1
29412
65514
2
65524
1
29435
65514
2
65524
1
29460
65514
2
65524
1
29484
65514
2
65524
1
29507
65514
2
65524
1
29532
65514
0
65525
1
29555
65514
0
65525
1
29579
65514
0
65525
1
29603
65515
0
65525
1
29627
65515
0
65525
1
29650
65515
0
65525
1
29675
65516
65535
65525
1
29699
65516
65535
65525
1
29727
65516
65535
65525
1
29755
65518
65534
65525
1
29783
65518
65534
65525
1
29811
65519
65534
65524
1
29839
65519
65534
65524
1
29868
65521
65534
65524
1
29895
65521
65534
65524
1
29924
65521
65534
65524
1
29952
65522
65535
65523
1
29979
65522
65535
65523
1
30008
65524
65535
65522
1
30035
65524
65535
65522
1
30064
65524
65535
65522
1
30092
65526
0
65521
1
30120
65526
0
65521
1
30144
65526
0
65520
1
30168
65526
0
65520
1
30192
65526
0
65520
1
30216
65527
65535
65519
1
30239
65527
65535
65519
1
30268
65527
65535
65519
1
30296
65528
65535
65516
1
30324
65528
65535
65516
1
30352
65529
65535
65513
1
30380
65529
65535
65513
1
30408
65529
65535
65513
1
30436
65529
0
65509
1
30465
65529
0
65509
1
30488
65528
2
65506
1
30512
65528
2
65506
1
30536
65528
2
65506
1
30560
65526
4
65506
1
30583
65526
4
65506
1
30608
65526
4
65506
1
30631
65526
4
65506
1
30656
65526
4
65506
1
30680
65526
4
65506
1
30703
65526
6
65505
1
30728
65526
6
65505
1
30751
65526
6
65505
1
30775
65526
9
65503
1
30799
65526
9
65503
1
30823
65526
9
65503
1
30846
65524
11
65502
1
30871
65524
11
65502
1
30896
65521
11
65504
1
30921
65521
11
65504
1
30946
65521
11
65504
1
30970
65519
9
65507
1
30996
65519
9
65507
1
31020
65519
9
65507
1
31043
65519
6
65509
1
31068
65519
6
65509
1
31091
65519
6
65509
1
31115
65520
4
65509
1
31139
65520
4
65509
1
31163
65520
4
65509
1
31187
65522
3
65507
1
31211
65522
3
65507
1
31235
65522
4
65507
1
31259
65522
4
65504
1
31283
65522
4
65504
1
31306
65522
6
65503
1
31331
65522
6
65503
1
31354
65522
6
65503
1
31378
65522
8
65503
1
31403
65522
8
65503
1
31426
65522
8
65503
1
31450
65522
8
65503
1
31474
65522
8
65503
1
31498
65522
8
65503
1
31522
65523
8
65502
1
31546
65523
8
65502
1
31569
65523
8
65502
1
31594
65523
8
65500
1
31618
65523
8
65500
1
31641
65523
8
65500
1
31666
65522
8
65499
1
31689
65522
8
65499
1
31713
65522
8
65497
1
31737
65521
8
65497
1
31761
65521
8
65497
1
31785
65520
9
65496
1
31809
65520
9
65496
1
31833
65520
9
65496
1
31857
65520
11
65495
1
31881
65520
11
65495
1
31905
65520
11
65495
1
31931
65517
13
65495
1
31955
65517
13
65495
1
31980
65517
13
65495
1
32006
65515
15
65496
1
32030
65515
15
65496
1
32056
65511
17
65500
1
32080
65511
17
65500
1
32105
65511
17
65500
1
32131
65510
14
65506
1
32155
65510
14
65506
1
32180
65510
14
65506
1
32205
65510
11
65509
1
32230
65510
11
65509
1
32256
65510
11
65509
1
32280
65514
5
65509
1
32305
65514
5
65509
1
32329
65514
5
65509
1
32353
65514
5
65509
1
32376
65514
5
65509
1
32401
65517
10
65500
1
32424
65517
10
65500
1
32450
65517
10
65500
1
32475
65519
12
65502
1
32499
65519
12
65502
1
32525
65519
12
65502
1
32549
65519
12
65502
1
32574
65519
12
65502
1
32600
65519
12
65502
1
32624
65522
12
65504
1
32650
65522
12
65504
1
32674
65527
12
65500
1
32699
65527
12
65500
1
32724
65527
12
65500
1
32749
65528
16
65492
1
32774
65528
16
65492
1
32799
65528
16
65492
1
32824
65525
23
65488
1
32849
65525
23
65488
1
32874
65522
28
65483
1
32899
65522
28
65483
1
32924
65522
28
65483
1
32949
65516
33
65482
1
32973
65516
33
65482
1
32999
65516
33
65482
1
33024
65508
39
65483
1
33049
65508
39
65483
1
33074
65508
39
65483
1
33098
65499
41
65490
1
33124
65499
41
65490
1
33148
65494
39
65500
1
33173
65494
39
65500
1
33199
65494
39
65500
1
33223
65493
34
65508
1
33249
65493
34
65508
1
33273
65493
34
65508
1
33298
65495
30
65513
1
33324
65495
30
65513
1
33348
65495
30
65513
1
33373
65498
26
65516
1
33398
65498
26
65516
1
33423
65501
23
65518
1
33448
65501
23
65518
1
33473
65501
23
65518
1
33498
65503
20
65518
1
33523
65503
20
65518
1
33548
65503
20
65518
1
33572
65505
19
65519
1
33598
65505
19
65519
1
33623
65505
19
65519
1
33648
65506
18
65519
1
33673
65506
18
65519
1
33697
65507
17
65519
1
33723
65507
17
65519
1
33747
65507
17
65519
1
33772
65508
15
65519
1
33798
65508
15
65519
1
33822
65508
15
65519
1
33848
65509
15
65519
1
33872
65509
15
65519
1
33897
65509
15
65519
1
33923
65509
14
65519
1
33947
65509
14
65519
1
33972
65511
13
65519
1
33997
65511
13
65519
1
34022
65511
13
65519
1
34048
65511
13
65519
1
34072
65511
13
65519
1
34097
65511
13
65519
1
34122
65512
12
65519
1
34147
65512
12
65519
1
34171
65512
12
65518
1
34197
65512
12
65518
1
34222
65512
12
65518
1
34247
65513
12
65518
1
34272
65513
12
65518
1
34296
65513
12
65518
1
34322
65513
12
65518
1
34347
65513
12
65518
1
34371
65513
12
65518
1
34397
65513
11
65518
1
34421
65513
11
65518
1
34447
65513
11
65518
1
34471
65513
11
65518
1
34496
65513
11
65518
1
34522
65513
11
65518
1
34546
65513
11
65518
1
34571
65513
11
65518
1
34596
65514
10
65518
1
34621
65514
10
65518
1
34647
65514
10
65518
1
34671
65514
10
65518
1
34696
65514
10
65518
1
34721
65514
10
65517
1
34746
65514
10
65517
1
34770
65514
10
65517
1
34796
65515
10
65518
1
34821
65515
10
65518
1
34846
65515
10
65518
1
34871
65515
10
65517
1
34895
65515
10
65517
1
34921
65515
10
65517
1
34946
65515
9
65517
1
34970
65515
9
65517
1
34995
65515
9
65517
1
35018
65515
9
65517
1
35042
65515
9
65517
1
35066
65515
9
65517
1
35090
65515
9
65517
1
35115
65515
9
65517
1
35138
65516
9
65517
1
35162
65516
9
65517
1
35186
65516
9
65517
1
35210
65515
9
65517
1
35233
65515
9
65517
1
35258
65515
9
65517
1
35281
65516
9
65517
1
35305
65516
9
65517
1
35330
65516
9
65517
1
35353
65516
9
65517
1
35377
65516
9
65517
1
35401
65516
9
65517
1
35425
65516
9
65517
1
35449
65516
9
65517
1
35473
65516
9
65517
1
35496
65516
9
65517
1
35521
65516
9
65517
1
35545
65516
9
65516
1
35568
65516
9
65516
1
35593
65516
9
65516
1
35616
65516
9
65517
1
35640
65516
9
65517
1
35664
65516
9
65517
1
35688
65516
9
65516
1
35713
65516
9
65516
1
35736
65516
9
65516
1
35760