65516
8
65518
1
33272
65516
8
65518
1
33297
65516
8
65518
1
33320
65516
8
65517
1
33344
65516
8
65517
1
33369
65516
8
65517
1
33392
65516
8
65518
1
33416
65516
8
65518
1
33440
65516
8
65518
1
33464
65516
8
65517
1
33487
65516
8
65517
1
33512
65516
8
65517
1
33536
65516
8
65517
1
33560
65516
8
65517
1
33584
65516
8
65517
1
33607
65517
8
65517
1
33632
65517
8
65517
1
33655
65517
8
65517
1
33679
65517
8
65517
1
33703
65517
8
65517
1
33727
65516
8
65517
1
33751
65516
8
65517
1
33775
65516
8
65517
1
33799
65517
8
65517
1
33823
65517
8
65517
1
33847
65517
8
65517
1
33870
65517
8
65517
1
33895
65517
8
65517
1
33918
65517
8
65517
1
33942
65517
8
65517
1
33967
65517
8
65517
1
33990
65517
8
65517
1
34014
65517
8
65517
1
34038
65517
8
65517
1
34062
65517
8
65517
1
34085
65517
8
65516
1
34110
65517
8
65516
1
34134
65517
8
65516
1
34158
65517
8
65516
1
34182
65517
8
65516
1
34205
65517
8
65516
1
34230
65517
8
65516
1
34253
65517
8
65516
1
34277
65517
8
65517
1
34301
65517
8
65517
1
34325
65517
8
65517
1
34349
65517
8
65516
1
34373
65517
8
65516
1
34397
65517
8
65516
1
34421
65517
8
65517
1
34445
65517
8
65517
1
34468
65517
8
65517
1
34493
65517
7
65517
1
34516
65517
7
65517
1
34540
65517
7
65517
1
34565
65517
8
65516
1
34588
65517
8
65516
1
34612
65517
8
65516
1
34636
65517
8
65516
1
34660
65517
8
65516
1
34683
65517
8
65517
1
34708
65517
8
65517
1
34732
65517
8
65517
1
34756
65517
8
65516
1
34780
65517
8
65516
1
34803
65517
8
65516
1
34828
65517
8
65517
1
34851
65517
8
65517
1
34875
65517
8
65517
1
34899
65517
8
65517
1
34923
65517
8
65517
1
34947
65517
8
65517
1
34971
65517
8
65516
1
34995
65517
8
65516
1
35018
65517
8
65516
1
35043
65517
7
65517
1
35066
65517
7
65517
1
35091
65517
8
65516
1
35115
65517
8
65516
1
35138
65517
8
65516
1
35163
65517
8
65517
1
35186
65517
8
65517
1
35210
65517
8
65517
1
35234
65517
8
65517
1
35258
65517
8
65517
1
35281
65517
8
65517
1
35306
65517
8
65517
1
35330
65517
8
65517
1
35354
65517
8
65517
1
35378
65517
8
65516
1
35401
65517
8
65516
1
35426
65517
8
65516
1
35449
65517
8
65516
1
35473
65517
8
65516
1
35497
65517
8
65516
1
35521
65517
8
65517
1
35545
65517
8
65517
1
35569
65517
8
65516
1
35593
65517
8
65516
1
35616
65517
8
65516
1
35641
65517
8
65517
1
35664
65517
8
65517
1
35689
65517
8
65517
1
35713
65517
8
65517
1
35736
65517
8
65517
1
35761
65517
8
65517
1
35784
65517
8
65516
1
35808
65517
8
65516
1
35832
65517
8
65516
1
35856
65517
8
65517
1
35879
65517
8
65517
1
35904
65517
8
65517
1
35928
65517
8
65516
1
35952
65517
8
65516
1
35976
65517
8
65516
1
35999
65517
8
65517
1
36024
65517
8
65517
1
36047
65517
8
65516
1
36071
65517
8
65516
1
36096
65517
8
65516
1
36119
65517
8
65516
1
36143
65517
8
65516
1
36167
65517
8
65516
1
36191
65517
7
65516
1
36214
65517
7
65516
1
36239
65517
7
65516
1
36262
65517
8
65516
1
36287
65517
8
65516
1
36311
65517
8
65516
1
36334
65517
8
65516
1
36359
65517
8
65516
1
36382
65517
8
65516
1
36406
65517
8
65517
1
36430
65517
8
65517
1
36454
65517
8
65517
1
36477
65517
8
65517
1
36502
65517
8
65517
1
36526
65517
8
65517
1
36549
65517
8
65517
1
36574
65517
8
65517
1
36597
65517
8
65516
1
36622
65517
8
65516
1
36645
65517
8
65516
1
36669
65516
8
65516
1
36694
65516
8
65516
1
36717
65516
8
65516
1
36741
65517
8
65516
1
36765
65517
8
65516
1
36789
65517
8
65516
1
36812
65517
8
65517
1
36837
65517
8
65517
1
36860
65517
8
65517
1
36885
65517
8
65517
1
36909
65517
8
65517
1
36932
65517
8
65517
1
36957
65517
8
65517
1
36980
65517
8
65517
1
37004
65517
8
65517
1
37028
65517
8
65517
1
37052
65517
8
65517
1
37075
65517
8
65517
1
37100
65517
8
65517
1
37124
65517
8
65517
1
37147
65517
8
65517
1
37172
65517
8
65517
1
37195
65517
8
65517
1
37220
65517
8
65516
1
37243
65517
8
65516
1
37267
65517
8
65516
1
37292
65517
8
65517
1
37315
65517
8
65517
1
37339
65517
8
65517
1
37363
65517
8
65517
1
37387
65517
8
65517
1
37410
65517
8
65517
1
37435
65517
8
65517
1
37458
65517
8
65517
1
37483
65517
8
65517
1
37507
65517
8
65517
1
37530
65517
8
65517
1
37555
65517
8
65517
1
37578
65517
8
65517
1
37602
65517
8
65517
1
37626
65517
8
65517
1
37650
65517
8
65517
1
37673
65517
8
65517
1
37698
65517
8
65517
1
37722
65517
8
65517
1
37745
65517
8
65517
1
37770
65517
7
65516
1
37793
65517
7
65516
1
37818
65517
7
65516
1
37841
65517
8
65516
1
37865
65517
8
65516
1
37890
65517
8
65516
1
37913
65517
8
65517
1
37937
65517
8
65517
1
37961
65517
8
65517
1
37985
65517
8
65517
1
38008
65517
8
65517
1
38033
65517
8
65517
1
38056
65517
8
65517
1
38080
65517
8
65517
1
38105
65517
8
65516
1
38128
65517
8
65516
1
38153
65517
8
65516
1
38176
65517
8
65517
1
38200
65517
8
65517
1
38224
65517
8
65517
1
38248
65517
8
65516
1
38272
65517
8
65516
1
38296
65517
8
65516
1
38320
65517
8
65517
1
38343
65517
8
65517
1
38368
65517
8
65517
1
38391
65517
8
65517
1
38416
65517
8
65517
1
38439
65517
8
65517
1
38463
65517
8
65517
1
38488
65517
8
65517
1
38511
65517
8
65517
1
38535
65517
8
65517
1
38559
65517
8
65517
1
38583
65517
8
65517
1
38606
65517
8
65517
1
38631
65517
8
65517
1
38654
65517
8
65517
1
38678
65517
8
65517
1
38703
65517
8
65517
1
38726
65517
8
65517
1
38751
65517
8
65517
1
38774
65517
8
65517
1
38798
65517
8
65517
1
38822
65517
8
65517
1
38846
65517
8
65517
1
38870
65517
8
65516
1
38894
65517
8
65516
1
38918
65517
8
65517
1
38941
65517
8
65517
1
38966
65517
8
65517
1
38989
65517
8
65516
1
39014
65517
8
65516
1
39037
65517
8
65516
1
39061
65517
8
65517
1
39086
65517
8
65517
1
39109
65517
8
65517
1
39133
65517
8
65517
1
39157
65517
8
65517
1
39181
65517
8
65517
1
39204
65517
8
65517
1
39229
65517
8
65517
1
39252
65517
8
65517
1
39276
65517
8
65517
1
39301
65517
8
65517
1
39324
65517
8
65517
1
39349
65517
8
65516
1
39372
65517
8
65516
1
39396
65517
8
65517
1
39420
65517
8
65517
1
39444
65517
8
65517
1
39468
65517
8
65517
1
39492
65517
8
65517
1
39516
65517
8
65517
1
39539
65517
7
65517
1
39564
65517
7
65517
1
39587
65517
7
65517
1
39611
65517
8
65517
1
39635
65517
8
65517
1
39659
65517
8
65517
1
39684
65517
8
65517
1
39707
65517
8
65517
1
39731
65517
8
65517
1
39755
65517
8
65517
1
39779
65517
8
65517
1
39802
65517
8
65517
1
39827
65517
8
65517
1
39851
65517
8
65517
1
39874
65517
8
65517
1
39899
65517
8
65517
1
39922
65517
8
65517
1
39947
65517
8
65517
1
39970
65517
8
65517
1
39994
65517
8
65517
1
40018
65516
8
65517
1
40042
65516
8
65517
1
40066
65516
8
65517
1
40090
65517
8
65517
1
40114
65517
8
65517
1
40137
65517
8
65517
1
40162
65517
8
65517
1
40185
65517
8
65517
1
40209
65517
8
65517
1
40233
65516
8
65517
1
40257
65516
8
65517
1
40282
65516
8
65517
1
40305
65517
8
65517
1
40329
65517
8
65517
1
40353
65516
8
65517
1
40377
65516
8
65517
1
40400
65516
8
65517
1
40425
65516
7
65518
1
40449
65516
7
65518
1
40472
65516
7
65518
1
40497
65516
8
65517
1
40520
65516
8
65517
1
40545
65516
8
65517
1
40568
65517
8
65518
1
40592
65517
8
65518
1
40616
65517
8
65518
1
40640
65516
8
65517
1
40664
65516
8
65517
1
40688
65516
8
65517
1
40712
65517
8
65518
1
40735
65517
8
65518
1
40760
65517
8
65518
1
40783
65516
8
65517
1
40807
65516
8
65517
1
40832
65516
8
65518
1
40855
65516
8
65518
1
40880
65516
8
65518
1
40903
65516
7
65518
1
40927
65516
7
65518
1
40951
65516
7
65518
1
40975
65516
8
65518
1
40998
65516
8
65518
1
41023
65516
8
65518
1
41047
65516
8
65518
1
41070
65516
8
65518
1
41095
65516
8
65518
1
41118
65516
8
65518
1
41142
65516
8
65518
1
41166
65516
8
65518
1
41190
65516
8
65518
1
41214
65516
8
65518
1
41238
65516
8
65518
1
41262
65516
7
65519
1
41286
65516
7
65519
1
41310
65516
8
65519
1
41333
65516
8
65519
1
41358
65516
8
65519
1
41381
65516
7
65519
1
41405
65516
7
65519
1
41430
65516
7
65519
1
41453
65516
8
65519
1
41478
65516
8
65519
1
41501
65516
8
65519
1
41525
65515
7
65519
1
41549
65515
7
65519
1
41573
65515
7
65519
1
41596
65515
7
65519
1
41621
65515
7
65519
1
41645
65515
7
65519
1
41668
65515
7
65519
1
41693
65515
7
65519
1
41716
65515
7
65519
1
41740
65515
7
65519
1
41764
65515
7
65519
1
41788
65515
7
65520
1
41812
65515
7
65520
1
41836
65515
7
65520
1
41860
65514
7
65521
1
41884
65514
7
65521
1
41908
65514
7
65521
1
41931
65515
7
65521
1
41956
65515
7
65521
1
41979
65515
7
65521
1
42003
65514
6
65521
1
42028
65514
6
65521
1
42051
65514
6
65521
1
42076
65515
6
65522
1
42099
65515
6
65522
1
42123
65515
6
65522
1
42147
65515
6
65522
1
42171
65515
6
65522
1
42194
65515
5
65523
1
42219
65514
5
65523
1
42243
65514
5
65523
1
42266
65514
5
65524
1
42291
65514
5
65524
1
42314
65514
5
65524
1
42338
65514
4
65524
1
42362
65514
4
65524
1
42386
65514
4
65524
1
42411
65514
4
65525
1
42434
65514
4
65525
1
42458
65514
4
65525
1
42482
65514
3
65525
1
42506
65514
3
65525
1
42529
65514
3
65525
1
42554
65515
3
65526
1
42577
65515
3
65526
1
42601
65515
3
65526
1
42626
65515
2
65527
1
42649
65515
2
65527
1
42673
65516
1
65527
1
42697
65516
1
65527
1
42721
65516
1
65527
1
42745
65517
1
65528
1
42769
65517
1
65528
1
42792
65517
1
65528
1
42817
65518
0
65529
1
42841
65518
0
65529
1
42864
65518
0
65529
1
42889
65518
0
65530
1
42912
65518
0
65530
1
42936
65518
0
65530
1
42960
65520
65535
65529
1
42984
65520
65535
65529
1
43013
65522
65534
65529
1
43040
65522
65534
65529
1
43068
65522
65534
65529
1
43097
65523
65533
65528
1
43124
65523
65533
65528
1
43153
65525
65533
65528
1
43181
65525
65533
65528
1
43209
65525
65533
65528
1
43237
65526
65534
65526
1
43265
65526
65534
65526
1
43293
65527
65534
65525
1
43321
65527
65534
65525
1
43350
65527
65534
65525
1
43377
65528
65535
65523
1
43405
65528
65535
65523
1
43433
65528
65535
65522
1
43461
65528
65535
65522
1
43490
65529
0
65521
1
43517
65529
0
65521
1
43542
65529
0
65521
1
43566
65529
0
65520
1
43589
65529
0
65520
1
43614
65529
0
65520
1
43637
65528
0
65519
1
43661
65528
0
65519
1
43685
65528
0
65519
1
43709
65528
0
65519
1
43732
65528
0
65519
1
43757
65528
0
65519
1
43781
65528
0
65519
1
43804
65528
0
65519
1
43829
65528
0
65519
1
43852
65528
1
65518
1
43877
65528
1
65518
1
43900
65528
1
65518
1
43924
65528
1
65518
1
43949
65528
1
65518
1
43972
65527
0
65518
1
43996
65527
0
65518
1
44020
65527
0
65518
1
44044
65527
0
65517
1
44067
65527
0
65517
1
44092
65527
0
65517
1
44115
65528
0
65517
1
44140
65528
0
65517
1
44164
65528
0
65517
1
44187
65527
0
65516
1
44212
65527
0
65516
1
44235
65527
0
65516
1
44259
65528
0
65516
1
44283
65528
0
65516
1
44307
65528
0
65516
1
44331
65527
0
65516
1
44355
65527
0
65516
1
44379
65527
0
65516
1
44402
65527
65535
65516
1
44427
65527
65535
65516
1
44454
65527
65535
65515
1
44483
65527
65535
65515
1
44511
65527
65535
65515
1
44539
65527
65535
65515
1
44567
65527
65535
65515
1
44595
65527
65534
65514
1
44623
65527
65534
65514
1
44651
65527
65534
65514
1
44680
65527
65534
65514
1
44707
65527
65534
65514
1
44735
65527
65534
65513
1
44764
65527
65534
65513
1
44791
65528
65534
65513
1
44820
65528
65534
65513
1
44848
65528
65534
65513
1
44876
65528
65534
65513
1
44904
65528
65534
65513
1
44932
65527
65534
65512
1
44960
65527
65534
65512
1
44988
65527
65534
65512
1
45017
65528
65534
65512
1
45044
65528
65534
65512
1
45073
65528
65534
65512
1
45101
65528
65534
65512
1
45128
65528
65534
65512
1
45157
65528
65534
65512
1
45185
65528
65534
65512
1
45213
65528
65534
65512
1
45241
65528
65534
65512
1
45268
65528
65534
65512
1
45297
65528
65534
65512
1
45325
65528
65534
65512
1
45353
65528
65534
65512
1
45381
65528
65534
65512
1
45410
65528
65534
65512
1
45437
65528
65534
65512
1
45465
65528
65534
65512
1
45494
65528
65534
65512
1
45521
65528
65534
65512
1
45550
65528
65534
65512
1
45578
65528
65534
65512
1
45606
65528
65534
65512
1
45634
65527
65534
65512
1
45662
65527
65534
65512
1
45690
65528
65534
65512
1
45718
65528
65534
65512
1
45747
65528
65534
65512
1
45774
65528
65534
65512
1
45803
65528
65534
65512
1
45831
65528
65534
65512
1
45858
65528
65534
65512
1
45887
65528
65534
65512
1
45915
65528
65534
65512
1
45943
65528
65534
65512
1
45971
65528
65533
65512
1
45999
65528
65533
65512
1
46027
65528
65534
65512
1
46055
65528
65534
65512
1
46084
65528
65534
65512
1
46111
65528
65534
65512
1
46140
65528
65534
65512
1
46168
65528
65534
65512
1
46195
65528
65534
65512
1
46224
65528
65534
65512
1
46252
65528
65534
65512
1
46280
65528
65534
65512
1
46308
65528
65534
65512
1
46337
65528
65534
65512
1
46364
65528
65534
65512
1
46392
65528
65534
65512
1
46420
65528
65534
65512
1
46448
65528
65534
65512
1
46477
65528
65534
65512
1
46504
65528
65534
65512
1
46532
65528
65534
65512
1
46561
65528
65534
65512
1
46588
65528
65534
65512
1
46617
65528
65534
65512
1
46645
65528
65534
65512
1
46673
65528
65534
65512
1
46701
65528
65534
65512
1
46729
65528
65534
65512
1
46757
65528
65534
65512
1
46785
65528
65534
65512
1
46814
65528
65534
65512
1
46841
65528
65534
65512
1
46870
65528
65534
65512
1
46898
65528
65534
65512
1
46925
65528
65534
65512
1
46954
65528
65534
65512
1
46982
65528
65534
65512
1
47010
65528
65534
65512
1
47038
65528
65534
65512
1
47066
65527
65534
65512
1
47094
65527
65534
65512
1
47122
65528
65534
65512
1
47151
65528
65534
65512
1
47178
65528
65534
65512
1
47207
65528
65534
65512
1
47235
65528
65534
65512
1
47262
65528
65534
65512
1
47291
65528
65534
65512
1
47319
65527
65534
65513
1
47347
65527
65534
65513
1
47375
65527
65534
65513
1
47404
65528
65533
65512
1
47431
65528
65533
65512
1
47459
65528
65533
65512
1
47488
65528
65533
65512
1
47515
65528
65533
65512
1
47544
65528
65534
65512
1
47571
65528
65534
65512
1
47600
65528
65534
65512
1
47628
65528
65534
65512
1
47655
65527
65534
65511
1
47684
65527
65534
65511
1
47712
65527
65534
65511
1
47740
65528
65534
65512
1
47768
65528
65534
65512
1
47796
65528
65533
65512
1
47824
65528
65533
65512
1
47852
65528
65533
65512
1
47881
65528
65534
65512
1
47908
65528
65534
65512
1
47937
65528
65534
65512
1
47965
65528
65534
65512
1
47992
65528
65534
65512
1
48021
65528
65534
65512
1
48049
65528
65534
65512
1
48077
65528
65534
65512
1
48105
65528
65534
65512
1
48134
65528
65534
65512
1
48161
65528
65534
65512
1
48189
65528
65534
65512
1
48218
65528
65534
65512
1
48245
65528
65534
65512
1
48274
65528
65534
65512
1
48302
65528
65534
65512
1
48329
65528
65534
65512
1
48358
65528
65534
65512
1
48386
65528
65534
65512
1
48414
65527
65533
65512
1
48442
65527
65533
65512
1
48471
65527
65533
65512
1
48498
65528
65534
65512
1
48526
65528
65534
65512
1
48555
65527
65534
65512
1
48582
65527
65534
65512
1
48611
65527
65534
65512
1
48638
65527
65534
65512
1
48667
65527
65534
65512
1
48695
65528
65534
65512
1
48722
65528
65534
65512
1
48751
65528
65534
65512
1
48779
65528
65534
65512
1
48807
65528
65534
65512
1
48835
65528
65534
65512
1
48863
65528
65534
65512
1
48891
65528
65534
65512
1
48919
65528
65534
65512
1
48948
65528
65534
65512
1
48975
65528
65534
65512
1
49004
65528
65534
65512
1
49032
65528
65534
65512
1
49059
65528
65534
65512
1
49088
65528
65534
65512
1
49116
65528
65534
65512
1
49144
65528
65534
65512
1
49172
65528
65534
65512
1
49201
65528
65534
65512
1
49228
65527
65534
65512
1
49256
65527
65534
65512
1
49285
65527
65534
65512
1
49312
65527
65534
65512
1
49341
65527
65534
65512
1
49369
65528
65534
65512
1
49397
65528
65534
65512
1
49425
65528
65534
65512
1
49453
65528
65533
65512
1
49481
65528
65533
65512
1
49509
65527
65534
65512
1
49538
65527
65534
65512
1
49565
65527
65534
65512
1
49593
65528
65534
65512
1
49622
65528
65534
65512
1
49649
65527
65534
65512
1
49678
65527
65534
65512
1
49705
65528
65534
65512
1
49734
65528
65534
65512
1
49762
65528
65534
65512
1
49789
65528
65534
65512
1
49818
65528
65534
65512
1
49846
65528
65534
65512
1
49874
65528
65534
65512
1
49902
65528
65534
65512
1
49931
65528
65534
65512
1
49958
65528
65534
65512
1
49986
65528
65534
65512
1
50015
65528
65534
65512
1
50042
65528
65534
65512
1
50071
65528
65534
65512
1
50099
65528
65534
65512
1
50126
65527
65534
65512
1
50155
65527
65534
65512
1
50183
65527
65534
65512
1
50211
65527
65534
65512
1
50239
65527
65534
65512
1
50268
65527
65534
65512
1
50295
65527
65534
65512
1
50323
65528
65534
65512
1
50352
65528
65534
65512
1
50379
65528
65534
65512
1
50408
65528
65534
65512
1
50436
65528
65534
65512
1
50464
65527
65534
65512
1
50492
65527
65534
65512
1
50520
65527
65534
65512
1
50548
65528
65534
65512
1
50576
65528
65534
65512
1
50605
65528
65534
65512
1
50632
65528
65534
65512
1
50660
65528
65534
65512
1
50689
65528
65534
65512
1
50716
65528
65534
65512
1
50745
65528
65534
65512
1
50772
65528
65534
65512
1
50801
65528
65534
65512
1
50829
65528
65534
65512
1
50856
65528
65534
65512
1
50885
65528
65533
65512
1
50913
65528
65533
65512
1
50941
65528
65534
65512
1
50969
65528
65534
65512
1
50998
65528
65534
65512
1
51025
65528
65534
65512
1
51053
65528
65534
65512
1
51082
65528
65534
65512
1
51109
65528
65534
65512
1
51138
65528
65534
65512
1
51166
65528
65534
65512
1
51194
65528
65534
65512
1
51222
65528
65534
65512
1
51250
65528
65534
65512
1
51278
65528
65534
65512
1
51306
65528
65534
65512
1
51335
65528
65534
65512
1
51362
65528
65534
65512
1
51390
65528
65534
65512
1
51419
65528
65534
65512
1
51446
65528
65534
65512
1
51475
65528
65534
65512
1
51503
65528
65534
65512
1
51531
65528
65534
65512
1
51559
65528
65534
65512
1
51587
65528
65534
65512
1
51615
65528
65534
65512
1
51643
65528
65534
65512
1
51672
65528
65534
65512
1
51699
65528
65534
65512
1
51728
65528
65534
65512
1
51756
65528
65534
65512
1
51783
65528
65534
65512
1
51812
65528
65534
65512
1
51840
65527
65534
65512
1
51868
65527
65534
65512
1
51896
65528
65534
65512
1
51923
65528
65534
65512
1
51952
65528
65534
65512
1
51980
65528
65534
65512
1
52008
65528
65534
65512
1
52036
65528
65534
65512
1
52065
65528
65534
65512
1
52092
65528
65534
65512
1
52120
65528
65534
65512
1
52149
65528
65534
65512
1
52176
65528
65534
65512
1
52205
65528
65534
65512
1
52233
65528
65534
65512
1
52261
65528
65534
65512
1
52289
65528
65534
65512
1
52317
65528
65534
65512
1
52345
65528
65534
65512
1
52373
65528
65534
65512
1
52402
65528
65534
65512
1
52429
65528
65534
65512
1
52457
65528
65534
65512
1
52486
65528
65534
65512
1
52513
65528
65534
65512
1
52542
65528
65534
65512
1
52570
65528
65534
65512
1
52598
65528
65534
65512
1
52626
65528
65534
65512
1
52654
65528
65534
65512
1
52682
65528
65534
65512
1
52710
65528
65534
65512
1
52739
65528
65534
65512
1
52766
65528
65534
65512
1
52795
65528
65534
65512
1
52823
65528
65534
65512
1
52850
65528
65533
65512
1
52879
65528
65533
65512
1
52907
65528
65533
65512
1
52935
65528
65534
65512
1
52963
65528
65534
65512
1
52992
65528
65534
65512
1
53019
65528
65534
65512
1
53047
65528
65534
65512
1
53075
65528
65534
65512
1
53103
65528
65534
65512
1
53132
65528
65534
65512
1
53159
65528
65534
65512
1
53187
65528
65534
65512
1
53216
65528
65534
65512
1
53243
65528
65534
65512
1
53272
65527
65534
65512
1
53300
65527
65534
65512
1
53328
65528
65534
65512
1
53356
65528
65534
65512
1
53384
65528
65534
65512
1
53412
65528
65534
65512
1
53440
65528
65534
65512
1
53469
65527
65534
65512
1
53496
65527
65534
65512
1
53525
65527
65534
65512
1
53553
65528
65534
65513
1
53580
65528
65534
65513
1
53609
65528
65534
65512
1
53637
65528
65534
65512
1
53665
65528
65534
65512
1
53693
65527
65534
65512
1
53721
65527
65534
65512
1
53749
65528
65534
65512
1
53777
65528
65534
65512
1
53806
65528
65534
65512
1
53833
65528
65534
65512
1
53862
65528
65534
65512
1
53890
65528
65534
65512
1
53917
65528
65534
65512
1
53946
65528
65534
65512
1
53974
65528
65534
65512
1
54002
65528
65534
65512
1
54030
65528
65534
65512
1
54059
65528
65534
65512
1
54086
65528
65534
65512
1
54114
65528
65534
65512
1
54142
65528
65534
65512
1
54170
65528
65533
65512
1
54199
65528
65533
65512
1
54226
65528
65534
65512
1
54254
65528
65534
65512
1
54283
65528
65534
65512
1
54310
65528
65534
65512
1
54339
65528
65534
65512
1
54367
65528
65534
65512
1
54395
65528
65534
65512
1
54423
65528
65534
65512
1
54451
65528
65534
65512
1
54479
65528
65534
65512
1
54507
65528
65534
65512
1
54536
65528
65534
65512
1
54563
65528
65534
65512
1
54592
65528
65534
65512
1
54620
65528
65534
65512
1
54647
65528
65534
65512
1
54676
65528
65534
65512
1
54704
65528
65534
65512
1
54732
65528
65534
65512
1
54760
65528
65534
65511
1
54789
65528
65534
65511
1
54816
65528
65534
65511
1
54844
65528
65534
65511
1
54873
65528
65534
65511
1
54900
65528
65534
65511
1
54929
65528
65534
65511
1
54957
65528
65534
65511
1
54984
65528
65534
65510
1
55013
65528
65534
65510
1
55041
65528
65535
65510
1
55069
65528
65535
65510
1
55097
65528
65535
65510
1
55126
65528
65535
65510
1
55153
65528
65535
65510
1
55181
65528
0
65509
1
55209
65528
0
65509
1
55233
65528
0
65509
1
55258
65528
0
65508
1
55281
65528
0
65508
1
55305
65528
0
65508
1
55329
65528
0
65509
1
55353
65528
0
65509
1
55376
65528
0
65509
1
55401
65528
0
65508
1
55425
65528
0
65508
1
55448
65528
1
65508
1
55473
65528
1
65508
1
55496
65528
1
65508
1
55521
65528
1
65508
1
55544
65528
1
65508
1
55568
65528
1
65508
1
55592
65528
1
65507
1
55616
65528
1
65507
1
55640
65528
1
65507
1
55664
65527
1
65507
1
55688
65527
1
65507
1
55711
65527
1
65507
1
55736
65527
2
65507
1
55759
65527
2
65507
1
55783
65527
2
65507
1
55808
65527
2
65507
1
55831
65527
2
65507
1
55856
65527
2
65507
1
55879
65527
2
65507
1
55903
65527
2
65507
1
55927
65526
2
65506
1
55951
65526
2
65506
1
55974
65526
2
65506
1
55999
65526
2
65507
1
56023
65526
2
65507
1
56046
65526
2
65507
1
56071
65526
3
65507
1
56094
65526
3
65507
1
56118
65526
3
65507
1
56142
65526
3
65507
1
56166
65526
3
65507
1
56190
65526
3
65507
1
56214
65526
3
65507
1
56238
65526
3
65507
1
56262
65526
3
65507
1
56286
65526
3
65507
1
56309
65526
3
65507
1
56334
65526
2
65507
1
56357
65526
2
65507
1
56381
65526
2
65507
1
56406
65526
3
65507
1
56429
65526
3
65507
1
56454
65526
3
65507
1
56477
65526
3
65507
1
56501
65526
3
65507
1
56525
65526
3
65507
1
56549
65527
3
65506
1
56572
65527
3
65506
1
56597
65527
3
65506
1
56621
65526
3
65506
1
56644
65526
3
65506
1
56669
65526
3
65506
1
56692
65526
3
65506
1
56716
65526
3
65506
1
56740
65526
3
65506
1
56764
65526
3
65506
1
56788
65526
3
65506
1
56812
65525
3
65506
1
56836
65525
3
65506
1
56860
65525
3
65506
1
56884
65525
4
65506
1
56907
65525
4
65506
1
56932
65525
4
65506
1
56955
65525
4
65507
1
56979
65525
4
65507
1
57004
65525
4
65507
1
57027
65525
4
65507
1
57052
65525
4
65507
1
57075
65525
4
65507
1
57099
65524
5
65507
1
57123
65524
5
65507
1
57147
65524
5
65507
1
57170
65524
5
65507
1
57195
65524
5
65507
1
57219
65524
5
65507
1
57242
65524
6
65507
1
57267
65524
6
65507
1
57290
65524
6
65508
1
57314
65524
6
65508
1
57338
65524
6
65508
1
57362
65524
7
65508
1
57387
65524
7
65508
1
57410
65524
7
65508
1
57434
65525
8
65509
1
57458
65525
8
65509
1
57482
65525
8
65509
1
57505
65526
9
65509
1
57530
65526
9
65509
1
57553
65526
9
65509
1
57577
65526
9
65510
1
57602
65526
9
65510
1
57625
65526
9
65510
1
57649
65527
10
65510
1
57673
65527
10
65510
1
57698
65527
10
65510
1
57723
65527
10
65510
1
57748
65527
10
65510
1
57773
65527
10
65511
1
57798
65527
10
65511
1
57823
65527
10
65511
1
57847
65526
10
65511
1
57873
65526
10
65511
1
57897
65526
10
65511
1
57923
65526
9
65511
1
57948
65526
9
65511
1
57971
65526
9
65511
1
57996
65526
8
65510
1
58019
65526
8
65510
1
58043
65526
8
65510
1
58067
65526
8
65510
1
58091
65526
8
65510
1
58115
65526
8
65510
1
58139
65526
8
65510
1
58163
65526
8
65510
1
58187
65526
8
65510
1
58211
65526
8
65510
1
58234
65526
8
65510
1
58259
65526
8
65510
1
58283
65526
8
65510
1
58306
65526
8
65510
1
58331
65525
8
65511
1
58354
65525
8
65511
1
58378
65525
8
65511
1
58402
65526
7
65511
1
58426
65526
7
65511
1
58450
65526
7
65511
1
58474
65528
7
65510
1
58498
65528
7
65510
1
58522
65528
8
65508
1
58546
65528
8
65508
1
58569
65528
8
65508
1
58594
65528
10
65506
1
58617
65528
10
65506
1
58642
65528
10
65506
1
58668
65527
13
65503
1
58692