65517

8
65516
1
16271
65517
8
65516
1
16294
65517
8
65516
1
16319
65517
8
65516
1
16343
65517
8
65516
1
16366
65517
8
65516
1
16391
65517
8
65516
1
16414
65517
8
65516
1
16438
65517
8
65516
1
16462
65517
8
65516
1
16486
65517
8
65516
1
16509
65517
8
65516
1
16534
65517
8
65516
1
16558
65517
8
65516
1
16581
65517
8
65516
1
16606
65517
8
65516
1
16629
65517
8
65516
1
16654
65517
8
65516
1
16677
65517
8
65516
1
16701
65517
8
65516
1
16726
65517
8
65516
1
16749
65517
8
65516
1
16773
65517
8
65516
1
16797
65517
8
65516
1
16821
65517
8
65516
1
16844
65517
8
65516
1
16869
65517
8
65516
1
16892
65517
8
65516
1
16917
65517
8
65516
1
16941
65517
8
65516
1
16964
65517
8
65516
1
16989
65517
8
65516
1
17012
65517
8
65516
1
17036
65517
8
65516
1
17060
65517
8
65516
1
17084
65517
8
65516
1
17107
65517
8
65516
1
17132
65517
8
65516
1
17156
65517
8
65516
1
17179
65517
8
65516
1
17204
65517
8
65516
1
17227
65517
8
65516
1
17252
65517
8
65516
1
17275
65517
8
65517
1
17299
65517
8
65517
1
17324
65517
8
65517
1
17347
65517
8
65516
1
17371
65517
8
65516
1
17395
65517
8
65516
1
17419
65517
8
65516
1
17442
65517
8
65516
1
17467
65517
8
65516
1
17490
65517
8
65516
1
17515
65517
8
65516
1
17539
65517
8
65516
1
17562
65517
8
65516
1
17587
65517
8
65516
1
17610
65516
8
65517
1
17634
65516
8
65517
1
17658
65516
8
65517
1
17682
65517
8
65516
1
17705
65517
8
65516
1
17730
65517
8
65516
1
17754
65517
8
65516
1
17777
65517
8
65516
1
17802
65517
8
65516
1
17825
65517
8
65517
1
17850
65517
8
65517
1
17873
65517
8
65517
1
17897
65517
8
65517
1
17922
65517
8
65517
1
17945
65517
8
65516
1
17969
65517
8
65516
1
17993
65517
8
65516
1
18017
65517
8
65516
1
18040
65517
8
65516
1
18065
65517
8
65516
1
18088
65517
8
65516
1
18112
65517
8
65516
1
18137
65517
8
65516
1
18160
65516
8
65517
1
18185
65516
8
65517
1
18208
65516
8
65517
1
18232
65516
8
65516
1
18256
65516
8
65516
1
18280
65516
8
65516
1
18304
65516
8
65517
1
18328
65516
8
65517
1
18352
65516
9
65517
1
18375
65516
9
65517
1
18400
65516
9
65517
1
18423
65516
8
65517
1
18448
65516
8
65517
1
18471
65516
8
65517
1
18495
65516
9
65516
1
18520
65516
9
65516
1
18543
65516
9
65516
1
18567
65516
9
65517
1
18591
65516
9
65517
1
18615
65516
9
65517
1
18638
65515
9
65517
1
18663
65515
9
65517
1
18686
65515
9
65517
1
18710
65515
9
65517
1
18735
65515
9
65517
1
18758
65515
9
65517
1
18783
65515
9
65517
1
18806
65515
9
65517
1
18830
65514
9
65517
1
18854
65514
9
65517
1
18878
65514
9
65517
1
18902
65514
10
65518
1
18926
65514
10
65518
1
18951
65514
10
65518
1
18975
65514
10
65518
1
19001
65514
10
65518
1
19025
65514
10
65518
1
19051
65513
10
65518
1
19076
65513
10
65518
1
19100
65513
10
65518
1
19126
65513
11
65518
1
19150
65513
11
65518
1
19175
65512
11
65518
1
19201
65512
11
65518
1
19225
65512
11
65518
1
19251
65511
12
65519
1
19275
65511
12
65519
1
19300
65511
12
65519
1
19325
65510
13
65518
1
19350
65510
13
65518
1
19375
65510
13
65518
1
19400
65510
13
65518
1
19425
65510
13
65518
1
19450
65506
16
65519
1
19475
65506
16
65519
1
19500
65506
16
65519
1
19525
65503
19
65519
1
19550
65503
19
65519
1
19574
65503
19
65519
1
19600
65499
23
65517
1
19624
65499
23
65517
1
19650
65494
28
65511
1
19675
65494
28
65511
1
19699
65494
28
65511
1
19725
65494
32
65498
1
19749
65494
32
65498
1
19774
65494
32
65498
1
19800
65504
29
65487
1
19824
65504
29
65487
1
19850
65504
29
65487
1
19874
65516
22
65485
1
19899
65516
22
65485
1
19924
65522
13
65491
1
19949
65522
13
65491
1
19974
65522
13
65491
1
19999
65521
11
65500
1
20024
65521
11
65500
1
20049
65521
11
65500
1
20074
65519
12
65505
1
20099
65519
12
65505
1
20124
65519
12
65505
1
20149
65520
17
65505
1
20173
65520
17
65505
1
20199
65528
18
65508
1
20224
65528
18
65508
1
20249
65528
18
65508
1
20274
65528
22
65513
1
20298
65528
22
65513
1
20324
65528
22
65513
1
20348
65528
21
65511
1
20373
65528
21
65511
1
20399
65528
21
65511
1
20423
65525
19
65511
1
20449
65525
19
65511
1
20473
65524
17
65509
1
20498
65524
17
65509
1
20524
65524
17
65509
1
20548
65522
17
65509
1
20573
65522
17
65509
1
20598
65522
17
65509
1
20623
65522
17
65506
1
20648
65522
17
65506
1
20673
65522
16
65503
1
20698
65524
16
65503
1
20723
65524
16
65503
1
20748
65526
13
65503
1
20772
65526
13
65503
1
20798
65526
13
65503
1
20823
65527
11
65504
1
20848
65527
11
65504
1
20873
65527
11
65504
1
20897
65528
10
65505
1
20923
65528
10
65505
1
20947
65527
9
65506
1
20972
65527
9
65506
1
20997
65527
9
65506
1
21020
65528
8
65507
1
21045
65528
8
65507
1
21068
65528
8
65507
1
21092
65527
7
65507
1
21116
65527
7
65507
1
21140
65527
7
65507
1
21164
65528
8
65507
1
21188
65528
8
65507
1
21212
65528
8
65507
1
21235
65527
7
65508
1
21260
65527
7
65508
1
21283
65527
7
65508
1
21307
65527
7
65508
1
21331
65527
7
65508
1
21355
65527
7
65508
1
21380
65527
7
65508
1
21403
65527
7
65508
1
21427
65527
7
65508
1
21451
65527
7
65508
1
21475
65527
7
65508
1
21498
65527
7
65508
1
21523
65527
7
65508
1
21547
65527
7
65508
1
21570
65527
7
65508
1
21595
65527
7
65508
1
21618
65527
7
65508
1
21643
65527
7
65508
1
21666
65527
7
65508
1
21690
65527
7
65508
1
21714
65527
7
65508
1
21738
65527
7
65508
1
21762
65527
7
65508
1
21786
65527
7
65508
1
21810
65527
7
65508
1
21833
65527
7
65508
1
21858
65527
7
65508
1
21881
65527
7
65508
1
21905
65527
7
65508
1
21929
65527
7
65508
1
21953
65527
7
65508
1
21978
65527
7
65508
1
22001
65527
7
65508
1
22025
65527
7
65508
1
22049
65527
7
65508
1
22073
65527
7
65508
1
22096
65527
7
65508
1
22121
65527
7
65508
1
22145
65527
7
65508
1
22168
65527
7
65508
1
22193
65527
7
65508
1
22216
65527
7
65508
1
22241
65527
7
65508
1
22264
65527
7
65507
1
22288
65527
7
65507
1
22312
65527
7
65507
1
22336
65527
7
65508
1
22360
65527
7
65508
1
22384
65527
7
65508
1
22408
65527
7
65508
1
22431
65527
7
65508
1
22456
65527
7
65508
1
22479
65527
7
65508
1
22503
65527
7
65508
1
22528
65527
7
65508
1
22551
65527
7
65508
1
22576
65527
7
65508
1
22599
65527
7
65508
1
22623
65527
7
65508
1
22647
65527
7
65508
1
22671
65527
7
65508
1
22694
65527
7
65508
1
22719
65527
7
65508
1
22743
65527
7
65508
1
22766
65527
7
65508
1
22791
65527
7
65508
1
22814
65527
7
65508
1
22838
65527
7
65508
1
22862
65527
7
65508
1
22886
65527
7
65508
1
22910
65527
7
65508
1
22934
65527
7
65508
1
22958
65527
7
65508
1
22982
65527
7
65508
1
23006
65527
7
65508
1
23029
65527
7
65508
1
23054
65527
7
65508
1
23077
65527
7
65508
1
23101
65527
7
65508
1
23126
65527
7
65508
1
23149
65527
7
65507
1
23174
65527
7
65507
1
23197
65527
7
65507
1
23221
65527
7
65508
1
23245
65527
7
65508
1
23269
65527
7
65508
1
23292
65527
7
65508
1
23317
65527
7
65508
1
23341
65527
7
65507
1
23364
65527
7
65507
1
23389
65527
7
65507
1
23412
65527
7
65508
1
23436
65527
7
65508
1
23460
65527
7
65508
1
23484
65527
7
65508
1
23508
65527
7
65508
1
23532
65527
7
65508
1
23556
65527
7
65507
1
23580
65527
7
65507
1
23604
65527
7
65507
1
23627
65527
7
65508
1
23652
65527
7
65508
1
23675
65527
7
65508
1
23699
65527
7
65508
1
23724
65527
7
65508
1
23747
65527
7
65508
1
23772
65527
7
65507
1
23795
65527
7
65507
1
23819
65527
7
65508
1
23843
65527
7
65508
1
23867
65527
7
65508
1
23890
65527
7
65508
1
23915
65527
7
65508
1
23939
65527
7
65508
1
23962
65527
7
65508
1
23987
65527
7
65508
1
24010
65527
7
65508
1
24034
65527
7
65508
1
24058
65527
7
65508
1
24082
65527
7
65508
1
24107
65527
7
65508
1
24130
65527
7
65508
1
24154
65527
7
65508
1
24178
65527
7
65508
1
24202
65527
7
65508
1
24225
65527
7
65508
1
24250
65527
7
65508
1
24273
65527
7
65508
1
24297
65527
7
65508
1
24322
65527
7
65508
1
24345
65527
7
65508
1
24369
65527
7
65508
1
24393
65527
7
65508
1
24417
65527
7
65508
1
24441
65527
7
65508
1
24465
65527
7
65508
1
24488
65527
7
65508
1
24513
65527
7
65508
1
24537
65527
7
65508
1
24560
65527
7
65508
1
24585
65527
7
65508
1
24608
65527
7
65508
1
24632
65527
7
65508
1
24656
65527
7
65508
1
24680
65527
7
65508
1
24705
65527
7
65508
1
24728
65527
7
65508
1
24752
65527
7
65508
1
24776
65527
7
65508
1
24800
65527
7
65508
1
24823
65527
7
65508
1
24848
65527
7
65508
1
24871
65527
7
65508
1
24895
65527
7
65508
1
24920
65527
7
65508
1
24943
65527
7
65508
1
24967
65527
7
65508
1
24991
65527
7
65508
1
25015
65527
7
65508
1
25039
65527
7
65508
1
25063
65527
7
65508
1
25086
65527
7
65508
1
25111
65527
7
65508
1
25135
65527
7
65508
1
25158
65527
7
65508
1
25183
65527
7
65508
1
25206
65527
7
65508
1
25230
65527
7
65508
1
25254
65527
7
65508
1
25278
65527
7
65508
1
25303
65527
7
65508
1
25326
65527
7
65508
1
25350
65527
7
65508
1
25374
65527
7
65508
1
25398
65527
7
65508
1
25421
65527
7
65508
1
25446
65527
7
65508
1
25469
65527
7
65508
1
25493
65527
7
65508
1
25518
65527
7
65508
1
25541
65527
7
65508
1
25565
65527
7
65508
1
25589
65527
7
65508
1
25613
65527
7
65508
1
25637
65527
7
65508
1
25661
65527
7
65508
1
25684
65527
7
65508
1
25709
65527
7
65508
1
25733
65527
7
65508
1
25756
65527
7
65508
1
25781
65527
7
65508
1
25804
65527
7
65508
1
25828
65527
7
65508
1
25852
65527
7
65508
1
25876
65527
7
65508
1
25900
65527
7
65508
1
25924
65527
7
65508
1
25948
65527
7
65508
1
25972
65527
7
65508
1
25996
65527
7
65508
1
26019
65527
7
65509
1
26044
65527
7
65509
1
26067
65527
7
65509
1
26091
65527
7
65508
1
26116
65527
7
65508
1
26139
65527
7
65508
1
26163
65527
7
65508
1
26187
65527
7
65508
1
26211
65527
7
65508
1
26235
65527
7
65508
1
26259
65527
7
65508
1
26283
65527
7
65508
1
26307
65527
7
65508
1
26331
65527
7
65508
1
26354
65527
7
65508
1
26379
65527
7
65508
1
26402
65527
7
65508
1
26426
65527
8
65508
1
26450
65527
8
65508
1
26474
65527
8
65508
1
26498
65527
7
65507
1
26522
65527
7
65507
1
26546
65527
7
65507
1
26570
65527
7
65508
1
26594
65527
7
65508
1
26617
65527
7
65508
1
26642
65527
7
65508
1
26665
65527
7
65508
1
26689
65527
7
65508
1
26714
65527
7
65508
1
26737
65527
7
65508
1
26761
65527
7
65508
1
26785
65527
7
65508
1
26809
65527
7
65508
1
26833
65527
7
65507
1
26857
65527
7
65507
1
26881
65527
7
65507
1
26905
65527
7
65508
1
26929
65527
7
65508
1
26952
65527
7
65508
1
26977
65527
7
65508
1
27000
65527
7
65508
1
27024
65527
7
65508
1
27048
65528
7
65508
1
27072
65528
7
65508
1
27096
65527
7
65508
1
27120
65527
7
65508
1
27144
65527
7
65508
1
27168
65527
7
65508
1
27192
65527
7
65508
1
27215
65527
7
65508
1
27240
65527
7
65508
1
27264
65527
7
65508
1
27287
65527
7
65508
1
27312
65527
7
65508
1
27335
65527
7
65508
1
27359
65527
7
65508
1
27383
65527
7
65507
1
27407
65527
7
65507
1
27430
65527
7
65507
1
27455
65527
7
65509
1
27479
65527
7
65509
1
27503
65527
7
65509
1
27527
65527
7
65508
1
27550
65527
7
65508
1
27575
65527
7
65507
1
27598
65527
7
65507
1
27622
65527
7
65507
1
27646
65527
7
65508
1
27670
65527
7
65508
1
27694
65527
7
65508
1
27718
65527
8
65508
1
27742
65527
8
65508
1
27766
65527
8
65508
1
27790
65527
7
65507
1
27813
65527
7
65507
1
27838
65527
7
65507
1
27862
65527
7
65508
1
27885
65527
7
65508
1
27910
65527
7
65508
1
27933
65527
7
65508
1
27957
65527
7
65508
1
27981
65527
7
65508
1
28005
65527
7
65508
1
28028
65527
7
65508
1
28053
65527
7
65508
1
28077
65527
7
65508
1
28101
65527
7
65508
1
28125
65527
7
65508
1
28148
65527
7
65508
1
28173
65527
7
65508
1
28196
65527
7
65508
1
28220
65527
7
65508
1
28244
65527
7
65508
1
28268
65527
7
65508
1
28292
65527
7
65508
1
28316
65527
7
65508
1
28340
65527
7
65508
1
28364
65527
7
65508
1
28388
65527
7
65508
1
28411
65527
7
65508
1
28436
65527
7
65508
1
28460
65527
7
65508
1
28483
65527
7
65508
1
28508
65527
7
65508
1
28531
65527
7
65508
1
28555
65527
7
65508
1
28579
65527
7
65508
1
28603
65527
7
65508
1
28626
65527
7
65508
1
28651
65527
7
65508
1
28675
65527
7
65508
1
28699
65527
7
65508
1
28723
65527
7
65508
1
28746
65527
7
65508
1
28771
65527
7
65508
1
28794
65527
7
65508
1
28818
65527
7
65508
1
28843
65527
7
65508
1
28866
65527
7
65508
1
28890
65527
7
65508
1
28914
65527
7
65508
1
28938
65527
7
65508
1
28961
65527
7
65509
1
28986
65527
7
65509
1
29009
65527
7
65509
1
29034
65527
7
65509
1
29058
65527
7
65509
1
29081
65527
7
65508
1
29106
65527
7
65508
1
29129
65527
7
65508
1
29153
65527
7
65508
1
29177
65527
7
65508
1
29201
65527
7
65508
1
29224
65527
8
65508
1
29249
65527
8
65508
1
29273
65527
8
65508
1
29297
65527
7
65508
1
29321
65527
7
65508
1
29344
65527
7
65508
1
29369
65527
8
65508
1
29392
65527
8
65508
1
29416
65527
8
65508
1
29441
65527
8
65508
1
29464
65527
8
65508
1
29488
65527
8
65508
1
29512
65527
8
65508
1
29536
65527
8
65508
1
29559
65527
7
65508
1
29584
65527
7
65508
1
29607
65527
7
65508
1
29632
65527
7
65509
1
29656
65527
7
65509
1
29679
65527
7
65509
1
29704
65526
8
65509
1
29727
65526
8
65509
1
29751
65526
8
65509
1
29775
65527
7
65509
1
29799
65527
7
65509
1
29822
65527
7
65509
1
29847
65527
7
65508
1
29871
65527
7
65508
1
29895
65527
7
65508
1
29919
65527
7
65509
1
29942
65527
7
65509
1
29967
65527
7
65509
1
29990
65527
7
65509
1
30014
65527
7
65509
1
30039
65526
7
65510
1
30062
65526
7
65510
1
30086
65526
7
65510
1
30110
65526
7
65511
1
30134
65526
7
65511
1
30157
65526
7
65511
1
30182
65525
7
65511
1
30205
65525
7
65511
1
30230
65525
7
65511
1
30254
65524
7
65511
1
30277
65524
7
65511
1
30302
65524
7
65511
1
30325
65524
8
65511
1
30349
65524
8
65511
1
30373
65524
8
65511
1
30397
65524
8
65510
1
30420
65524
8
65510
1
30445
65524
8
65509
1
30469
65524
8
65509
1
30492
65524
8
65509
1
30517
65524
8
65509
1
30540
65524
8
65509
1
30565
65524
8
65509
1
30588
65524
8
65508
1
30612
65524
8
65508
1
30637
65524
8
65508
1
30660
65524
8
65508
1
30684
65524
8
65508
1
30708
65524
8
65508
1
30732
65525
8
65508
1
30755
65525
8
65508
1
30780
65525
8
65508
1
30803
65525
8
65509
1
30828
65525
8
65509
1
30852
65525
8
65509
1
30875
65525
8
65509
1
30900
65525
8
65509
1
30923
65526
8
65509
1
30947
65526
8
65509
1
30971
65526
8
65509
1
30995
65526
9
65510
1
31019
65526
9
65510
1
31043
65526
9
65510
1
31067
65527
10
65510
1
31090
65527
10
65510
1
31116
65527
10
65510
1
31140
65527
10
65510
1
31166
65527
10
65510
1
31191
65527
10
65510
1
31215
65526
9
65510
1
31241
65526
9
65510
1
31264
65525
9
65509
1
31288
65525
9
65509
1
31312
65525
9
65509
1
31336
65523
8
65508
1
31361
65523
8
65508
1
31384
65523
8
65508
1
31408
65523
6
65506
1
31432
65523
6
65506
1
31456
65523
6
65506
1
31479
65523
5
65505
1
31504
65523
5
65505
1
31527
65523
5
65505
1
31551
65525
2
65505
1
31576
65525
2
65505
1
31599
65525
2
65505
1
31623
65527
0
65506
1
31647
65527
0
65506
1
31671
65527
0
65506
1
31695
65527
65533
65509
1
31719
65527
65533
65509
1
31747
65527
65533
65512
1
31775
65527
65533
65512
1
31803
65527
65533
65512
1
31832
65528
65535
65515
1
31859
65528
65535
65515
1
31887
65528
0
65517
1
31916
65528
0
65517
1
31939
65528
0
65517
1
31964
65528
0
65519
1
31987
65528
0
65519
1
32011
65528
0
65519
1
32035
65528
65535
65521
1
32059
65528
65535
65521
1
32087
65527
65533
65524
1
32115
65527
65533
65524
1
32143
65527
65533
65524
1
32172
65524
65532
65528
1
32199
65524
65532
65528
1
32228
65519
65534
65529
1
32256
65519
65534
65529
1
32283
65519
65534
65529
1
32312
65516
0
65529
1
32339
65516
0
65529
1
32364
65515
2
65526
1
32388
65515
2
65526
1
32411
65515
2
65526
1
32436
65514
3
65525
1
32459
65514
3
65525
1
32483
65514
3
65525
1
32507
65514
5
65523
1
32531
65514
5
65523
1
32555
65514
5
65523
1
32579
65514
6
65523
1
32603
65514
6
65523
1
32627
65514
6
65523
1
32651
65514
6
65521
1
32674
65514
6
65521
1
32699
65514
6
65521
1
32722
65514
6
65521
1
32746
65514
6
65521
1
32771
65514
7
65520
1
32794
65514
7
65520
1
32818
65514
7
65520
1
32842
65515
7
65520
1
32866
65515
7
65520
1
32890
65515
7
65520
1
32914
65515
7
65519
1
32937
65515
7
65519
1
32962
65515
7
65519
1
32986
65515
8
65519
1
33009
65515
8
65519
1
33034
65515
8
65519
1
33057
65516
7
65519
1
33081
65516
7
65519
1
33105
65516
7
65519
1
33129
65516
8
65518
1
33153
65516
8
65518
1
33177
65516
8
65518
1
33201
65516
8
65518
1
33225
65516
8
65518
1
33249