65522
11
65499
1
55490
65521
13
65502
1
55515
65521
13
65502
1
55539
65521
13
65502
1
55565
65520
15
65504
1
55589
65520
15
65504
1
55615
65522
16
65503
1
55640
65522
16
65503
1
55664
65522
16
65503
1
55690
65527
15
65503
1
55714
65527
15
65503
1
55739
65527
15
65503
1
55764
65529
15
65513
1
55789
65529
15
65513
1
55815
65529
15
65513
1
55839
65526
18
65518
1
55864
65526
18
65518
1
55889
65525
20
65516
1
55914
65525
20
65516
1
55939
65525
20
65516
1
55964
65523
19
65513
1
55989
65523
19
65513
1
56014
65523
19
65513
1
56039
65521
18
65510
1
56064
65521
18
65510
1
56089
65521
18
65510
1
56114
65520
16
65510
1
56138
65520
16
65510
1
56164
65521
16
65509
1
56188
65521
16
65509
1
56214
65521
16
65509
1
56239
65521
16
65507
1
56263
65521
16
65507
1
56289
65521
16
65507
1
56313
65522
16
65504
1
56338
65522
16
65504
1
56364
65522
16
65504
1
56388
65522
16
65504
1
56414
65522
16
65504
1
56438
65526
11
65504
1
56463
65526
11
65504
1
56488
65526
11
65504
1
56513
65527
9
65505
1
56538
65527
9
65505
1
56562
65527
9
65505
1
56586
65527
8
65506
1
56609
65527
8
65506
1
56634
65527
8
65506
1
56657
65527
7
65507
1
56682
65527
7
65507
1
56706
65527
7
65507
1
56729
65526
6
65508
1
56754
65526
6
65508
1
56777
65526
5
65510
1
56801
65526
5
65510
1
56825
65526
5
65510
1
56849
65525
6
65510
1
56872
65525
6
65510
1
56897
65525
6
65510
1
56921
65524
6
65510
1
56945
65524
6
65510
1
56969
65524
6
65510
1
56992
65524
6
65510
1
57017
65524
6
65510
1
57040
65524
6
65510
1
57064
65524
6
65510
1
57089
65524
6
65510
1
57112
65524
6
65510
1
57136
65523
7
65510
1
57160
65523
7
65510
1
57184
65523
7
65510
1
57207
65524
7
65509
1
57232
65524
7
65509
1
57255
65524
7
65509
1
57280
65524
7
65509
1
57304
65524
7
65509
1
57327
65524
7
65509
1
57352
65524
7
65509
1
57375
65524
7
65509
1
57399
65524
7
65509
1
57423
65524
7
65509
1
57447
65524
7
65509
1
57470
65525
7
65509
1
57495
65525
7
65509
1
57519
65525
7
65509
1
57543
65525
7
65509
1
57567
65525
7
65509
1
57590
65525
7
65509
1
57615
65525
7
65509
1
57638
65525
7
65509
1
57662
65525
7
65508
1
57687
65525
7
65508
1
57710
65525
7
65508
1
57734
65525
7
65509
1
57758
65525
7
65509
1
57782
65525
7
65509
1
57805
65525
8
65509
1
57830
65525
8
65509
1
57853
65525
8
65509
1
57878
65525
7
65509
1
57902
65525
7
65509
1
57925
65525
7
65509
1
57950
65525
7
65509
1
57973
65525
7
65509
1
57997
65525
7
65509
1
58021
65525
7
65509
1
58045
65525
7
65509
1
58068
65525
7
65509
1
58093
65525
7
65509
1
58117
65525
7
65509
1
58140
65525
7
65509
1
58165
65525
7
65509
1
58188
65525
7
65509
1
58213
65525
7
65509
1
58236
65525
7
65509
1
58260
65525
7
65509
1
58285
65525
7
65509
1
58308
65525
7
65509
1
58332
65525
7
65509
1
58356
65525
7
65509
1
58380
65525
7
65509
1
58403
65525
7
65509
1
58428
65525
7
65509
1
58451
65525
7
65509
1
58476
65525
7
65509
1
58500
65524
7
65509
1
58523
65524
7
65509
1
58548
65524
7
65509
1
58571
65525
7
65509
1
58595
65525
7
65509
1
58619
65525
7
65509
1
58643
65525
7
65509
1
58667
65525
7
65509
1
58691
65525
7
65509
1
58715
65525
7
65509
1
58738
65525
7
65509
1
58763
65525
7
65509
1
58786
65525
7
65509
1
58811
65525
7
65509
1
58834
65525
7
65509
1
58858
65525
7
65509
1
58883
65525
7
65509
1
58906
65525
7
65509
1
58930
65525
7
65509
1
58954
65525
7
65509
1
58978
65524
7
65509
1
59001
65524
7
65509
1
59026
65524
7
65509
1
59049
65525
7
65509
1
59074
65525
7
65509
1
59098
65525
7
65509
1
59121
65525
7
65509
1
59146
65525
7
65509
1
59169
65525
7
65509
1
59193
65525
7
65509
1
59217
65525
7
65509
1
59241
65525
7
65509
1
59265
65525
7
65509
1
59289
65525
7
65509
1
59313
65525
7
65509
1
59336
65525
7
65509
1
59361
65525
7
65509
1
59384
65525
7
65509
1
59409
65525
7
65509
1
59432
65525
7
65509
1
59456
65525
7
65509
1
59481
65525
7
65509
1
59504
65525
7
65509
1
59528
65525
7
65509
1
59552
65525
7
65509
1
59576
65525
7
65509
1
59599
65525
7
65509
1
59624
65525
7
65509
1
59648
65525
7
65509
1
59671
65525
7
65509
1
59696
65525
7
65509
1
59719
65525
7
65509
1
59744
65525
7
65509
1
59767
65525
7
65509
1
59791
65525
7
65509
1
59815
65525
7
65509
1
59839
65525
7
65509
1
59863
65525
7
65509
1
59887
65525
7
65509
1
59911
65525
7
65509
1
59934
65524
7
65509
1
59959
65524
7
65509
1
59982
65524
7
65509
1
60007
65525
7
65509
1
60030
65525
7
65509
1
60054
65524
7
65509
1
60079
65524
7
65509
1
60102
65524
7
65509
1
60126
65525
7
65509
1
60150
65525
7
65509
1
60174
65525
7
65509
1
60197
65525
7
65509
1
60222
65525
7
65509
1
60246
65525
7
65509
1
60269
65525
7
65509
1
60294
65525
7
65509
1
60317
65525
7
65509
1
60342
65525
7
65509
1
60365
65525
7
65509
1
60389
65525
7
65509
1
60413
65525
7
65508
1
60437
65525
7
65508
1
60461
65525
8
65509
1
60485
65525
8
65509
1
60509
65525
8
65509
1
60532
65525
7
65509
1
60557
65525
7
65509
1
60580
65525
7
65509
1
60605
65525
7
65508
1
60628
65525
7
65508
1
60652
65525
7
65508
1
60677
65525
7
65509
1
60700
65525
7
65509
1
60724
65525
7
65509
1
60748
65525
7
65509
1
60772
65525
7
65509
1
60795
65525
7
65509
1
60820
65525
7
65509
1
60844
65525
7
65509
1
60867
65525
7
65509
1
60892
65524
7
65509
1
60915
65524
7
65509
1
60940
65525
7
65508
1
60963
65525
7
65508
1
60987
65525
7
65508
1
61011
65525
7
65509
1
61035
65525
7
65509
1
61059
65525
7
65509
1
61083
65525
7
65509
1
61107
65525
7
65509
1
61130
65525
7
65509
1
61155
65525
7
65509
1
61178
65525
7
65509
1
61202
65525
7
65509
1
61227
65525
7
65509
1
61250
65525
7
65509
1
61275
65525
7
65509
1
61298
65525
7
65509
1
61322
65525
7
65509
1
61346
65525
7
65509
1
61370
65525
7
65509
1
61393
65525
7
65509
1
61418
65525
7
65508
1
61442
65525
7
65508
1
61465
65525
7
65508
1
61490
65525
7
65509
1
61513
65525
7
65509
1
61538
65525
7
65509
1
61561
65524
7
65509
1
61585
65524
7
65509
1
61609
65524
7
65509
1
61633
65525
7
65508
1
61657
65525
7
65508
1
61681
65525
7
65508
1
61705
65525
7
65509
1
61728
65525
7
65509
1
61753
65525
7
65509
1
61776
65525
7
65509
1
61800
65525
7
65509
1
61825
65525
7
65509
1
61848
65525
7
65509
1
61873
65525
7
65509
1
61896
65524
7
65509
1
61920
65524
7
65509
1
61944
65524
7
65509
1
61968
65525
7
65509
1
61991
65525
7
65509
1
62016
65525
7
65509
1
62040
65525
7
65509
1
62063
65525
7
65509
1
62088
65525
7
65509
1
62111
65525
7
65509
1
62136
65525
7
65509
1
62159
65525
7
65509
1
62183
65525
7
65509
1
62208
65525
7
65509
1
62231
65525
7
65509
1
62255
65525
7
65508
1
62279
65525
7
65508
1
62303
65525
7
65508
1
62326
65525
7
65509
1
62351
65525
7
65509
1
62374
65525
7
65509
1
62398
65525
7
65509
1
62423
65525
7
65509
1
62446
65525
7
65509
1
62471
65525
7
65509
1
62494
65525
7
65509
1
62518
65525
7
65509
1
62542
65525
7
65509
1
62566
65525
7
65509
1
62589
65525
7
65509
1
62614
65525
7
65509
1
62638
65525
7
65509
1
62661
65525
7
65509
1
62686
65525
7
65509
1
62709
65525
7
65509
1
62733
65525
7
65509
1
62757
65525
7
65509
1
62781
65525
7
65509
1
62806
65525
7
65509
1
62829
65525
7
65509
1
62853
65525
7
65509
1
62877
65525
7
65509
1
62901
65525
7
65509
1
62924
65525
7
65509
1
62949
65525
7
65509
1
62972
65525
7
65509
1
62996
65525
7
65509
1
63021
65525
7
65509
1
63044
65525
7
65509
1
63069
65525
7
65509
1
63092
65525
7
65509
1
63116
65525
7
65509
1
63140
65525
7
65509
1
63164
65525
7
65509
1
63187
65525
7
65509
1
63212
65525
7
65509
1
63236
65525
7
65509
1
63259
65525
7
65509
1
63284
65525
7
65509
1
63307
65525
7
65509
1
63331
65525
7
65509
1
63355
65525
7
65509
1
63379
65525
7
65509
1
63404
65525
7
65509
1
63427
65525
7
65509
1
63451
65525
7
65509
1
63475
65525
7
65509
1
63499
65525
7
65509
1
63522
65525
7
65509
1
63547
65525
7
65509
1
63570
65525
7
65509
1
63594
65525
7
65509
1
63619
65525
7
65509
1
63642
65525
7
65509
1
63667
65525
7
65509
1
63690
65525
7
65509
1
63714
65525
7
65509
1
63738
65525
7
65509
1
63762
65525
7
65509
1
63785
65525
7
65509
1
63810
65525
7
65509
1
63834
65525
7
65509
1
63857
65525
7
65509
1
63882
65525
7
65509
1
63905
65525
7
65509
1
63929
65525
7
65509
1
63953
65525
7
65509
1
63977
65525
7
65509
1
64002
65525
7
65509
1
64025
65525
7
65509
1
64049
65525
7
65509
1
64073
65525
7
65509
1
64097
65525
7
65509
1
64120
65525
7
65509
1
64145
65525
7
65509
1
64168
65525
7
65509
1
64192
65525
7
65509
1
64217
65525
7
65509
1
64240
65525
7
65509
1
64264
65525
7
65509
1
64288
65525
7
65509
1
64312
65525
7
65509
1
64336
65525
7
65509
1
64360
65525
7
65509
1
64384
65525
7
65509
1
64408
65525
7
65509
1
64432
65525
7
65509
1
64455
65525
7
65509
1
64480
65525
7
65509
1
64503
65525
7
65509
1
64527
65525
7
65509
1
64551
65525
7
65509
1
64575
65525
7
65509
1
64600
65525
7
65509
1
64623
65525
7
65509
1
64647
65525
7
65509
1
64671
65525
7
65509
1
64695
65524
7
65509
1
64718
65524
7
65509
1
64743
65524
7
65509
1
64766
65525
7
65509
1
64790
65525
7
65509
1
64815
65525
7
65509
1
64838
65525
7
65509
1
64862
65525
7
65509
1
64886
65525
7
65509
1
64910
65525
7
65509
1
64934
65525
7
65509
1
64958
65525
7
65509
1
64982
65525
7
65509
1
65006
65525
7
65509
1
65030
65525
7
65509
1
65053
65525
7
65509
1
65078
65525
7
65509
1
65101
65525
7
65509
1
65125
65524
7
65509
1
65149
65524
7
65509
1
65173
65524
7
65509
1
65198
65524
7
65509
1
65221
65524
7
65509
1
65245
65525
7
65509
1
65269
65525
7
65509
1
65293
65525
7
65509
1
65316
65525
7
65509
1
65341
65525
7
65509
1
65364
65525
7
65509
1
65388
65525
8
65509
1
65413
65525
8
65509
1
65436
65525
8
65509
1
65460
65525
7
65509
1
65484
65525
7
65509
1
65508
65525
7
65509
1
65532
65525
7
65509
1
20
65525
7
65509
1
40
65525
7
65509
1
62
65525
7
65509
1
82
65525
7
65509
1
103
65525
7
65509
1
124
65525
7
65509
1
147
65525
7
65509
1
168
65525
7
65509
1
190
65525
7
65509
1
212
65525
7
65509
1
234
65525
7
65509
1
256
65524
7
65509
1
278
65524
7
65509
1
300
65524
7
65509
1
321
65525
7
65509
1
344
65525
7
65509
1
365
65525
7
65509
1
387
65525
7
65509
1
409
65525
7
65509
1
431
65525
7
65509
1
452
65525
7
65509
1
475
65525
7
65509
1
496
65525
7
65509
1
518
65525
7
65509
1
540
65525
7
65509
1
562
65525
7
65509
1
583
65525
7
65509
1
606
65524
7
65509
1
627
65524
7
65509
1
649
65524
7
65509
1
671
65524
7
65510
1
693
65524
7
65510
1
714
65524
7
65510
1
737
65525
7
65509
1
758
65525
7
65509
1
780
65525
7
65509
1
802
65525
7
65509
1
824
65525
7
65509
1
845
65525
7
65509
1
868
65525
7
65509
1
889
65525
7
65509
1
911
65525
7
65509
1
933
65525
7
65509
1
955
65525
7
65509
1
976
65525
7
65509
1
999
65525
7
65509
1
1020
65525
7
65509
1
1043
65525
7
65509
1
1067
65525
7
65509
1
1089
65525
7
65509
1
1112
65525
7
65509
1
1135
65525
7
65509
1
1158
65525
7
65509
1
1180
65525
7
65509
1
1204
65525
7
65509
1
1226
65525
7
65509
1
1249
65525
7
65509
1
1272
65525
7
65509
1
1295
65525
7
65509
1
1317
65525
7
65509
1
1341
65525
7
65509
1
1363
65525
7
65509
1
1386
65525
7
65509
1
1410
65525
7
65509
1
1432
65525
7
65509
1
1455
65525
7
65509
1
1478
65525
7
65509
1
1501
65525
7
65509
1
1523
65525
7
65509
1
1547
65525
7
65509
1
1569
65525
7
65509
1
1593
65525
7
65509
1
1615
65525
7
65509
1
1638
65525
7
65509
1
1661
65525
7
65509
1
1684
65525
7
65509
1
1707
65525
7
65509
1
1730
65525
7
65509
1
1753
65525
7
65509
1
1775
65525
7
65509
1
1799
65525
7
65509
1
1821
65525
7
65509
1
1844
65525
7
65509
1
1867
65525
7
65509
1
1890
65525
7
65509
1
1912
65525
7
65509
1
1936
65525
7
65509
1
1958
65525
7
65509
1
1981
65525
7
65508
1
2004
65525
7
65508
1
2027
65525
7
65508
1
2050
65525
7
65508
1
2073
65525
7
65508
1
2096
65525
7
65509
1
2118
65525
7
65509
1
2142
65525
7
65509
1
2164
65525
7
65508
1
2187
65525
7
65508
1
2210
65525
7
65508
1
2233
65525
7
65508
1
2255
65525
7
65508
1
2279
65525
7
65508
1
2301
65525
7
65509
1
2325
65525
7
65509
1
2348
65525
7
65509
1
2370
65525
7
65509
1
2394
65525
7
65509
1
2416
65525
7
65509
1
2439
65525
7
65509
1
2462
65525
7
65509
1
2485
65525
7
65509
1
2507
65525
7
65509
1
2531
65525
7
65509
1
2553
65525
7
65509
1
2576
65525
7
65509
1
2599
65525
7
65509
1
2622
65525
7
65509
1
2644
65525
7
65509
1
2668
65525
7
65509
1
2691
65525
7
65509
1
2713
65525
7
65509
1
2737
65525
7
65509
1
2759
65525
7
65509
1
2782
65525
7
65509
1
2805
65525
7
65509
1
2828
65525
7
65509
1
2850
65525
7
65509
1
2874
65525
7
65509
1
2896
65525
7
65509
1
2919
65525
7
65509
1
2942
65525
7
65509
1
2965
65525
7
65509
1
2988
65525
7
65509
1
3011
65525
7
65509
1
3034
65525
7
65509
1
3057
65524
7
65509
1
3080
65524
7
65509
1
3102
65524
7
65509
1
3126
65525
7
65509
1
3148
65525
7
65509
1
3171
65525
7
65509
1
3194
65525
7
65509
1
3217
65525
7
65509
1
3239
65525
7
65509
1
3263
65525
7
65509
1
3286
65525
7
65509
1
3308
65525
7
65509
1
3332
65525
7
65509
1
3354
65525
7
65509
1
3377
65525
7
65509
1
3400
65525
7
65509
1
3423
65525
7
65509
1
3445
65525
7
65509
1
3469
65525
7
65509
1
3491
65525
7
65509
1
3514
65525
7
65509
1
3537
65524
7
65509
1
3560
65524
7
65509
1
3582
65524
7
65509
1
3606
65525
7
65509
1
3629
65525
7
65509
1
3651
65525
7
65509
1
3675
65525
7
65509
1
3697
65525
7
65509
1
3720
65525
7
65509
1
3743
65525
7
65509
1
3766
65525
7
65509
1
3789
65525
7
65509
1
3812
65525
6
65510
1
3834
65525
6
65510
1
3858
65525
6
65510
1
3880
65525
6
65509
1
3903
65525
6
65509
1
3927
65525
6
65509
1
3949
65525
6
65509
1
3972
65525
6
65509
1
3995
65525
6
65509
1
4018
65525
6
65509
1
4040
65525
6
65509
1
4064
65525
6
65509
1
4086
65525
7
65509
1
4109
65525
7
65509
1
4132
65525
7
65509
1
4155
65525
6
65509
1
4177
65525
6
65509
1
4201
65525
6
65509
1
4224
65525
6
65509
1
4246
65525
6
65509
1
4270
65525
6
65509
1
4292
65525
7
65509
1
4315
65525
7
65509
1
4338
65525
7
65509
1
4361
65525
7
65509
1
4383
65525
7
65509
1
4407
65525
7
65509
1
4429
65525
7
65509
1
4452
65525
7
65509
1
4475
65525
7
65509
1
4498
65525
7
65509
1
4521
65525
7
65509
1
4544
65525
7
65509
1
4567
65525
7
65509
1
4590
65525
7
65509
1
4613
65525
7
65509
1
4635
65525
7
65509
1
4659
65525
7
65509
1
4681
65525
7
65509
1
4704
65525
7
65508
1
4727
65525
7
65508
1
4750
65525
7
65508
1
4772
65524
7
65509
1
4796
65524
7
65509
1
4818
65524
7
65509
1
4841
65524
7
65509
1
4865
65524
7
65509
1
4887
65524
7
65509
1
4910
65525
7
65509
1
4933
65525
7
65509
1
4956
65525
7
65509
1
4978
65525
7
65509
1
5002
65525
7
65509
1
5024
65525
7
65509
1
5047
65524
7
65509
1
5070
65524
7
65509
1
5093
65524
7
65509
1
5115
65524
7
65509
1
5139
65524
7
65509
1
5161
65524
7
65509
1
5184
65524
7
65510
1
5208
65524
7
65510
1
5230
65524
7
65510
1
5254
65524
7
65510
1
5276
65524
7
65510
1
5299
65524
7
65510
1
5322
65524
7
65510
1
5345
65524
7
65510
1
5367
65524
7
65510
1
5391
65524
7
65510
1
5413
65524
7
65510
1
5436
65524
7
65510
1
5459
65525
6
65510
1
5482
65525
6
65510
1
5505
65525
6
65510
1
5528
65526
6
65510
1
5551
65526
6
65510
1
5573
65526
6
65510
1
5597
65526
6
65509
1
5619
65526
6
65509
1
5642
65526
6
65509
1
5665
65526
7
65508
1
5688
65526
7
65508
1
5710
65526
7
65508
1
5734
65527
8
65507
1
5756
65527
8
65507
1
5779
65527
8
65507
1
5803
65527
9
65505
1
5825
65527
9
65505
1
5848
65527
9
65505
1
5871
65526
12
65503
1
5894
65526
12
65503
1
5918
65526
12
65503
1
5942
65524
15
65504
1
5965
65524
15
65504
1
5990
65522
16
65507
1
6013
65522
16
65507
1
6037
65522
16
65507
1
6062
65521
16
65509
1
6085
65521
16
65509
1
6109
65521
16
65509
1
6133
65522
17
65510
1
6157
65522
17
65510
1
6180
65522
17
65510
1
6205
65524
19
65513
1
6228
65524
19
65513
1
6253
65524
19
65513
1
6277
65526
20
65515
1
6300
65526
20
65515
1
6325
65526
20
65515
1
6348
65528
18
65514
1
6372
65528
18
65514
1
6396
65528
18
65514
1
6420
65528
15
65507
1
6444
65528
15
65507
1
6468
65523
14
65505
1
6492
65523
14
65505
1
6515
65523
14
65505
1
6540
65518
12
65506
1
6563
65518
12
65506
1
6588
65518
12
65506
1
6611
65520
12
65503
1
6635
65520
12
65503
1
6660
65520
12
65503
1
6683
65521
11
65500
1
6707
65521
11
65500
1
6731
65521
11
65500
1
6755
65523
12
65494
1
6778
65523
12
65494
1
6803
65523
12
65494
1
6827
65520
16
65490
1
6851
65520
16
65490
1
6875
65520
16
65490
1
6898
65514
21
65486
1
6923
65514
21
65486
1
6946
65508
25
65486
1
6970
65508
25
65486
1
6994
65508
25
65486
1
7018
65500
29
65490
1
7042
65500
29
65490
1
7066
65500
29
65490
1
7090
65493
30
65499
1
7113
65493
30
65499
1
7138
65493
30
65499
1
7161
65492
27
65508
1
7186
65492
27
65508
1
7209
65492
27
65508
1
7233
65493
24
65513
1
7258
65493
24
65513
1
7281
65493
24
65513
1
7305
65497
21
65516
1
7329
65497
21
65516
1
7353
65497
18
65518
1
7376
65500
18
65518
1
7401
65500
18
65518
1
7425
65502
17
65518
1
7449
65502
17
65518
1
7473
65502
17
65518
1
7496
65504
15
65518
1
7521
65504
15
65518
1
7544
65504
15
65518
1
7568
65506
14
65518
1
7592
65506
14
65518
1
7616
65506
14
65518
1
7640
65507
13
65519
1
7664
65507
13
65519
1
7688
65507
13
65519
1
7711
65508
13
65519
1
7736
65508
13
65519
1
7759
65508
13
65519
1
7784
65509
12
65519
1
7808
65509
12
65519
1
7831
65510
12
65518
1
7856
65510
12
65518
1
7879
65510
12
65518
1
7903
65511
11
65518
1
7927
65511
11
65518
1
7951
65511
11
65518
1
7974
65511
11
65518
1
7999
65511
11
65518
1
8023
65511
11
65518
1
8046
65512
11
65518
1
8071
65512
11
65518
1
8094
65512
11
65518
1
8119
65512
10
65518
1
8142
65512
10
65518
1
8166
65512
10
65518
1
8190
65513
10
65518
1
8214
65513
10
65518
1
8238
65513
10
65518
1
8262
65513
10
65518
1
8286
65513
10
65518
1
8309
65513
10
65518
1
8334
65513
10
65518
1
8357
65513
10
65518
1
8382
65514
9
65517
1
8406
65514
9
65517
1
8428
65514
9
65517
1
8452
65514
9
65518
1
8474
65514
9
65518
1
8497
65514
9
65518
1
8520
65514
9
65518
1
8543
65514
9
65518
1
8565
65514
9
65518
1
8589
65515
9
65517
1
8611
65515
9
65517
1
8634
65515
9
65517
1
8657
65515
9
65517
1
8680
65515
9
65517
1
8702
65515
9
65517
1
8726
65515
9
65517
1
8749
65515
9
65517
1
8771
65515
9
65517
1
8795
65515
9
65517
1
8817
65515
9
65517
1
8840
65515
9
65517
1
8863
65515
9
65517
1
8886
65515
9
65517
1
8908
65515
9
65517
1
8932
65515
9
65517
1
8954
65515
9
65517
1
8977
65515
9
65517
1
9000
65515
9
65517
1
9023
65515
9
65517
1
9047
65515
9
65517
1
9069
65515
9
65517
1
9092
65515
9
65517
1
9115
65515
9
65517
1
9138
65515
8
65517
1
9160
65515
8
65517
1
9184