65517
8
65516
1
7829
65517
8
65516
1
7852
65517
8
65516
1
7875
65516
8
65517
1
7898
65516
8
65517
1
7920
65516
8
65517
1
7944
65517
7
65517
1
7966
65517
7
65517
1
7989
65517
7
65517
1
8012
65517
8
65517
1
8035
65517
8
65517
1
8057
65517
8
65517
1
8081
65517
8
65516
1
8103
65517
8
65516
1
8126
65517
8
65516
1
8150
65517
8
65517
1
8172
65517
8
65517
1
8195
65517
8
65517
1
8218
65516
8
65517
1
8241
65516
8
65517
1
8263
65516
8
65517
1
8287
65517
8
65517
1
8309
65517
8
65517
1
8332
65517
8
65517
1
8355
65517
8
65517
1
8378
65517
8
65517
1
8400
65517
8
65517
1
8424
65516
8
65517
1
8446
65516
8
65517
1
8469
65516
8
65517
1
8493
65517
8
65517
1
8515
65517
8
65517
1
8538
65517
8
65517
1
8561
65516
8
65517
1
8584
65516
8
65517
1
8607
65516
8
65517
1
8630
65516
8
65517
1
8652
65516
8
65517
1
8676
65516
8
65517
1
8698
65516
8
65517
1
8721
65516
8
65517
1
8744
65516
8
65517
1
8767
65516
8
65517
1
8790
65516
8
65517
1
8813
65516
8
65517
1
8836
65517
8
65517
1
8858
65517
8
65517
1
8882
65517
8
65517
1
8904
65517
8
65517
1
8927
65517
8
65517
1
8950
65517
8
65517
1
8973
65517
7
65517
1
8995
65517
7
65517
1
9019
65517
7
65517
1
9041
65517
8
65517
1
9064
65517
8
65517
1
9088
65517
8
65517
1
9110
65516
7
65517
1
9133
65516
7
65517
1
9156
65516
7
65517
1
9179
65517
8
65517
1
9201
65517
8
65517
1
9225
65517
8
65517
1
9247
65517
7
65517
1
9270
65517
7
65517
1
9293
65517
7
65517
1
9316
65516
8
65518
1
9339
65516
8
65518
1
9362
65516
8
65518
1
9384
65517
8
65517
1
9408
65517
8
65517
1
9431
65517
8
65517
1
9453
65516
7
65518
1
9477
65516
7
65518
1
9499
65516
7
65518
1
9522
65516
7
65518
1
9545
65516
7
65518
1
9568
65516
7
65518
1
9590
65516
7
65518
1
9614
65516
7
65518
1
9636
65516
7
65518
1
9659
65516
7
65518
1
9682
65516
7
65518
1
9705
65516
8
65518
1
9728
65516
8
65518
1
9751
65516
8
65518
1
9774
65516
7
65518
1
9796
65516
7
65518
1
9820
65516
7
65518
1
9842
65516
7
65518
1
9865
65516
7
65518
1
9888
65516
7
65518
1
9911
65516
7
65519
1
9933
65516
7
65519
1
9957
65516
7
65519
1
9979
65516
7
65518
1
10002
65516
7
65518
1
10027
65516
7
65518
1
10050
65515
7
65519
1
10075
65515
7
65519
1
10098
65515
7
65519
1
10122
65515
7
65519
1
10146
65515
7
65519
1
10170
65515
7
65519
1
10193
65515
7
65519
1
10218
65515
7
65519
1
10242
65515
7
65519
1
10265
65515
7
65519
1
10290
65515
7
65519
1
10313
65515
7
65519
1
10338
65515
7
65520
1
10361
65515
7
65520
1
10385
65515
7
65520
1
10409
65515
6
65520
1
10433
65515
6
65520
1
10457
65515
6
65521
1
10481
65515
6
65521
1
10505
65515
6
65521
1
10528
65515
6
65521
1
10553
65515
6
65521
1
10576
65515
6
65521
1
10600
65514
6
65521
1
10625
65514
6
65521
1
10648
65514
6
65521
1
10673
65514
5
65522
1
10696
65514
5
65522
1
10720
65514
5
65522
1
10744
65514
4
65523
1
10768
65514
4
65523
1
10791
65514
4
65523
1
10816
65514
4
65523
1
10840
65514
4
65523
1
10863
65514
4
65523
1
10888
65513
3
65524
1
10911
65513
3
65524
1
10936
65514
2
65526
1
10959
65514
2
65526
1
10983
65514
2
65526
1
11008
65515
2
65526
1
11031
65515
2
65526
1
11055
65515
2
65526
1
11079
65515
0
65527
1
11103
65515
0
65527
1
11126
65515
0
65527
1
11151
65516
0
65528
1
11174
65516
0
65528
1
11198
65516
0
65528
1
11223
65518
65535
65528
1
11246
65518
65535
65528
1
11275
65519
65533
65528
1
11302
65519
65533
65528
1
11330
65519
65533
65528
1
11359
65521
65533
65527
1
11386
65521
65533
65527
1
11415
65524
65533
65526
1
11443
65524
65533
65526
1
11471
65524
65533
65526
1
11499
65526
65533
65525
1
11527
65526
65533
65525
1
11555
65527
65534
65523
1
11583
65527
65534
65523
1
11612
65527
65534
65523
1
11639
65527
65535
65522
1
11668
65527
65535
65522
1
11696
65528
0
65520
1
11723
65528
0
65520
1
11748
65528
0
65520
1
11771
65528
0
65519
1
11795
65528
0
65519
1
11820
65528
0
65519
1
11843
65528
0
65519
1
11868
65528
0
65519
1
11891
65528
0
65518
1
11915
65528
0
65518
1
11939
65528
0
65518
1
11963
65528
0
65517
1
11986
65528
0
65517
1
12011
65528
0
65517
1
12035
65528
65535
65516
1
12058
65528
65535
65516
1
12087
65528
65535
65516
1
12114
65528
65535
65514
1
12143
65528
65535
65514
1
12171
65528
65535
65512
1
12198
65528
65535
65512
1
12227
65528
65534
65510
1
12255
65528
65534
65510
1
12283
65528
65534
65510
1
12311
65527
65535
65509
1
12340
65527
65535
65509
1
12367
65527
65535
65508
1
12395
65527
65535
65508
1
12424
65527
65535
65508
1
12451
65526
0
65508
1
12480
65526
0
65508
1
12504
65526
0
65508
1
12527
65526
1
65507
1
12552
65526
1
65507
1
12575
65526
1
65506
1
12600
65526
1
65506
1
12623
65526
1
65506
1
12647
65526
2
65506
1
12672
65526
2
65506
1
12695
65526
2
65506
1
12719
65525
3
65506
1
12743
65525
3
65506
1
12767
65525
3
65506
1
12790
65524
3
65505
1
12815
65524
3
65505
1
12838
65524
3
65505
1
12862
65524
4
65506
1
12887
65524
4
65506
1
12910
65524
4
65506
1
12935
65523
4
65506
1
12958
65523
4
65506
1
12982
65523
4
65506
1
13006
65523
4
65506
1
13030
65523
4
65506
1
13053
65522
5
65506
1
13078
65522
5
65506
1
13102
65522
5
65506
1
13125
65522
5
65506
1
13150
65522
5
65506
1
13173
65522
5
65506
1
13197
65522
5
65506
1
13221
65522
5
65506
1
13245
65522
5
65506
1
13270
65522
5
65506
1
13293
65522
5
65506
1
13317
65522
5
65506
1
13341
65522
6
65506
1
13365
65522
6
65506
1
13388
65522
6
65506
1
13413
65522
5
65507
1
13436
65522
5
65507
1
13460
65522
6
65506
1
13485
65522
6
65506
1
13508
65522
6
65506
1
13533
65521
5
65506
1
13556
65521
5
65506
1
13580
65521
5
65506
1
13604
65522
5
65506
1
13628
65522
5
65506
1
13651
65522
5
65506
1
13676
65522
5
65506
1
13700
65522
5
65506
1
13723
65522
5
65506
1
13748
65522
5
65506
1
13771
65522
5
65506
1
13795
65522
5
65506
1
13819
65522
5
65506
1
13843
65522
5
65506
1
13868
65522
5
65506
1
13891
65522
5
65506
1
13915
65522
5
65506
1
13939
65522
5
65506
1
13963
65522
5
65506
1
13986
65522
5
65506
1
14011
65522
5
65506
1
14034
65522
5
65506
1
14058
65522
5
65506
1
14083
65522
5
65506
1
14106
65522
5
65506
1
14131
65522
5
65506
1
14154
65522
5
65506
1
14178
65522
5
65506
1
14202
65522
5
65506
1
14226
65522
5
65507
1
14249
65522
5
65507
1
14274
65522
5
65507
1
14298
65522
5
65506
1
14321
65522
5
65506
1
14346
65522
5
65506
1
14369
65522
5
65506
1
14393
65522
5
65506
1
14417
65522
5
65506
1
14441
65522
5
65506
1
14466
65522
5
65506
1
14489
65522
5
65506
1
14513
65522
5
65506
1
14537
65522
5
65506
1
14561
65522
5
65506
1
14584
65522
5
65506
1
14609
65522
5
65506
1
14632
65522
5
65506
1
14656
65522
5
65506
1
14681
65522
5
65506
1
14704
65522
5
65506
1
14728
65522
5
65506
1
14752
65522
5
65506
1
14776
65522
6
65506
1
14800
65522
6
65506
1
14824
65522
6
65506
1
14848
65522
5
65506
1
14872
65522
5
65506
1
14896
65522
5
65506
1
14919
65522
5
65506
1
14944
65522
5
65506
1
14967
65522
5
65506
1
14991
65522
5
65506
1
15015
65522
5
65506
1
15039
65522
5
65506
1
15064
65522
5
65506
1
15087
65522
5
65506
1
15111
65522
5
65506
1
15135
65522
5
65506
1
15159
65522
5
65506
1
15182
65522
6
65506
1
15207
65522
6
65506
1
15230
65522
6
65506
1
15254
65522
5
65506
1
15279
65522
5
65506
1
15302
65522
5
65506
1
15326
65522
5
65506
1
15350
65522
5
65506
1
15374
65522
6
65506
1
15398
65522
6
65506
1
15422
65522
6
65506
1
15446
65522
5
65506
1
15470
65522
5
65506
1
15494
65522
5
65506
1
15517
65522
5
65506
1
15542
65522
5
65506
1
15565
65522
5
65506
1
15589
65522
5
65506
1
15613
65522
5
65506
1
15637
65522
5
65506
1
15662
65522
5
65506
1
15685
65522
5
65506
1
15709
65522
5
65506
1
15733
65522
5
65506
1
15757
65522
5
65506
1
15780
65522
5
65506
1
15805
65522
5
65506
1
15828
65522
5
65506
1
15852
65522
5
65506
1
15877
65522
5
65506
1
15900
65522
5
65506
1
15924
65522
5
65506
1
15948
65522
5
65506
1
15972
65522
5
65506
1
15996
65522
5
65506
1
16020
65522
5
65506
1
16044
65522
5
65506
1
16068
65522
5
65506
1
16092
65522
5
65506
1
16115
65522
5
65506
1
16140
65522
5
65506
1
16163
65522
5
65506
1
16187
65522
5
65506
1
16211
65522
5
65506
1
16235
65522
5
65506
1
16259
65522
5
65506
1
16283
65522
5
65506
1
16307
65522
5
65506
1
16331
65522
5
65506
1
16355
65522
5
65506
1
16378
65522
5
65506
1
16403
65522
6
65506
1
16427
65522
6
65506
1
16450
65522
6
65506
1
16475
65522
6
65506
1
16498
65522
6
65506
1
16522
65522
6
65506
1
16546
65522
5
65506
1
16570
65522
5
65506
1
16594
65522
5
65506
1
16618
65522
6
65506
1
16642
65522
6
65506
1
16666
65522
6
65506
1
16690
65522
6
65506
1
16713
65522
6
65506
1
16738
65522
6
65506
1
16761
65522
6
65506
1
16785
65522
6
65506
1
16809
65522
6
65505
1
16833
65522
6
65505
1
16857
65522
6
65505
1
16881
65522
6
65506
1
16905
65522
6
65506
1
16929
65522
6
65506
1
16953
65522
6
65505
1
16976
65522
6
65505
1
17001
65522
6
65505
1
17025
65522
6
65506
1
17048
65522
6
65506
1
17073
65522
6
65506
1
17096
65522
6
65506
1
17120
65522
6
65506
1
17144
65522
6
65506
1
17168
65522
6
65506
1
17192
65522
6
65506
1
17216
65522
6
65506
1
17240
65522
6
65506
1
17264
65522
6
65506
1
17288
65522
6
65506
1
17311
65522
6
65506
1
17336
65522
6
65506
1
17359
65522
6
65505
1
17383
65522
6
65505
1
17408
65522
6
65505
1
17431
65522
5
65505
1
17455
65522
5
65505
1
17479
65522
5
65505
1
17503
65521
6
65506
1
17527
65521
6
65506
1
17551
65521
6
65506
1
17574
65522
6
65506
1
17599
65522
6
65506
1
17623
65522
6
65506
1
17646
65522
6
65505
1
17671
65522
6
65505
1
17694
65522
6
65505
1
17718
65522
5
65505
1
17742
65522
5
65505
1
17766
65522
6
65506
1
17789
65522
6
65506
1
17814
65522
6
65506
1
17838
65522
6
65506
1
17862
65522
6
65506
1
17886
65522
6
65506
1
17909
65522
6
65506
1
17934
65522
6
65506
1
17957
65522
6
65506
1
17981
65522
6
65506
1
18006
65522
6
65506
1
18029
65522
6
65506
1
18053
65522
6
65506
1
18077
65522
6
65506
1
18101
65522
6
65506
1
18125
65522
5
65506
1
18149
65522
5
65506
1
18172
65522
5
65506
1
18197
65522
5
65506
1
18221
65522
5
65506
1
18244
65522
6
65506
1
18269
65522
6
65506
1
18292
65522
6
65506
1
18316
65522
6
65505
1
18340
65522
6
65505
1
18364
65522
6
65505
1
18387
65522
6
65505
1
18412
65522
6
65505
1
18436
65522
6
65505
1
18460
65522
6
65506
1
18484
65522
6
65506
1
18507
65522
6
65506
1
18532
65522
5
65506
1
18555
65522
5
65506
1
18579
65522
5
65506
1
18604
65522
6
65505
1
18627
65522
6
65505
1
18651
65522
6
65505
1
18675
65522
6
65505
1
18699
65522
6
65505
1
18723
65522
5
65506
1
18747
65522
5
65506
1
18770
65522
5
65506
1
18795
65522
5
65506
1
18819
65522
5
65506
1
18842
65522
5
65506
1
18867
65522
6
65505
1
18890
65522
6
65505
1
18914
65522
6
65505
1
18938
65522
6
65505
1
18962
65522
6
65505
1
18985
65522
6
65505
1
19010
65522
6
65505
1
19034
65522
6
65505
1
19058
65522
6
65505
1
19082
65522
6
65506
1
19105
65522
6
65506
1
19130
65522
6
65505
1
19153
65522
6
65505
1
19177
65522
6
65505
1
19202
65522
6
65505
1
19225
65522
6
65505
1
19249
65522
6
65505
1
19273
65522
6
65506
1
19297
65522
6
65506
1
19320
65522
6
65506
1
19345
65522
6
65506
1
19368
65522
6
65506
1
19393
65522
6
65506
1
19417
65522
6
65506
1
19440
65522
6
65506
1
19465
65522
6
65506
1
19488
65522
6
65506
1
19512
65522
6
65506
1
19536
65522
6
65506
1
19560
65522
6
65506
1
19584
65522
6
65506
1
19608
65522
6
65506
1
19632
65522
6
65506
1
19656
65522
6
65506
1
19680
65522
6
65505
1
19703
65522
6
65505
1
19728
65522
6
65505
1
19751
65522
6
65506
1
19775
65522
6
65506
1
19800
65522
6
65506
1
19823
65522
5
65506
1
19847
65522
5
65506
1
19871
65522
5
65506
1
19895
65522
6
65506
1
19918
65522
6
65506
1
19943
65522
6
65506
1
19966
65522
5
65505
1
19991
65522
5
65505
1
20015
65522
5
65505
1
20038
65522
5
65506
1
20063
65522
5
65506
1
20086
65522
6
65506
1
20110
65522
6
65506
1
20134
65522
6
65506
1
20158
65522
6
65505
1
20182
65522
6
65505
1
20206
65522
6
65505
1
20230
65522
6
65506
1
20254
65522
6
65506
1
20278
65522
6
65506
1
20301
65522
6
65506
1
20326
65522
6
65506
1
20349
65522
6
65506
1
20373
65522
6
65506
1
20398
65522
6
65506
1
20421
65522
6
65506
1
20445
65522
6
65506
1
20469
65522
6
65506
1
20493
65522
6
65506
1
20516
65522
6
65506
1
20541
65522
6
65506
1
20564
65522
6
65505
1
20589
65522
6
65505
1
20613
65522
6
65505
1
20636
65522
6
65505
1
20661
65522
6
65505
1
20684
65522
6
65505
1
20708
65522
6
65506
1
20732
65522
6
65506
1
20756
65522
6
65506
1
20780
65522
5
65505
1
20804
65522
5
65505
1
20828
65522
5
65505
1
20851
65522
6
65505
1
20876
65522
6
65505
1
20899
65522
6
65505
1
20924
65522
6
65506
1
20947
65522
6
65506
1
20971
65522
6
65506
1
20996
65522
6
65506
1
21019
65522
6
65506
1
21043
65522
6
65506
1
21067
65522
6
65506
1
21091
65522
6
65506
1
21114
65522
6
65506
1
21139
65522
6
65506
1
21163
65522
6
65506
1
21187
65522
6
65506
1
21211
65522
6
65506
1
21234
65522
6
65506
1
21259
65522
6
65506
1
21282
65522
6
65506
1
21306
65522
6
65506
1
21330
65522
6
65506
1
21354
65522
6
65506
1
21378
65522
6
65506
1
21402
65522
5
65506
1
21426
65522
5
65506
1
21449
65522
5
65506
1
21474
65522
5
65506
1
21497
65522
5
65506
1
21522
65522
6
65505
1
21545
65522
6
65505
1
21569
65522
6
65505
1
21594
65522
6
65505
1
21617
65522
6
65505
1
21641
65522
6
65505
1
21665
65522
6
65505
1
21689
65522
6
65505
1
21712
65522
6
65505
1
21737
65522
6
65506
1
21761
65522
6
65506
1
21785
65522
6
65506
1
21809
65522
5
65506
1
21832
65522
5
65506
1
21857
65522
5
65506
1
21880
65522
6
65505
1
21904
65522
6
65505
1
21928
65522
6
65505
1
21952
65522
5
65505
1
21976
65522
5
65505
1
22000
65522
5
65505
1
22024
65522
5
65505
1
22047
65522
5
65505
1
22072
65522
6
65505
1
22095
65522
6
65505
1
22120
65522
6
65505
1
22144
65522
6
65505
1
22167
65522
6
65505
1
22192
65522
6
65505
1
22215
65523
5
65504
1
22239
65523
5
65504
1
22263
65523
5
65504
1
22287
65523
5
65505
1
22310
65523
5
65505
1
22335
65523
5
65505
1
22359
65523
5
65504
1
22382
65523
5
65504
1
22407
65523
5
65504
1
22430
65523
5
65504
1
22455
65523
5
65504
1
22478
65523
5
65504
1
22502
65523
5
65504
1
22526
65523
5
65504
1
22550
65523
4
65504
1
22574
65523
4
65504
1
22598
65523
4
65504
1
22622
65524
4
65504
1
22645
65524
4
65504
1
22670
65524
4
65504
1
22693
65524
4
65504
1
22718
65524
4
65504
1
22742
65524
4
65504
1
22765
65525
4
65505
1
22790
65525
4
65505
1
22813
65525
4
65505
1
22837
65525
3
65504
1
22861
65525
3
65504
1
22885
65525
3
65504
1
22908
65526
3
65504
1
22933
65526
3
65504
1
22957
65526
3
65505
1
22980
65526
3
65505
1
23005
65526
3
65505
1
23028
65526
2
65505
1
23053
65526
2
65505
1
23076
65526
2
65505
1
23100
65527
2
65506
1
23124
65527
2
65506
1
23148
65527
2
65506
1
23172
65527
1
65506
1
23196
65527
1
65506
1
23220
65527
1
65506
1
23243
65527
0
65506
1
23268
65527
0
65506
1
23291
65527
0
65506
1
23316
65527
0
65507
1
23340
65527
0
65507
1
23363
65527
0
65507
1
23388
65527
0
65507
1
23411
65527
0
65507
1
23435
65527
65535
65508
1
23459
65527
65535
65508
1
23487
65527
65535
65508
1
23516
65528
65534
65509
1
23543
65528
65534
65509
1
23571
65528
65534
65510
1
23600
65528
65534
65510
1
23627
65528
65534
65510
1
23656
65528
65534
65512
1
23684
65528
65534
65512
1
23711
65529
65535
65514
1
23740
65529
65535
65514
1
23768
65529
65535
65514
1
23796
65528
0
65515
1
23824
65528
0
65515
1
23848
65529
0
65517
1
23872
65529
0
65517
1
23896
65529
0
65517
1
23920
65528
0
65518
1
23944
65528
0
65518
1
23967
65528
0
65518
1
23992
65529
0
65518
1
24015
65529
0
65518
1
24039
65529
0
65518
1
24064
65529
0
65519
1
24087
65529
0
65519
1
24111
65529
0
65519
1
24135
65529
0
65520
1
24159
65529
0
65520
1
24183
65529
0
65520
1
24207
65529
0
65520
1
24230
65529
0
65520
1
24255
65527
65533
65524
1
24279
65527
65533
65524
1
24306
65527
65533
65524
1
24335
65524
65532
65526
1
24363
65524
65532
65526
1
24391
65521
65532
65528
1
24419
65521
65532
65528
1
24448
65521
65532
65528
1
24475
65518
65533
65529
1
24503
65518
65533
65529
1
24531
65516
0
65528
1
24559
65516
0
65528
1
24584
65516
0
65528
1
24607
65514
1
65526
1
24631
65514
1
65526
1
24655
65514
1
65526
1
24679
65514
2
65525
1
24702
65514
2
65525
1
24727
65514
2
65525
1
24751
65514
3
65524
1
24774
65514
3
65524
1
24799
65514
3
65524
1
24822
65514
3
65524
1
24847
65514
3
65524
1
24870
65514
5
65522
1
24894
65514
5
65522
1
24919
65514
5
65522
1
24942
65514
5
65521
1
24966
65514
5
65521
1
24990
65514
5
65521
1
25014
65514
6
65521
1
25037
65514
6
65521
1
25062
65514
6
65521
1
25085
65515
6
65520
1
25109
65515
6
65520
1
25134
65515
6
65520
1
25157
65514
7
65520
1
25182
65514
7
65520
1
25205
65514
7
65520
1
25229
65515
7
65519
1
25253
65515
7
65519
1
25277
65515
7
65519
1
25300
65515
7
65519
1
25325
65515
7
65519
1
25349
65515
7
65519
1
25372
65515
7
65519
1
25397
65515
7
65519
1
25420
65516
7
65518
1
25444
65516
7
65518
1
25468
65516
7
65518
1
25492
65516
7
65518
1
25517
65516
7
65518
1
25540
65516
7
65518
1
25564
65516
7
65518
1
25588
65516
7
65518
1
25612
65516
7
65518
1
25635
65516
8
65518
1
25660
65516
8
65518
1
25683
65516
8
65518
1
25707
65516
7
65518
1
25732
65516
7
65518
1
25755
65516
8
65518
1
25780
65516
8
65518
1
25803
65516
8
65518
1
25827
65516
8
65517
1
25851
65516
8
65517
1
25875
65516
8
65517
1
25899
65516
8
65518
1
25923
65516
8
65518
1
25947
65516
8
65518
1
25970
65517
8
65517
1
25995
65517
8
65517
1
26018
65517
8
65517
1
26042
65517
8
65517
1
26066
65517
8
65517
1
26090
65517
8
65517
1
26115
65516
8
65517
1
26138
65516
8
65517
1
26162
65516
8
65517
1
26186
65516
8
65517
1
26210