65517
8
65517
1
18196
65517
8
65517
1
18221
65517
8
65517
1
18244
65517
8
65517
1
18268
65517
8
65517
1
18292
65517
8
65517
1
18316
65517
8
65517
1
18339
65517
8
65517
1
18364
65517
7
65516
1
18387
65517
7
65516
1
18411
65517
7
65517
1
18436
65517
7
65517
1
18459
65517
7
65517
1
18484
65517
8
65516
1
18507
65517
8
65516
1
18531
65517
8
65516
1
18555
65517
8
65517
1
18579
65517
8
65517
1
18603
65517
8
65517
1
18627
65517
8
65517
1
18651
65517
8
65517
1
18674
65517
8
65517
1
18699
65517
7
65517
1
18722
65517
7
65517
1
18746
65517
7
65517
1
18770
65517
7
65517
1
18794
65517
7
65517
1
18819
65517
7
65517
1
18842
65517
8
65517
1
18866
65517
8
65517
1
18890
65517
7
65517
1
18914
65517
7
65517
1
18937
65517
7
65517
1
18962
65517
7
65517
1
18985
65517
7
65517
1
19009
65517
7
65517
1
19034
65517
7
65517
1
19057
65517
7
65517
1
19082
65517
7
65517
1
19105
65517
8
65517
1
19129
65517
8
65517
1
19153
65517
8
65517
1
19177
65517
8
65517
1
19201
65517
8
65517
1
19225
65517
8
65517
1
19249
65517
7
65517
1
19272
65517
7
65517
1
19297
65517
7
65517
1
19320
65517
7
65517
1
19344
65517
7
65517
1
19368
65517
7
65517
1
19392
65517
7
65517
1
19417
65517
7
65517
1
19440
65517
7
65517
1
19464
65517
7
65517
1
19488
65517
7
65517
1
19512
65517
8
65517
1
19535
65517
8
65517
1
19560
65517
8
65517
1
19584
65517
8
65517
1
19607
65517
8
65517
1
19632
65517
8
65517
1
19655
65517
8
65517
1
19679
65517
8
65517
1
19703
65517
8
65517
1
19727
65517
7
65517
1
19751
65517
7
65517
1
19775
65517
7
65517
1
19799
65517
8
65517
1
19823
65517
8
65517
1
19847
65517
7
65517
1
19870
65517
7
65517
1
19895
65517
7
65517
1
19918
65517
7
65517
1
19942
65517
7
65517
1
19966
65517
7
65517
1
19990
65517
8
65517
1
20015
65517
8
65517
1
20038
65517
8
65517
1
20062
65517
7
65517
1
20086
65517
7
65517
1
20110
65517
7
65517
1
20133
65517
7
65517
1
20158
65517
7
65517
1
20182
65517
7
65517
1
20205
65517
7
65517
1
20230
65517
7
65517
1
20253
65517
7
65517
1
20277
65517
7
65517
1
20301
65517
7
65517
1
20325
65517
8
65517
1
20349
65517
8
65517
1
20373
65517
8
65517
1
20397
65517
8
65517
1
20421
65517
8
65517
1
20445
65517
8
65517
1
20468
65517
8
65517
1
20493
65517
8
65517
1
20516
65517
8
65517
1
20540
65517
7
65517
1
20564
65517
7
65517
1
20588
65517
7
65517
1
20613
65517
8
65517
1
20636
65517
8
65517
1
20660
65517
8
65517
1
20684
65517
7
65517
1
20708
65517
7
65517
1
20731
65516
7
65517
1
20756
65516
7
65517
1
20780
65516
7
65517
1
20803
65517
7
65517
1
20828
65517
7
65517
1
20851
65517
7
65517
1
20875
65517
8
65517
1
20899
65517
8
65517
1
20923
65517
8
65517
1
20947
65516
8
65517
1
20971
65516
8
65517
1
20995
65516
8
65517
1
21019
65516
8
65517
1
21043
65516
8
65517
1
21066
65516
8
65517
1
21091
65517
7
65517
1
21114
65517
7
65517
1
21138
65517
7
65517
1
21163
65516
8
65517
1
21186
65516
8
65517
1
21210
65516
7
65517
1
21234
65516
7
65517
1
21258
65516
7
65517
1
21282
65516
7
65517
1
21306
65516
7
65517
1
21329
65516
7
65517
1
21354
65517
8
65517
1
21378
65517
8
65517
1
21401
65517
8
65517
1
21426
65517
8
65517
1
21449
65517
8
65517
1
21473
65517
8
65517
1
21497
65517
8
65517
1
21521
65517
8
65517
1
21545
65517
8
65517
1
21569
65517
7
65518
1
21593
65517
7
65518
1
21617
65517
7
65518
1
21641
65516
8
65517
1
21664
65516
8
65517
1
21689
65516
7
65518
1
21712
65516
7
65518
1
21736
65516
7
65518
1
21761
65516
8
65518
1
21784
65516
8
65518
1
21808
65516
8
65518
1
21832
65516
7
65518
1
21856
65516
7
65518
1
21880
65516
7
65518
1
21904
65516
7
65518
1
21927
65516
7
65518
1
21952
65516
7
65518
1
21976
65516
7
65518
1
21999
65516
7
65518
1
22024
65516
7
65518
1
22047
65516
7
65518
1
22071
65516
7
65518
1
22095
65516
7
65518
1
22119
65516
7
65518
1
22144
65516
7
65518
1
22167
65516
7
65518
1
22191
65516
7
65518
1
22215
65516
7
65518
1
22239
65516
7
65518
1
22262
65516
7
65518
1
22287
65516
7
65518
1
22310
65516
7
65518
1
22334
65516
7
65518
1
22359
65516
7
65518
1
22382
65515
7
65519
1
22406
65515
7
65519
1
22430
65515
7
65519
1
22454
65516
7
65519
1
22478
65516
7
65519
1
22502
65516
7
65519
1
22525
65516
7
65519
1
22550
65516
7
65519
1
22574
65516
7
65519
1
22597
65515
7
65519
1
22622
65515
7
65519
1
22645
65515
7
65519
1
22669
65515
7
65519
1
22693
65515
7
65519
1
22717
65515
7
65520
1
22740
65515
7
65520
1
22765
65515
7
65520
1
22789
65514
7
65520
1
22813
65514
7
65520
1
22837
65514
7
65520
1
22860
65515
6
65520
1
22885
65515
6
65520
1
22908
65515
6
65520
1
22932
65514
6
65521
1
22957
65514
6
65521
1
22980
65514
6
65521
1
23004
65514
6
65521
1
23028
65514
6
65521
1
23052
65514
6
65521
1
23076
65514
5
65523
1
23100
65514
5
65523
1
23123
65514
5
65522
1
23148
65514
5
65522
1
23172
65514
5
65522
1
23195
65514
4
65523
1
23220
65514
4
65523
1
23243
65514
4
65523
1
23267
65514
4
65524
1
23291
65514
4
65524
1
23315
65514
4
65524
1
23339
65514
3
65525
1
23363
65514
3
65525
1
23387
65514
3
65525
1
23411
65514
2
65526
1
23435
65514
2
65526
1
23458
65514
2
65526
1
23483
65515
2
65527
1
23506
65515
2
65527
1
23530
65515
2
65527
1
23555
65515
0
65527
1
23578
65515
0
65527
1
23602
65516
0
65529
1
23626
65516
0
65529
1
23650
65516
0
65529
1
23674
65518
65534
65529
1
23698
65518
65534
65529
1
23726
65518
65534
65529
1
23754
65520
65533
65529
1
23782
65520
65533
65529
1
23811
65523
65533
65528
1
23838
65523
65533
65528
1
23866
65523
65533
65528
1
23895
65525
65533
65527
1
23922
65525
65533
65527
1
23951
65527
65534
65525
1
23979
65527
65534
65525
1
24007
65528
65535
65523
1
24035
65528
65535
65523
1
24062
65528
65535
65523
1
24091
65528
0
65521
1
24119
65528
0
65521
1
24143
65528
0
65521
1
24167
65528
0
65520
1
24190
65528
0
65520
1
24215
65528
0
65520
1
24239
65528
0
65520
1
24262
65528
0
65520
1
24287
65528
0
65518
1
24310
65528
0
65518
1
24334
65528
0
65518
1
24358
65528
0
65518
1
24382
65528
0
65518
1
24407
65528
0
65518
1
24430
65528
0
65517
1
24454
65528
0
65517
1
24478
65528
0
65517
1
24502
65528
0
65516
1
24525
65528
0
65516
1
24550
65528
0
65516
1
24573
65528
65535
65515
1
24597
65528
65535
65515
1
24626
65527
65534
65513
1
24653
65527
65534
65513
1
24682
65527
65534
65513
1
24710
65527
65534
65511
1
24737
65527
65534
65511
1
24766
65528
65535
65510
1
24794
65528
65535
65510
1
24822
65528
65535
65510
1
24850
65527
0
65509
1
24879
65527
0
65509
1
24902
65528
0
65508
1
24926
65528
0
65508
1
24950
65528
0
65508
1
24974
65527
1
65507
1
24997
65527
1
65507
1
25022
65527
1
65507
1
25046
65527
2
65507
1
25069
65527
2
65507
1
25094
65527
2
65507
1
25117
65526
3
65506
1
25142
65526
3
65506
1
25165
65526
3
65506
1
25189
65525
3
65506
1
25213
65525
3
65506
1
25237
65525
3
65506
1
25261
65524
4
65506
1
25285
65524
4
65506
1
25309
65524
4
65506
1
25332
65524
4
65506
1
25357
65524
4
65506
1
25380
65523
5
65507
1
25405
65523
5
65507
1
25428
65523
5
65507
1
25452
65522
6
65508
1
25477
65522
6
65508
1
25500
65522
6
65508
1
25524
65523
7
65508
1
25548
65523
7
65508
1
25572
65523
7
65508
1
25595
65523
7
65509
1
25620
65523
7
65509
1
25644
65523
7
65509
1
25667
65523
7
65510
1
25692
65523
7
65510
1
25715
65523
7
65510
1
25740
65524
7
65510
1
25763
65524
7
65510
1
25787
65524
8
65511
1
25811
65524
8
65511
1
25835
65524
8
65511
1
25859
65524
8
65511
1
25883
65524
8
65511
1
25907
65524
8
65511
1
25930
65525
8
65512
1
25955
65525
8
65512
1
25978
65525
8
65512
1
26002
65525
8
65512
1
26027
65525
8
65512
1
26050
65525
8
65512
1
26075
65525
8
65512
1
26098
65525
8
65512
1
26122
65525
8
65512
1
26146
65526
8
65512
1
26170
65526
8
65512
1
26193
65526
8
65512
1
26218
65526
8
65511
1
26242
65526
8
65511
1
26265
65526
8
65512
1
26290
65526
8
65512
1
26313
65526
8
65512
1
26338
65526
8
65512
1
26361
65526
8
65512
1
26385
65526
8
65512
1
26409
65526
8
65511
1
26433
65526
8
65511
1
26457
65526
8
65511
1
26481
65525
8
65511
1
26505
65525
8
65511
1
26528
65525
8
65511
1
26553
65526
8
65511
1
26576
65526
8
65511
1
26600
65526
8
65511
1
26625
65526
8
65511
1
26648
65526
8
65511
1
26673
65526
8
65511
1
26696
65526
8
65511
1
26720
65526
8
65511
1
26744
65526
8
65512
1
26768
65526
8
65512
1
26791
65526
8
65512
1
26816
65526
8
65512
1
26840
65526
8
65512
1
26863
65526
8
65512
1
26888
65526
8
65512
1
26911
65526
8
65512
1
26936
65526
8
65512
1
26959
65526
8
65511
1
26983
65526
8
65511
1
27008
65526
8
65511
1
27031
65526
8
65512
1
27055
65526
8
65512
1
27079
65526
8
65512
1
27103
65526
8
65512
1
27126
65526
8
65512
1
27151
65526
8
65511
1
27174
65526
8
65511
1
27198
65526
8
65511
1
27223
65526
9
65511
1
27246
65526
9
65511
1
27271
65526
9
65511
1
27294
65526
9
65511
1
27318
65526
9
65511
1
27342
65526
9
65511
1
27366
65526
9
65511
1
27389
65526
9
65511
1
27414
65526
9
65511
1
27438
65526
8
65511
1
27461
65526
8
65511
1
27486
65526
8
65511
1
27509
65527
8
65511
1
27533
65527
8
65511
1
27557
65527
8
65511
1
27581
65526
9
65511
1
27606
65526
9
65511
1
27629
65527
8
65511
1
27653
65527
8
65511
1
27677
65527
8
65511
1
27701
65527
9
65511
1
27724
65527
9
65511
1
27749
65527
9
65511
1
27772
65526
9
65511
1
27796
65526
9
65511
1
27821
65526
9
65511
1
27844
65526
8
65511
1
27869
65526
8
65511
1
27892
65526
8
65511
1
27916
65527
9
65511
1
27940
65527
9
65511
1
27964
65527
9
65511
1
27987
65527
8
65511
1
28012
65527
8
65511
1
28036
65527
8
65511
1
28059
65527
9
65511
1
28084
65527
9
65511
1
28107
65527
9
65511
1
28131
65527
9
65511
1
28155
65527
9
65511
1
28179
65526
9
65511
1
28204
65526
9
65511
1
28227
65526
9
65511
1
28251
65526
9
65511
1
28275
65526
9
65511
1
28299
65526
9
65511
1
28322
65527
8
65511
1
28347
65527
8
65511
1
28370
65527
8
65511
1
28394
65526
9
65511
1
28419
65526
9
65511
1
28442
65526
9
65511
1
28467
65526
9
65511
1
28490
65526
9
65511
1
28514
65526
9
65511
1
28538
65526
9
65511
1
28562
65526
9
65511
1
28585
65525
9
65511
1
28610
65525
9
65511
1
28634
65525
9
65511
1
28657
65525
9
65511
1
28682
65525
9
65511
1
28705
65525
9
65511
1
28729
65525
9
65511
1
28753
65525
9
65511
1
28777
65525
9
65511
1
28802
65524
8
65510
1
28825
65524
8
65510
1
28849
65524
8
65510
1
28873
65523
8
65509
1
28897
65523
8
65509
1
28920
65523
8
65509
1
28945
65522
7
65507
1
28968
65522
7
65507
1
28992
65522
7
65507
1
29017
65523
6
65506
1
29040
65523
6
65506
1
29064
65524
5
65505
1
29088
65524
5
65505
1
29112
65524
5
65505
1
29136
65525
4
65506
1
29160
65525
4
65506
1
29184
65525
4
65506
1
29208
65526
3
65505
1
29232
65526
3
65505
1
29255
65526
3
65505
1
29280
65526
2
65507
1
29303
65526
2
65507
1
29327
65526
2
65507
1
29351
65527
1
65507
1
29375
65527
1
65507
1
29400
65527
1
65507
1
29423
65528
0
65508
1
29447
65528
0
65508
1
29471
65528
0
65508
1
29495
65528
65535
65509
1
29518
65528
65535
65509
1
29547
65528
65534
65510
1
29575
65528
65534
65510
1
29603
65528
65534
65510
1
29631
65528
65534
65511
1
29659
65528
65534
65511
1
29687
65528
65534
65513
1
29715
65528
65534
65513
1
29744
65529
65534
65514
1
29771
65529
65534
65514
1
29800
65529
65534
65514
1
29828
65528
65535
65515
1
29855
65528
65535
65515
1
29884
65528
0
65516
1
29912
65528
0
65516
1
29936
65528
0
65516
1
29960
65528
0
65516
1
29983
65528
0
65516
1
30008
65528
0
65516
1
30031
65528
0
65517
1
30055
65528
0
65517
1
30080
65528
0
65517
1
30103
65528
0
65517
1
30127
65528
0
65517
1
30151
65528
0
65517
1
30175
65528
0
65517
1
30199
65528
0
65517
1
30223
65528
0
65517
1
30246
65528
0
65516
1
30271
65528
0
65516
1
30295
65528
0
65516
1
30318
65528
0
65516
1
30343
65528
0
65516
1
30366
65528
0
65516
1
30390
65528
0
65516
1
30414
65528
0
65516
1
30438
65528
0
65516
1
30461
65528
0
65516
1
30486
65528
0
65516
1
30510
65528
0
65516
1
30534
65528
0
65516
1
30558
65528
0
65516
1
30581
65528
0
65516
1
30606
65528
0
65516
1
30629
65528
0
65516
1
30653
65528
0
65516
1
30678
65528
0
65516
1
30701
65528
0
65516
1
30725
65528
0
65516
1
30749
65528
0
65516
1
30773
65528
65535
65515
1
30797
65528
65535
65515
1
30825
65528
65535
65515
1
30853
65529
65535
65515
1
30881
65529
65535
65515
1
30909
65528
65535
65515
1
30938
65528
65535
65515
1
30965
65528
65535
65515
1
30993
65529
65535
65514
1
31022
65529
65535
65514
1
31049
65528
65535
65514
1
31078
65528
65535
65514
1
31106
65528
65535
65514
1
31134
65528
65535
65513
1
31162
65528
65535
65513
1
31190
65528
65535
65512
1
31218
65528
65535
65512
1
31246
65528
65534
65511
1
31275
65528
65534
65511
1
31302
65528
65534
65511
1
31331
65528
65535
65510
1
31358
65528
65535
65510
1
31386
65528
65535
65510
1
31415
65528
65535
65510
1
31442
65528
65535
65510
1
31471
65527
0
65509
1
31499
65527
0
65509
1
31522
65528
0
65508
1
31547
65528
0
65508
1
31570
65528
0
65508
1
31595
65527
0
65508
1
31619
65527
0
65508
1
31642
65527
0
65508
1
31667
65526
2
65507
1
31690
65526
2
65507
1
31714
65526
2
65507
1
31738
65526
3
65506
1
31762
65526
3
65506
1
31785
65526
3
65506
1
31810
65525
3
65506
1
31834
65525
3
65506
1
31857
65525
3
65506
1
31882
65524
4
65506
1
31905
65524
4
65506
1
31930
65524
4
65506
1
31953
65523
5
65507
1
31977
65523
5
65507
1
32002
65522
6
65508
1
32025
65522
6
65508
1
32049
65522
6
65508
1
32073
65523
7
65509
1
32097
65523
7
65509
1
32120
65523
7
65509
1
32145
65524
7
65511
1
32168
65524
7
65511
1
32192
65524
7
65511
1
32217
65525
8
65512
1
32240
65525
8
65512
1
32265
65525
8
65512
1
32288
65526
8
65512
1
32312
65526
8
65512
1
32336
65526
8
65512
1
32360
65526
8
65512
1
32384
65526
8
65512
1
32408
65526
8
65512
1
32432
65526
7
65511
1
32455
65526
7
65511
1
32480
65526
7
65511
1
32503
65526
7
65511
1
32528
65526
7
65511
1
32551
65525
6
65511
1
32575
65525
6
65511
1
32600
65525
6
65511
1
32623
65525
6
65511
1
32647
65525
6
65511
1
32671
65525
6
65511
1
32695
65525
7
65509
1
32718
65525
7
65509
1
32743
65525
7
65509
1
32766
65525
7
65509
1
32790
65525
7
65509
1
32815
65525
7
65509
1
32838
65524
7
65509
1
32863
65524
7
65509
1
32886
65524
7
65509
1
32910
65524
6
65508
1
32934
65524
6
65508
1
32958
65524
7
65509
1
32982
65524
7
65509
1
33006
65524
7
65509
1
33030
65524
7
65509
1
33053
65524
7
65509
1
33078
65524
7
65509
1
33101
65523
6
65508
1
33126
65523
6
65508
1
33149
65523
6
65508
1
33173
65523
7
65509
1
33198
65523
7
65509
1
33221
65523
7
65509
1
33245
65523
6
65509
1
33269
65523
6
65509
1
33293
65523
6
65509
1
33316
65523
6
65509
1
33341
65523
6
65509
1
33364
65523
6
65509
1
33388
65523
6
65509
1
33413
65523
6
65509
1
33436
65523
5
65510
1
33461
65523
5
65510
1
33484
65523
5
65510
1
33508
65523
5
65509
1
33532
65523
5
65509
1
33556
65523
5
65509
1
33580
65523
5
65510
1
33604
65523
5
65510
1
33628
65523
5
65510
1
33651
65523
5
65509
1
33676
65523
5
65509
1
33699
65523
5
65509
1
33723
65524
5
65510
1
33747
65524
5
65510
1
33771
65524
5
65510
1
33796
65524
5
65510
1
33819
65524
5
65510
1
33843
65524
5
65509
1
33867
65524
5
65509
1
33891
65524
5
65509
1
33914
65524
5
65509
1
33939
65524
5
65509
1
33963
65524
5
65509
1
33986
65524
5
65509
1
34011
65524
5
65509
1
34034
65524
5
65509
1
34059
65524
5
65509
1
34082
65524
5
65509
1
34106
65524
5
65509
1
34130
65525
5
65508
1
34154
65525
5
65508
1
34178
65525
5
65508
1
34202
65525
5
65508
1
34226
65525
5
65508
1
34249
65525
5
65508
1
34274
65525
6
65508
1
34297
65525
6
65508
1
34321
65525
5
65507
1
34345
65525
5
65507
1
34369
65525
5
65507
1
34394
65526
6
65508
1
34417
65526
6
65508
1
34441
65526
6
65508
1
34465
65526
6
65507
1
34489
65526
6
65507
1
34512
65526
6
65507
1
34537
65526
6
65507
1
34561
65526
6
65507
1
34584
65526
6
65507
1
34609
65526
6
65507
1
34632
65526
6
65507
1
34657
65526
6
65507
1
34680
65525
6
65507
1
34704
65525
6
65507
1
34728
65525
6
65507
1
34752
65526
6
65507
1
34776
65526
6
65507
1
34800
65526
6
65507
1
34824
65526
6
65507
1
34847
65526
6
65507
1
34872
65525
6
65508
1
34895
65525
6
65508
1
34919
65525
6
65508
1
34944
65525
5
65508
1
34967
65525
5
65508
1
34992
65525
5
65508
1
35015
65525
5
65509
1
35039
65525
5
65509
1
35063
65525
5
65509
1
35087
65524
5
65509
1
35110
65524
5
65509
1
35135
65524
5
65509
1
35159
65523
6
65510
1
35182
65523
6
65510
1
35207
65523
6
65510
1
35230
65523
6
65510
1
35254
65523
6
65510
1
35278
65523
6
65510
1
35302
65523
6
65510
1
35326
65523
6
65510
1
35350
65523
7
65509
1
35374
65523
7
65509
1
35398
65523
7
65509
1
35422
65524
7
65509
1
35445
65524
7
65509
1
35470
65524
7
65509
1
35493
65524
7
65508
1
35517
65524
7
65508
1
35542
65524
7
65508
1
35565
65525
7
65509
1
35590
65525
7
65509
1
35613
65525
7
65509
1
35637
65525
7
65509
1
35661
65525
7
65509
1
35685
65525
7
65509
1
35708
65525
8
65510
1
35733
65525
8
65510
1
35757
65527
8
65510
1
35780
65527
8
65510
1
35805
65527
8
65510
1
35828
65526
9
65511
1
35852
65526
9
65511
1
35876
65526
9
65511
1
35900
65526
9
65512
1
35924
65526
9
65512
1
35948
65526
9
65512
1
35972
65524
9
65511
1
35996
65524
9
65511
1
36020
65524
9
65511
1
36043
65523
7
65508
1
36068
65523
7
65508
1
36091
65523
7
65508
1
36115
65523
6
65506
1
36140
65523
6
65506
1
36163
65523
6
65506
1
36188
65525
4
65507
1
36211
65525
4
65507
1
36235
65526
3
65506
1
36259
65526
3
65506
1
36283
65526
3
65506
1
36306
65528
1
65507
1
36331
65528
1
65507
1
36355
65528
1
65507
1
36378
65528
0
65508
1
36403
65528
0
65508
1
36426
65528
0
65508
1
36450
65528
65534
65510
1
36474
65528
65534
65510
1
36502
65528
65534
65510
1
36531
65528
65534
65510
1
36558
65528
65534
65510
1
36587
65529
65535
65515
1
36615
65529
65535
65515
1
36642
65529
0
65517
1
36671
65529
0
65517
1
36695
65529
0
65517
1
36718
65528
0
65518
1
36743
65528
0
65518
1
36766
65528
0
65518
1
36791
65528
0
65519
1
36814
65528
0
65519
1
36838
65528
0
65519
1
36862
65529
0
65520
1
36886
65529
0
65520
1
36910
65529
0
65520
1
36934
65528
0
65521
1
36958
65528
0
65521
1
36981
65528
0
65521
1
37006
65528
65535
65523
1
37029
65528
65535
65523
1
37058
65528
65534
65524
1
37086
65528
65534
65524
1
37113
65528
65534
65524
1
37142
65527
65533
65525
1
37170
65527
65533
65525
1
37198
65526
65533
65526
1
37226
65526
65533
65526
1
37255
65525
65533
65527
1
37282
65525
65533
65527
1
37310
65525
65533
65527
1
37339
65525
65532
65527
1
37366
65525
65532
65527
1
37395
65524
65533
65528
1
37423
65524
65533
65528
1
37450
65524
65533
65528
1
37479
65523
65532
65528
1
37507
65523
65532
65528
1
37535
65522
65532
65529
1
37563
65522
65532
65529
1
37592
65522
65532
65529
1
37619
65523
65532
65529
1
37647
65523
65532
65529
1
37676
65523
65532
65529
1
37703
65523
65532
65529
1
37732
65523
65532
65529
1
37760
65523
65532
65529
1
37788
65523
65532
65529
1
37816
65523
65532
65528
1
37843
65523
65532
65528
1
37872
65523
65532
65528
1
37900
65523
65532
65528
1
37928
65523
65532
65528
1
37956
65523
65532
65528
1
37985
65523
65532
65528
1
38012
65523
65532
65528
1
38040
65523
65532
65528
1
38069
65523
65532
65528
1
38096
65524
65532
65528
1
38125
65524
65532
65528
1
38153
65524
65532
65528
1
38180
65524
65532
65528
1
38209
65524
65532
65528
1
38237
65524
65532
65527
1
38265
65524
65532
65527
1
38293
65525
65532
65527
1
38322
65525
65532
65527
1
38349
65525
65533
65527
1
38377
65525
65533
65527
1
38406
65525
65533
65527
1
38433
65526
65533
65526
1
38462
65526
65533
65526
1
38490
65526
65533
65526
1
38518
65526
65533
65526
1
38546
65526
65533
65526
1
38574
65527
65534
65525
1
38602
65527
65534
65525
1
38630
65527
65534
65524
1
38659
65527
65534
65524
1
38686
65527
65534
65524
1
38714
65527
65535
65523
1
38743
65527
65535
65523
1
38770
65528
65535
65522
1
38799
65528
65535
65522
1
38827
65528
0
65522
1
38855
65528
0
65522
1
38879
65528
0
65522
1
38902
65529
0
65520
1
38927
65529
0
65520
1
38950
65529
0
65520
1
38974
65528
0
65520
1
38999
65528
0
65520
1
39022
65528
0
65520
1
39046
65528
0
65519
1
39070
65528
0
65519
1
39094
65528
0
65519
1
39118
65528
0
65518
1
39142
65528
0
65518
1
39165
65528
0
65518
1
39190
65528
0
65518
1
39214
65528
0
65518
1
39237
65528
0
65518
1
39262
65528
0
65517
1
39285
65528
0
65517
1
39309
65528
65535
65516
1
39333
65528
65535
65516
1
39361
65528
65535
65516
1
39390
65528
65534
65514
1
39417
65528
65534
65514
1
39445
65528
65534
65512
1
39474
65528
65534
65512
1
39501
65528
65534
65512
1
39530
65527
65534
65510
1
39558
65527
65534
65510
1
39586
65528
0
65509
1
39614
65528
0
65509
1
39638
65528
0
65509
1
39662
65527
0
65508
1
39686
65527
0
65508
1
39709
65527
0
65508
1
39734
65527
2
65507
1
39757
65527
2
65507
1
39782
65527
2
65507
1
39805
65525
3
65506
1
39829
65525
3
65506
1
39854
65525
4
65506
1
39877
65524
4
65506
1
39901
65524
4
65506
1
39925
65523
5
65507
1
39949
65523
5
65507
1
39972
65523
5
65507
1
39997
65522
6
65509
1
40020
65522
6
65509
1
40044
65522
6
65509
1
40069
65523
7
65510
1
40092
65523
7
65510
1
40117
65523
7
65510
1
40140
65524
8
65512
1
40164
65524
8
65512
1
40188
65524
8
65512
1
40212
65525
8
65513
1
40236
65525
8
65513
1
40260
65525
8
65513
1
40284
65526
7
65512
1
40307
65526
7
65512
1
40332
65526
7
65511
1
40355
65526
7
65511
1
40379
65526
7
65511
1
40403
65526
7
65511
1
40427
65526
7
65511
1
40452
65526
7
65511
1
40475
65525
6
65511
1
40499
65525
6
65511
1
40523
65525
6
65511
1
40547
65525
6
65510
1
40570
65525
6
65510
1
40595
65525
6
65510
1
40619
65525
7
65510
1
40642
65525
7
65510
1
40667
65525
7
65510
1
40690
65525
7
65509
1
40715
65525
7
65509
1
40738
65525
7
65509
1
40762
65525
6
65508
1
40786
65525
6
65508
1
40810
65525
6
65508
1
40834
65525
6
65508
1
40858
65525
6
65508
1
40882
65523
7
65509
1
40905
65523
7
65509
1
40930
65523
7
65509
1
40953
65523
6
65509
1
40977
65523
6
65509
1
41001
65523
6
65509
1
41025
65523
6
65509
1
41050
65523
6
65509
1
41073
65523
6
65509
1
41097
65523
6
65509
1
41121
65523
6
65509
1
41145
65523
6
65509
1
41168
65523
6
65509
1
41193
65523
6
65509
1
41217
65523
6
65509
1
41240
65523
6
65509
1
41265
65523
6
65509
1
41288
65523
6
65509
1
41313
65523
6
65509
1
41336
65523
6
65509
1
41360
65523
6
65509
1
41384
65523
6
65509
1
41408
65523
6
65509
1
41432
65523
6
65509
1
41456
65523
6
65509
1
41480
65523
6
65509
1
41503
65523
6
65509
1
41528
65523
6
65509
1
41551
65523
6
65509
1
41575
65523
5
65510
1
41600
65523
5
65510
1
41623
65523
5
65510
1
41648
65523
5
65510
1
41671
65523
5
65510
1
41695
65523
5
65510
1
41719
65523
6
65510
1
41743
65523
6
65510
1
41766
65523
5
65510
1
41791
65523
5
65510
1
41815
65523
5
65510
1
41838
65524
5
65510
1
41863
65524
5
65510
1
41886
65524
5
65510
1
41910
65524
5
65509
1
41934
65524
5
65509
1
41958
65524
5
65509
1
41982
65524
5
65509
1
42006
65524
5
65509
1
42030
65524
5
65509
1
42054
65524
5
65510
1
42078
65524
5
65510
1
42101
65524
5
65510
1
42126
65524
5
65509
1
42149
65524
5
65509
1
42173
65524
5
65509
1
42198
65525
5
65509
1
42221
65525
5
65509
1
42246
65525
5
65508
1
42269
65525
5
65508
1
42293
65525
5
65508
1
42317
65525
5
65508
1
42341
65525
5
65508
1
42364
65525
5
65508
1
42389
65526
5
65507
1
42413
65526
5
65507
1
42436
65526
5
65507
1
42461
65526
6
65506
1
42484
65526
6
65506
1
42508
65526
6
65506
1
42532
65526
7
65506
1
42556
65526
7
65506
1
42580
65526
7
65506
1
42604
65526
8
65504
1
42628
65526
8
65504
1
42652
65526
8
65504
1
42676
65525
10
65503
1
42699
65525
10
65503
1
42725
65523
13
65503
1
42749
65523
13
65503
1
42774
65523
13
65503
1
42800
65520
15
65505
1
42824
65520
15
65505
1
42850
65520
15
65505
1
42874
65519
15
65508
1
42899
65519
15
65508
1
42925
65519
15
65508
1
42949
65520
16
65510
1
42974
65520
16
65510
1
42999
65520
17
65511
1
43024
65520
17
65511
1
43049
65520
17
65511
1
43074
65522
19
65513
1
43099
65522
19
65513
1
43124
65522
19
65513
1
43149
65524
19
65516
1
43173
65524
19
65516
1
43199
65524
16
65518
1
43224
65528
16
65518
1
43249
65528
16
65518
1
43274
65530
12
65511
1
43298
65530
12
65511
1
43324
65530
12
65511
1
43348
65524
14
65504
1
43373
65524
14
65504
1
43399
65524
14
65504
1
43423
65519
14
65504
1
43449
65519
14
65504
1
43473
65521
11
65501
1
43498
65521
11
65501
1
43524
65521
11
65501
1
43548
65524
11
65498
1
43573
65524
11
65498
1
43598
65524
11
65498
1
43623
65523
13
65491
1
43649
65523
13
65491
1
43673
65523
13
65491
1
43698
65517
20
65486
1
43723
65517
20
65486
1
43748
65508
25
65485
1
43772
65508
25
65485
1
43798
65508
25
65485
1
43823
65498
30
65489
1
43848
65498
30
65489
1
43873
65498
30
65489
1
43897
65491
29
65501
1
43923
65491
29
65501
1
43948
65491
29
65501
1
43972
65491
26
65511
1
43998
65491
26
65511
1
44022
65496
20
65516
1
44048
65496
20
65516
1
44072
65496
20
65516
1
44097
65500
18
65518
1
44123
65500
18
65518
1
44147
65500
18
65518
1
44172
65503
16
65518
1
44197
65503
16
65518
1
44222
65503
16
65518
1
44248
65506
14
65519
1
44272
65506
14
65519
1
44297
65508
13
65518
1
44322
65508
13
65518
1
44347
65508
13
65518
1
44371
65509
12
65518
1
44397
65509
12
65518
1
44422
65509
12
65518
1
44447
65510
11
65518
1
44472
65510
11
65518
1
44496
65511
11
65518
1
44522
65511
11
65518
1
44547
65511
11
65518
1
44571
65512
10
65518
1
44597
65512
10
65518
1
44621
65512
10
65518
1
44647
65512
10
65518
1
44672
65512
10
65518
1
44696
65512
10
65518
1
44722
65513
10
65518
1
44746
65513
10
65518
1
44771
65514
10
65518
1
44796
65514
10
65518
1
44821
65514
10
65518
1
44847
65514
9
65518
1
44871
65514
9
65518
1
44895
65514
9
65518
1
44919
65514
9
65518
1
44943
65514
9
65518
1
44966
65514
9
65518
1
44991
65514
9
65517
1
45015
65514
9
65517
1
45038
65514
9
65517
1
45063
65514
9
65518
1
45086
65514
9
65518
1
45111
65514
9
65518
1
45134
65515
9
65517
1
45158
65515
9
65517
1
45182
65515
9
65518
1
45206
65515
9
65518
1
45230
65515
9
65518
1
45254
65515
9
65517
1
45278
65515
9
65517
1
45301
65515
9
65517
1
45326
65515
9
65517
1
45349
65515
9
65517
1
45374
65515
9
65517
1
45398
65515
8
65517
1
45421
65515
8
65517
1
45446
65515
8
65517
1
45469
65515
9
65517
1
45493
65515
9
65517
1
45517
65515
9
65517
1
45541
65515
8
65517
1
45564
65515
8
65517
1
45589
65515
8
65517
1
45613
65516
9
65517
1
45636
65516
9
65517
1
45661
65516
8
65518
1
45684
65516
8
65518
1
45709
65516
8
65518
1
45732
65515
9
65517
1
45756
65515
9
65517
1
45780
65515
9
65517
1
45804
65516
9
65517
1
45828
65516
9
65517
1
45852
65516
9
65517
1
45876
65516
8
65517
1
45899
65516
8
65517
1
45924
65516
8
65517
1
45947
65516
9
65517
1
45972
65516
9
65517
1
45996
65516
9
65517
1
46019
65516
8
65517
1
46044
65516
8
65517
1
46067
65516
8
65517
1
46091
65516
8
65517
1
46115
65516
8
65517
1
46139
65516
8
65517
1
46162
65516
8
65517
1
46187
65516
8
65517
1
46211
65516
8
65517
1
46234
65516
8
65517
1
46259