65517
8
65517
1
5302
65517
8
65517
1
5324
65517
8
65517
1
5347
65517
8
65516
1
5370
65517
8
65516
1
5393
65517
8
65516
1
5415
65516
8
65517
1
5439
65516
8
65517
1
5462
65516
8
65517
1
5484
65517
8
65516
1
5508
65517
8
65516
1
5530
65517
8
65516
1
5553
65517
8
65516
1
5576
65517
8
65516
1
5599
65517
8
65516
1
5622
65517
8
65517
1
5645
65517
8
65517
1
5667
65517
8
65517
1
5691
65517
8
65516
1
5713
65517
8
65516
1
5736
65517
8
65516
1
5760
65517
8
65517
1
5782
65517
8
65517
1
5805
65517
8
65517
1
5828
65517
8
65516
1
5851
65517
8
65516
1
5873
65517
8
65516
1
5897
65517
8
65516
1
5919
65517
8
65516
1
5942
65517
8
65516
1
5965
65517
8
65516
1
5988
65517
8
65516
1
6010
65517
8
65516
1
6034
65517
8
65516
1
6056
65517
8
65516
1
6079
65517
8
65516
1
6103
65517
8
65517
1
6125
65517
8
65517
1
6148
65517
8
65517
1
6171
65517
8
65516
1
6194
65517
8
65516
1
6216
65517
8
65516
1
6240
65517
8
65517
1
6262
65517
8
65517
1
6285
65517
8
65517
1
6308
65517
8
65516
1
6331
65517
8
65516
1
6354
65517
8
65516
1
6377
65517
8
65517
1
6400
65517
8
65517
1
6423
65517
8
65517
1
6446
65517
8
65517
1
6468
65517
8
65517
1
6492
65517
8
65517
1
6514
65517
8
65516
1
6537
65517
8
65516
1
6560
65517
8
65516
1
6583
65516
8
65516
1
6605
65516
8
65516
1
6629
65516
8
65516
1
6651
65516
8
65516
1
6674
65516
8
65516
1
6697
65516
8
65516
1
6720
65516
8
65517
1
6743
65516
8
65517
1
6766
65516
8
65517
1
6789
65517
8
65517
1
6811
65517
8
65517
1
6835
65517
8
65517
1
6857
65516
8
65517
1
6880
65516
8
65517
1
6903
65516
8
65517
1
6926
65516
8
65517
1
6948
65516
8
65517
1
6972
65516
8
65517
1
6994
65516
8
65517
1
7017
65516
8
65517
1
7041
65516
8
65517
1
7063
65516
8
65517
1
7087
65516
8
65517
1
7109
65516
8
65517
1
7132
65516
8
65517
1
7155
65516
8
65517
1
7178
65516
8
65517
1
7200
65516
8
65517
1
7224
65516
8
65517
1
7246
65516
8
65517
1
7269
65515
9
65517
1
7292
65515
9
65517
1
7315
65515
9
65517
1
7337
65515
9
65517
1
7361
65515
9
65517
1
7384
65515
9
65517
1
7406
65515
9
65518
1
7430
65515
9
65518
1
7452
65515
9
65518
1
7475
65515
9
65517
1
7498
65515
9
65517
1
7521
65515
9
65517
1
7543
65515
9
65518
1
7567
65515
9
65518
1
7589
65515
9
65518
1
7612
65514
9
65518
1
7635
65514
9
65518
1
7658
65514
9
65518
1
7681
65514
9
65518
1
7704
65514
9
65518
1
7727
65514
9
65518
1
7749
65514
10
65518
1
7773
65514
10
65518
1
7796
65514
10
65518
1
7821
65513
10
65518
1
7844
65513
10
65518
1
7868
65512
10
65518
1
7892
65512
10
65518
1
7916
65512
10
65518
1
7940
65512
11
65519
1
7964
65512
11
65519
1
7988
65512
11
65519
1
8011
65511
11
65518
1
8036
65511
11
65518
1
8059
65511
11
65518
1
8084
65510
12
65519
1
8108
65510
12
65519
1
8131
65510
12
65519
1
8156
65509
13
65518
1
8179
65509
13
65518
1
8203
65509
13
65518
1
8227
65508
14
65519
1
8251
65508
14
65519
1
8274
65508
14
65519
1
8299
65505
15
65518
1
8323
65505
15
65518
1
8346
65503
17
65518
1
8371
65503
17
65518
1
8394
65503
17
65518
1
8419
65500
19
65517
1
8442
65500
19
65517
1
8466
65500
19
65517
1
8491
65496
22
65515
1
8514
65496
22
65515
1
8538
65496
22
65515
1
8562
65492
27
65510
1
8586
65492
27
65510
1
8609
65492
27
65510
1
8634
65491
32
65499
1
8657
65491
32
65499
1
8682
65491
32
65499
1
8706
65497
32
65488
1
8729
65497
32
65488
1
8754
65497
32
65488
1
8777
65508
28
65481
1
8801
65508
28
65481
1
8825
65508
28
65481
1
8849
65508
28
65481
1
8872
65508
28
65481
1
8897
65524
15
65490
1
8921
65524
15
65490
1
8944
65524
15
65490
1
8969
65525
10
65498
1
8992
65525
10
65498
1
9017
65525
10
65498
1
9040
65521
13
65503
1
9064
65521
13
65503
1
9089
65521
13
65503
1
9112
65521
14
65505
1
9136
65521
14
65505
1
9160
65521
14
65505
1
9184
65527
15
65508
1
9207
65527
15
65508
1
9232
65527
15
65508
1
9255
65528
17
65518
1
9279
65528
17
65518
1
9304
65525
20
65516
1
9327
65525
20
65516
1
9352
65525
20
65516
1
9375
65523
19
65513
1
9399
65523
19
65513
1
9423
65523
19
65513
1
9447
65522
16
65511
1
9470
65522
16
65511
1
9495
65522
16
65511
1
9519
65521
16
65509
1
9542
65521
16
65509
1
9567
65521
16
65509
1
9590
65522
16
65506
1
9615
65522
16
65506
1
9638
65522
16
65506
1
9662
65524
14
65503
1
9687
65524
14
65503
1
9710
65524
14
65503
1
9734
65526
11
65505
1
9758
65526
11
65505
1
9782
65527
9
65505
1
9805
65527
9
65505
1
9829
65527
9
65505
1
9851
65527
8
65507
1
9874
65527
8
65507
1
9897
65527
8
65507
1
9920
65527
7
65508
1
9943
65527
7
65508
1
9966
65527
7
65508
1
9989
65527
6
65509
1
10011
65527
6
65509
1
10036
65527
6
65509
1
10059
65527
6
65510
1
10084
65527
6
65510
1
10107
65527
6
65510
1
10131
65527
6
65509
1
10156
65527
6
65509
1
10179
65527
6
65509
1
10203
65526
6
65511
1
10227
65526
6
65511
1
10251
65526
6
65511
1
10274
65526
6
65511
1
10299
65526
6
65511
1
10322
65526
6
65511
1
10347
65526
7
65510
1
10371
65526
7
65510
1
10394
65526
7
65510
1
10419
65526
7
65510
1
10442
65526
7
65510
1
10466
65525
7
65511
1
10490
65525
7
65511
1
10514
65525
7
65511
1
10537
65525
7
65511
1
10562
65525
7
65511
1
10586
65525
7
65511
1
10609
65524
7
65511
1
10634
65524
7
65511
1
10657
65524
7
65511
1
10682
65525
7
65511
1
10705
65525
7
65511
1
10729
65525
7
65511
1
10754
65524
7
65511
1
10777
65524
7
65511
1
10801
65524
7
65511
1
10825
65524
7
65511
1
10849
65524
7
65511
1
10872
65524
7
65511
1
10897
65524
7
65511
1
10920
65524
7
65511
1
10944
65524
7
65511
1
10969
65524
7
65511
1
10992
65524
7
65511
1
11017
65524
6
65511
1
11040
65524
6
65511
1
11064
65524
6
65511
1
11088
65525
6
65511
1
11112
65525
6
65511
1
11136
65525
6
65511
1
11160
65525
7
65511
1
11184
65525
7
65511
1
11207
65525
7
65511
1
11232
65525
7
65511
1
11255
65525
7
65511
1
11280
65525
7
65511
1
11303
65524
7
65510
1
11327
65524
7
65510
1
11352
65524
7
65510
1
11375
65524
7
65510
1
11399
65524
7
65510
1
11423
65524
7
65511
1
11447
65524
7
65511
1
11470
65524
7
65511
1
11495
65525
7
65511
1
11518
65525
7
65511
1
11542
65525
7
65511
1
11567
65524
7
65511
1
11590
65524
7
65511
1
11615
65524
7
65511
1
11638
65524
7
65511
1
11662
65524
7
65511
1
11686
65524
7
65511
1
11710
65525
7
65511
1
11734
65525
7
65511
1
11758
65525
7
65511
1
11782
65525
7
65511
1
11805
65525
7
65511
1
11830
65526
6
65511
1
11853
65526
6
65511
1
11878
65526
6
65511
1
11901
65525
6
65511
1
11925
65525
6
65511
1
11950
65525
6
65511
1
11973
65526
6
65510
1
11997
65526
6
65510
1
12021
65526
6
65510
1
12045
65526
6
65510
1
12068
65526
6
65510
1
12093
65526
6
65510
1
12116
65527
6
65510
1
12140
65527
6
65510
1
12165
65527
6
65510
1
12188
65527
7
65509
1
12213
65527
7
65509
1
12236
65527
7
65509
1
12260
65527
7
65509
1
12284
65527
7
65509
1
12308
65527
8
65507
1
12332
65527
8
65507
1
12356
65527
8
65507
1
12380
65528
8
65506
1
12403
65528
8
65506
1
12428
65528
8
65506
1
12451
65527
9
65505
1
12475
65527
9
65505
1
12499
65527
9
65505
1
12523
65527
11
65504
1
12548
65527
11
65504
1
12572
65527
11
65504
1
12597
65525
13
65504
1
12622
65525
13
65504
1
12647
65524
15
65504
1
12672
65524
15
65504
1
12697
65524
15
65504
1
12722
65522
15
65506
1
12747
65522
15
65506
1
12772
65522
15
65506
1
12796
65521
16
65508
1
12822
65521
16
65508
1
12847
65521
16
65508
1
12871
65521
16
65510
1
12897
65521
16
65510
1
12921
65522
17
65511
1
12947
65522
17
65511
1
12972
65522
17
65511
1
12996
65522
18
65513
1
13022
65522
18
65513
1
13046
65522
18
65513
1
13071
65524
20
65513
1
13096
65524
20
65513
1
13121
65524
20
65513
1
13147
65525
20
65516
1
13171
65525
20
65516
1
13196
65526
19
65516
1
13221
65526
19
65516
1
13246
65526
19
65516
1
13271
65528
18
65515
1
13296
65528
18
65515
1
13321
65528
18
65515
1
13346
65528
15
65512
1
13371
65528
15
65512
1
13395
65528
15
65512
1
13421
65526
13
65511
1
13446
65526
13
65511
1
13470
65524
15
65506
1
13496
65524
15
65506
1
13520
65524
15
65506
1
13546
65522
14
65506
1
13571
65522
14
65506
1
13595
65522
14
65506
1
13621
65522
13
65508
1
13645
65522
13
65508
1
13670
65522
13
65508
1
13696
65523
12
65507
1
13720
65523
12
65507
1
13746
65523
11
65506
1
13770
65523
11
65506
1
13795
65523
11
65506
1
13820
65522
12
65505
1
13845
65522
12
65505
1
13870
65522
12
65505
1
13895
65523
11
65504
1
13920
65523
11
65504
1
13945
65523
11
65503
1
13970
65523
11
65503
1
13995
65523
11
65503
1
14020
65524
10
65503
1
14045
65524
10
65503
1
14069
65524
10
65503
1
14095
65526
11
65502
1
14119
65526
11
65502
1
14145
65526
11
65502
1
14170
65526
11
65500
1
14194
65526
11
65500
1
14220
65525
11
65500
1
14244
65525
11
65500
1
14269
65525
11
65500
1
14295
65525
11
65499
1
14319
65525
11
65499
1
14345
65525
11
65499
1
14369
65524
11
65499
1
14394
65524
11
65499
1
14419
65524
11
65499
1
14444
65524
12
65499
1
14469
65524
12
65499
1
14494
65524
12
65500
1
14519
65524
12
65500
1
14544
65524
12
65500
1
14569
65525
11
65501
1
14594
65525
11
65501
1
14619
65525
11
65501
1
14644
65526
10
65503
1
14668
65526
10
65503
1
14694
65526
10
65503
1
14718
65523
12
65502
1
14744
65523
12
65502
1
14769
65524
12
65505
1
14793
65524
12
65505
1
14819
65524
12
65505
1
14843
65522
14
65503
1
14868
65522
14
65503
1
14894
65522
14
65503
1
14918
65521
15
65506
1
14944
65521
15
65506
1
14968
65521
15
65505
1
14993
65523
15
65505
1
15019
65523
15
65505
1
15043
65527
15
65507
1
15068
65527
15
65507
1
15093
65527
15
65507
1
15118
65529
16
65509
1
15143
65529
16
65509
1
15168
65529
16
65509
1
15193
65530
17
65513
1
15218
65530
17
65513
1
15243
65528
20
65514
1
15267
65528
20
65514
1
15293
65528
20
65514
1
15318
65526
21
65514
1
15343
65526
21
65514
1
15368
65526
21
65514
1
15392
65523
19
65513
1
15418
65523
19
65513
1
15442
65523
19
65513
1
15467
65522
17
65511
1
15493
65522
17
65511
1
15517
65521
17
65509
1
15543
65521
17
65509
1
15567
65521
17
65509
1
15592
65521
17
65506
1
15618
65521
17
65506
1
15642
65521
17
65506
1
15667
65526
13
65503
1
15692
65526
13
65503
1
15717
65526
13
65503
1
15742
65527
9
65506
1
15767
65527
9
65506
1
15791
65527
7
65509
1
15815
65527
7
65509
1
15839
65527
7
65509
1
15862
65525
6
65510
1
15887
65525
6
65510
1
15910
65525
6
65510
1
15934
65524
7
65511
1
15959
65524
7
65511
1
15982
65524
7
65511
1
16007
65524
7
65510
1
16030
65524
7
65510
1
16054
65524
7
65510
1
16078
65525
7
65509
1
16102
65525
7
65509
1
16125
65525
7
65509
1
16150
65525
8
65509
1
16174
65525
8
65509
1
16197
65525
8
65509
1
16222
65525
8
65510
1
16245
65525
8
65510
1
16269
65526
8
65511
1
16293
65526
8
65511
1
16317
65526
8
65511
1
16342
65526
9
65511
1
16365
65526
9
65511
1
16389
65526
9
65511
1
16413
65526
9
65511
1
16437
65526
9
65511
1
16460
65526
9
65511
1
16485
65525
9
65511
1
16508
65525
9
65511
1
16532
65525
9
65511
1
16557
65524
8
65510
1
16580
65524
8
65510
1
16605
65524
8
65510
1
16628
65523
7
65508
1
16652
65523
7
65508
1
16676
65523
7
65508
1
16700
65523
7
65508
1
16723
65523
7
65508
1
16748
65524
4
65506
1
16772
65524
4
65506
1
16795
65524
4
65506
1
16820
65525
3
65506
1
16843
65525
3
65506
1
16867
65525
3
65506
1
16891
65526
3
65506
1
16915
65526
3
65506
1
16940
65526
3
65506
1
16963
65527
2
65506
1
16987
65527
2
65506
1
17011
65527
2
65506
1
17035
65528
0
65506
1
17058
65528
0
65506
1
17083
65528
0
65506
1
17106
65528
0
65508
1
17130
65528
0
65508
1
17155
65528
65535
65509
1
17178
65528
65535
65509
1
17207
65528
65535
65509
1
17234
65528
65534
65509
1
17262
65528
65534
65509
1
17291
65527
65534
65510
1
17318
65527
65534
65510
1
17347
65527
65534
65510
1
17375
65527
65534
65511
1
17403
65527
65534
65511
1
17431
65527
65534
65512
1
17459
65527
65534
65512
1
17487
65527
65534
65512
1
17515
65527
65534
65512
1
17544
65527
65534
65512
1
17571
65527
65534
65512
1
17599
65527
65534
65512
1
17628
65527
65534
65512
1
17655
65528
65533
65512
1
17684
65528
65533
65512
1
17712
65528
65534
65512
1
17740
65528
65534
65512
1
17768
65528
65534
65512
1
17796
65528
65534
65512
1
17824
65528
65534
65512
1
17852
65528
65534
65512
1
17881
65528
65534
65512
1
17908
65528
65534
65512
1
17937
65528
65534
65512
1
17965
65528
65534
65512
1
17992
65528
65534
65512
1
18021
65528
65534
65512
1
18049
65528
65534
65512
1
18077
65528
65534
65512
1
18105
65528
65534
65512
1
18132
65528
65534
65512
1
18161
65528
65534
65512
1
18189
65528
65534
65512
1
18217
65528
65534
65512
1
18245
65528
65534
65512
1
18274
65528
65534
65512
1
18301
65528
65534
65512
1
18329
65528
65534
65511
1
18358
65528
65534
65511
1
18385
65527
65534
65511
1
18414
65527
65534
65511
1
18442
65527
65534
65511
1
18470
65528
65534
65510
1
18498
65528
65534
65510
1
18526
65528
65534
65510
1
18554
65528
65534
65510
1
18582
65528
65534
65510
1
18611
65528
65535
65509
1
18638
65528
65535
65509
1
18667
65528
0
65508
1
18695
65528
0
65508
1
18718
65528
0
65508
1
18743
65528
0
65508
1
18766
65528
0
65508
1
18790
65528
0
65508
1
18814
65528
1
65507
1
18838
65528
1
65507
1
18862
65528
1
65507
1
18886
65528
1
65507
1
18910
65528
1
65507
1
18934
65526
2
65506
1
18958
65526
2
65506
1
18981
65526
2
65506
1
19006
65525
3
65506
1
19030
65525
3
65506
1
19053
65525
3
65506
1
19078
65524
4
65506
1
19101
65524
4
65506
1
19125
65524
4
65506
1
19149
65524
5
65506
1
19173
65524
5
65506
1
19196
65524
5
65506
1
19221
65523
6
65507
1
19245
65523
6
65507
1
19269
65523
6
65507
1
19293
65523
7
65508
1
19316
65523
7
65508
1
19341
65524
8
65510
1
19364
65524
8
65510
1
19388
65524
8
65510
1
19412
65525
9
65510
1
19436
65525
9
65510
1
19460
65525
9
65510
1
19484
65526
9
65511
1
19508
65526
9
65511
1
19532
65526
9
65511
1
19556
65526
9
65510
1
19579
65526
9
65510
1
19604
65526
9
65510
1
19628
65526
9
65510
1
19651
65526
9
65510
1
19676
65526
9
65510
1
19699
65526
8
65510
1
19723
65526
8
65510
1
19747
65526
8
65510
1
19771
65525
8
65509
1
19794
65525
8
65509
1
19819
65524
8
65509
1
19843
65524
8
65509
1
19867
65524
8
65509
1
19891
65524
8
65509
1
19914
65524
8
65509
1
19939
65524
8
65509
1
19962
65524
7
65510
1
19986
65524
7
65510
1
20011
65524
7
65510
1
20034
65524
5
65511
1
20058
65524
5
65511
1
20082
65524
5
65511
1
20106
65526
6
65509
1
20129
65526
6
65509
1
20154
65526
6
65509
1
20177
65526
7
65507
1
20202
65526
7
65507
1
20226
65526
7
65507
1
20249
65526
11
65504
1
20274
65526
11
65504
1
20298
65522
15
65505
1
20323
65522
15
65505
1
20348
65522
15
65505
1
20373
65520
16
65509
1
20399
65520
16
65509
1
20423
65520
16
65509
1
20448
65520
16
65511
1
20473
65520
16
65511
1
20498
65520
16
65511
1
20523
65522
18
65514
1
20548
65522
18
65514
1
20573
65525
19
65515
1
20598
65525
19
65515
1
20623
65525
19
65515
1
20647
65528
16
65517
1
20673
65528
16
65517
1
20698
65528
16
65517
1
20722
65526
14
65509
1
20748
65526
14
65509
1
20772
65522
14
65506
1
20798
65522
14
65506
1
20823
65522
14
65506
1
20847
65520
12
65507
1
20873
65520
12
65507
1
20897
65520
12
65507
1
20922
65522
12
65504
1
20947
65522
12
65504
1
20972
65522
12
65504
1
20998
65525
12
65502
1
21022
65525
12
65502
1
21047
65525
13
65498
1
21072
65525
13
65498
1
21097
65525
13
65498
1
21122
65525
13
65496
1
21147
65525
13
65496
1
21172
65525
13
65496
1
21197
65525
13
65494
1
21222
65525
13
65494
1
21246
65525
13
65494
1
21272
65525
14
65491
1
21297
65525
14
65491
1
21321
65524
15
65491
1
21347
65524
15
65491
1
21371
65524
15
65491
1
21397
65523
16
65489
1
21422
65523
16
65489
1
21446
65523
16
65489
1
21472
65524
15
65488
1
21496
65524
15
65488
1
21521
65524
15
65488
1
21547
65523
15
65488
1
21571
65523
15
65488
1
21597
65523
15
65489
1
21621
65523
15
65489
1
21646
65523
15
65489
1
21671
65523
15
65489
1
21696
65523
15
65489
1
21721
65523
15
65489
1
21746
65524
15
65490
1
21771
65524
15
65490
1
21796
65524
15
65490
1
21821
65522
15
65491
1
21846
65522
15
65491
1
21871
65527
13
65489
1
21896
65527
13
65489
1
21920
65527
13
65489
1
21946
65526
14
65489
1
21970
65526
14
65489
1
21996
65526
14
65489
1
22021
65527
13
65490
1
22045
65527
13
65490
1
22071
65525
13
65491
1
22095
65525
13
65491
1
22120
65525
13
65491
1
22146
65525
13
65493
1
22170
65525
13
65493
1
22196
65525
13
65493
1
22220
65525
13
65494
1
22245
65525
13
65494
1
22270
65525
13
65494
1
22295
65526
12
65496
1
22320
65526
12
65496
1
22345
65526
12
65498
1
22370
65526
12
65498
1
22395
65526
12
65498
1
22420
65524
13
65499
1
22445
65524
13
65499
1
22470
65524
13
65499
1
22495
65522
12
65503
1
22519
65522
12
65503
1
22545
65522
12
65503
1
22569
65522
14
65503
1
22595
65522
14
65503
1
22620
65523
16
65504
1
22644
65523
16
65504
1
22670
65523
16
65504
1
22694
65527
16
65505
1
22719
65527
16
65505
1
22745
65527
16
65505
1
22769
65530
16
65510
1
22795
65530
16
65510
1
22819
65530
16
65510
1
22844
65528
19
65515
1
22870
65528
19
65515
1
22894
65525
20
65515
1
22919
65525
20
65515
1
22944
65525
20
65515
1
22969
65522
18
65512
1
22994
65522
18
65512
1
23019
65522
18
65512
1
23044
65521
17
65510
1
23069
65521
17
65510
1
23094
65521
17
65510
1
23118
65521
17
65510
1
23144
65521
17
65510
1
23169
65525
13
65504
1
23194
65525
13
65504
1
23219
65525
13
65504
1
23243
65527
8
65506
1
23269
65527
8
65506
1
23292
65527
8
65506
1
23316
65526
6
65509
1
23341
65526
6
65509
1
23364
65526
6
65509
1
23388
65524
7
65510
1
23412
65524
7
65510
1
23436
65524
7
65510
1
23460
65524
8
65509
1
23484
65524
8
65509
1
23507
65524
8
65509
1
23532
65524
8
65509
1
23556
65524
8
65509
1
23579
65525
8
65509
1
23604
65525
8
65509
1
23627
65525
8
65509
1
23651
65526
9
65510
1
23675
65526
9
65510
1
23699
65526
9
65510
1
23723
65527
10
65511
1
23747
65527
10
65511
1
23772
65527
10
65511
1
23797
65525
9
65510
1
23822
65525
9
65510
1
23845
65525
9
65510
1
23870
65523
7
65507
1
23894
65523
7
65507
1
23917
65524
5
65505
1
23942
65524
5
65505
1
23965
65524
5
65505
1
23989
65526
3
65505
1
24013
65526
3
65505
1
24037
65526
3
65505
1
24061
65528
0
65506
1
24085
65528
0
65506
1
24109
65528
0
65506
1
24133
65528
65534
65509
1
24157
65528
65534
65509
1
24184
65528
65534
65513
1
24213
65528
65534
65513
1
24241
65528
65534
65513
1
24269
65528
0
65516
1
24297
65528
0
65516
1
24321
65528
0
65516
1
24345
65529
1
65518
1
24369
65529
1
65518
1
24393
65529
0
65519
1
24417
65529
0
65519
1
24440
65529
0
65519
1
24465
65529
65534
65523
1
24488
65529
65534
65523
1
24516
65529
65534
65523
1
24545
65525
65532
65527
1
24572
65525
65532
65527
1
24601
65520
65533
65530
1
24629
65520
65533
65530
1
24657
65520
65533
65530
1
24685
65517
0
65529
1
24713
65517
0
65529
1
24737
65515
1
65526
1
24761
65515
1
65526
1
24784
65515
1
65526
1
24809
65514
3
65525
1
24833
65514
3
65525
1
24857
65514
3
65525
1
24881
65514
4
65524
1
24904
65514
4
65524
1
24929
65514
4
65524
1
24952
65514
5
65522
1
24976
65514
5
65522
1
25000
65514
5
65522
1
25024
65515
6
65521
1
25048
65515
6
65521
1
25072
65515
6
65521
1
25096
65515
6
65520
1
25119
65515
6
65520
1
25144
65515
6
65520
1
25167
65515
6
65520
1
25192
65515
6
65520
1
25216
65515
7
65519
1
25239
65515
7
65519
1
25264
65515
7
65519
1
25287
65516
7
65519
1
25311
65516
7
65519
1
25335
65516
7
65519
1
25359
65516
7
65518
1
25382
65516
7
65518
1
25407
65516
7
65518
1
25431
65516
7
65518
1
25454
65516
7
65518
1
25479
65516
7
65518
1
25502
65516
8
65518
1
25527
65516
8
65518
1
25550
65516
8
65518
1
25574
65516
7
65518
1
25598
65516
7
65518
1
25622
65516
8
65517
1
25646
65516
8
65517
1
25670
65516
8
65517
1
25694
65516
8
65517
1
25717
65516
8
65517
1
25742
65516
8
65517
1
25765
65516
8
65517
1
25790
65516
8
65517
1
25814
65516
8
65517
1
25837
65517
7
65517
1
25862
65517
7
65517
1
25885
65517
7
65517
1
25909
65517
7
65517
1
25933
65517
7
65517
1
25957
65517
7
65517
1
25980
65517
8
65517
1
26005
65517
8
65517
1
26029
65517
8
65517
1
26052
65517
8
65517
1
26077
65517
8
65517
1
26100
65516
7
65516
1
26125