65517
8
65516
1
16752
65517
8
65516
1
16776
65517
7
65516
1
16800
65517
7
65516
1
16824
65517
7
65516
1
16847
65517
8
65516
1
16872
65517
8
65516
1
16896
65517
8
65516
1
16919
65517
7
65516
1
16944
65517
7
65516
1
16967
65517
8
65516
1
16991
65517
8
65516
1
17015
65517
8
65516
1
17039
65517
7
65516
1
17062
65517
7
65516
1
17087
65517
7
65516
1
17111
65517
8
65516
1
17135
65517
8
65516
1
17159
65517
8
65516
1
17182
65517
8
65516
1
17207
65517
8
65516
1
17230
65517
8
65516
1
17254
65517
7
65516
1
17278
65517
7
65516
1
17302
65517
7
65516
1
17326
65518
8
65516
1
17350
65518
8
65516
1
17374
65518
8
65516
1
17398
65518
8
65516
1
17422
65518
8
65516
1
17445
65517
7
65516
1
17470
65517
7
65516
1
17494
65517
7
65516
1
17517
65517
8
65516
1
17542
65517
8
65516
1
17565
65517
8
65516
1
17589
65517
7
65516
1
17613
65517
7
65516
1
17637
65517
7
65516
1
17660
65517
8
65516
1
17685
65517
8
65516
1
17709
65517
8
65516
1
17733
65517
8
65516
1
17757
65517
8
65516
1
17780
65517
8
65516
1
17805
65517
8
65516
1
17828
65517
8
65516
1
17852
65517
7
65516
1
17876
65517
7
65516
1
17900
65517
7
65516
1
17924
65517
8
65516
1
17948
65517
8
65516
1
17972
65517
8
65516
1
17996
65518
8
65516
1
18020
65518
8
65516
1
18043
65518
8
65516
1
18068
65517
7
65516
1
18092
65517
7
65516
1
18115
65517
7
65516
1
18140
65518
8
65516
1
18163
65518
8
65516
1
18187
65518
8
65516
1
18211
65518
8
65516
1
18235
65518
8
65516
1
18258
65518
8
65516
1
18283
65517
7
65516
1
18307
65517
7
65516
1
18331
65518
8
65516
1
18355
65518
8
65516
1
18378
65518
8
65516
1
18403
65517
8
65516
1
18426
65517
8
65516
1
18450
65517
8
65516
1
18475
65517
7
65516
1
18498
65517
7
65516
1
18522
65517
7
65516
1
18546
65517
7
65516
1
18570
65517
7
65516
1
18593
65517
7
65516
1
18618
65517
7
65516
1
18641
65517
7
65516
1
18666
65517
7
65516
1
18690
65517
7
65516
1
18713
65517
7
65516
1
18738
65517
7
65516
1
18761
65517
7
65516
1
18785
65517
7
65516
1
18809
65517
8
65516
1
18833
65517
8
65516
1
18856
65517
8
65516
1
18881
65517
7
65517
1
18905
65517
7
65517
1
18929
65517
7
65517
1
18953
65517
8
65516
1
18976
65517
8
65516
1
19001
65517
8
65516
1
19024
65518
8
65516
1
19048
65518
8
65516
1
19073
65518
8
65516
1
19096
65517
7
65516
1
19120
65517
7
65516
1
19144
65517
7
65516
1
19168
65517
8
65516
1
19191
65517
8
65516
1
19216
65517
8
65516
1
19239
65517
8
65516
1
19264
65517
8
65516
1
19288
65517
8
65516
1
19311
65517
8
65516
1
19336
65517
8
65516
1
19359
65517
7
65516
1
19383
65517
7
65516
1
19407
65517
7
65516
1
19431
65518
8
65516
1
19454
65518
8
65516
1
19479
65518
8
65516
1
19503
65517
8
65516
1
19527
65517
8
65516
1
19551
65517
8
65516
1
19574
65517
7
65516
1
19599
65517
7
65516
1
19622
65517
7
65516
1
19646
65517
8
65516
1
19671
65517
8
65516
1
19694
65517
8
65516
1
19718
65517
8
65517
1
19742
65517
8
65517
1
19766
65518
8
65516
1
19789
65518
8
65516
1
19814
65518
8
65516
1
19837
65517
8
65516
1
19862
65517
8
65516
1
19886
65517
8
65516
1
19909
65517
8
65516
1
19934
65517
8
65516
1
19957
65517
8
65516
1
19981
65518
8
65516
1
20005
65518
8
65516
1
20029
65518
8
65516
1
20052
65517
7
65517
1
20077
65517
7
65517
1
20101
65517
7
65517
1
20124
65518
8
65516
1
20149
65518
8
65516
1
20172
65518
8
65516
1
20197
65518
8
65516
1
20220
65518
8
65516
1
20244
65517
8
65516
1
20269
65517
8
65516
1
20292
65517
8
65516
1
20316
65517
8
65516
1
20340
65517
8
65516
1
20364
65517
8
65516
1
20387
65517
7
65516
1
20412
65517
7
65516
1
20435
65517
7
65516
1
20460
65517
8
65516
1
20484
65517
8
65516
1
20507
65517
8
65516
1
20532
65517
8
65516
1
20555
65517
8
65516
1
20579
65517
8
65516
1
20603
65518
8
65516
1
20627
65518
8
65516
1
20651
65518
8
65516
1
20675
65517
8
65516
1
20699
65517
8
65516
1
20722
65517
8
65516
1
20747
65517
8
65516
1
20770
65517
8
65516
1
20795
65517
8
65516
1
20818
65517
8
65516
1
20842
65517
8
65516
1
20867
65517
8
65516
1
20890
65517
8
65516
1
20914
65517
8
65516
1
20938
65517
8
65516
1
20962
65517
8
65516
1
20985
65517
8
65516
1
21010
65517
7
65516
1
21033
65517
7
65516
1
21058
65517
7
65516
1
21082
65517
8
65517
1
21105
65517
8
65517
1
21130
65517
8
65517
1
21153
65518
8
65516
1
21177
65518
8
65516
1
21201
65517
8
65517
1
21225
65517
8
65517
1
21249
65517
8
65517
1
21273
65517
8
65516
1
21297
65517
8
65516
1
21320
65517
8
65516
1
21345
65517
8
65517
1
21368
65517
8
65517
1
21393
65517
8
65517
1
21416
65517
8
65517
1
21440
65517
8
65517
1
21465
65517
8
65517
1
21488
65517
8
65517
1
21512
65517
8
65517
1
21536
65517
8
65517
1
21560
65517
8
65516
1
21583
65517
8
65516
1
21608
65517
8
65516
1
21632
65518
8
65517
1
21655
65518
8
65517
1
21680
65517
8
65517
1
21703
65517
8
65517
1
21728
65517
8
65517
1
21751
65517
8
65516
1
21775
65517
8
65516
1
21799
65517
8
65516
1
21823
65517
8
65516
1
21847
65517
8
65516
1
21871
65517
8
65516
1
21895
65517
8
65516
1
21918
65517
8
65516
1
21943
65517
8
65516
1
21966
65517
8
65517
1
21991
65517
8
65517
1
22014
65517
8
65517
1
22038
65518
8
65517
1
22063
65518
8
65517
1
22086
65518
8
65517
1
22110
65518
8
65516
1
22134
65518
8
65516
1
22158
65517
8
65517
1
22181
65517
8
65517
1
22206
65517
8
65517
1
22230
65517
8
65517
1
22253
65517
8
65517
1
22278
65517
8
65517
1
22301
65518
8
65516
1
22326
65518
8
65516
1
22349
65518
8
65516
1
22373
65517
8
65517
1
22397
65517
8
65517
1
22421
65517
8
65517
1
22445
65517
8
65517
1
22469
65517
8
65517
1
22493
65517
8
65517
1
22516
65517
8
65517
1
22541
65517
8
65517
1
22564
65517
9
65517
1
22589
65517
9
65517
1
22612
65517
9
65517
1
22636
65517
8
65517
1
22661
65517
8
65517
1
22684
65517
8
65517
1
22708
65518
8
65517
1
22732
65518
8
65517
1
22756
65518
8
65517
1
22779
65518
8
65517
1
22804
65518
8
65517
1
22828
65518
8
65517
1
22851
65518
8
65517
1
22876
65518
8
65517
1
22899
65518
8
65517
1
22924
65518
9
65517
1
22947
65518
9
65517
1
22971
65518
9
65517
1
22995
65518
9
65517
1
23019
65518
9
65517
1
23043
65518
9
65517
1
23067
65518
9
65517
1
23091
65518
9
65517
1
23114
65518
9
65517
1
23139
65518
9
65517
1
23162
65518
9
65517
1
23186
65518
9
65517
1
23211
65518
9
65517
1
23234
65518
9
65517
1
23259
65518
9
65518
1
23282
65518
9
65518
1
23306
65518
9
65518
1
23330
65518
9
65517
1
23354
65518
9
65517
1
23377
65518
9
65517
1
23402
65518
9
65518
1
23426
65518
9
65518
1
23449
65518
9
65518
1
23474
65518
9
65518
1
23497
65518
9
65518
1
23522
65518
9
65517
1
23545
65518
9
65517
1
23569
65518
9
65517
1
23593
65518
9
65517
1
23617
65518
9
65517
1
23641
65518
9
65517
1
23665
65519
9
65518
1
23689
65519
9
65518
1
23712
65519
9
65518
1
23737
65519
10
65518
1
23760
65519
10
65518
1
23785
65519
10
65518
1
23811
65519
10
65517
1
23835
65519
10
65517
1
23861
65519
10
65517
1
23885
65519
9
65518
1
23910
65519
9
65518
1
23934
65518
10
65518
1
23958
65518
10
65518
1
23983
65518
10
65518
1
24008
65519
10
65518
1
24033
65519
10
65518
1
24058
65519
10
65518
1
24083
65519
10
65518
1
24108
65519
10
65518
1
24133
65519
10
65518
1
24158
65519
10
65518
1
24182
65519
10
65518
1
24208
65519
10
65518
1
24232
65519
10
65518
1
24258
65519
10
65518
1
24283
65519
10
65518
1
24307
65519
10
65518
1
24333
65519
10
65518
1
24357
65520
10
65518
1
24382
65520
10
65518
1
24408
65520
11
65518
1
24432
65520
11
65518
1
24458
65520
11
65518
1
24482
65520
11
65518
1
24507
65520
11
65518
1
24532
65520
11
65518
1
24557
65521
11
65518
1
24582
65521
11
65518
1
24607
65521
11
65518
1
24632
65520
11
65518
1
24657
65520
11
65518
1
24682
65521
11
65518
1
24707
65521
11
65518
1
24732
65521
11
65518
1
24757
65521
11
65518
1
24781
65521
11
65518
1
24807
65521
11
65518
1
24832
65521
11
65518
1
24857
65521
11
65518
1
24882
65521
11
65518
1
24906
65522
11
65518
1
24932
65522
11
65518
1
24956
65522
11
65518
1
24981
65522
11
65518
1
25007
65522
11
65518
1
25031
65522
11
65518
1
25057
65522
11
65518
1
25081
65522
11
65518
1
25106
65522
11
65518
1
25132
65522
11
65518
1
25156
65522
11
65518
1
25181
65522
11
65518
1
25206
65522
11
65518
1
25231
65523
11
65518
1
25256
65523
11
65518
1
25281
65523
11
65518
1
25306
65523
11
65518
1
25331
65523
11
65518
1
25356
65523
11
65518
1
25380
65523
11
65518
1
25406
65523
11
65518
1
25431
65523
11
65518
1
25456
65523
11
65518
1
25481
65523
11
65518
1
25505
65523
11
65518
1
25531
65523
11
65518
1
25555
65523
11
65518
1
25580
65523
11
65518
1
25606
65523
11
65518
1
25630
65523
11
65518
1
25656
65524
11
65518
1
25680
65524
11
65518
1
25705
65524
11
65518
1
25731
65524
11
65518
1
25755
65524
11
65518
1
25780
65524
11
65518
1
25805
65524
11
65518
1
25830
65524
11
65518
1
25856
65524
11
65518
1
25880
65524
11
65518
1
25905
65524
11
65518
1
25930
65524
11
65518
1
25955
65524
11
65518
1
25979
65524
11
65518
1
26005
65524
11
65518
1
26030
65524
11
65518
1
26055
65525
11
65518
1
26080
65525
11
65518
1
26104
65525
11
65518
1
26130
65525
11
65518
1
26155
65525
11
65518
1
26179
65525
11
65518
1
26205
65525
11
65517
1
26229
65525
11
65517
1
26255
65525
11
65518
1
26279
65525
11
65518
1
26304
65525
11
65518
1
26330
65525
11
65518
1
26354
65525
11
65518
1
26379
65525
11
65518
1
26404
65525
11
65518
1
26429
65525
11
65518
1
26455
65525
11
65518
1
26479
65526
11
65518
1
26504
65526
11
65518
1
26529
65526
11
65517
1
26554
65526
11
65517
1
26578
65526
11
65517
1
26604
65526
11
65518
1
26629
65526
11
65518
1
26654
65526
11
65518
1
26679
65526
11
65517
1
26703
65526
11
65517
1
26729
65526
11
65517
1
26754
65526
11
65517
1
26778
65526
11
65517
1
26804
65526
11
65517
1
26828
65526
11
65517
1
26854
65526
11
65517
1
26878
65526
11
65517
1
26903
65526
11
65517
1
26929
65526
11
65517
1
26953
65526
10
65517
1
26978
65526
10
65517
1
27003
65527
10
65516
1
27028
65527
10
65516
1
27054
65527
10
65516
1
27078
65526
10
65517
1
27103
65526
10
65517
1
27128
65526
10
65517
1
27153
65526
10
65518
1
27177
65526
10
65518
1
27203
65526
10
65518
1
27228
65526
10
65517
1
27253
65526
10
65517
1
27278
65527
10
65517
1
27302
65527
10
65517
1
27328
65527
10
65517
1
27353
65527
10
65517
1
27377
65527
10
65517
1
27403
65527
10
65517
1
27427
65527
10
65517
1
27453
65527
10
65517
1
27478
65527
10
65517
1
27502
65527
9
65518
1
27528
65527
9
65518
1
27551
65527
9
65517
1
27575
65527
9
65517
1
27599
65527
9
65517
1
27623
65527
9
65517
1
27648
65527
9
65517
1
27671
65527
9
65517
1
27695
65527
8
65517
1
27719
65527
8
65517
1
27743
65527
8
65517
1
27766
65527
8
65517
1
27791
65527
8
65517
1
27814
65527
8
65517
1
27838
65527
8
65517
1
27863
65527
8
65517
1
27886
65527
8
65517
1
27910
65527
8
65517
1
27934
65527
8
65517
1
27958
65527
8
65517
1
27982
65527
8
65518
1
28006
65527
8
65518
1
28029
65527
8
65517
1
28054
65527
8
65517
1
28078
65527
8
65517
1
28101
65527
7
65518
1
28126
65527
7
65518
1
28149
65527
7
65518
1
28173
65527
7
65518
1
28197
65527
7
65518
1
28221
65527
7
65518
1
28244
65526
7
65518
1
28269
65526
7
65518
1
28293
65526
7
65518
1
28317
65527
7
65518
1
28341
65527
7
65518
1
28364
65527
7
65518
1
28389
65526
7
65518
1
28412
65526
7
65518
1
28436
65526
7
65518
1
28461
65527
7
65518
1
28484
65527
7
65518
1
28508
65526
7
65518
1
28532
65526
7
65518
1
28556
65526
7
65518
1
28580
65526
7
65518
1
28604
65526
7
65518
1
28627
65526
7
65518
1
28652
65526
7
65518
1
28676
65526
7
65518
1
28699
65526
7
65518
1
28724
65526
7
65518
1
28747
65526
7
65518
1
28771
65526
7
65518
1
28795
65526
6
65519
1
28819
65526
6
65519
1
28843
65526
6
65519
1
28867
65526
7
65518
1
28891
65526
7
65518
1
28915
65526
7
65518
1
28939
65526
6
65518
1
28962
65526
6
65518
1
28987
65526
7
65519
1
29010
65526
7
65519
1
29034
65526
7
65519
1
29059
65526
6
65519
1
29082
65526
6
65519
1
29106
65526
6
65519
1
29130
65526
6
65519
1
29154
65526
6
65519
1
29178
65526
6
65519
1
29202
65526
7
65519
1
29225
65526
7
65519
1
29250
65526
7
65519
1
29274
65526
6
65519
1
29297
65526
6
65519
1
29322
65526
6
65519
1
29345
65526
6
65518
1
29369
65526
6
65518
1
29393
65526
6
65518
1
29417
65526
6
65518
1
29441
65526
6
65518
1
29465
65526
6
65519
1
29489
65526
6
65519
1
29513
65526
6
65519
1
29537
65526
7
65518
1
29560
65526
7
65518
1
29585
65526
7
65518
1
29608
65526
6
65518
1
29632
65526
6
65518
1
29657
65526
6
65518
1
29680
65526
7
65518
1
29704
65526
7
65518
1
29728
65526
7
65518
1
29752
65526
6
65519
1
29775
65526
6
65519
1
29800
65526
6
65519
1
29824
65526
6
65519
1
29848
65526
6
65519
1
29872
65526
6
65519
1
29895
65526
6
65518
1
29920
65526
6
65518
1
29943
65526
6
65519
1
29967
65526
6
65519
1
29991
65526
6
65519
1
30015
65526
6
65518
1
30039
65526
6
65518
1
30063
65526
6
65518
1
30087
65526
6
65519
1
30111
65526
6
65519
1
30135
65526
6
65519
1
30158
65526
6
65518
1
30183
65526
6
65518
1
30206
65526
6
65518
1
30230
65526
6
65518
1
30255
65526
6
65518
1
30278
65526
6
65518
1
30302
65526
6
65519
1
30326
65526
6
65519
1
30350
65526
6
65519
1
30373
65526
6
65519
1
30398
65526
6
65519
1
30422
65526
6
65519
1
30446
65526
6
65519
1
30470
65526
6
65519
1
30493
65526
7
65519
1
30518
65526
7
65519
1
30541
65526
7
65519
1
30565
65526
6
65519
1
30589
65526
6
65519
1
30613
65526
6
65519
1
30637
65526
6
65518
1
30661
65526
6
65518
1
30685
65526
6
65518
1
30709
65526
6
65518
1
30733
65526
6
65518
1
30756
65526
6
65518
1
30781
65526
6
65519
1
30804
65526
6
65519
1
30828
65526
6
65519
1
30853
65526
6
65519
1
30876
65526
6
65519
1
30900
65526
6
65519
1
30924
65526
6
65519
1
30948
65526
6
65519
1
30971
65526
6
65519
1
30996
65526
6
65519
1
31020
65526
6
65519
1
31044
65526
7
65519
1
31068
65526
7
65519
1
31091
65526
7
65519
1
31116
65526
6
65519
1
31139
65526
6
65519
1
31163
65526
6
65519
1
31187
65526
6
65518
1
31211
65526
6
65518
1
31235
65526
6
65518
1
31259
65526
6
65518
1
31283
65526
6
65518
1
31306
65526
6
65518
1
31331
65526
6
65518
1
31354
65526
6
65518
1
31379
65526
6
65518
1
31403
65526
6
65518
1
31426
65526
6
65518
1
31451
65526
6
65518
1
31474
65526
6
65518
1
31498
65526
6
65518
1
31522
65526
6
65518
1
31546
65526
6
65518
1
31569
65526
6
65518
1
31594
65526
6
65518
1
31618
65526
6
65518
1
31642
65526
6
65518
1
31666
65526
6
65519
1
31689
65526
6
65519
1
31714
65526
6
65519
1
31737
65526
6
65518
1
31761
65526
6
65518
1
31785
65526
6
65518
1
31809
65526
6
65518
1
31833
65526
6
65518
1
31857
65526
6
65518
1
31881
65526
6
65518
1
31904
65526
6
65518
1
31929
65526
6
65519
1
31952
65526
6
65519
1
31977
65526
6
65519
1
32001
65526
7
65518
1
32024
65526
7
65518
1
32049
65526
7
65518
1
32072
65526
6
65518
1
32096
65526
6
65518
1
32120
65526
6
65518
1
32144
65526
6
65519
1
32167
65526
6
65519
1
32192
65526
6
65519
1
32216
65526
6
65518
1
32240
65526
6
65518
1
32264
65526
6
65518
1
32287
65526
6
65518
1
32312
65526
6
65518
1
32335
65526
6
65519
1
32359
65526
6
65519
1
32384
65526
6
65519
1
32407
65526
6
65518
1
32431
65526
6
65518
1
32455
65526
6
65518
1
32479
65526
7
65518
1
32502
65526
7
65518
1
32527
65526
7
65518
1
32550
65526
7
65519
1
32575
65526
7
65519
1
32599
65526
7
65519
1
32622
65526
6
65518
1
32647
65526
6
65518
1
32670
65526
6
65518
1
32694
65526
7
65519
1
32718
65526
7
65519
1
32742
65526
6
65519
1
32765
65526
6
65519
1
32790
65526
6
65519
1
32814
65526
7
65518
1
32837
65526
7
65518
1
32862
65526
7
65518
1
32885
65526
7
65518
1
32910
65526
7
65518
1
32933
65526
7
65518
1
32957
65526
6
65518
1
32982
65526
6
65518
1
33005
65526
6
65518
1
33029
65526
7
65518
1
33053
65526
7
65518
1
33077
65526
7
65518
1
33100
65526
6
65518
1
33125
65526
6
65518
1
33148
65526
6
65518
1
33173
65526
6
65518
1
33197
65526
6
65518
1
33220
65526
7
65519
1
33245
65526
7
65519
1
33268
65526
7
65519
1
33292
65526
7
65518
1
33316
65526
7
65518
1
33340
65526
7
65518
1
33363
65526
6
65518
1
33388
65526
6
65518
1
33412
65526
6
65518
1
33435
65526
6
65518
1
33460
65526
6
65518
1
33483
65526
6
65518
1
33508
65526
7
65518
1
33531
65526
7
65518
1
33555
65526
7
65518
1
33580
65526
6
65519
1
33603
65526
6
65519
1
33627
65526
6
65519
1
33651
65526
6
65518
1
33675
65526
6
65518
1
33698
65526
6
65519
1
33723
65526
6
65519
1
33746
65526
6
65519
1
33771
65526
6
65519
1
33795
65526
6
65519
1
33818
65526
6
65519
1
33843
65526
7
65519
1
33866
65526
7
65519
1
33890
65526
7
65519
1
33914
65526
6
65519
1
33938
65526
6
65519
1
33961
65526
6
65519
1
33986
65526
7
65518
1
34010
65526
7
65518
1
34033
65526
7
65518
1
34058
65526
6
65519
1
34081
65526
6
65519
1
34106
65526
6
65519
1
34129
65526
7
65519
1
34153
65526
7
65519
1
34178
65526
6
65518
1
34201
65526
6
65518
1
34225
65526
6
65518
1
34249
65526
7
65518
1
34273
65526
7
65518
1
34296
65526
7
65518
1
34321
65526
7
65518
1
34344
65526
7
65518
1
34368
65526
7
65518
1
34393
65526
6
65519
1
34416
65526
6
65519
1
34441
65526
6
65519
1
34464
65526
7
65518
1
34488
65526
7
65518
1
34512
65526
7
65518
1
34536
65526
6
65518
1
34560
65526
6
65518
1
34584
65526
6
65518
1
34608
65526
6
65518
1
34631
65526
6
65518
1
34656
65526
6
65518
1
34679
65526
6
65518
1
34704
65526
6
65518
1
34727
65526
7
65519
1
34751
65526
7
65519
1
34776
65526
7
65519
1
34799
65526
7
65518
1
34823
65526
7
65518
1
34847
65526
7
65518
1
34871
65526
6
65518
1
34894
65526
6
65518
1
34919
65526
6
65518
1
34942
65526
7
65519
1
34966
65526
7
65519
1
34991
65526
7
65519
1
35014
65526
7
65518
1
35039
65526
7
65518
1
35062
65526
7
65518
1
35086
65526
7
65518
1
35110
65526
7
65518
1
35134
65526
6
65518
1
35158
65526
6
65518
1
35182
65526
6
65518
1
35206
65526
6
65519
1
35229
65526
6
65519
1
35254
65526
6
65519
1
35277
65526
6
65518
1
35302
65526
6
65518
1
35325
65526
6
65518
1
35349
65526
6
65518
1
35374
65526
6
65518
1
35397
65526
6
65518
1
35421
65526
6
65518
1
35445
65526
6
65518
1
35469
65526
6
65518
1
35492
65526
6
65518
1
35517
65526
6
65518
1
35540
65526
6
65518
1
35564
65526
6
65518
1
35589
65526
6
65518
1
35612
65526
7
65518
1
35637
65526
7
65518
1
35660
65526
7
65518
1
35684
65526
6
65518
1
35708
65526
6
65518
1
35732
65526
6
65518
1
35756
65526
6
65518
1
35780
65526
6
65518
1
35804
65526
6
65518
1
35827
65526
7
65518
1
35852
65526
7
65518
1
35875
65526
7
65518
1
35899
65526
6
65519
1
35923
65526
6
65519
1
35947
65526
6
65519
1
35972
65526
7
65518
1
35995
65526
7
65518
1
36019
65526
6
65519
1
36043
65526
6
65519
1
36067
65526
6
65519
1
36090
65526
7
65518
1
36115
65526
7
65518
1
36139
65526
7
65518
1
36162
65525
7
65518
1
36187
65525
7
65518
1
36210
65525
7
65518
1
36235
65526
6
65518
1
36258
65526
6
65518
1
36282
65526
6
65518
1
36306
65526
7
65518
1
36330
65526
7
65518
1
36354
65526
7
65518
1
36378
65526
6
65518
1
36402
65526
6
65518
1
36425
65526
6
65518
1
36450
65526
7
65518
1
36473
65526
7
65518
1
36497
65526
7
65518
1
36521
65526
7
65518
1
36545
65526
7
65518
1
36570
65526
7
65518
1
36593
65526
7
65518
1
36617
65526
7
65518
1
36641
65526
6
65518
1
36665
65526
6
65518
1
36688
65526
6
65518
1
36713
65526
7
65519
1
36737
65526
7
65519
1
36760
65526
7
65519
1
36785
65526
7
65518
1
36808
65526
7
65518
1
36833
65526
7
65518
1
36856
65526
6
65518
1
36880
65526
6
65518
1
36904
65526
6
65518
1
36928
65526
7
65518
1
36952
65526
7
65518
1
36976
65526
6
65518
1
37000
65526
6
65518
1
37023
65526
6
65518
1
37048
65526
6
65518
1
37071
65526
6
65518
1
37095
65526
6
65518
1
37120
65526
6
65518
1
37143
65526
6
65518
1
37168
65526
6
65518
1
37191
65526
6
65518
1
37215
65526
6
65518
1
37239
65526
6
65518
1
37263
65526
7
65518
1
37286
65526
7
65518
1
37311
65526
7
65518
1
37335
65526
7
65518
1
37358
65526
7
65518
1
37383
65526
7
65518
1
37406
65526
6
65518
1
37430
65526
6
65518
1
37454
65526
6
65518
1
37478
65526
6
65518
1
37502
65526
6
65518
1
37526
65526
6
65519
1
37550
65526
6
65519
1
37574
65526
6
65519
1
37598
65526
6
65518
1
37621
65526
6
65518
1
37646
65526
6
65518
1
37669
65526
6
65518
1
37693
65526
6
65518
1
37718
65526
6
65518
1
37741
65526
6
65519
1
37766
65526
6
65519
1
37789
65526
6
65519
1
37813
65526
6
65518
1
37837
65526
6
65518
1
37861
65526
6
65518
1
37884
65526
6
65519
1
37909
65526
6
65519
1
37933
65526
6
65518
1
37956
65526
6
65518
1
37981
65526
6
65518
1
38004
65526
6
65519
1
38028
65526
6
65519
1
38052
65526
6
65519
1
38076
65526
7
65518
1
38100
65526
7
65518
1
38124
65526
7
65518
1
38148
65526
6
65519
1
38172
65526
6
65519
1
38196
65526
6
65519
1
38219
65526
6
65518
1
38244
65526
6
65518
1
38267
65526
6
65518
1
38291
65525
7
65518
1
38316
65525
7
65518
1
38339
65525
7
65518
1
38364
65526
6
65518
1
38387
65526
6
65518
1
38411
65526
7
65518
1
38435
65526
7
65518
1
38459
65526
7
65518
1
38482
65526
6
65519
1
38507
65526
6
65519
1
38531
65526
6
65519
1
38554
65526
6
65518
1
38579
65526
6
65518
1
38602
65526
6
65518
1
38626
65526
6
65519
1
38650
65526
6
65519
1
38674
65526
6
65519
1
38699
65526
6
65519
1
38722
65526
6
65519
1
38746
65526
6
65519
1
38770
65526
6
65519
1
38794
65526
6
65519
1
38817
65526
6
65519
1
38842
65526
6
65519
1
38865
65526
6
65519
1
38889
65526
6
65519
1
38914
65526
6
65519
1
38937
65526
6
65519
1
38961
65526
6
65518
1
38985
65526
6
65518
1
39009
65526
6
65518
1
39033
65526
6
65518
1
39057
65526
6
65518
1
39080
65526
6
65518
1
39105
65526
6
65519
1
39129
65526
6
65519
1
39152
65526
6
65519
1
39177
65526
6
65519
1
39200
65526
6
65519
1
39224
65526
6
65519
1
39248
65526
6
65519
1
39272
65526
6
65519
1
39297
65526
6
65519
1
39320
65526
6
65519
1
39344
65526
6
65519
1
39368
65526
6
65518
1
39392
65526
6
65518
1
39415
65526
6
65518
1
39440
65525
7
65519
1
39463
65525
7
65519
1
39487
65525
7
65519
1
39512
65525
6
65519
1
39535
65525
6
65519
1
39559
65525
6
65519
1
39583
65525
6
65519
1
39607
65525
6
65519
1
39631
65525
6
65519
1
39655
65525
6
65519
1
39678
65525
6
65519
1
39703
65525
6
65519
1
39727
65525
6
65519
1
39750
65525
6
65519
1
39775
65525
6
65519
1
39798
65525
6
65519
1
39822
65525
6
65519
1
39846
65525
6
65519
1
39870
65525
6
65519
1
39895
65525
6
65519
1
39918
65525
6
65519
1
39942
65525
6
65519
1
39966
65525
6
65519
1
39990
65524
6
65519
1
40013
65524
6
65519
1
40038
65524
6
65519
1
40061
65525
6
65519
1
40085
65525
6
65519
1
40110
65525
6
65519
1
40133
65524
6
65519
1
40157
65524
6
65519
1
40181
65524
6
65519
1
40205
65524
6
65519
1
40229
65524
6
65519
1
40253
65524
6
65519
1
40276
65524
6
65519
1
40301
65524
6
65519
1
40325
65524
6
65519
1
40348
65524
6
65519
1
40373
65524
6
65519
1
40396
65524
6
65519
1
40420
65524
6
65519
1
40444
65524
6
65519
1
40468
65524
6
65519
1
40492
65524
6
65519
1
40516
65524
6
65519
1
40540
65523
6
65519
1
40564
65523
6
65519
1
40588
65523
6
65519
1
40611
65523
6
65519
1
40636
65523
6
65519
1
40659
65523
6
65519
1
40683
65524
6
65519
1
40708
65524
6
65519
1
40731
65524
6
65519
1
40755
65523
6
65519
1
40779
65523
6
65519
1
40803
65523
6
65519
1
40827
65523
6
65519
1
40851
65523
6
65519
1
40875
65523
7
65519
1
40899
65523
7
65519
1
40923
65523
7
65519
1
40946
65523
6
65519
1
40971
65523
6
65519
1
40994
65523
6
65519
1
41018
65523
6
65519
1
41042
65523
6
65519
1
41066
65523
6
65519
1
41090
65523
6
65519
1
41114
65523
6
65519
1
41138
65523
6
65519
1
41162
65523
6
65519
1
41186
65523
6
65519
1
41209
65523
6
65519
1
41234
65523
6
65519
1
41257
65523
6
65519
1
41281
65523
6
65519
1
41306
65523
6
65519
1
41329
65523
6
65519
1
41353
65523
6
65519
1
41377
65523
6
65519
1
41401
65523
6
65519
1
41425
65523
6
65519
1
41449
65523
6
65519
1
41473
65523
6
65519
1
41497
65523
6
65519
1
41521
65523
6
65519
1
41544
65523
6
65519
1
41569
65523
6
65519
1
41592
65523
6
65519
1
41616
65523
6
65519
1
41640
65523
6
65518
1
41664
65523
6
65518
1
41688
65523
6
65519
1
41712
65522
6
65519
1
41736
65522
6
65519
1
41760
65522
6
65518
1
41784
65522
6
65518
1
41807
65522
6
65518
1
41832
65522
6
65519
1
41856
65522
6
65519
1
41879
65522
6
65519
1
41904
65522
6
65518
1
41927
65522
6
65518
1
41951
65522
6
65518
1
41975
65522
6
65518
1
41999
65522
6
65518
1
42022
65522
6
65518
1
42047
65522
6
65518
1
42071
65522
6
65518
1
42095
65522
6
65518
1
42119
65522
6
65518
1
42142
65522
6
65518
1
42167
65522
6
65518
1
42190
65522
6
65518
1
42214
65522
6
65518
1
42238
65522
6
65518
1
42262
65522
6
65518
1
42286
65522
6
65518
1
42310
65522
5
65518
1
42334
65522
5
65518
1
42358
65522
5
65518
1
42382
65521
5
65518
1
42405
65521
5
65518
1
42430
65521
5
65518
1
42454
65522
5
65518
1
42477
65522
5
65518
1
42502
65522
5
65518
1
42525
65521
5
65518
1
42549
65521
5
65518
1
42573
65521
5
65518
1
42597
65522
5
65518
1
42620
65522
5
65518
1
42645
65522
5
65518
1
42669
65522
5
65518
1
42693
65522
5
65518
1
42717
65521
5
65518
1
42740
65521
5
65518
1
42765
65521
5
65518
1
42788
65521
5
65518
1
42812
65521
5
65518
1
42836
65521
5
65518
1
42860
65521
5
65518
1
42884
65521
5
65518
1
42908
65521
5
65518
1
42932
65521
4
65517
1
42956
65521
4
65517
1
42980
65521
4
65517
1
43003
65520
4
65518
1
43028
65520
4
65518
1
43052
65520
4
65518
1
43075
65520
4
65518
1
43100
65520
4
65518
1
43123
65520
4
65518
1
43147
65520
4
65518
1
43171
65520
4
65518
1
43195
65520
4
65517
1
43218
65520
4
65517
1
43243
65520
4
65517
1
43267
65519
4
65518
1
43291
65519
4
65518
1
43315
65519
4
65518
1
43338
65519
4
65518
1
43363
65519
4
65518
1
43386
65519
4
65518
1
43410
65519
4
65518
1
43435
65519
4
65518
1
43458
65519
4
65518
1
43482
65519
4
65517
1
43506
65519
4
65517
1
43530
65519
4
65517
1
43553
65519
4
65517
1
43578
65519
4
65517
1
43601
65519
4
65517
1
43626
65519
4
65517
1
43650
65519
4
65517
1
43673
65518
4
65518
1
43698
65518
4
65518
1
43721
65518
4
65518
1
43745
65518
4
65517
1
43769
65518
4
65517
1
43793
65518
4
65517
1
43816
65518
4
65517
1
43841
65518
4
65517
1
43865
65518
4
65517
1
43889
65518
4
65517
1
43913
65518
4
65517
1
43936
65518
4
65517
1
43961
65518
4
65518
1
43984
65518
4
65518
1
44008
65518
4
65518
1
44033
65517
5
65518
1
44056
65517
5
65518
1
44080
65517
4
65517
1
44104
65517
4
65517
1
44128
65517
4
65517
1
44151
65517
5
65518
1
44176
65517
5
65518
1
44199
65517
5
65518
1
44224
65517
5
65517
1
44248
65517
5
65517
1
44271
65517
5
65517
1
44296
65517
5
65517
1
44319
65517
5
65517
1
44343
65517
5
65517
1
44367
65516
5
65517
1
44391
65516
5
65517
1
44414
65516
5
65517
1
44439
65516
5
65518
1
44463
65516
5
65518
1
44487
65516
5
65518
1
44511
65516
5
65517
1
44534
65516
5
65517
1
44559
65516
6
65517
1
44582
65516
6
65517
1
44606
65516
6
65517
1
44631
65516
6
65517
1
44654
65516
6
65517
1
44678
65516
6
65517
1
44702
65516
6
65517
1
44726
65516
6
65517
1
44749
65516
6
65517
1
44774
65516
6
65517
1
44797
65516
6
65517
1
44822
65516
6
65517
1
44846
65516
6
65518
1
44869
65516
6
65518
1
44894
65516
6
65518
1
44917
65516
7
65517
1
44941
65516
7
65517
1
44965
65516
7
65517
1
44989
65516
7
65517
1
45012
65516
7
65517
1
45037
65516
7
65517
1
45061
65516
7
65517
1
45084
65516
7
65517
1
45109
65516
7
65517
1
45132
65516
7
65517
1
45157
65516
7
65517
1
45180
65516
7
65517
1
45204
65516
7
65517
1
45229
65516
7
65517
1
45252
65516
7
65517
1
45276
65516
7
65517
1
45300
65516
7
65517
1
45324
65516
7
65517
1
45347
65516
7
65517
1
45372
65516
7
65517
1
45395
65516
7
65517
1
45420
65516
7
65517
1
45444
65516
7
65517
1
45467
65516
7
65517
1
45492
65516
7
65517
1
45515
65517
7
65517
1
45539
65517
7
65517
1
45563
65517
7
65517
1
45587
65517
7
65517
1
45611
65517
7
65517
1
45635
65517
7
65517
1
45659
65517
7
65516
1
45682
65517
7
65516
1
45707
65517
7
65516
1
45730
65517
7
65516
1
45755
65517
7
65516
1
45778
65517
7
65516
1
45802
65517
7
65517
1
45827
65517
7
65517
1
45850
65517
7
65517
1
45874
65517
8
65517
1
45898
65517
8
65517
1
45922
65517
8
65517
1
45945
65517
7
65516
1
45970
65517
7
65516
1
45993
65517
7
65517
1
46018
65517
7
65517
1
46042
65517
7
65517
1
46065
65517
8
65516
1
46090
65517
8
65516
1
46113
65517
8
65516
1
46137
65517
7
65516
1
46161
65517
7
65516
1
46185