65517
7
65516
1
36229
65517
7
65516
1
36252
65517
7
65516
1
36277
65517
7
65516
1
36300
65517
7
65516
1
36324
65518
8
65516
1
36348
65518
8
65516
1
36372
65518
8
65516
1
36397
65517
7
65517
1
36420
65517
7
65517
1
36444
65517
7
65517
1
36468
65518
7
65516
1
36492
65518
7
65516
1
36515
65518
7
65516
1
36540
65517
8
65516
1
36563
65517
8
65516
1
36587
65517
8
65516
1
36612
65517
7
65516
1
36635
65517
7
65516
1
36660
65517
7
65516
1
36683
65517
7
65516
1
36707
65517
7
65516
1
36731
65517
8
65516
1
36755
65517
8
65516
1
36779
65517
8
65516
1
36803
65517
8
65516
1
36827
65517
8
65516
1
36850
65517
8
65516
1
36875
65518
7
65516
1
36898
65518
7
65516
1
36922
65518
7
65516
1
36946
65518
8
65516
1
36970
65518
8
65516
1
36995
65518
8
65516
1
37018
65517
8
65516
1
37042
65517
8
65516
1
37066
65517
8
65516
1
37090
65517
7
65516
1
37113
65517
7
65516
1
37138
65517
7
65516
1
37161
65517
7
65516
1
37185
65517
7
65516
1
37210
65518
7
65516
1
37233
65518
7
65516
1
37258
65518
7
65516
1
37281
65517
8
65516
1
37305
65517
8
65516
1
37329
65517
8
65516
1
37353
65518
7
65516
1
37377
65518
7
65516
1
37401
65518
7
65516
1
37425
65518
8
65516
1
37448
65518
8
65516
1
37473
65518
8
65516
1
37496
65517
8
65516
1
37520
65517
8
65516
1
37544
65517
8
65516
1
37568
65517
7
65516
1
37593
65517
7
65516
1
37616
65517
7
65516
1
37640
65517
7
65516
1
37664
65517
7
65516
1
37688
65518
8
65516
1
37711
65518
8
65516
1
37736
65518
8
65516
1
37760
65517
8
65516
1
37783
65517
8
65516
1
37808
65517
8
65516
1
37831
65518
8
65516
1
37855
65518
8
65516
1
37879
65518
8
65516
1
37903
65517
7
65516
1
37927
65517
7
65516
1
37951
65517
7
65516
1
37975
65518
8
65516
1
37999
65518
8
65516
1
38023
65518
8
65516
1
38046
65518
8
65516
1
38071
65518
8
65516
1
38094
65517
7
65517
1
38118
65517
7
65517
1
38142
65517
7
65517
1
38166
65518
7
65516
1
38191
65518
7
65516
1
38214
65518
7
65516
1
38238
65517
8
65517
1
38262
65517
8
65517
1
38286
65517
8
65517
1
38309
65517
7
65516
1
38334
65517
7
65516
1
38358
65517
7
65516
1
38381
65517
7
65516
1
38406
65517
7
65516
1
38429
65517
7
65516
1
38453
65517
8
65516
1
38477
65517
8
65516
1
38501
65517
8
65516
1
38525
65517
7
65516
1
38549
65517
7
65516
1
38573
65517
7
65516
1
38597
65517
7
65516
1
38621
65517
7
65516
1
38644
65517
7
65516
1
38669
65517
7
65516
1
38692
65517
7
65516
1
38716
65517
8
65516
1
38740
65517
8
65516
1
38764
65517
8
65516
1
38789
65518
8
65516
1
38812
65518
8
65516
1
38836
65518
8
65516
1
38860
65517
8
65516
1
38884
65517
8
65516
1
38907
65517
8
65516
1
38932
65517
7
65516
1
38956
65517
7
65516
1
38979
65517
7
65516
1
39004
65517
8
65516
1
39027
65517
8
65516
1
39051
65517
7
65516
1
39075
65517
7
65516
1
39099
65517
7
65516
1
39123
65518
7
65516
1
39147
65518
7
65516
1
39171
65518
7
65516
1
39195
65517
8
65516
1
39219
65517
8
65516
1
39242
65517
8
65516
1
39267
65517
7
65516
1
39290
65517
7
65516
1
39314
65517
7
65516
1
39339
65518
7
65516
1
39362
65518
7
65516
1
39386
65518
7
65516
1
39410
65517
7
65517
1
39434
65517
7
65517
1
39458
65517
7
65517
1
39482
65517
7
65516
1
39505
65517
7
65516
1
39530
65517
8
65517
1
39554
65517
8
65517
1
39577
65517
8
65517
1
39602
65517
7
65516
1
39625
65517
7
65516
1
39649
65517
7
65516
1
39673
65517
7
65516
1
39697
65517
7
65516
1
39721
65517
7
65516
1
39745
65517
7
65516
1
39769
65517
7
65516
1
39793
65517
7
65516
1
39817
65517
7
65517
1
39840
65517
7
65517
1
39865
65517
7
65517
1
39888
65517
7
65517
1
39912
65517
7
65517
1
39937
65517
7
65517
1
39960
65517
7
65516
1
39984
65517
7
65516
1
40008
65517
7
65517
1
40032
65517
7
65517
1
40056
65517
7
65517
1
40080
65517
7
65517
1
40103
65517
7
65517
1
40128
65517
7
65517
1
40152
65517
7
65516
1
40175
65517
7
65516
1
40200
65517
7
65516
1
40223
65517
8
65516
1
40247
65517
8
65516
1
40271
65517
8
65516
1
40295
65517
7
65517
1
40320
65517
7
65517
1
40343
65517
7
65517
1
40367
65517
7
65516
1
40391
65517
7
65516
1
40415
65517
7
65516
1
40438
65517
8
65517
1
40463
65517
8
65517
1
40486
65517
8
65517
1
40510
65517
8
65517
1
40535
65517
8
65517
1
40558
65517
7
65516
1
40582
65517
7
65516
1
40606
65517
7
65516
1
40630
65517
7
65517
1
40654
65517
7
65517
1
40678
65517
7
65517
1
40701
65517
8
65517
1
40726
65517
8
65517
1
40750
65517
8
65517
1
40773
65517
8
65517
1
40798
65517
8
65517
1
40821
65517
8
65517
1
40845
65517
7
65517
1
40869
65517
7
65517
1
40893
65517
7
65517
1
40916
65517
7
65517
1
40941
65517
7
65517
1
40965
65517
7
65517
1
40989
65517
7
65517
1
41013
65517
7
65517
1
41036
65517
7
65516
1
41061
65517
7
65516
1
41084
65517
7
65516
1
41108
65517
7
65516
1
41133
65517
7
65516
1
41156
65517
7
65516
1
41180
65517
7
65517
1
41204
65517
7
65517
1
41228
65517
7
65517
1
41252
65517
7
65517
1
41276
65517
7
65517
1
41299
65517
7
65517
1
41324
65517
7
65517
1
41348
65517
7
65517
1
41371
65517
7
65517
1
41396
65517
7
65517
1
41419
65517
7
65517
1
41443
65517
7
65517
1
41467
65517
7
65517
1
41491
65517
7
65517
1
41515
65517
7
65517
1
41539
65517
7
65517
1
41563
65517
7
65517
1
41587
65516
7
65517
1
41611
65516
7
65517
1
41634
65516
7
65517
1
41659
65516
7
65517
1
41682
65516
7
65517
1
41706
65516
7
65517
1
41731
65517
7
65517
1
41754
65517
7
65517
1
41778
65517
7
65517
1
41802
65517
7
65517
1
41826
65517
7
65517
1
41850
65517
7
65517
1
41874
65517
7
65517
1
41897
65517
7
65517
1
41922
65517
7
65517
1
41946
65517
7
65517
1
41969
65517
7
65517
1
41994
65516
7
65517
1
42017
65516
7
65517
1
42041
65516
7
65517
1
42065
65517
7
65517
1
42089
65517
7
65517
1
42113
65517
7
65517
1
42137
65516
6
65517
1
42161
65516
6
65517
1
42185
65516
6
65517
1
42209
65517
7
65517
1
42232
65517
7
65517
1
42257
65517
7
65517
1
42280
65516
7
65517
1
42304
65516
7
65517
1
42329
65516
6
65517
1
42352
65516
6
65517
1
42376
65516
6
65517
1
42400
65516
7
65517
1
42424
65516
7
65517
1
42447
65516
7
65517
1
42472
65516
7
65517
1
42496
65516
7
65517
1
42520
65516
7
65517
1
42544
65516
7
65517
1
42567
65516
7
65517
1
42592
65516
7
65517
1
42615
65516
7
65517
1
42639
65516
7
65517
1
42663
65516
7
65517
1
42687
65516
7
65517
1
42711
65516
7
65517
1
42735
65516
7
65517
1
42759
65516
6
65518
1
42783
65516
6
65518
1
42807
65516
6
65518
1
42830
65516
6
65518
1
42855
65516
6
65518
1
42878
65516
6
65517
1
42902
65516
6
65517
1
42927
65516
6
65517
1
42950
65516
6
65517
1
42974
65516
6
65517
1
42998
65516
6
65517
1
43022
65515
6
65518
1
43045
65515
6
65518
1
43070
65515
6
65518
1
43094
65516
6
65518
1
43118
65516
6
65518
1
43142
65516
6
65518
1
43165
65516
6
65518
1
43190
65516
6
65518
1
43213
65516
6
65518
1
43237
65516
6
65517
1
43261
65516
6
65517
1
43285
65516
6
65517
1
43309
65516
6
65517
1
43333
65516
6
65517
1
43357
65516
6
65517
1
43381
65516
6
65517
1
43405
65516
6
65517
1
43428
65516
5
65518
1
43453
65516
5
65518
1
43476
65516
5
65518
1
43500
65516
5
65517
1
43525
65516
5
65517
1
43548
65516
5
65517
1
43572
65516
5
65518
1
43596
65516
5
65518
1
43620
65516
5
65518
1
43643
65516
5
65518
1
43668
65516
5
65518
1
43692
65516
5
65518
1
43716
65516
5
65518
1
43740
65516
5
65518
1
43763
65516
5
65518
1
43788
65516
5
65518
1
43811
65516
5
65518
1
43835
65516
4
65518
1
43859
65516
4
65518
1
43883
65516
4
65518
1
43907
65516
4
65517
1
43931
65516
4
65517
1
43955
65516
4
65517
1
43978
65516
4
65518
1
44003
65516
4
65518
1
44026
65516
4
65518
1
44051
65517
4
65518
1
44075
65517
4
65518
1
44098
65517
4
65518
1
44123
65517
4
65518
1
44146
65517
4
65518
1
44170
65517
4
65518
1
44194
65517
4
65518
1
44218
65517
4
65518
1
44241
65517
4
65518
1
44266
65517
4
65518
1
44290
65517
4
65518
1
44314
65517
3
65518
1
44338
65517
3
65518
1
44361
65517
3
65518
1
44386
65518
4
65517
1
44409
65518
4
65517
1
44433
65518
4
65517
1
44457
65518
3
65518
1
44481
65518
3
65518
1
44505
65518
3
65518
1
44529
65518
3
65518
1
44553
65518
3
65518
1
44576
65518
3
65518
1
44601
65518
3
65518
1
44624
65518
3
65518
1
44649
65518
3
65518
1
44673
65519
3
65518
1
44696
65519
3
65518
1
44721
65519
3
65518
1
44744
65519
3
65518
1
44768
65519
3
65518
1
44792
65519
2
65518
1
44816
65519
2
65518
1
44839
65519
2
65518
1
44864
65520
3
65517
1
44888
65520
3
65517
1
44912
65520
3
65517
1
44936
65520
2
65517
1
44959
65520
2
65517
1
44984
65520
2
65517
1
45007
65521
3
65517
1
45031
65521
3
65517
1
45056
65521
3
65517
1
45079
65521
3
65517
1
45103
65521
3
65517
1
45127
65521
3
65517
1
45151
65522
3
65517
1
45174
65522
3
65517
1
45199
65523
4
65517
1
45222
65523
4
65517
1
45247
65523
4
65517
1
45271
65524
4
65517
1
45294
65524
4
65517
1
45319
65524
4
65517
1
45342
65524
4
65517
1
45366
65524
4
65517
1
45390
65524
4
65517
1
45414
65525
5
65517
1
45437
65525
5
65517
1
45462
65525
5
65517
1
45486
65525
6
65517
1
45509
65525
6
65517
1
45534
65525
6
65517
1
45557
65526
6
65518
1
45582
65526
6
65518
1
45605
65526
6
65518
1
45629
65526
7
65518
1
45654
65526
7
65518
1
45677
65526
7
65518
1
45701
65526
7
65518
1
45725
65526
7
65518
1
45749
65526
8
65518
1
45772
65526
8
65518
1
45797
65526
8
65518
1
45820
65526
8
65519
1
45845
65526
8
65519
1
45869
65526
8
65519
1
45892
65527
9
65519
1
45917
65527
9
65519
1
45940
65527
9
65519
1
45964
65526
9
65519
1
45988
65526
9
65519
1
46012
65526
9
65519
1
46035
65526
10
65519
1
46060
65526
10
65519
1
46085
65527
10
65519
1
46110
65527
10
65519
1
46135
65527
10
65519
1
46159
65526
11
65519
1
46185
65526
11
65519
1
46210
65526
11
65519
1
46234
65526
10
65519
1
46260
65526
10
65519
1
46284
65526
10
65519
1
46310
65526
11
65519
1
46334
65526
11
65519
1
46359
65525
10
65519
1
46385
65525
10
65519
1
46409
65525
10
65519
1
46434
65525
10
65520
1
46459
65525
10
65520
1
46484
65525
10
65520
1
46510
65525
11
65519
1
46534
65525
11
65519
1
46559
65525
11
65519
1
46584
65526
11
65520
1
46609
65526
11
65520
1
46633
65525
11
65520
1
46659
65525
11
65520
1
46684
65525
11
65520
1
46709
65526
11
65520
1
46734
65526
11
65520
1
46758
65526
11
65520
1
46784
65525
11
65520
1
46809
65525
11
65520
1
46833
65525
11
65520
1
46859
65525
11
65520
1
46883
65525
11
65520
1
46909
65525
11
65520
1
46934
65525
11
65520
1
46958
65525
11
65520
1
46984
65526
11
65520
1
47008
65526
11
65520
1
47033
65526
11
65520
1
47058
65525
11
65520
1
47083
65525
11
65520
1
47109
65525
11
65520
1
47133
65525
11
65520
1
47158
65525
11
65520
1
47183
65526
11
65521
1
47208
65526
11
65521
1
47233
65526
11
65521
1
47258
65526
11
65521
1
47283
65526
11
65521
1
47308
65526
11
65521
1
47333
65526
11
65520
1
47357
65526
11
65520
1
47383
65526
10
65521
1
47408
65526
10
65521
1
47432
65526
10
65521
1
47458
65526
10
65521
1
47482
65526
10
65521
1
47508
65526
10
65521
1
47533
65527
10
65521
1
47557
65527
10
65521
1
47583
65527
10
65521
1
47607
65527
10
65521
1
47632
65527
10
65521
1
47657
65527
10
65521
1
47682
65527
10
65521
1
47708
65527
10
65521
1
47732
65528
10
65521
1
47757
65528
10
65521
1
47782
65528
10
65521
1
47807
65528
10
65520
1
47832
65528
10
65520
1
47857
65528
10
65520
1
47882
65529
11
65520
1
47907
65529
11
65520
1
47932
65529
11
65520
1
47956
65529
11
65520
1
47982
65529
11
65520
1
48007
65529
11
65519
1
48031
65529
11
65519
1
48057
65529
11
65519
1
48081
65530
11
65520
1
48107
65530
11
65520
1
48132
65530
11
65520
1
48156
65530
11
65520
1
48182
65530
11
65520
1
48206
65530
12
65519
1
48231
65530
12
65519
1
48257
65530
12
65519
1
48281
65530
13
65519
1
48307
65530
13
65519
1
48331
65530
13
65519
1
48356
65530
13
65518
1
48381
65530
13
65518
1
48406
65530
14
65518
1
48431
65530
14
65518
1
48456
65530
14
65518
1
48481
65530
14
65518
1
48506
65530
14
65518
1
48531
65530
14
65518
1
48556
65530
15
65518
1
48581
65530
15
65518
1
48606
65530
15
65518
1
48630
65530
16
65517
1
48656
65530
16
65517
1
48680
65529
16
65517
1
48706
65529
16
65517
1
48731
65529
16
65517
1
48755
65529
17
65517
1
48781
65529
17
65517
1
48805
65529
17
65517
1
48830
65528
17
65517
1
48856
65528
17
65517
1
48880
65528
17
65517
1
48906
65528
18
65518
1
48930
65528
18
65518
1
48955
65528
18
65518
1
48980
65528
18
65518
1
49005
65528
18
65518
1
49030
65527
18
65518
1
49055
65527
18
65518
1
49080
65527
18
65518
1
49105
65527
18
65518
1
49130
65527
18
65518
1
49155
65527
18
65518
1
49180
65526
18
65518
1
49205
65526
18
65518
1
49229
65526
18
65518
1
49255
65526
18
65518
1
49280
65526
18
65518
1
49305
65526
19
65518
1
49330
65526
19
65518
1
49354
65526
19
65518
1
49380
65525
19
65519
1
49404
65525
19
65519
1
49429
65525
18
65518
1
49455
65525
18
65518
1
49479
65525
18
65518
1
49505
65525
18
65519
1
49529
65525
18
65519
1
49554
65525
18
65519
1
49580
65525
18
65519
1
49604
65525
18
65519
1
49629
65525
18
65519
1
49654
65524
19
65519
1
49679
65524
19
65519
1
49704
65524
18
65519
1
49729
65524
18
65519
1
49754
65524
18
65519
1
49779
65524
18
65519
1
49804
65524
18
65519
1
49828
65524
18
65519
1
49854
65523
18
65519
1
49879
65523
18
65519
1
49904
65523
18
65519
1
49929
65523
18
65519
1
49953
65523
18
65519
1
49979
65522
18
65519
1
50003
65522
18
65519
1
50028
65522
18
65519
1
50054
65522
18
65519
1
50078
65522
18
65519
1
50104
65522
18
65519
1
50128
65522
18
65519
1
50153
65522
18
65519
1
50179
65522
18
65519
1
50203
65521
18
65519
1
50228
65521
18
65519
1
50253
65521
18
65519
1
50278
65521
18
65519
1
50304
65521
18
65519
1
50328
65521
18
65519
1
50353
65521
18
65519
1
50378
65521
18
65519
1
50403
65520
18
65519
1
50427
65520
18
65519
1
50453
65520
18
65519
1
50478
65520
18
65519
1
50503
65520
18
65519
1
50528
65519
18
65520
1
50552
65519
18
65520
1
50578
65519
18
65520
1
50603
65519
17
65519
1
50627
65519
17
65519
1
50653
65519
17
65519
1
50677
65519
17
65519
1
50703
65519
17
65519
1
50727
65518
17
65520
1
50752
65518
17
65520
1
50778
65518
17
65520
1
50802
65518
16
65519
1
50827
65518
16
65519
1
50852
65518
16
65519
1
50877
65518
16
65520
1
50903
65518
16
65520
1
50927
65518
16
65520
1
50952
65518
16
65519
1
50977
65518
16
65519
1
51002
65517
15
65520
1
51026
65517
15
65520
1
51052
65517
15
65520
1
51077
65517
15
65520
1
51102
65517
15
65520
1
51127
65517
15
65520
1
51151
65517
15
65520
1
51177
65517
15
65520
1
51202
65517
15
65520
1
51226
65517
15
65519
1
51252
65517
15
65519
1
51276
65517
14
65519
1
51302
65517
14
65519
1
51326
65517
14
65519
1
51351
65516
14
65519
1
51377
65516
14
65519
1
51401
65516
14
65519
1
51426
65516
14
65519
1
51451
65516
14
65519
1
51476
65516
14
65519
1
51502
65516
13
65519
1
51526
65516
13
65519
1
51551
65516
13
65519
1
51576
65516
13
65519
1
51601
65516
13
65519
1
51625
65516
13
65519
1
51651
65516
13
65519
1
51676
65516
13
65519
1
51701
65516
12
65519
1
51726
65516
12
65519
1
51750
65516
12
65519
1
51776
65516
12
65518
1
51801
65516
12
65518
1
51825
65516
12
65519
1
51851
65516
12
65519
1
51875
65516
12
65519
1
51901
65516
12
65519
1
51926
65516
12
65519
1
51950
65516
12
65519
1
51976
65516
11
65518
1
52000
65516
11
65518
1
52025
65516
11
65518
1
52050
65516
11
65518
1
52075
65516
11
65518
1
52101
65516
11
65518
1
52125
65516
11
65518
1
52150
65516
11
65518
1
52175
65516
11
65519
1
52200
65516
11
65519
1
52225
65516
11
65519
1
52250
65516
11
65518
1
52275
65516
11
65518
1
52300
65516
10
65519
1
52325
65516
10
65519
1
52349
65516
10
65519
1
52375
65516
10
65518
1
52400
65516
10
65518
1
52424
65516
10
65518
1
52450
65516
10
65518
1
52474
65516
10
65518
1
52500
65516
10
65518
1
52525
65517
10
65518
1
52549
65517
10
65518
1
52575
65516
10
65518
1
52599
65516
10
65518
1
52624
65516
10
65518
1
52649
65516
10
65518
1
52674
65516
10
65518
1
52700
65516
10
65518
1
52724
65516
10
65517
1
52749
65516
10
65517
1
52774
65516
10
65517
1
52799
65516
10
65518
1
52824
65516
10
65518
1
52849
65516
10
65518
1
52874
65516
10
65518
1
52899
65516
10
65518
1
52924
65517
10
65517
1
52948
65517
10
65517
1
52974
65517
10
65517
1
52999
65516
9
65518
1
53023
65516
9
65518
1
53048
65516
9
65518
1
53071
65517
9
65517
1
53095
65517
9
65517
1
53120
65516
9
65517
1
53143
65516
9
65517
1
53168
65516
9
65517
1
53191
65517
9
65517
1
53215
65517
9
65517
1
53239
65517
9
65517
1
53263
65516
9
65517
1
53286
65516
9
65517
1
53311
65516
9
65517
1
53335
65517
9
65517
1
53358
65517
9
65517
1
53383
65517
9
65517
1
53406
65516
9
65517
1
53430
65516
9
65517
1
53454
65516
9
65517
1
53478
65517
9
65517
1
53502
65517
9
65517
1
53526
65517
9
65517
1
53550
65517
9
65517
1
53574
65517
9
65517
1
53598
65516
9
65517
1
53621
65516
9
65517
1
53646
65516
9
65517
1
53669
65517
8
65517
1
53693
65517
8
65517
1
53718
65517
8
65517
1
53741
65516
9
65517
1
53766
65516
9
65517
1
53789
65516
9
65517
1
53813
65517
8
65517
1
53837
65517
8
65517
1
53861
65517
8
65517
1
53884
65517
8
65517
1
53909
65517
8
65517
1
53933
65517
8
65517
1
53956
65517
9
65518
1
53981
65517
9
65518
1
54004
65517
9
65518
1
54028
65517
9
65517
1
54052
65517
9
65517
1
54076
65517
8
65517
1
54100
65517
8
65517
1
54124
65517
8
65517
1
54148
65517
8
65517
1
54172
65517
8
65517
1
54196
65517
8
65517
1
54219
65517
8
65517
1
54244
65517
8
65517
1
54267
65517
8
65517
1
54291
65517
8
65517
1
54316
65517
8
65517
1
54339
65517
8
65517
1
54364
65517
8
65517
1
54387
65517
8
65517
1
54411
65517
8
65517
1
54435
65517
8
65517
1
54459
65517
8
65517
1
54482
65517
8
65517
1
54507
65517
8
65517
1
54531
65517
8
65517
1
54554
65517
8
65517
1
54579
65517
8
65517
1
54602
65517
8
65517
1
54626
65517
8
65517
1
54650
65517
8
65517
1
54674
65517
8
65517
1
54699
65517
8
65517
1
54722
65517
8
65517
1
54746
65517
8
65517
1
54770
65517
8
65517
1
54794
65517
8
65517
1
54817
65517
8
65517
1
54842
65517
8
65517
1
54865
65517
8
65517
1
54889
65517
8
65517
1
54914
65517
8
65516
1
54937