65517
7
65517
1
61026
65517
7
65517
1
61049
65517
7
65517
1
61074
65517
7
65517
1
61097
65517
8
65517
1
61121
65517
8
65517
1
61146
65517
8
65517
1
61169
65517
7
65517
1
61193
65517
7
65517
1
61217
65517
7
65517
1
61241
65517
7
65516
1
61264
65517
7
65516
1
61289
65517
7
65516
1
61313
65517
7
65516
1
61337
65517
7
65516
1
61361
65517
7
65516
1
61384
65517
7
65517
1
61409
65517
7
65517
1
61432
65517
8
65516
1
61456
65517
8
65516
1
61480
65517
8
65516
1
61504
65517
7
65517
1
61528
65517
7
65517
1
61552
65517
7
65517
1
61576
65517
8
65516
1
61599
65517
8
65516
1
61624
65517
8
65516
1
61647
65517
8
65516
1
61672
65517
8
65516
1
61696
65517
8
65516
1
61719
65517
8
65517
1
61744
65517
8
65517
1
61767
65517
8
65517
1
61791
65517
8
65516
1
61815
65517
8
65516
1
61839
65517
8
65516
1
61862
65517
7
65517
1
61887
65517
7
65517
1
61911
65517
7
65516
1
61934
65517
7
65516
1
61959
65517
7
65516
1
61982
65517
8
65516
1
62007
65517
8
65516
1
62030
65517
8
65516
1
62054
65517
7
65517
1
62078
65517
7
65517
1
62102
65517
7
65517
1
62126
65517
8
65516
1
62150
65517
8
65516
1
62174
65517
8
65516
1
62197
65517
7
65517
1
62222
65517
7
65517
1
62245
65517
7
65517
1
62270
65517
7
65516
1
62294
65517
7
65516
1
62317
65517
7
65516
1
62342
65517
7
65516
1
62365
65517
7
65516
1
62389
65517
8
65516
1
62413
65517
8
65516
1
62437
65517
8
65516
1
62460
65517
7
65516
1
62485
65517
7
65516
1
62509
65517
7
65516
1
62532
65517
7
65517
1
62557
65517
7
65517
1
62580
65517
7
65517
1
62605
65517
8
65516
1
62628
65517
8
65516
1
62652
65517
8
65516
1
62676
65517
7
65517
1
62700
65517
7
65517
1
62724
65517
7
65517
1
62748
65517
7
65516
1
62772
65517
7
65516
1
62795
65517
7
65517
1
62820
65517
7
65517
1
62843
65517
7
65517
1
62868
65517
8
65517
1
62892
65517
8
65517
1
62915
65517
8
65517
1
62940
65517
7
65516
1
62963
65517
7
65516
1
62987
65517
7
65516
1
63011
65517
7
65517
1
63035
65517
7
65517
1
63058
65517
7
65517
1
63083
65517
7
65516
1
63107
65517
7
65516
1
63130
65517
7
65516
1
63155
65517
7
65517
1
63178
65517
7
65517
1
63203
65517
7
65517
1
63226
65517
7
65516
1
63250
65517
7
65516
1
63275
65517
7
65516
1
63298
65517
7
65516
1
63322
65517
7
65516
1
63346
65517
7
65516
1
63370
65517
7
65516
1
63393
65517
7
65516
1
63418
65517
7
65516
1
63441
65517
7
65516
1
63465
65517
7
65516
1
63490
65517
7
65517
1
63513
65517
7
65517
1
63538
65517
7
65517
1
63561
65517
7
65517
1
63585
65517
7
65517
1
63609
65517
7
65517
1
63633
65517
7
65517
1
63656
65517
7
65517
1
63681
65517
7
65517
1
63705
65517
7
65516
1
63728
65517
7
65516
1
63753
65517
7
65516
1
63776
65517
7
65516
1
63801
65517
7
65516
1
63824
65517
7
65517
1
63848
65517
7
65517
1
63873
65517
7
65517
1
63896
65517
7
65517
1
63920
65517
7
65517
1
63944
65517
7
65517
1
63968
65517
7
65517
1
63991
65517
7
65517
1
64016
65517
7
65517
1
64039
65517
7
65517
1
64063
65517
7
65517
1
64088
65517
7
65517
1
64111
65517
7
65516
1
64136
65517
7
65516
1
64159
65517
7
65516
1
64183
65517
7
65517
1
64207
65517
7
65517
1
64231
65517
7
65517
1
64254
65517
7
65517
1
64279
65517
7
65517
1
64303
65517
7
65517
1
64326
65517
7
65517
1
64351
65517
7
65517
1
64374
65517
7
65517
1
64399
65517
7
65517
1
64422
65517
7
65517
1
64446
65517
7
65517
1
64471
65517
7
65517
1
64494
65517
7
65517
1
64518
65517
7
65517
1
64542
65517
7
65517
1
64566
65517
7
65517
1
64589
65517
7
65517
1
64614
65517
7
65517
1
64637
65517
7
65517
1
64661
65517
7
65517
1
64686
65517
7
65517
1
64709
65517
7
65517
1
64734
65517
7
65517
1
64757
65517
7
65517
1
64781
65517
6
65517
1
64805
65517
6
65517
1
64829
65517
6
65517
1
64852
65517
7
65517
1
64877
65517
7
65517
1
64901
65517
7
65517
1
64924
65517
7
65516
1
64949
65517
7
65516
1
64972
65517
7
65516
1
64996
65517
7
65517
1
65020
65517
7
65517
1
65044
65517
7
65517
1
65069
65517
7
65516
1
65092
65517
7
65516
1
65116
65517
7
65516
1
65140
65517
6
65517
1
65164
65517
6
65517
1
65187
65517
7
65517
1
65212
65517
7
65517
1
65235
65517
7
65517
1
65259
65517
6
65517
1
65284
65517
6
65517
1
65307
65517
6
65517
1
65332
65517
6
65517
1
65355
65517
6
65517
1
65379
65517
6
65517
1
65403
65517
6
65517
1
65427
65517
6
65517
1
65451
65517
6
65517
1
65475
65517
6
65517
1
65499
65517
6
65517
1
65522
65517
6
65517
1
11
65518
6
65517
1
31
65518
6
65517
1
52
65518
6
65517
1
73
65517
6
65517
1
94
65517
6
65517
1
114
65517
6
65517
1
137
65517
6
65517
1
158
65517
6
65517
1
180
65517
6
65517
1
202
65517
6
65517
1
224
65517
6
65517
1
245
65517
6
65517
1
268
65518
6
65517
1
289
65518
6
65517
1
311
65518
6
65517
1
333
65518
6
65517
1
355
65517
6
65517
1
376
65517
6
65517
1
399
65517
6
65517
1
420
65517
6
65516
1
442
65517
6
65516
1
464
65517
6
65516
1
486
65518
6
65516
1
507
65518
6
65516
1
530
65518
6
65516
1
551
65518
6
65517
1
573
65518
6
65517
1
595
65518
6
65517
1
617
65518
6
65517
1
638
65518
6
65517
1
661
65518
6
65517
1
683
65518
6
65516
1
704
65518
6
65516
1
727
65518
6
65516
1
748
65518
6
65517
1
770
65518
6
65517
1
791
65518
6
65517
1
814
65518
6
65516
1
835
65518
6
65516
1
857
65518
6
65516
1
879
65518
6
65516
1
901
65518
6
65517
1
922
65518
6
65517
1
945
65518
6
65517
1
966
65518
6
65517
1
988
65518
6
65517
1
1010
65518
6
65517
1
1033
65518
6
65517
1
1055
65518
6
65517
1
1079
65518
6
65517
1
1101
65518
6
65517
1
1124
65518
6
65517
1
1147
65518
6
65517
1
1170
65519
6
65516
1
1193
65519
6
65516
1
1216
65519
6
65516
1
1239
65518
6
65517
1
1262
65518
6
65517
1
1285
65518
6
65517
1
1307
65519
6
65517
1
1331
65519
6
65517
1
1353
65519
6
65517
1
1376
65519
6
65516
1
1399
65519
6
65516
1
1422
65519
6
65516
1
1444
65519
6
65517
1
1468
65519
6
65517
1
1490
65519
6
65517
1
1513
65519
6
65516
1
1537
65519
6
65516
1
1559
65519
6
65516
1
1582
65519
6
65517
1
1605
65519
6
65517
1
1628
65519
6
65517
1
1650
65519
7
65517
1
1674
65519
7
65517
1
1696
65519
7
65517
1
1719
65519
6
65516
1
1742
65519
6
65516
1
1765
65519
6
65516
1
1787
65519
6
65517
1
1811
65519
6
65517
1
1833
65519
6
65517
1
1856
65519
7
65517
1
1880
65519
7
65517
1
1902
65519
7
65517
1
1926
65519
6
65516
1
1948
65519
6
65516
1
1971
65519
6
65516
1
1994
65519
7
65516
1
2017
65519
7
65516
1
2039
65519
7
65516
1
2063
65519
7
65516
1
2085
65519
7
65516
1
2108
65519
6
65517
1
2131
65519
6
65517
1
2154
65519
6
65517
1
2177
65519
6
65516
1
2200
65519
6
65516
1
2223
65519
6
65516
1
2245
65519
6
65516
1
2269
65519
6
65516
1
2291
65519
6
65516
1
2314
65519
7
65516
1
2337
65519
7
65516
1
2360
65519
7
65516
1
2382
65519
7
65517
1
2406
65519
7
65517
1
2428
65519
7
65517
1
2451
65519
7
65516
1
2475
65519
7
65516
1
2497
65519
7
65516
1
2520
65519
7
65517
1
2543
65519
7
65517
1
2566
65519
7
65517
1
2588
65519
7
65516
1
2612
65519
7
65516
1
2634
65519
7
65516
1
2658
65519
7
65516
1
2680
65519
7
65516
1
2703
65519
7
65516
1
2726
65519
7
65516
1
2749
65519
7
65516
1
2771
65519
7
65516
1
2795
65519
7
65516
1
2818
65519
7
65516
1
2840
65519
7
65516
1
2864
65519
7
65516
1
2886
65519
7
65516
1
2909
65519
7
65516
1
2932
65519
7
65517
1
2955
65519
7
65517
1
2977
65519
7
65517
1
3001
65519
7
65517
1
3023
65519
7
65517
1
3046
65519
7
65517
1
3069
65519
7
65517
1
3092
65519
7
65517
1
3115
65519
7
65517
1
3138
65519
7
65516
1
3161
65519
7
65516
1
3183
65519
7
65516
1
3207
65519
7
65516
1
3229
65519
7
65516
1
3252
65519
7
65516
1
3275
65519
7
65516
1
3298
65519
7
65516
1
3320
65519
7
65516
1
3344
65519
7
65516
1
3366
65519
7
65516
1
3390
65519
7
65516
1
3412
65519
7
65516
1
3435
65519
7
65516
1
3459
65519
7
65516
1
3481
65519
7
65516
1
3504
65519
7
65516
1
3527
65519
7
65516
1
3550
65519
7
65516
1
3572
65519
7
65516
1
3596
65519
7
65516
1
3618
65519
7
65516
1
3641
65519
7
65516
1
3664
65519
7
65516
1
3687
65519
7
65516
1
3709
65519
7
65516
1
3733
65519
7
65516
1
3756
65519
7
65516
1
3778
65519
7
65516
1
3802
65519
7
65516
1
3824
65519
7
65516
1
3847
65519
7
65516
1
3870
65519
7
65516
1
3893
65519
7
65516
1
3915
65519
7
65516
1
3939
65519
7
65516
1
3961
65519
7
65516
1
3984
65519
7
65516
1
4007
65519
7
65516
1
4030
65519
7
65517
1
4052
65519
7
65517
1
4076
65519
7
65517
1
4099
65519
7
65516
1
4122
65519
7
65516
1
4145
65519
7
65516
1
4167
65519
7
65517
1
4191
65519
7
65517
1
4213
65519
7
65517
1
4236
65519
7
65516
1
4259
65519
7
65516
1
4282
65519
7
65516
1
4304
65519
7
65516
1
4328
65519
7
65516
1
4350
65519
7
65516
1
4373
65519
7
65517
1
4397
65519
7
65517
1
4419
65519
7
65517
1
4442
65519
7
65516
1
4465
65519
7
65516
1
4488
65519
7
65516
1
4510
65519
7
65517
1
4534
65519
7
65517
1
4556
65519
7
65517
1
4579
65519
7
65517
1
4602
65519
7
65517
1
4625
65519
7
65517
1
4647
65519
7
65516
1
4671
65519
7
65516
1
4694
65519
7
65516
1
4716
65519
7
65517
1
4740
65519
7
65517
1
4762
65519
7
65517
1
4785
65519
7
65517
1
4808
65519
7
65517
1
4831
65519
7
65517
1
4854
65519
7
65517
1
4877
65519
7
65517
1
4899
65519
7
65517
1
4923
65519
7
65516
1
4945
65519
7
65516
1
4968
65519
7
65516
1
4992
65519
7
65516
1
5014
65519
7
65516
1
5037
65519
7
65516
1
5060
65519
7
65517
1
5083
65519
7
65517
1
5105
65519
7
65517
1
5129
65519
7
65516
1
5151
65519
7
65516
1
5174
65519
7
65516
1
5197
65519
7
65517
1
5220
65519
7
65517
1
5242
65519
7
65517
1
5266
65519
7
65517
1
5288
65519
7
65517
1
5311
65519
7
65517
1
5335
65519
7
65517
1
5357
65519
7
65517
1
5380
65519
7
65517
1
5403
65519
7
65517
1
5426
65519
7
65517
1
5448
65519
7
65517
1
5472
65519
7
65516
1
5494
65519
7
65516
1
5517
65519
7
65516
1
5540
65519
7
65517
1
5563
65519
7
65517
1
5586
65519
7
65517
1
5609
65519
7
65516
1
5632
65519
7
65516
1
5655
65519
7
65516
1
5678
65519
7
65516
1
5700
65519
7
65516
1
5724
65519
7
65516
1
5746
65519
7
65516
1
5769
65519
7
65516
1
5792
65519
7
65516
1
5815
65519
7
65516
1
5837
65519
7
65516
1
5861
65519
7
65516
1
5883
65519
7
65517
1
5906
65519
7
65517
1
5929
65519
7
65517
1
5952
65519
7
65516
1
5975
65519
7
65516
1
5998
65519
7
65516
1
6021
65519
7
65517
1
6043
65519
7
65517
1
6067
65519
7
65517
1
6089
65519
7
65516
1
6112
65519
7
65516
1
6135
65519
7
65516
1
6158
65519
7
65516
1
6180
65519
7
65516
1
6204
65519
7
65516
1
6226
65519
7
65516
1
6249
65519
7
65516
1
6273
65519
7
65516
1
6295
65519
7
65516
1
6319
65519
7
65516
1
6341
65519
7
65516
1
6364
65519
7
65516
1
6387
65519
7
65516
1
6410
65519
7
65516
1
6432
65519
7
65516
1
6456
65519
7
65516
1
6478
65519
7
65516
1
6501
65519
7
65516
1
6524
65519
7
65516
1
6547
65519
7
65516
1
6569
65519
7
65516
1
6593
65519
7
65516
1
6616
65519
7
65516
1
6638
65519
7
65516
1
6662
65519
7
65516
1
6684
65519
7
65516
1
6707
65519
7
65516
1
6730
65519
7
65516
1
6753
65519
8
65516
1
6775
65519
8
65516
1
6799
65519
8
65516
1
6821
65519
7
65517
1
6844
65519
7
65517
1
6867
65519
7
65517
1
6890
65519
7
65516
1
6913
65519
7
65516
1
6936
65519
7
65516
1
6959
65519
7
65516
1
6981
65519
7
65516
1
7005
65519
7
65516
1
7027
65519
7
65517
1
7051
65519
7
65517
1
7073
65519
7
65517
1
7096
65519
7
65516
1
7119
65519
7
65516
1
7142
65519
7
65516
1
7164
65519
7
65517
1
7188
65519
7
65517
1
7211
65519
7
65517
1
7233
65519
7
65516
1
7257
65519
7
65516
1
7279
65519
7
65516
1
7302
65519
7
65516
1
7325
65519
7
65516
1
7348
65519
7
65516
1
7370
65519
7
65517
1
7394
65519
7
65517
1
7416
65519
7
65517
1
7439
65519
7
65516
1
7462
65519
7
65516
1
7485
65519
7
65516
1
7507
65520
7
65517
1
7531
65520
7
65517
1
7554
65520
7
65517
1
7576
65519
7
65517
1
7600
65519
7
65517
1
7622
65519
7
65517
1
7645
65519
7
65516
1
7668
65519
7
65516
1
7691
65519
7
65516
1
7713
65519
7
65517
1
7737
65519
7
65517
1
7759
65519
7
65517
1
7783
65519
7
65516
1
7805
65519
7
65516
1
7828
65519
7
65516
1
7852
65519
7
65516
1
7874
65519
7
65516
1
7897
65519
7
65516
1
7920
65519
7
65516
1
7943
65519
7
65516
1
7965
65519
7
65516
1
7989
65519
7
65516
1
8011
65519
7
65516
1
8034
65519
7
65516
1
8057
65519
7
65516
1
8080
65519
7
65516
1
8102
65519
7
65516
1
8126
65519
7
65516
1
8148
65519
7
65516
1
8171
65519
7
65516
1
8195
65519
7
65516
1
8217
65519
7
65516
1
8240
65519
7
65516
1
8263
65519
7
65516
1
8286
65519
7
65516
1
8308
65519
7
65516
1
8332
65519
7
65517
1
8354
65519
7
65517
1
8377
65519
7
65517
1
8400
65519
7
65516
1
8423
65519
7
65516
1
8445
65519
7
65516
1
8469
65519
7
65516
1
8492
65519
7
65516
1
8515
65519
7
65516
1
8538
65519
7
65516
1
8560
65519
7
65516
1
8584
65519
7
65516
1
8606
65519
7
65517
1
8629
65519
7
65517
1
8652
65519
7
65517
1
8675
65519
7
65516
1
8697
65519
7
65516
1
8721
65519
7
65516
1
8743
65519
7
65516
1
8766
65519
7
65516
1
8790
65519
7
65516
1
8812
65519
7
65517
1
8835
65519
7
65517
1
8858
65519
7
65517
1
8881
65519
7
65517
1
8903
65519
7
65517
1
8927
65519
7
65517
1
8949
65519
7
65516
1
8972
65519
7
65516
1
8995
65519
7
65516
1
9018
65519
7
65517
1
9040
65519
7
65517
1
9064
65519
7
65517
1
9086
65519
7
65516
1
9109
65519
7
65516
1
9133
65519
7
65516
1
9155
65519
7
65516
1
9178
65519
7
65516
1
9201
65519
7
65516
1
9224
65519
7
65516
1
9247
65519
7
65516
1
9270
65519
7
65516
1
9292
65519
7
65516
1
9316
65519
7
65516
1
9338
65519
7
65516
1
9361
65519
7
65517
1
9384
65519
7
65517
1
9407
65519
7
65517
1
9430
65519
7
65516
1
9453
65519
7
65516
1
9476
65519
7
65516
1
9498
65519
7
65516
1
9522
65519
7
65516
1
9544
65519
7
65516
1
9567
65519
7
65516
1
9590
65519
7
65516
1
9613
65519
7
65516
1
9635
65519
7
65517
1
9659
65519
7
65517
1
9681
65519
7
65517
1
9704
65519
7
65516
1
9728
65519
7
65516
1
9750
65519
7
65516
1
9773
65519
7
65516
1
9796
65519
7
65516
1
9819
65519
7
65516
1
9841
65519
7
65516
1
9865
65519
7
65516
1
9887
65519
7
65516
1
9910
65519
8
65516
1
9933
65519
8
65516
1
9956
65519
8
65516
1
9979
65519
7
65516
1
10002
65519
7
65516
1
10025
65519
7
65516
1
10050
65519
7
65516
1
10074
65519
7
65516
1
10097
65519
7
65516
1
10122
65519
7
65516
1
10145
65519
7
65516
1
10169
65519
7
65516
1
10193
65519
7
65516
1
10217
65519
7
65516
1
10241
65519
7
65516
1
10265
65519
7
65516
1
10289
65519
7
65516
1
10313
65519
7
65516
1
10337
65519
7
65516
1
10360
65519
7
65516
1
10385
65519
7
65516
1
10408
65519
7
65516
1
10432
65519
7
65516
1
10457
65519
7
65516
1
10480
65519
7
65516
1
10504
65519
7
65516
1
10528
65519
7
65516
1
10552
65519
7
65516
1
10575
65519
7
65516
1
10600
65519
7
65516
1
10624
65519
7
65516
1
10648
65519
7
65517
1
10672
65519
7
65517
1
10695
65519
7
65517
1
10720
65519
7
65517
1
10743
65519
7
65517
1
10767
65519
7
65517
1
10791
65519
7
65516
1
10815
65519
7
65516
1
10839
65519
7
65516
1
10863
65519
7
65516
1
10887
65519
7
65516
1
10911
65519
7
65516
1
10935
65519
7
65517
1
10958
65519
7
65517
1
10983
65519
7
65517
1
11006
65519
7
65517
1
11030
65519
7
65517
1
11055
65519
7
65516
1
11078
65519
7
65516
1
11102
65519
7
65516
1
11126
65519
7
65516
1
11150
65519
7
65516
1
11173
65519
7
65516
1
11198
65519
7
65517
1
11222
65519
7
65517
1
11246
65519
7
65517
1
11270
65519
7
65517
1
11293
65519
7
65517
1
11318
65519
7
65517
1
11341
65519
7
65516
1
11365
65519
7
65516
1
11389
65519
7
65516
1
11413
65519
7
65516
1
11437
65519
7
65516
1
11461
65519
7
65516
1
11485
65519
7
65516
1
11509
65519
7
65516
1
11533
65519
7
65516
1
11556
65519
7
65516
1
11581
65519
7
65516
1
11604
65519
7
65516
1
11628
65519
7
65516
1
11653
65519
7
65516
1
11676
65519
7
65517
1
11700
65519
7
65517
1
11724
65519
7
65517
1
11748
65519
7
65517
1
11771
65519
7
65517
1
11796
65519
7
65517
1
11820
65519
7
65517
1
11844
65519
7
65517
1
11868
65519
7
65517
1
11891
65519
7
65516
1
11916
65519
7
65516
1
11939
65519
7
65516
1
11963
65519
7
65516
1
11987
65519
7
65516
1
12011
65519
7
65516
1
12035
65519
7
65516
1
12059
65519
7
65516
1
12083
65519
7
65517
1
12106
65519
7
65517
1
12131
65519
7
65517
1
12154
65519
7
65517
1
12179
65519
7
65517
1
12203
65519
7
65517
1
12226
65519
8
65516
1
12251
65519
8
65516
1
12274
65519
8
65516
1
12298
65519
7
65516
1
12322
65519
7
65516
1
12346
65519
7
65516
1
12369
65519
7
65516
1
12394
65519
7
65516
1
12418
65519
7
65517
1
12442
65519
7
65517
1
12466
65519
7
65517
1
12489
65519
7
65516
1
12514
65519
7
65516
1
12537
65519
7
65516
1
12561
65519
7
65516
1
12585
65519
7
65516
1
12609
65519
7
65516
1
12633
65519
7
65517
1
12657
65519
7
65517
1
12681
65519
7
65517
1
12704
65519
7
65516
1
12729
65519
7
65516
1
12752
65519
7
65516
1
12777
65519
7
65516
1
12801
65519
7
65516
1
12824
65519
7
65516
1
12849
65519
7
65516
1
12872
65519
7
65516
1
12896
65519
7
65516
1
12920
65519
7
65516
1
12944
65519
7
65516
1
12967
65519
7
65517
1
12992
65519
7
65517
1
13016
65519
7
65517
1
13040
65519
7
65516
1
13064
65519
7
65516
1
13087
65519
7
65516
1
13112
65519
7
65517
1
13135
65519
7
65517
1
13159
65519
7
65517
1
13184
65519
7
65516
1
13207
65519
7
65516
1
13231
65519
7
65516
1
13255
65519
7
65516
1
13279
65519
7
65516
1
13302
65519
7
65516
1
13327
65519
7
65516
1
13350
65519
7
65516
1
13375
65519
7
65516
1
13399
65519
7
65516
1
13422
65519
7
65516
1
13447
65519
7
65516
1
13470
65519
7
65516
1
13494
65519
7
65516
1
13518
65519
7
65516
1
13542
65519
7
65516
1
13565
65519
7
65516
1
13590
65518
7
65517
1
13614
65518
7
65517
1
13637
65518
7
65517
1
13662
65519
7
65516
1
13685
65519
7
65516
1
13710
65519
7
65516
1
13733
65519
7
65516
1
13757
65519
7
65516
1
13782
65519
7
65516
1
13805
65519
7
65516
1
13829
65519
7
65516
1
13853
65519
7
65516
1
13877
65519
7
65516
1
13900
65519
7
65516
1
13925
65519
7
65516
1
13948
65519
7
65516
1
13973
65519
7
65516
1
13997
65518
6
65516
1
14020
65518
6
65516
1
14045
65518
6
65516
1
14068
65518
7
65516
1
14092
65518
7
65516
1
14116
65518
7
65516
1
14140
65518
6
65516
1
14163
65518
6
65516
1
14188
65518
6
65516
1
14212
65518
7
65516
1
14235
65518
7
65516
1
14260
65518
7
65516
1
14283
65518
6
65517
1
14308
65518
6
65517
1
14331
65518
6
65516
1
14355
65518
6
65516
1
14380
65518
6
65516
1
14403
65518
6
65516
1
14427
65518
6
65516
1
14451
65518
6
65516
1
14475
65518
6
65516
1
14498
65518
6
65516
1
14523
65518
6
65516
1
14546
65518
7
65516
1
14571
65518
7
65516
1
14595
65518
7
65516
1
14618
65518
6
65516
1
14643
65518
6
65516
1
14666
65518
6
65516
1
14690
65518
7
65516
1
14714
65518
7
65516
1
14738
65518
7
65516
1
14761
65517
6
65516
1
14786
65517
6
65516
1
14810
65518
7
65516
1
14833
65518
7
65516
1
14858
65518
7
65516
1
14881
65517
6
65516
1
14906
65517
6
65516
1
14929
65517
6
65516
1
14953
65517
6
65516
1
14978
65517
6
65516
1
15001
65517
6
65516
1
15025
65517
7
65516
1
15049
65517
7
65516
1
15073
65517
7
65516
1
15096
65517
6
65516
1
15121
65517
6
65516
1
15144
65517
6
65516
1
15168
65517
7
65516
1
15193
65517
7
65516
1
15216
65517
7
65516
1
15241
65517
7
65516
1
15264
65517
7
65516
1
15288
65517
7
65516
1
15312
65517
7
65516
1
15336
65517
7
65516
1
15360
65517
7
65516
1
15384
65517
7
65516
1
15408
65517
7
65516
1
15431
65517
7
65516
1
15456
65517
7
65516
1
15479
65517
7
65516
1
15504
65517
7
65516
1
15527
65517
7
65516
1
15551
65517
7
65516
1
15576
65517
7
65516
1
15599
65517
7
65516
1
15623
65517
7
65516
1
15647
65517
7
65516
1
15671
65517
7
65516
1
15694
65517
7
65516
1
15719
65517
7
65516
1
15742
65517
7
65516
1
15766
65517
7
65516
1
15791
65517
7
65516
1
15814
65517
7
65516
1
15839
65517
7
65516
1
15862
65517
7
65516
1
15886
65517
7
65516
1
15910
65517
7
65516
1
15934
65517
7
65516
1
15958
65517
7
65516
1
15982
65517
7
65516
1
16006
65517
7
65516
1
16029
65517
7
65516
1
16054
65517
7
65516
1
16077
65517
7
65516
1
16102
65517
7
65516
1
16125
65517
7
65516
1
16149
65517
7
65516
1
16174
65517
7
65516
1
16197
65517
7
65516
1
16221
65517
7
65516
1
16245
65517
7
65516
1
16269
65517
7
65516
1
16292
65517
7
65516
1
16317
65517
7
65516
1
16340
65517
7
65516
1
16364
65517
7
65516
1
16389
65517
7
65516
1
16412
65517
7
65516
1
16437
65517
7
65516
1
16460
65517
7
65516
1
16484
65517
7
65516
1
16508
65517
7
65516
1
16532
65517
8
65516
1
16556
65517
8
65516
1
16580
65517
8
65516
1
16604
65517
7
65516
1
16627
65517
7
65516
1
16652
65517
8
65516
1
16675
65517
8
65516
1
16699
65517
8
65516
1
16723
65517
7
65516
1
16747
65517
7
65516
1
16772
65517
7
65516
1
16795
65517
7
65516
1
16819
65517
7
65516
1
16843
65517
7
65516
1
16867
65517
7
65516
1
16890
65517
7
65516
1
16915
65517
7
65516
1
16939
65517
7
65516
1
16962
65517
7
65516
1
16987
65517
7
65516
1
17010
65517
8
65516
1
17035
65517
8
65516
1
17058
65517
8
65516
1
17082
65517
7
65516
1
17106
65517
7
65516
1
17130
65517
7
65516
1
17154
65517
7
65516
1
17178
65517
7
65516
1
17202
65517
7
65516
1
17225
65517
7
65516
1
17250
65517
7
65516
1
17273
65518
7
65516
1
17297
65518
7
65516
1
17321
65518
7
65516
1
17345