31
17
65507
1
19363
31
17
65507
1
19386
31
17
65508
1
19407
31
17
65508
1
19429
31
17
65508
1
19451
31
16
65508
1
19473
31
16
65508
1
19494
31
16
65508
1
19517
31
16
65507
1
19538
31
16
65507
1
19560
31
16
65507
1
19582
32
16
65508
1
19604
32
16
65508
1
19625
32
16
65508
1
19648
32
16
65508
1
19670
32
16
65508
1
19691
32
16
65508
1
19714
31
16
65507
1
19735
31
16
65507
1
19757
31
16
65507
1
19779
31
16
65508
1
19801
31
16
65508
1
19822
31
16
65508
1
19845
31
16
65508
1
19866
31
16
65508
1
19888
31
16
65508
1
19910
31
16
65508
1
19932
31
16
65507
1
19953
31
16
65507
1
19975
31
16
65507
1
19997
32
16
65508
1
20019
32
16
65508
1
20040
32
16
65508
1
20063
31
17
65508
1
20084
31
17
65508
1
20106
31
17
65508
1
20128
31
16
65507
1
20150
31
16
65507
1
20171
31
16
65507
1
20194
31
16
65507
1
20215
31
16
65507
1
20237
31
16
65507
1
20259
31
16
65508
1
20281
31
16
65508
1
20302
31
16
65508
1
20325
32
17
65507
1
20346
32
17
65507
1
20368
32
17
65507
1
20390
32
17
65507
1
20412
32
17
65507
1
20433
32
17
65507
1
20456
32
17
65507
1
20477
31
16
65508
1
20499
31
16
65508
1
20521
31
16
65508
1
20543
31
16
65507
1
20564
31
16
65507
1
20587
31
16
65507
1
20609
31
16
65508
1
20630
31
16
65508
1
20653
31
16
65508
1
20674
31
17
65507
1
20696
31
17
65507
1
20718
31
17
65507
1
20740
31
16
65507
1
20761
31
16
65507
1
20784
31
16
65507
1
20805
31
16
65508
1
20827
31
16
65508
1
20849
31
16
65508
1
20871
31
16
65508
1
20892
31
16
65508
1
20915
31
16
65508
1
20936
31
16
65508
1
20958
31
16
65508
1
20980
31
16
65508
1
21002
31
16
65508
1
21023
31
17
65507
1
21046
31
17
65507
1
21067
31
17
65507
1
21089
31
16
65508
1
21111
31
16
65508
1
21133
31
16
65508
1
21154
31
16
65508
1
21177
31
16
65508
1
21198
31
16
65508
1
21220
31
17
65507
1
21242
31
17
65507
1
21264
31
17
65507
1
21285
31
16
65508
1
21308
31
16
65508
1
21329
31
16
65508
1
21351
31
16
65507
1
21372
31
16
65507
1
21395
31
16
65507
1
21416
31
16
65507
1
21438
31
16
65507
1
21460
31
16
65507
1
21482
31
16
65507
1
21504
31
16
65507
1
21526
31
16
65507
1
21548
31
16
65507
1
21569
31
16
65508
1
21592
31
16
65508
1
21613
31
16
65508
1
21635
32
16
65508
1
21657
32
16
65508
1
21679
32
16
65508
1
21700
31
16
65508
1
21723
31
16
65508
1
21744
31
16
65508
1
21766
32
16
65508
1
21788
32
16
65508
1
21810
32
16
65508
1
21831
31
16
65507
1
21854
31
16
65507
1
21875
31
16
65507
1
21897
32
16
65508
1
21919
32
16
65508
1
21941
32
16
65508
1
21962
31
16
65508
1
21985
31
16
65508
1
22006
31
16
65508
1
22028
31
16
65508
1
22050
31
16
65507
1
22072
31
16
65507
1
22093
31
16
65507
1
22116
31
16
65508
1
22137
31
16
65508
1
22159
31
16
65508
1
22181
31
16
65507
1
22203
31
16
65507
1
22224
31
16
65507
1
22247
32
17
65508
1
22268
32
17
65508
1
22290
32
17
65508
1
22312
31
17
65508
1
22334
31
17
65508
1
22355
31
17
65508
1
22378
31
16
65508
1
22400
31
16
65508
1
22421
31
16
65508
1
22444
31
16
65507
1
22465
31
16
65507
1
22487
31
16
65507
1
22509
32
17
65507
1
22531
32
17
65507
1
22552
32
17
65507
1
22575
32
17
65507
1
22596
31
16
65508
1
22618
31
16
65508
1
22640
31
16
65508
1
22662
31
16
65507
1
22683
31
16
65507
1
22706
31
16
65507
1
22727
31
16
65507
1
22749
31
16
65507
1
22770
31
16
65507
1
22793
31
16
65508
1
22814
31
16
65508
1
22836
31
16
65508
1
22858
31
16
65508
1
22880
31
16
65508
1
22901
31
16
65508
1
22924
31
16
65508
1
22945
31
16
65508
1
22967
31
16
65508
1
22989
31
16
65507
1
23011
31
16
65507
1
23032
31
16
65507
1
23055
32
16
65508
1
23076
32
16
65508
1
23098
32
16
65508
1
23120
32
16
65508
1
23142
31
16
65507
1
23163
31
16
65507
1
23186
31
16
65507
1
23207
31
17
65508
1
23229
31
17
65508
1
23251
31
17
65508
1
23273
32
16
65508
1
23294
32
16
65508
1
23317
32
16
65508
1
23339
31
16
65508
1
23360
31
16
65508
1
23383
31
16
65508
1
23404
31
17
65508
1
23426
31
17
65508
1
23448
31
17
65508
1
23470
31
16
65508
1
23491
31
16
65508
1
23514
31
16
65508
1
23535
31
16
65507
1
23557
31
16
65507
1
23579
31
16
65507
1
23601
31
16
65508
1
23622
31
16
65508
1
23645
31
16
65508
1
23666
31
16
65508
1
23688
31
17
65508
1
23710
31
17
65508
1
23732
31
17
65508
1
23753
31
16
65508
1
23776
31
16
65508
1
23797
31
16
65508
1
23819
31
16
65508
1
23841
31
16
65508
1
23863
31
16
65508
1
23884
31
16
65508
1
23907
31
16
65508
1
23928
31
16
65508
1
23950
31
16
65508
1
23972
31
16
65508
1
23994
31
16
65508
1
24015
31
17
65508
1
24038
31
17
65508
1
24059
31
17
65508
1
24081
31
16
65508
1
24103
31
16
65508
1
24125
31
16
65508
1
24146
32
16
65507
1
24168
32
16
65507
1
24190
32
16
65507
1
24212
32
16
65507
1
24233
31
16
65507
1
24256
31
16
65507
1
24278
31
16
65507
1
24299
31
16
65507
1
24322
31
16
65507
1
24343
31
16
65507
1
24365
32
16
65508
1
24387
32
16
65508
1
24409
32
16
65508
1
24430
31
16
65507
1
24453
31
16
65507
1
24474
31
16
65507
1
24496
32
16
65507
1
24518
32
16
65507
1
24540
32
16
65507
1
24561
32
16
65508
1
24584
32
16
65508
1
24605
32
16
65508
1
24627
31
16
65508
1
24649
31
16
65508
1
24671
31
16
65508
1
24692
31
16
65508
1
24715
31
16
65508
1
24736
31
16
65508
1
24758
31
16
65508
1
24780
32
16
65508
1
24802
32
16
65508
1
24823
32
16
65508
1
24846
32
16
65507
1
24867
32
16
65507
1
24889
32
16
65507
1
24911
32
16
65508
1
24933
32
16
65508
1
24954
32
16
65508
1
24977
31
16
65507
1
24998
31
16
65507
1
25020
31
16
65507
1
25042
31
16
65507
1
25064
31
16
65507
1
25085
31
16
65507
1
25108
31
16
65507
1
25129
31
16
65507
1
25151
31
16
65507
1
25174
31
16
65507
1
25195
31
16
65507
1
25217
31
16
65507
1
25239
31
16
65508
1
25261
31
16
65508
1
25282
31
16
65508
1
25305
31
16
65508
1
25326
31
17
65508
1
25348
31
17
65508
1
25370
31
17
65508
1
25392
31
16
65508
1
25413
31
16
65508
1
25436
31
16
65508
1
25457
32
16
65508
1
25479
32
16
65508
1
25501
32
16
65508
1
25523
32
17
65508
1
25544
32
17
65508
1
25566
32
17
65508
1
25588
31
16
65508
1
25610
31
16
65508
1
25631
31
16
65508
1
25654
31
16
65507
1
25675
31
16
65507
1
25697
31
16
65507
1
25719
32
16
65508
1
25741
32
16
65508
1
25762
32
16
65508
1
25785
31
16
65507
1
25806
31
16
65507
1
25828
31
16
65507
1
25850
31
16
65507
1
25872
31
16
65508
1
25893
31
16
65508
1
25916
31
16
65508
1
25937
32
16
65508
1
25959
32
16
65508
1
25981
32
16
65508
1
26003
31
16
65507
1
26024
31
16
65507
1
26047
31
16
65507
1
26068
31
16
65508
1
26090
31
16
65508
1
26113
31
16
65508
1
26134
31
16
65507
1
26156
31
16
65507
1
26178
31
16
65507
1
26200
31
16
65507
1
26221
31
16
65507
1
26244
31
16
65507
1
26265
31
16
65508
1
26287
31
16
65508
1
26309
31
16
65508
1
26331
31
16
65508
1
26352
31
16
65508
1
26375
31
16
65508
1
26396
31
16
65508
1
26418
32
16
65508
1
26440
32
16
65508
1
26462
32
16
65508
1
26483
31
17
65507
1
26506
31
17
65507
1
26527
31
17
65507
1
26549
31
16
65508
1
26571
31
16
65508
1
26593
31
16
65508
1
26614
32
16
65507
1
26637
32
16
65507
1
26658
32
16
65507
1
26680
31
16
65508
1
26702
31
16
65508
1
26724
31
16
65508
1
26745
32
16
65507
1
26768
32
16
65507
1
26789
32
16
65507
1
26811
31
17
65507
1
26833
31
17
65507
1
26855
31
17
65507
1
26876
32
16
65507
1
26899
32
16
65507
1
26920
32
16
65507
1
26942
32
16
65507
1
26963
31
17
65507
1
26986
31
17
65507
1
27008
31
17
65507
1
27029
32
17
65507
1
27052
32
17
65507
1
27073
32
17
65507
1
27095
31
17
65508
1
27117
31
17
65508
1
27139
31
17
65508
1
27160
32
16
65507
1
27183
32
16
65507
1
27204
32
16
65507
1
27226
31
16
65508
1
27248
31
16
65508
1
27270
31
16
65508
1
27291
31
16
65507
1
27314
31
16
65507
1
27335
31
16
65507
1
27357
31
16
65507
1
27379
31
16
65507
1
27401
31
16
65507
1
27422
31
16
65507
1
27445
31
16
65507
1
27466
31
16
65507
1
27488
31
16
65507
1
27510
31
16
65507
1
27532
31
16
65507
1
27553
31
16
65507
1
27576
31
16
65508
1
27597
31
16
65508
1
27619
31
16
65508
1
27641
31
17
65508
1
27663
31
17
65508
1
27684
31
17
65508
1
27707
32
16
65508
1
27728
32
16
65508
1
27750
32
16
65508
1
27772
31
17
65507
1
27794
31
17
65507
1
27815
31
17
65507
1
27838
31
16
65508
1
27859
31
16
65508
1
27881
31
16
65508
1
27904
31
16
65507
1
27925
31
16
65507
1
27947
31
16
65507
1
27969
31
16
65508
1
27991
31
16
65508
1
28012
31
16
65508
1
28035
31
16
65508
1
28056
31
16
65508
1
28078
31
16
65508
1
28100
31
16
65508
1
28122
31
16
65508
1
28143
31
16
65508
1
28166
31
16
65508
1
28187
31
16
65508
1
28209
31
16
65508
1
28231
31
16
65508
1
28253
31
16
65507
1
28274
31
16
65507
1
28297
31
16
65507
1
28318
32
16
65508
1
28340
32
16
65508
1
28361
32
16
65508
1
28384
32
16
65507
1
28405
32
16
65507
1
28427
32
16
65507
1
28449
31
17
65507
1
28471
31
17
65507
1
28492
31
17
65507
1
28515
31
16
65508
1
28536
31
16
65508
1
28558
31
16
65508
1
28580
31
16
65508
1
28602
31
17
65508
1
28623
31
17
65508
1
28646
31
17
65508
1
28667
31
17
65507
1
28689
31
17
65507
1
28711
31
17
65507
1
28733
32
17
65508
1
28754
32
17
65508
1
28777
32
17
65508
1
28798
31
17
65507
1
28820
31
17
65507
1
28843
31
17
65507
1
28864
32
16
65508
1
28886
32
16
65508
1
28908
32
16
65508
1
28930
31
17
65507
1
28951
31
17
65507
1
28974
31
17
65507
1
28995
32
16
65507
1
29017
32
16
65507
1
29039
32
16
65507
1
29061
31
16
65507
1
29082
31
16
65507
1
29105
31
16
65507
1
29126
31
16
65507
1
29148
31
17
65508
1
29170
31
17
65508
1
29192
31
17
65508
1
29213
31
16
65508
1
29236
31
16
65508
1
29257
31
16
65508
1
29279
31
17
65507
1
29301
31
17
65507
1
29323
31
17
65507
1
29344
31
16
65508
1
29367
31
16
65508
1
29388
31
16
65508
1
29410
31
16
65508
1
29432
31
16
65508
1
29454
31
16
65508
1
29475
31
17
65507
1
29498
31
17
65507
1
29519
31
17
65507
1
29541
31
16
65508
1
29563
31
16
65508
1
29585
31
16
65508
1
29606
31
16
65508
1
29629
31
16
65508
1
29650
31
16
65508
1
29672
31
16
65508
1
29694
31
16
65508
1
29716
31
16
65508
1
29737
31
16
65508
1
29759
31
16
65507
1
29782
31
16
65507
1
29803
31
16
65507
1
29825
31
17
65508
1
29847
31
17
65508
1
29869
31
17
65508
1
29890
31
16
65507
1
29913
31
16
65507
1
29934
31
16
65507
1
29956
31
17
65507
1
29978
31
17
65507
1
30000
31
17
65507
1
30021
31
16
65508
1
30044
31
16
65508
1
30065
31
16
65508
1
30087
31
16
65507
1
30109
31
16
65507
1
30131
31
16
65507
1
30152
32
16
65507
1
30175
32
16
65507
1
30196
32
16
65507
1
30218
32
16
65507
1
30240
31
16
65507
1
30262
31
16
65507
1
30283
31
16
65507
1
30306
31
17
65507
1
30327
31
17
65507
1
30349
31
17
65507
1
30371
31
16
65508
1
30393
31
16
65508
1
30414
31
16
65508
1
30437
31
16
65507
1
30458
31
16
65507
1
30480
31
16
65507
1
30502
32
16
65507
1
30524
32
16
65507
1
30545
32
16
65507
1
30568
31
16
65507
1
30589
31
16
65507
1
30611
31
16
65507
1
30633
31
16
65508
1
30655
31
16
65508
1
30676
31
16
65508
1
30699
31
17
65508
1
30721
31
17
65508
1
30742
31
17
65508
1
30765
31
17
65508
1
30786
31
16
65507
1
30808
31
16
65507
1
30830
31
16
65507
1
30852
32
17
65508
1
30873
32
17
65508
1
30896
32
17
65508
1
30917
31
17
65507
1
30939
31
17
65507
1
30961
31
17
65507
1
30983
31
16
65508
1
31004
31
16
65508
1
31027
31
16
65508
1
31048
31
16
65507
1
31070
31
16
65507
1
31092
31
16
65507
1
31114
31
16
65508
1
31135
31
16
65508
1
31157
31
16
65508
1
31179
31
16
65507
1
31201
31
16
65507
1
31222
31
16
65507
1
31245
31
17
65507
1
31266
31
17
65507
1
31288
31
17
65507
1
31310
31
17
65507
1
31332
31
16
65507
1
31353
31
16
65507
1
31376
31
16
65507
1
31397
31
16
65507
1
31419
31
16
65507
1
31441
31
16
65507
1
31463
31
17
65508
1
31484
31
17
65508
1
31507
31
17
65508
1
31528
31
16
65507
1
31550
31
16
65507
1
31572
31
16
65507
1
31594
31
17
65507
1
31616
31
17
65507
1
31638
31
17
65507
1
31660
32
16
65507
1
31681
32
16
65507
1
31704
32
16
65507
1
31725
31
17
65508
1
31747
31
17
65508
1
31769
31
17
65508
1
31791
31
16
65508
1
31812
31
16
65508
1
31835
31
16
65508
1
31856
31
16
65508
1
31878
31
16
65507
1
31900
31
16
65507
1
31922
31
16
65507
1
31943
31
17
65507
1
31966
31
17
65507
1
31987
31
17
65507
1
32009
31
16
65508
1
32031
31
16
65508
1
32053
31
16
65508
1
32074
32
16
65508
1
32097
32
16
65508
1
32118
32
16
65508
1
32140
31
16
65507
1
32162
31
16
65507
1
32184
31
16
65507
1
32205
31
16
65507
1
32228
31
16
65507
1
32249
31
16
65507
1
32271
31
16
65507
1
32293
31
16
65507
1
32315
31
16
65507
1
32336
31
16
65507
1
32359
31
16
65507
1
32380
31
16
65507
1
32402
31
16
65507
1
32424
31
16
65507
1
32446
31
16
65507
1
32467
31
16
65507
1
32490
31
16
65508
1
32512
31
16
65508
1
32533
31
16
65508
1
32555
32
17
65507
1
32577
32
17
65507
1
32599
32
17
65507
1
32620
32
17
65508
1
32643
32
17
65508
1
32664
32
17
65508
1
32686
31
16
65508
1
32708
31
16
65508
1
32730
31
16
65508
1
32751
31
16
65507
1
32774
31
16
65507
1
32795
31
16
65507
1
32817
31
16
65508
1
32839
31
16
65508
1
32861
31
16
65508
1
32882
31
17
65507
1
32905
31
17
65507
1
32926
31
17
65507
1
32948
31
17
65507
1
32970
31
16
65508
1
32992
31
16
65508
1
33013
31
16
65508
1
33036
31
16
65507
1
33057
31
16
65507
1
33079
31
16
65507
1
33101
32
17
65507
1
33123
32
17
65507
1
33144
32
17
65507
1
33167
31
16
65507
1
33188
31
16
65507
1
33210
31
16
65507
1
33232
32
16
65507
1
33254
32
16
65507
1
33275
32
16
65507
1
33298
31
16
65507
1
33319
31
16
65507
1
33341
31
16
65507
1
33363
31
16
65507
1
33385
31
16
65507
1
33406
31
16
65507
1
33429
31
17
65508
1
33451
31
17
65508
1
33472
31
17
65508
1
33495
31
17
65508
1
33516
31
16
65508
1
33538
31
16
65508
1
33560
31
16
65508
1
33582
31
17
65507
1
33603
31
17
65507
1
33626
31
17
65507
1
33647
32
16
65508
1
33669
32
16
65508
1
33691
32
16
65508
1
33713
31
16
65507
1
33734
31
16
65507
1
33757
31
16
65507
1
33778
31
16
65508
1
33800
31
16
65508
1
33822
31
16
65508
1
33844
31
16
65507
1
33865
31
16
65507
1
33888
31
16
65507
1
33909
31
17
65507
1
33931
31
17
65507
1
33952
31
17
65507
1
33975
31
16
65508
1
33996
31
16
65508
1
34018
31
16
65508
1
34040
31
16
65508
1
34062
31
16
65507
1
34083
31
16
65507
1
34106
31
16
65507
1
34127
31
16
65508
1
34149
31
16
65508
1
34171
31
16
65508
1
34193
31
16
65507
1
34214
31
16
65507
1
34237
31
16
65507
1
34258
31
16
65507
1
34280
31
16
65507
1
34302
31
16
65507
1
34324
32
16
65507
1
34345
32
16
65507
1
34368
32
16
65507
1
34390
31
17
65507
1
34411
31
17
65507
1
34434
31
17
65507
1
34455
31
16
65508
1
34477
31
16
65508
1
34499
31
16
65508
1
34521
31
16
65507
1
34542
31
16
65507
1
34565
31
16
65507
1
34586
31
16
65507
1
34608
31
16
65508
1
34630
31
16
65508
1
34652
31
16
65508
1
34673
31
16
65508
1
34696
31
16
65508
1
34717
31
16
65508
1
34739
31
17
65507
1
34761
31
17
65507
1
34783
31
17
65507
1
34804
31
16
65508
1
34827
31
16
65508
1
34848
31
16
65508
1
34870
32
17
65507
1
34892
32
17
65507
1
34914
32
17
65507
1
34935
31
17
65508
1
34958
31
17
65508
1
34979
31
17
65508
1
35001
31
16
65507
1
35023
31
16
65507
1
35045
31
16
65507
1
35066
32
17
65507
1
35089
32
17
65507
1
35110
32
17
65507
1
35132
32
17
65507
1
35154
31
16
65507
1
35176
31
16
65507
1
35197
31
16
65507
1
35220
31
17
65507
1
35241
31
17
65507
1
35263
31
17
65507
1
35286
31
17
65507
1
35307
31
17
65507
1
35329
31
17
65507
1
35350
31
16
65507
1
35373
31
16
65507
1
35394
31
16
65507
1
35416
31
16
65508
1
35438
31
16
65508
1
35460
31
16
65508
1
35481
31
16
65508
1
35504
31
16
65508
1
35525
31
16
65508
1
35547
31
17
65507
1
35569
31
17
65507
1
35591
31
17
65507
1
35612
31
16
65507
1
35635
31
16
65507
1
35656
31
16
65507
1
35678
31
16
65507
1
35700
31
17
65507
1
35722
31
17
65507
1
35743
31
17
65507
1
35766
31
16
65508
1
35787
31
16
65508
1
35809
31
16
65508
1
35831
31
16
65507
1
35853
31
16
65507
1
35874
31
16
65507
1
35897
31
17
65507
1
35918
31
17
65507
1
35940
31
17
65507
1
35962
31
16
65508
1
35984
31
16
65508
1
36005
31
16
65508
1
36028
31
17
65507
1
36049
31
17
65507
1
36071
31
17
65507
1
36093
31
16
65508
1
36115
31
16
65508
1
36136
31
16
65508
1
36159
31
16
65508
1
36180
31
16
65508
1
36202
31
16
65508
1
36225
31
16
65508
1
36246
31
16
65507
1
36268
31
16
65507
1
36290
31
16
65507
1
36312
31
16
65507
1
36333
31
16
65507
1
36356
31
16
65507
1
36377
31
17
65507
1
36399
31
17
65507
1
36421
31
17
65507
1
36443
31
16
65508
1
36464
31
16
65508
1
36487
31
16
65508
1
36508
31
17
65508
1
36530
31
17
65508
1
36552
31
17
65508
1
36574
31
17
65508
1
36595
31
17
65508
1
36618
31
17
65508
1
36639
31
16
65507
1
36661
31
16
65507
1
36683
31
16
65507
1
36705
31
17
65507
1
36726
31
17
65507
1
36748
31
17
65507
1
36770
31
17
65507
1
36792
31
16
65508
1
36813
31
16
65508
1
36836
31
16
65508
1
36857
31
17
65507
1
36879
31
17
65507
1
36901
31
17
65507
1
36923
31
16
65508
1
36944
31
16
65508
1
36967
31
16
65508
1
36988
31
17
65507
1
37010
31
17
65507
1
37032
31
17
65507
1
37054
31
17
65507
1
37075
31
17
65507
1
37098
31
17
65507
1
37120
31
16
65508
1
37141
31
16
65508
1
37164
31
16
65508
1
37185
31
16
65507
1
37207
31
16
65507
1
37229
31
16
65507
1
37251
31
16
65507
1
37272
31
16
65507
1
37295
31
16
65507
1
37316
31
16
65507
1
37338
31
16
65508
1
37360
31
16
65508
1
37382
31
16
65508
1
37403
31
16
65508
1
37426
31
16
65508
1
37447
31
16
65508
1
37469
31
16
65508
1
37491
31
16
65508
1
37513
31
16
65508
1
37534
31
17
65507
1
37557
31
17
65507
1
37578
31
17
65507
1
37600
31
16
65507
1
37622
31
16
65507
1
37644
31
16
65507
1
37665
31
17
65507
1
37688
31
17
65507
1
37709
31
17
65507
1
37731
32
16
65507
1
37753
32
16
65507
1
37775
32
16
65507
1
37796
32
16
65507
1
37819
32
16
65507
1
37840
32
16
65507
1
37862
32
16
65507
1
37884
31
17
65507
1
37906
31
17
65507
1
37927
31
17
65507
1
37950
31
16
65508
1
37971
31
16
65508
1
37993
31
16
65508
1
38016
31
17
65507
1
38037
31
17
65507
1
38059
31
17
65507
1
38081
31
16
65507
1
38103
31
16
65507
1
38124
31
16
65507
1
38146
32
17
65507
1
38168
32
17
65507
1
38190
32
17
65507
1
38211
31
16
65507
1
38234
31
16
65507
1
38255
31
16
65507
1
38277
31
16
65508
1
38299
31
16
65508
1
38321
31
16
65508
1
38342
31
16
65508
1
38365
31
16
65508
1
38386
31
16
65508
1
38408
31
16
65508
1
38430
31
16
65508
1
38452
31
16
65508
1
38473
31
16
65508
1
38496
31
17
65507
1
38517
31
17
65507
1
38539
31
17
65507
1
38561
31
16
65507
1
38583
31
16
65507
1
38604
31
16
65507
1
38627
32
17
65508
1
38648
32
17
65508
1
38670
32
17
65508
1
38692
31
16
65507
1
38714
31
16
65507
1
38735
31
16
65507
1
38758
31
16
65507
1
38779
31
16
65507
1
38801
31
16
65507
1
38823
31
16
65507
1
38845
31
16
65507
1
38866
31
16
65507
1
38889
31
16
65507
1
38910
31
16
65507
1
38932
31
16
65507
1
38955
31
16
65507
1
38976
31
16
65508
1
38998
31
16
65508
1
39020
31
16
65508
1
39042