36
4
65500
1
23995
36
4
65500
1
24015
36
4
65501
1
24037
36
4
65501
1
24057
36
4
65501
1
24078
36
4
65501
1
24098
35
4
65500
1
24120
35
4
65500
1
24140
35
4
65500
1
24161
36
4
65501
1
24182
36
4
65501
1
24203
36
4
65501
1
24223
35
4
65500
1
24245
35
4
65500
1
24265
35
4
65500
1
24286
35
4
65500
1
24307
37
4
65500
1
24328
37
4
65500
1
24348
37
4
65500
1
24370
36
3
65501
1
24390
36
3
65501
1
24411
36
3
65501
1
24431
36
4
65500
1
24453
36
4
65500
1
24473
36
4
65500
1
24494
36
4
65501
1
24515
36
4
65501
1
24536
36
4
65501
1
24556
36
4
65501
1
24578
35
4
65500
1
24598
35
4
65500
1
24619
35
4
65500
1
24640
36
4
65500
1
24660
36
4
65500
1
24681
36
4
65500
1
24702
35
3
65501
1
24723
35
3
65501
1
24743
35
3
65501
1
24764
35
4
65501
1
24785
36
4
65500
1
24806
36
4
65500
1
24826
36
4
65500
1
24848
36
4
65500
1
24868
36
4
65500
1
24889
36
4
65500
1
24910
36
4
65500
1
24931
36
4
65500
1
24951
36
4
65500
1
24973
36
4
65501
1
24993
36
4
65501
1
25014
36
4
65501
1
25035
36
4
65501
1
25056
35
3
65501
1
25076
35
3
65501
1
25097
35
3
65501
1
25118
36
4
65501
1
25139
36
4
65501
1
25159
36
4
65501
1
25181
35
4
65501
1
25201
35
4
65501
1
25222
35
4
65501
1
25243
35
4
65500
1
25264
35
4
65500
1
25284
35
4
65500
1
25306
35
4
65500
1
25326
36
4
65500
1
25347
36
4
65500
1
25368
36
4
65500
1
25389
35
3
65501
1
25409
35
3
65501
1
25430
35
3
65501
1
25451
36
5
65500
1
25472
36
5
65500
1
25492
36
5
65500
1
25513
36
5
65500
1
25534
35
4
65500
1
25554
35
4
65500
1
25576
35
4
65500
1
25596
36
4
65500
1
25617
36
4
65500
1
25638
36
4
65500
1
25659
36
4
65500
1
25679
36
4
65500
1
25701
36
4
65500
1
25721
35
4
65500
1
25742
35
4
65500
1
25762
35
4
65500
1
25784
35
4
65500
1
25804
36
4
65501
1
25825
36
4
65501
1
25846
36
4
65501
1
25867
35
4
65500
1
25887
35
4
65500
1
25909
35
4
65500
1
25929
36
5
65500
1
25950
36
5
65500
1
25971
36
5
65500
1
25992
36
5
65500
1
26012
36
3
65500
1
26034
36
3
65500
1
26054
36
3
65500
1
26075
36
4
65500
1
26095
36
4
65500
1
26117
36
4
65500
1
26137
36
4
65500
1
26158
36
4
65500
1
26179
36
4
65500
1
26200
35
4
65500
1
26220
35
4
65500
1
26242
35
4
65500
1
26262
35
4
65500
1
26283
36
5
65500
1
26304
36
5
65500
1
26324
36
5
65500
1
26345
35
4
65501
1
26366
35
4
65501
1
26387
35
4
65501
1
26407
36
4
65500
1
26428
36
4
65500
1
26449
36
4
65500
1
26470
36
4
65500
1
26490
35
4
65501
1
26512
35
4
65501
1
26532
35
4
65501
1
26553
35
4
65500
1
26574
35
4
65500
1
26595
35
4
65500
1
26615
36
5
65500
1
26637
36
5
65500
1
26657
36
5
65500
1
26678
35
4
65500
1
26699
35
4
65500
1
26720
35
4
65500
1
26740
35
4
65500
1
26761
36
5
65500
1
26782
36
5
65500
1
26803
36
5
65500
1
26823
36
4
65500
1
26845
36
4
65500
1
26865
36
4
65500
1
26886
35
4
65500
1
26907
35
4
65500
1
26928
35
4
65500
1
26948
35
4
65500
1
26970
36
4
65500
1
26990
36
4
65500
1
27011
36
4
65500
1
27032
35
4
65500
1
27053
35
4
65500
1
27073
35
4
65500
1
27094
36
5
65500
1
27115
36
5
65500
1
27136
36
5
65500
1
27156
35
4
65500
1
27177
35
4
65500
1
27198
35
4
65500
1
27218
35
4
65500
1
27240
36
4
65500
1
27260
36
4
65500
1
27281
36
4
65500
1
27302
35
4
65500
1
27323
35
4
65500
1
27343
35
4
65500
1
27365
36
4
65500
1
27385
36
4
65500
1
27406
36
4
65500
1
27426
36
4
65500
1
27448
36
4
65500
1
27468
36
4
65500
1
27489
36
4
65500
1
27510
35
3
65500
1
27531
35
3
65500
1
27551
35
3
65500
1
27573
36
4
65500
1
27593
36
4
65500
1
27614
36
4
65500
1
27635
35
4
65500
1
27656
35
4
65500
1
27676
35
4
65500
1
27698
35
4
65500
1
27718
36
4
65500
1
27739
36
4
65500
1
27759
36
4
65500
1
27781
36
4
65500
1
27801
36
4
65500
1
27822
36
4
65500
1
27843
35
4
65500
1
27864
35
4
65500
1
27884
35
4
65500
1
27906
36
5
65500
1
27926
36
5
65500
1
27947
36
5
65500
1
27968
36
5
65500
1
27988
35
3
65500
1
28009
35
3
65500
1
28030
35
3
65500
1
28051
35
4
65500
1
28071
35
4
65500
1
28092
35
4
65500
1
28113
35
4
65500
1
28134
35
4
65500
1
28154
35
4
65500
1
28176
35
4
65500
1
28196
35
4
65500
1
28217
35
4
65500
1
28238
35
4
65500
1
28259
36
4
65500
1
28279
36
4
65500
1
28301
36
4
65500
1
28321
35
3
65500
1
28342
35
3
65500
1
28363
35
3
65500
1
28384
36
4
65500
1
28404
36
4
65500
1
28425
36
4
65500
1
28446
36
4
65500
1
28467
36
4
65500
1
28487
36
4
65500
1
28509
36
4
65500
1
28529
35
4
65500
1
28550
35
4
65500
1
28571
35
4
65500
1
28592
36
4
65500
1
28612
36
4
65500
1
28634
36
4
65500
1
28654
36
4
65500
1
28675
35
4
65500
1
28696
35
4
65500
1
28717
35
4
65500
1
28737
36
4
65500
1
28758
36
4
65500
1
28779
36
4
65500
1
28800
36
4
65500
1
28820
36
4
65500
1
28841
36
4
65500
1
28862
36
4
65500
1
28882
36
4
65500
1
28904
36
4
65500
1
28924
36
4
65500
1
28945
36
4
65500
1
28966
36
4
65500
1
28987
36
4
65500
1
29007
35
4
65500
1
29029
35
4
65500
1
29049
35
4
65500
1
29070
36
5
65500
1
29090
36
5
65500
1
29112
36
5
65500
1
29132
36
5
65500
1
29153
35
3
65501
1
29174
35
3
65501
1
29195
35
3
65501
1
29215
36
4
65500
1
29237
36
4
65500
1
29257
36
4
65500
1
29278
36
4
65500
1
29299
36
4
65500
1
29320
36
4
65500
1
29340
36
4
65500
1
29362
36
4
65500
1
29382
36
4
65500
1
29403
36
4
65500
1
29423
36
4
65500
1
29445
36
4
65500
1
29465
36
4
65500
1
29486
36
3
65501
1
29507
36
3
65501
1
29528
36
3
65501
1
29548
36
4
65500
1
29570
36
4
65500
1
29590
36
4
65500
1
29611
36
4
65500
1
29632
36
4
65500
1
29652
36
4
65500
1
29673
36
4
65500
1
29694
36
4
65500
1
29715
36
4
65500
1
29735
36
4
65500
1
29756
37
4
65500
1
29777
37
4
65500
1
29798
37
4
65500
1
29818
36
3
65500
1
29840
36
3
65500
1
29860
36
3
65500
1
29881
36
3
65500
1
29902
37
4
65500
1
29923
37
4
65500
1
29943
37
4
65500
1
29965
36
3
65501
1
29985
36
3
65501
1
30006
36
3
65501
1
30027
37
4
65500
1
30048
37
4
65500
1
30068
37
4
65500
1
30089
37
4
65500
1
30110
37
4
65500
1
30131
37
4
65500
1
30151
37
4
65500
1
30173
36
3
65501
1
30193
36
3
65501
1
30214
36
3
65501
1
30235
37
4
65500
1
30256
37
4
65500
1
30276
37
4
65500
1
30298
36
3
65501
1
30318
36
3
65501
1
30339
36
3
65501
1
30360
36
3
65501
1
30381
37
3
65501
1
30401
37
3
65501
1
30422
37
3
65501
1
30443
37
3
65501
1
30464
37
3
65501
1
30484
37
3
65501
1
30505
36
4
65500
1
30526
36
4
65500
1
30546
36
4
65500
1
30568
37
3
65501
1
30588
37
3
65501
1
30609
37
3
65501
1
30630
37
3
65501
1
30651
37
3
65500
1
30671
37
3
65500
1
30693
37
3
65500
1
30713
37
4
65500
1
30734
37
4
65500
1
30754
37
4
65500
1
30776
37
3
65501
1
30796
37
3
65501
1
30817
37
3
65501
1
30838
37
3
65501
1
30859
37
3
65500
1
30879
37
3
65500
1
30901
37
3
65500
1
30921
37
3
65501
1
30942
37
3
65501
1
30963
37
3
65501
1
30984
37
3
65501
1
31004
37
3
65501
1
31026
37
3
65501
1
31046
37
3
65501
1
31067
37
3
65501
1
31087
37
3
65501
1
31109
37
3
65501
1
31129
37
2
65501
1
31150
37
2
65501
1
31171
37
2
65501
1
31192
37
3
65500
1
31212
37
3
65500
1
31234
37
3
65500
1
31254
37
3
65501
1
31275
37
3
65501
1
31296
37
3
65501
1
31316
37
3
65501
1
31337
38
3
65501
1
31358
38
3
65501
1
31379
38
3
65501
1
31399
38
3
65501
1
31420
38
3
65501
1
31441
38
3
65501
1
31462
38
2
65501
1
31482
38
2
65501
1
31504
38
2
65501
1
31524
38
3
65501
1
31545
38
3
65501
1
31566
38
3
65501
1
31587
38
3
65501
1
31607
38
2
65501
1
31629
38
2
65501
1
31649
38
2
65501
1
31670
38
3
65501
1
31691
38
3
65501
1
31712
38
3
65501
1
31732
39
2
65501
1
31753
39
2
65501
1
31774
39
2
65501
1
31795
39
2
65501
1
31815
38
2
65501
1
31837
38
2
65501
1
31857
38
2
65501
1
31878
39
2
65501
1
31899
39
2
65501
1
31920
39
2
65501
1
31940
38
1
65502
1
31962
38
1
65502
1
31982
38
1
65502
1
32003
39
2
65502
1
32024
39
2
65502
1
32045
39
2
65502
1
32065
39
2
65502
1
32086
39
1
65502
1
32107
39
1
65502
1
32128
39
1
65502
1
32148
39
1
65502
1
32169
39
1
65502
1
32190
39
1
65502
1
32210
39
1
65502
1
32232
39
1
65502
1
32252
39
1
65502
1
32273
39
1
65502
1
32294
39
1
65503
1
32315
39
1
65503
1
32335
39
1
65503
1
32357
40
1
65503
1
32377
40
1
65503
1
32398
40
1
65503
1
32418
40
0
65503
1
32440
40
0
65503
1
32460
40
0
65503
1
32481
40
0
65503
1
32502
40
0
65503
1
32523
40
0
65503
1
32543
40
0
65503
1
32565
40
0
65504
1
32585
40
0
65504
1
32606
40
0
65504
1
32627
40
0
65504
1
32648
40
0
65504
1
32668
40
0
65504
1
32689
41
0
65504
1
32710
41
0
65504
1
32731
41
0
65504
1
32751
41
0
65504
1
32773
40
0
65504
1
32793
40
0
65504
1
32814
40
0
65504
1
32835
40
0
65504
1
32856
40
0
65504
1
32876
40
0
65504
1
32898
41
0
65505
1
32918
41
0
65505
1
32939
41
0
65505
1
32960
41
65535
65506
1
32980
41
65535
65506
1
33005
41
65535
65506
1
33031
41
0
65506
1
33055
41
0
65506
1
33076
41
0
65506
1
33097
41
65535
65506
1
33118
41
65535
65506
1
33142
41
65535
65506
1
33168
41
0
65506
1
33192
41
0
65506
1
33213
41
0
65506
1
33234
41
65535
65507
1
33255
41
65535
65507
1
33280
41
65535
65507
1
33305
41
65535
65507
1
33330
41
65535
65507
1
33355
41
65535
65507
1
33380
41
65535
65508
1
33404
41
65535
65508
1
33430
41
65535
65508
1
33455
41
65534
65508
1
33479
41
65534
65508
1
33505
41
65535
65509
1
33529
41
65535
65509
1
33555
41
65535
65509
1
33580
40
65534
65510
1
33604
40
65534
65510
1
33630
40
65534
65510
1
33654
41
65535
65509
1
33679
41
65535
65509
1
33704
41
65534
65511
1
33729
41
65534
65511
1
33755
41
65534
65511
1
33779
40
65534
65510
1
33804
40
65534
65510
1
33829
40
65534
65510
1
33854
40
65534
65511
1
33879
40
65534
65511
1
33904
40
65534
65511
1
33929
40
65534
65511
1
33954
40
65534
65511
1
33979
40
65535
65512
1
34003
40
65535
65512
1
34029
40
65535
65512
1
34054
39
65534
65512
1
34078
39
65534
65512
1
34104
39
65534
65512
1
34128
39
65535
65513
1
34154
39
65535
65513
1
34179
39
65535
65513
1
34203
39
65535
65513
1
34229
39
65535
65513
1
34253
37
65535
65514
1
34278
37
65535
65514
1
34304
37
65535
65514
1
34328
38
0
65514
1
34354
38
0
65514
1
34374
38
0
65514
1
34395
36
65535
65514
1
34415
36
65535
65514
1
34441
36
65535
65514
1
34465
36
0
65514
1
34491
36
0
65514
1
34511
36
0
65514
1
34532
35
0
65514
1
34553
35
0
65514
1
34574
35
0
65514
1
34594
35
0
65514
1
34615
34
0
65514
1
34636
34
0
65514
1
34657
34
0
65514
1
34677
34
0
65514
1
34699
34
0
65514
1
34719
34
0
65514
1
34740
33
0
65514
1
34761
33
0
65514
1
34782
33
0
65514
1
34802
33
1
65514
1
34824
33
1
65514
1
34844
33
1
65514
1
34865
33
1
65514
1
34886
31
1
65514
1
34907
31
1
65514
1
34927
31
1
65514
1
34948
31
2
65513
1
34969
31
2
65513
1
34990
31
2
65513
1
35010
31
2
65513
1
35032
31
2
65513
1
35052
31
2
65513
1
35073
31
2
65513
1
35094
30
2
65513
1
35115
30
2
65513
1
35135
30
2
65513
1
35156
30
3
65513
1
35177
30
3
65513
1
35197
30
3
65513
1
35219
29
2
65513
1
35239
29
2
65513
1
35260
29
2
65513
1
35280
30
3
65513
1
35302
30
3
65513
1
35322
30
3
65513
1
35343
30
3
65513
1
35364
28
4
65514
1
35385
28
4
65514
1
35405
28
4
65514
1
35427
28
5
65514
1
35447
28
5
65514
1
35468
28
5
65514
1
35489
28
6
65514
1
35510
28
6
65514
1
35530
28
6
65514
1
35552
28
6
65514
1
35572
28
6
65514
1
35593
28
6
65514
1
35613
28
6
65514
1
35635
28
8
65514
1
35655
28
8
65514
1
35676
28
8
65514
1
35697
27
9
65514
1
35718
27
9
65514
1
35738
27
9
65514
1
35760
27
11
65513
1
35780
27
11
65513
1
35802
27
11
65513
1
35824
27
12
65513
1
35846
26
12
65513
1
35867
26
12
65513
1
35890
26
12
65513
1
35911
26
13
65512
1
35933
26
13
65512
1
35955
26
13
65512
1
35977
27
16
65510
1
35998
27
16
65510
1
36021
27
16
65510
1
36042
27
16
65509
1
36064
27
16
65509
1
36086
27
16
65509
1
36108
28
16
65508
1
36129
28
16
65508
1
36152
28
16
65508
1
36173
29
16
65507
1
36195
29
16
65507
1
36217
29
16
65507
1
36239
28
16
65507
1
36260
28
16
65507
1
36282
28
16
65507
1
36304
30
17
65506
1
36326
30
17
65506
1
36347
30
17
65506
1
36370
30
15
65506
1
36391
28
15
65506
1
36413
28
15
65506
1
36435
28
15
65506
1
36457
29
17
65505
1
36478
29
17
65505
1
36501
29
17
65505
1
36523
28
17
65505
1
36544
28
17
65505
1
36567
28
17
65505
1
36588
29
17
65504
1
36610
29
17
65504
1
36632
29
17
65504
1
36654
29
18
65504
1
36675
29
18
65504
1
36698
29
18
65504
1
36719
28
18
65503
1
36741
28
18
65503
1
36763
28
18
65503
1
36785
29
19
65503
1
36806
29
19
65503
1
36829
29
19
65503
1
36850
29
19
65502
1
36872
29
19
65502
1
36894
29
19
65502
1
36916
29
19
65502
1
36937
29
19
65502
1
36960
29
19
65502
1
36981
29
19
65502
1
37003
30
19
65501
1
37025
30
19
65501
1
37047
30
19
65501
1
37068
30
19
65501
1
37091
30
19
65501
1
37112
30
19
65501
1
37134
31
19
65500
1
37156
31
19
65500
1
37178
31
19
65500
1
37199
30
19
65500
1
37222
30
19
65500
1
37243
30
19
65500
1
37265
31
19
65500
1
37287
31
19
65500
1
37309
31
19
65500
1
37330
31
19
65499
1
37353
31
19
65499
1
37374
31
19
65499
1
37396
31
19
65499
1
37419
31
19
65499
1
37440
31
19
65499
1
37462
31
19
65499
1
37484
32
19
65498
1
37506
32
19
65498
1
37527
32
19
65498
1
37550
32
18
65498
1
37571
32
18
65498
1
37593
32
18
65498
1
37615
33
18
65498
1
37637
33
18
65498
1
37658
33
18
65498
1
37680
33
17
65498
1
37702
33
17
65498
1
37724
33
17
65498
1
37745
33
16
65498
1
37768
33
16
65498
1
37789
33
16
65498
1
37811
33
15
65498
1
37833
33
15
65498
1
37855
33
15
65498
1
37876
33
15
65498
1
37899
33
15
65498
1
37920
33
15
65498
1
37942
34
15
65498
1
37964
34
15
65498
1
37986
34
15
65498
1
38007
34
15
65498
1
38030
33
14
65498
1
38051
33
14
65498
1
38073
33
14
65498
1
38095
34
15
65498
1
38117
34
15
65498
1
38138
34
15
65498
1
38161
33
14
65498
1
38182
33
14
65498
1
38204
33
14
65498
1
38226
33
14
65498
1
38248
33
14
65498
1
38269
33
14
65498
1
38292
34
15
65498
1
38313
34
15
65498
1
38335
34
15
65498
1
38358
33
14
65498
1
38379
33
14
65498
1
38401
33
14
65498
1
38423
34
15
65498
1
38445
34
15
65498
1
38466
34
15
65498
1
38489
33
14
65498
1
38510
33
14
65498
1
38532
33
14
65498
1
38554
33
14
65498
1
38576
34
15
65498
1
38597
34
15
65498
1
38620
34
15
65498
1
38641
34
14
65498
1
38663
34
14
65498
1
38685
34
14
65498
1
38707
33
14
65498
1
38728
33
14
65498
1
38751
33
14
65498
1
38772
34
15
65497
1
38794
34
15
65497
1
38816
34
15
65497
1
38838
33
14
65497
1
38859
33
14
65497
1
38882
33
14
65497
1
38903
34
15
65497
1
38925
34
15
65497
1
38947
34
15
65497
1
38969
33
15
65497
1
38990
33
15
65497
1
39013
33
15
65497
1
39034
33
15
65497
1
39056
33
15
65497
1
39077
33
15
65497
1
39100
33
15
65497
1
39121
33
15
65497
1
39143
33
15
65497
1
39165
33
15
65497
1
39187
33
14
65497
1
39208
33
14
65497
1
39231
33
14
65497
1
39252
34
15
65497
1
39274
34
15
65497
1
39297
34
15
65497
1
39318
33
14
65497
1
39340
33
14
65497
1
39362
33
14
65497
1
39384
33
15
65497
1
39405
33
15
65497
1
39428
33
15
65497
1
39449
33
15
65497
1
39471
33
15
65497
1
39493
33
15
65497
1
39515
33
15
65497
1
39536
33
15
65497
1
39559
33
15
65497
1
39580
33
15
65498
1
39602
33
15
65498
1
39624
33
15
65498
1
39646
33
15
65498
1
39667
33
14
65497
1
39690
33
14
65497
1
39711
33
14
65497
1
39733
34
15
65497
1
39755
34
15
65497
1
39777
34
15
65497
1
39798
33
15
65497
1
39821
33
15
65497
1
39842
33
15
65497
1
39864
33
15
65497
1
39886
33
15
65497
1
39908
33
15
65497
1
39929
33
15
65497
1
39952
33
15
65497
1
39973
33
15
65497
1
39995
33
14
65497
1
40017
33
14
65497
1
40039
33
14
65497
1
40060
33
15
65497
1
40083
33
15
65497
1
40104
33
15
65497
1
40126
33
15
65497
1
40148
33
15
65497
1
40170
33
15
65497
1
40192
33
15
65497
1
40214
33
15
65497
1
40236
33
15
65497
1
40257
33
15
65497
1
40280
34
15
65497
1
40301
34
15
65497
1
40323
34
15
65497
1
40345
33
14
65497
1
40367
33
14
65497
1
40388
33
14
65497
1
40411
33
15
65497
1
40432
33
15
65497
1
40454
33
15
65497
1
40475
32
15
65497
1
40498
32
15
65497
1
40519
32
15
65497
1
40541
33
15
65497
1
40563
33
15
65497
1
40585
33
15
65497
1
40606
33
15
65497
1
40629
33
15
65497
1
40650
33
15
65497
1
40672
33
15
65498
1
40694
33
15
65498
1
40716
33
15
65498
1
40737
33
15
65498
1
40760
33
15
65497
1
40781
33
15
65497
1
40803
33
15
65497
1
40825
33
14
65498
1
40847
33
14
65498
1
40868
33
14
65498
1
40891
33
15
65497
1
40912
33
15
65497
1
40934
33
15
65497
1
40956
33
14
65497
1
40978
33
14
65497
1
40999
33
14
65497
1
41022
33
15
65497
1
41043
33
15
65497
1
41065
33
15
65497
1
41088
33
15
65497
1
41109
33
15
65497
1
41131
33
15
65497
1
41153
33
15
65497
1
41175
33
15
65497
1
41196
33
15
65497
1
41219
34
15
65497
1
41240
34
15
65497
1
41262
34
15
65497
1
41284
34
15
65497
1
41306
33
14
65497
1
41327
33
14
65497
1
41350
33
14
65497
1
41371
33
15
65497
1
41393
33
15
65497
1
41415
33
15
65497
1
41437
33
15
65497
1
41458
33
15
65497
1
41481
33
15
65497
1
41502
33
15
65497
1
41524
33
15
65497
1
41546
33
15
65497
1
41568
33
15
65497
1
41589
33
15
65497
1
41612
33
15
65497
1
41633
33
14
65497
1
41655
33
14
65497
1
41677
33
14
65497
1
41699
33
15
65497
1
41720
33
15
65497
1
41743
33
15
65497
1
41764
33
15
65497
1
41786
33
15
65497
1
41808
33
15
65497
1
41830
33
15
65497
1
41851
33
15
65497
1
41873
33
15
65497
1
41895
33
15
65497
1
41917
33
15
65497
1
41938
33
15
65497
1
41961
33
15
65497
1
41982
33
15
65497
1
42004
33
15
65497
1
42027
33
15
65497
1
42048
34
15
65497
1
42070
34
15
65497
1
42092
34
15
65497
1
42114
33
15
65497
1
42135
33
15
65497
1
42158
33
15
65497
1
42179
33
15
65497
1
42201
33
15
65497
1
42223
33
15
65497
1
42245
33
15
65497
1
42266
33
15
65497
1
42289
33
15
65497
1
42310
33
15
65497
1
42332
33
15
65497
1
42354
33
15
65497
1
42376
33
15
65497
1
42397
33
15
65497
1
42420
33
15
65497
1
42441
33
15
65497
1
42463
33
14
65497
1
42485
33
14
65497
1
42507
33
14
65497
1
42528
33
15
65497
1
42551
33
15
65497
1
42572
33
15
65497
1
42594
33
15
65497
1
42616
33
15
65497
1
42638
33
15
65497
1
42659
33
15
65498
1
42682
33
15
65498
1
42703
33
15
65498
1
42725
34
15
65497
1
42747
34
15
65497
1
42769
34
15
65497
1
42790
33
15
65498
1
42813
33
15
65498
1
42834
33
15
65498
1
42856
33
15
65497
1
42878
33
15
65497
1
42900
33
15
65497
1
42921
33
15
65497
1
42944
33
15
65497
1
42966
33
15
65497
1
42987
33
15
65497
1
43010
33
15
65497
1
43031
33
15
65497
1
43053
33
15
65497
1
43075
33
15
65497
1
43097
33
15
65497
1
43118
33
15
65497
1
43141
33
15
65497
1
43162
33
15
65497
1
43184
33
15
65497
1
43206
34
15
65497
1
43228
34
15
65497
1
43249
34
15
65497
1
43271
33
15
65497
1
43293
33
15
65497
1
43315
33
15
65497
1
43336
33
15
65497
1
43359
33
15
65497
1
43380
33
15
65497
1
43402
33
15
65497
1
43424
33
15
65497
1
43446
33
15
65497
1
43467
33
15
65497
1
43490
34
15
65497
1
43511
34
15
65497
1
43533
34
15
65497
1
43555
33
15
65497
1
43577
33
15
65497
1
43598
33
15
65497
1
43621
33
14
65498
1
43642
33
14
65498
1
43664
33
14
65498
1
43686
34
15
65497
1
43708
34
15
65497
1
43729
34
15
65497
1
43752
33
15
65497
1
43773
33
15
65497
1
43795
33
15
65497
1
43817
33
15
65497
1
43839
33
15
65497
1
43860
33
15
65497
1
43883
34
15
65497
1
43905
34
15
65497
1
43926
34
15
65497
1
43949
34
15
65497
1
43970
33
15
65497
1
43992
33
15
65497
1
44014
33
15
65497
1
44036
33
15
65497
1
44057
33
15
65497
1
44080
33
15
65497
1
44101
33
14
65498
1
44123
33
14
65498
1
44145
33
14
65498
1
44167
34
15
65497
1
44188
34
15
65497
1
44211
34
15
65497
1
44232
33
15
65497
1
44254
33
15
65497
1
44276
33
15
65497
1
44298
34
15
65497
1
44319
34
15
65497
1
44342
34
15
65497
1
44363
33
15
65497
1
44385
33
15
65497
1
44407
33
15
65497
1
44429
33
14
65497
1
44450
33
14
65497
1
44473
33
14
65497
1
44494
33
15
65497
1
44516
33
15
65497
1
44538
33
15
65497
1
44560
33
15
65497
1
44581
33
14
65497
1
44604
33
14
65497
1
44625
33
14
65497
1
44647
33
15
65497
1
44668
33
15
65497
1
44691
33
15
65497
1
44712
33
15
65497
1
44734
33
15
65497
1
44756
33
15
65497
1
44778
33
15
65497
1
44800
33
15
65497
1
44822
33
15
65497
1
44844
34
15
65497
1
44865
34
15
65497
1
44888
34
15
65497
1
44909
33
14
65497
1
44931
33
14
65497
1
44953
33
14
65497
1
44975
33
15
65497
1
44996
33
15
65497
1
45019
33
15
65497
1
45040
33
15
65497
1
45062
33
15
65497
1
45084
33
15
65497
1
45106
33
15
65497
1
45127
33
15
65497
1
45150
33
15
65497
1
45171
33
15
65497
1
45193
34
15
65497
1
45215
34
15
65497
1
45237
34
15
65497
1
45258
33
15
65498
1
45281
33
15
65498
1
45302
33
15
65498
1
45324
34
15
65497
1
45346
34
15
65497
1
45368
34
15
65497
1
45389
33
14
65497
1
45412
33
14
65497
1
45433
33
14
65497
1
45455
33
15
65497
1
45477
33
15
65497
1
45499
33
15
65497
1
45520
33
15
65497
1
45543
33
15
65497
1
45564
33
15
65497
1
45586
33
15
65497
1
45608
33
15
65497
1
45630
33
15
65497
1
45651
33
15
65497
1
45674
34
15
65497
1
45696
34
15
65497
1
45717
34
15
65497
1
45740
33
15
65497
1
45761
33
15
65497
1
45783
33
15
65497
1
45805
33
15
65497
1
45827
33
15
65497
1
45848
33
15
65497
1
45871
33
15
65497
1
45892
33
15
65497
1
45914
33
15
65497
1
45936
33
15
65497
1
45958
33
15
65497
1
45979
33
15
65497
1
46002
33
15
65497
1
46023
33
15
65497
1
46045
33
15
65497
1
46066
33
14
65498
1
46089
33
14
65498
1
46110
33
14
65498
1
46132
33
14
65498
1
46154
34
15
65497
1
46176
34
15
65497
1
46197
34
15
65497
1
46220
33
15
65497
1
46241
33
15
65497
1
46263
33
15
65497
1
46285
33
15
65498
1
46307
33
15
65498
1
46328
33
15
65498
1
46351
33
15
65497
1
46372
33
15
65497
1
46394
33
15
65497
1
46416
33
14
65497
1
46438
33
14
65497
1
46459
33
14
65497
1
46482
33
15
65497
1
46503
33
15
65497
1
46525
33
15
65497
1
46547
33
14
65497
1
46569
33
14
65497
1
46590
33
14
65497
1
46613
33
15
65497
1
46635
33
15
65497
1
46656
33
15
65497
1
46679
33
15
65497
1
46700
33
15
65497
1
46722
33
15
65497
1
46744
33
15
65497
1
46766
33
15
65498
1
46787
33
15
65498
1
46810
33
15
65498
1
46831
34
15
65497
1
46853
34
15
65497
1
46875
34
15
65497
1
46897
33
14
65498
1
46918
33
14
65498
1
46941
33
14
65498
1
46962
33
15
65497
1
46984
33
15
65497
1
47006
33
15
65497
1
47028
33
14
65497
1
47049
33
14
65497
1
47072
33
14
65497
1
47093
33
15
65497
1
47115
33
15
65497
1
47137
33
15
65497
1
47159
33
15
65497
1
47180
33
15
65497
1
47203
33
15
65497
1
47224
33
15
65497
1
47246
33
14
65497
1
47268
33
14
65497
1
47290
33
14
65497
1
47311
34
15
65497
1
47334
34
15
65497
1
47355
34
15
65497
1
47377
33
15
65498
1
47399
33
15
65498
1
47421
33
15
65498
1
47442
33
15
65497
1
47464
33
15
65497
1
47486
33
15
65497
1
47508
33
15
65497
1
47529
33
15
65497
1
47552
33
15
65497
1
47574
33
15
65497
1
47595
33
15
65497
1
47618
33
15
65497
1
47639
33
15
65497
1
47661
33
15
65497
1
47683
33
15
65497
1
47705
33
14
65497
1
47726
33
14
65497
1
47749
33
14
65497
1
47770
33
14
65497
1
47792
34
15
65498
1
47814
34
15
65498
1
47836
34
15
65498
1
47857
33
15
65497
1
47880
33
15
65497
1
47901
33
15
65497
1
47923
33
15
65497
1
47945
33
15
65497
1
47967
33
15
65497
1
47988
34
15
65497
1
48011
34
15
65497
1
48032
34
15
65497
1
48054
32
14
65497
1
48076
32
14
65497
1
48098
32
14
65497
1
48119
34
15
65497
1
48142
34
15
65497
1
48163
34
15
65497
1
48185
33
14
65497
1
48207
33
14
65497
1
48229
33
14
65497
1
48250
34
15
65497
1
48273
34
15
65497
1
48294
34
15
65497
1
48316
34
15
65497
1
48338
33
15
65497
1
48360
33
15
65497
1
48381
33
15
65497
1
48404
33
15
65497
1
48425
33
15
65497
1
48447
33
15
65497
1
48470
34
15
65497
1
48491
34
15
65497
1
48513
34
15
65497
1
48535
33
14
65497
1
48557
33
14
65497
1
48578
33
14
65497
1
48601
33
15
65497
1
48622
33
15
65497
1
48644
33
15
65497
1
48666
33
15
65498
1
48688
33
15
65498
1
48709
33
15
65498
1
48732
33
15
65497
1
48753
33
15
65497
1
48775
33
15
65497
1
48797
33
15
65497
1
48819
33
15
65497
1
48840
33
15
65497
1
48862
33
15
65497
1
48884
32
14
65498
1
48906
32
14
65498
1
48927
32
14
65498
1
48950
34
15
65497
1
48971
34
15
65497
1
48993
34
15
65497
1
49015
33
15
65497
1
49037
33
15
65497
1
49058
33
15
65497
1
49081
34
15
65497
1
49102
34
15
65497
1
49124
34
15
65497
1
49146
33
15
65498
1
49168
33
15
65498
1
49189
33
15
65498
1
49212
33
14
65497
1
49233
33
14
65497
1
49255
33
14
65497
1
49277
33
15
65497
1
49299
33
15
65497
1
49320
33
15
65497
1
49343
32
14
65498
1
49364
32
14
65498
1
49386
32
14
65498
1
49409
32
14
65498
1
49430
34
15
65497
1
49452
34
15
65497
1
49474
34
15
65497
1
49496
33
14
65497
1
49517
33
14
65497
1
49540
33
14
65497
1
49561
34
15
65497
1
49583
34
15
65497
1
49605
34
15
65497
1
49627
33
15
65497
1
49648
33
15
65497
1
49671
33
15
65497
1
49692
33
14
65497
1
49714
33
14
65497
1
49736
33
14
65497
1
49758
34
15
65497
1
49779
34
15
65497
1
49802
34
15
65497
1
49823
33
15
65497
1
49845
33
15
65497
1
49867
33
15
65497
1
49889
33
15
65497
1
49910
33
15
65497
1
49933
33
15
65497
1
49954
33
15
65497
1
49976
33
15
65496
1
49998
33
15
65496
1
50020
33
15
65496
1
50041
33
16
65496
1
50064
33
16
65496
1
50085
33
16
65496
1
50107
33
17
65496
1
50129
33
17
65496
1
50151
33
17
65496
1
50172
32
17
65497
1
50195
32
17
65497
1
50216
32
17
65497
1
50238
33
18
65497
1
50259
33
18
65497
1
50282
33
18
65497
1
50304
32
19
65497
1
50325
32
19
65497
1
50348
32
19
65497
1
50369
32
19
65498
1
50391
32
19
65498
1
50413
32
19
65498
1
50435
32
19
65498
1
50456
32
19
65498
1
50479
32
19
65498
1
50500
32
19
65498
1
50522
31
19
65498
1
50544
31
19
65498
1
50566
31
19
65498
1
50587
31
20
65499
1
50610
31
20
65499
1
50631
31
20
65499
1
50653
30
20
65499
1
50675
30
20
65499
1
50697
30
20
65499
1
50718
29
20
65501
1
50741
29
20
65501
1
50762
29
20
65501
1
50784
29
20
65501
1
50806
29
20
65501
1
50828
29
20
65501
1
50849
28
19
65502
1
50872
28
19
65502
1
50893
28
19
65502
1
50915
29
19
65503
1
50937
29
19
65503
1
50959
29
19
65503
1
50980
28
18
65504
1
51003
28
18
65504
1
51024
28
18
65504
1
51046
28
18
65504
1
51068
28
18
65505
1
51090
28
18
65505
1
51111
28
18
65505
1
51134
29
17
65505
1
51155
29
17
65505
1
51177
29
17
65505
1
51200
28
17
65506
1
51221
28
17
65506
1
51243
28
17
65506
1
51265
29
18
65506
1
51287
29
18
65506
1
51308
29
18
65506
1
51331
28
17
65508
1
51352
28
17
65508
1
51374
28
17
65508
1
51396
27
17
65510
1
51418
27
17
65510
1
51439
27
17
65510
1
51462
26
14
65513
1
51483
26
14
65513
1
51505
26
14
65513
1
51527
27
11
65514
1
51549
27
11
65514
1
51570
27
11
65514
1
51593
27
11
65514
1
51614
27
8
65514
1
51636
27
8
65514
1
51656
27
8
65514
1
51678
28
5
65514
1
51698
28
5
65514
1
51719
28
5
65514
1
51740
29
4
65514
1
51761
29
4
65514
1
51781
29
4
65514
1
51803
30
2
65514
1
51823
30
2
65514
1
51844
30
2
65514
1
51865
30
2
65514
1
51886
31
2
65515
1
51906
31
2
65515
1
51928
31
2
65515
1
51948
33
1
65515
1
51969
33
1
65515
1
51989
33
1
65515
1
52011
36
0
65515
1
52031
36
0
65515
1
52051
36
0
65515
1
52073
39
65535
65513
1
52093
39
65535
65513
1
52118
39
65535
65513
1
52144
39
65534
65512
1
52168
39
65534
65512
1
52194
39
65534
65512
1
52218
41
65535
65509
1
52243
41
65535
65509
1
52269
41
65535
65509
1
52293
41
65534
65507
1
52318
41
65534
65507
1
52343
40
0
65505
1
52368
40
0
65505
1
52388
40
0
65505
1
52410
40
0
65505
1
52430
40
0
65504
1
52451
40
0
65504
1
52472
40
0
65504
1
52493
39
0
65503
1
52513
39
0
65503
1
52535
39
0
65503
1
52555
39
1
65502
1
52576
39
1
65502
1
52597
39
1
65502
1
52618
39
1
65502
1
52638
38
0
65502
1
52660
38
0
65502
1
52680
38
0
65502
1
52701
38
1
65501
1
52721
38
1
65501
1
52743
38
1
65501
1
52763
38
2
65501
1
52784
38
2
65501
1
52805
38
2
65501
1
52826
37
1
65501
1
52846
37
1
65501
1
52868
37
1
65501
1
52888
37
1
65501
1
52909
38
3
65501
1
52930
38
3
65501
1
52951
38
3
65501
1
52971
37
2
65501
1
52993
37
2
65501
1
53013
37
2
65501
1
53033
37
3
65500
1
53054
37
3
65500
1
53075
37
3
65500
1
53096
37
3
65501
1
53116
37
3
65501
1
53138
37
3
65501
1
53158
37
3
65501
1
53179
36
3
65501
1
53200
36
3
65501
1
53221
36
3
65501
1
53241
37
3
65500
1
53263
37
3
65500
1
53283
37
3
65500
1
53304
36
2
65501
1
53325
36
2
65501
1
53346
36
2
65501
1
53366
36
2
65501
1
53387
36
3
65500
1
53408
36
3
65500
1
53429
36
3
65500
1
53449
36
3
65500
1
53471
36
3
65500
1
53491
36
3
65500
1
53512
36
3
65500
1
53533
36
3
65500
1
53554
36
3
65500
1
53574
36
3
65500
1
53596
36
3
65500
1
53616
36
3
65500
1
53637
36
3
65500
1
53658
35
3
65500
1
53679
35
3
65500
1
53699
35
3
65500
1
53720
37
4
65500
1
53741
37
4
65500
1
53762
37
4
65500
1
53782
35
3
65500
1
53804
35
3
65500
1
53824
35
3
65500
1
53844
35
3
65500
1
53866
36
4
65500
1
53886
36
4
65500
1
53907
36
4
65500
1
53928
36
3
65501
1
53949
36
3
65501
1
53969
36
3
65501
1
53991
35
3
65500
1
54011
35
3
65500
1
54032
35
3
65500
1
54052
36
4
65500
1
54074
36
4
65500
1
54094
36
4
65500
1
54115
36
4
65500
1
54136
35
3
65500
1
54157
35
3
65500
1
54177
35
3
65500
1
54199
36
4
65500
1
54219
36
4
65500
1
54240
36
4
65500
1
54261
36
4
65500
1
54282
36
4
65500
1
54302
36
4
65500
1
54324
36
4
65500
1
54344
36
4
65500
1
54365
36
4
65500
1
54385
36
4
65500
1
54407
36
4
65500
1
54427
36
4
65500
1
54448
36
4
65500
1
54469
35
3
65501
1
54490
35
3
65501
1
54510
35
3
65501
1
54532
36
4
65500
1
54552
36
4
65500
1
54573
36
4
65500
1
54594
36
4
65500
1
54615
35
3
65501
1
54635
35
3
65501
1
54657
35
3
65501
1
54677
35
4
65500
1
54697
35
4
65500
1
54718
35
4
65500
1
54739
36
4
65500
1
54760
36
4
65500
1
54780
36
4
65500
1
54802
36
4
65500
1
54822
36
4
65500
1
54843
36
4
65500
1
54864
36
4
65500
1
54885
36
4
65500
1
54905
36
4
65500
1
54927
36
4
65500
1
54947
35
3
65500
1
54968
35
3
65500
1
54989