13
31
65523
1
30939
13
31
65523
1
30961
13
31
65523
1
30983
13
30
65524
1
31004
13
30
65524
1
31027
13
30
65524
1
31048
13
31
65523
1
31070
13
31
65523
1
31092
13
31
65523
1
31114
13
31
65524
1
31135
13
31
65524
1
31157
13
31
65524
1
31179
13
31
65523
1
31201
13
31
65523
1
31222
13
31
65523
1
31245
13
31
65523
1
31266
13
31
65524
1
31288
13
31
65524
1
31310
13
31
65524
1
31332
13
30
65524
1
31353
13
30
65524
1
31376
13
30
65524
1
31397
13
31
65523
1
31419
13
31
65523
1
31441
13
31
65523
1
31463
13
30
65524
1
31484
13
30
65524
1
31507
13
30
65524
1
31528
13
31
65523
1
31550
13
31
65523
1
31572
13
31
65523
1
31594
13
30
65523
1
31616
13
30
65523
1
31638
13
30
65523
1
31660
13
30
65524
1
31681
13
30
65524
1
31704
13
30
65524
1
31725
13
31
65523
1
31747
13
31
65523
1
31769
13
31
65523
1
31791
13
31
65523
1
31812
13
30
65524
1
31835
13
30
65524
1
31856
13
30
65524
1
31878
13
31
65523
1
31900
13
31
65523
1
31922
13
31
65523
1
31943
13
30
65524
1
31966
13
30
65524
1
31987
13
30
65524
1
32009
13
30
65523
1
32031
13
30
65523
1
32053
13
30
65523
1
32074
13
31
65523
1
32097
13
31
65523
1
32118
13
31
65523
1
32140
13
30
65523
1
32162
13
30
65523
1
32184
13
30
65523
1
32205
13
31
65523
1
32228
13
31
65523
1
32249
13
31
65523
1
32271
13
30
65524
1
32293
13
30
65524
1
32315
13
30
65524
1
32336
13
30
65524
1
32359
13
31
65524
1
32380
13
31
65524
1
32402
13
31
65524
1
32424
13
31
65523
1
32446
13
31
65523
1
32467
13
31
65523
1
32490
13
30
65523
1
32512
13
30
65523
1
32533
13
30
65523
1
32555
13
31
65523
1
32577
13
31
65523
1
32599
13
31
65523
1
32620
13
30
65523
1
32643
13
30
65523
1
32664
13
30
65523
1
32686
13
31
65524
1
32708
13
31
65524
1
32730
13
31
65524
1
32751
13
31
65523
1
32774
13
31
65523
1
32795
13
31
65523
1
32817
13
30
65523
1
32839
13
30
65523
1
32861
13
30
65523
1
32882
13
30
65523
1
32905
13
31
65523
1
32926
13
31
65523
1
32948
13
31
65523
1
32970
13
31
65523
1
32992
13
31
65523
1
33013
13
31
65523
1
33036
13
31
65523
1
33057
13
31
65523
1
33079
13
31
65523
1
33101
14
30
65524
1
33123
14
30
65524
1
33144
14
30
65524
1
33167
13
30
65523
1
33188
13
30
65523
1
33210
13
30
65523
1
33232
13
30
65523
1
33254
13
30
65523
1
33275
13
30
65523
1
33298
13
30
65524
1
33319
13
30
65524
1
33341
13
30
65524
1
33363
13
31
65523
1
33385
13
31
65523
1
33406
13
31
65523
1
33429
13
31
65523
1
33451
13
30
65524
1
33472
13
30
65524
1
33495
13
30
65524
1
33516
13
31
65523
1
33538
13
31
65523
1
33560
13
31
65523
1
33582
13
30
65524
1
33603
13
30
65524
1
33626
13
30
65524
1
33647
13
30
65524
1
33669
13
30
65524
1
33691
13
30
65524
1
33713
13
30
65524
1
33734
13
30
65524
1
33757
13
30
65524
1
33778
13
30
65524
1
33800
13
30
65524
1
33822
13
30
65524
1
33844
13
30
65524
1
33865
13
30
65524
1
33888
13
30
65524
1
33909
13
30
65524
1
33931
13
30
65524
1
33952
13
30
65524
1
33975
13
30
65524
1
33996
13
30
65524
1
34018
13
30
65524
1
34040
13
30
65524
1
34062
13
30
65524
1
34083
13
30
65524
1
34106
13
30
65524
1
34127
13
30
65525
1
34149
13
30
65525
1
34171
13
30
65525
1
34193
13
30
65525
1
34214
13
30
65525
1
34237
13
30
65525
1
34258
13
30
65525
1
34280
13
30
65525
1
34302
13
30
65525
1
34324
13
30
65525
1
34345
13
30
65525
1
34368
13
30
65525
1
34390
13
30
65525
1
34411
13
30
65525
1
34434
13
30
65525
1
34455
12
29
65525
1
34477
12
29
65525
1
34499
12
29
65525
1
34521
12
29
65525
1
34542
12
30
65526
1
34565
12
30
65526
1
34586
12
30
65526
1
34608
13
29
65526
1
34630
13
29
65526
1
34652
13
29
65526
1
34673
12
29
65526
1
34696
12
29
65526
1
34717
12
29
65526
1
34739
12
29
65526
1
34761
12
29
65526
1
34783
12
29
65526
1
34804
12
28
65527
1
34827
12
28
65527
1
34848
12
28
65527
1
34870
11
29
65527
1
34892
11
29
65527
1
34914
11
29
65527
1
34935
12
28
65527
1
34958
12
28
65527
1
34979
12
28
65527
1
35001
12
28
65527
1
35023
12
28
65527
1
35045
12
28
65527
1
35066
12
28
65527
1
35089
12
28
65528
1
35110
12
28
65528
1
35132
12
28
65528
1
35154
11
28
65527
1
35176
11
28
65527
1
35197
11
28
65527
1
35220
11
27
65528
1
35241
11
27
65528
1
35263
11
27
65528
1
35286
11
27
65528
1
35307
11
27
65528
1
35329
11
27
65528
1
35350
11
27
65528
1
35373
11
27
65528
1
35394
11
27
65528
1
35416
11
26
65528
1
35438
11
26
65528
1
35460
11
26
65528
1
35481
11
26
65528
1
35504
11
26
65528
1
35525
11
26
65528
1
35547
11
26
65529
1
35569
11
26
65529
1
35591
11
26
65529
1
35612
11
26
65529
1
35635
10
26
65529
1
35656
10
26
65529
1
35678
10
26
65529
1
35700
10
26
65529
1
35722
10
26
65529
1
35743
10
26
65529
1
35766
10
25
65529
1
35787
10
25
65529
1
35809
10
25
65529
1
35831
10
25
65529
1
35853
10
25
65529
1
35874
10
25
65529
1
35897
10
24
65529
1
35918
10
24
65529
1
35940
10
24
65529
1
35962
10
24
65530
1
35984
10
24
65530
1
36005
10
24
65530
1
36028
10
24
65529
1
36049
10
24
65529
1
36071
10
24
65529
1
36093
10
23
65530
1
36115
10
23
65530
1
36136
10
23
65530
1
36159
10
23
65530
1
36180
10
23
65529
1
36202
10
23
65529
1
36225
10
23
65529
1
36246
10
22
65529
1
36268
10
22
65529
1
36290
10
22
65529
1
36312
10
22
65529
1
36333
10
22
65529
1
36356
10
22
65529
1
36377
10
22
65529
1
36399
10
22
65529
1
36421
10
22
65529
1
36443
10
21
65529
1
36464
10
21
65529
1
36487
10
21
65529
1
36508
10
21
65528
1
36530
10
21
65528
1
36552
10
21
65528
1
36574
10
20
65528
1
36595
10
20
65528
1
36618
10
20
65528
1
36639
11
20
65528
1
36661
11
20
65528
1
36683
11
20
65528
1
36705
11
20
65528
1
36726
11
19
65527
1
36748
11
19
65527
1
36770
11
19
65527
1
36792
11
19
65527
1
36813
11
19
65527
1
36836
11
19
65527
1
36857
11
19
65526
1
36879
11
19
65526
1
36901
11
19
65526
1
36923
12
18
65526
1
36944
12
18
65526
1
36967
12
18
65526
1
36988
12
18
65525
1
37010
12
18
65525
1
37032
12
18
65525
1
37054
13
18
65525
1
37075
13
18
65525
1
37098
13
18
65525
1
37120
13
19
65524
1
37141
13
19
65524
1
37164
13
19
65524
1
37185
13
18
65523
1
37207
13
18
65523
1
37229
13
18
65523
1
37251
13
18
65523
1
37272
14
18
65523
1
37295
14
18
65523
1
37316
14
18
65523
1
37338
14
19
65522
1
37360
14
19
65522
1
37382
14
19
65522
1
37403
15
18
65521
1
37426
15
18
65521
1
37447
15
18
65521
1
37469
15
19
65521
1
37491
15
19
65521
1
37513
15
19
65521
1
37534
15
19
65521
1
37557
15
19
65521
1
37578
15
19
65521
1
37600
15
19
65521
1
37622
15
19
65521
1
37644
15
19
65521
1
37665
16
19
65520
1
37688
16
19
65520
1
37709
16
19
65520
1
37731
16
19
65520
1
37753
16
19
65520
1
37775
16
19
65520
1
37796
16
19
65520
1
37819
15
18
65519
1
37840
15
18
65519
1
37862
15
18
65519
1
37884
16
18
65518
1
37906
16
18
65518
1
37927
16
18
65518
1
37950
15
17
65518
1
37971
15
17
65518
1
37993
15
17
65518
1
38016
15
17
65516
1
38037
15
17
65516
1
38059
15
17
65516
1
38081
15
17
65516
1
38103
15
17
65516
1
38124
15
17
65516
1
38146
14
17
65514
1
38168
14
17
65514
1
38190
14
17
65514
1
38211
13
17
65513
1
38234
13
17
65513
1
38255
13
17
65513
1
38277
13
17
65511
1
38299
13
17
65511
1
38321
13
17
65511
1
38342
13
17
65511
1
38365
12
18
65510
1
38386
12
18
65510
1
38408
12
18
65510
1
38430
12
19
65510
1
38452
12
19
65510
1
38473
12
19
65510
1
38496
11
20
65509
1
38517
11
20
65509
1
38539
11
20
65509
1
38561
11
21
65508
1
38583
11
21
65508
1
38604
11
21
65508
1
38627
11
22
65509
1
38648
11
22
65509
1
38670
11
22
65509
1
38692
11
22
65509
1
38714
11
22
65509
1
38735
11
22
65509
1
38758
11
22
65508
1
38779
11
22
65508
1
38801
11
22
65508
1
38823
11
23
65507
1
38845
11
23
65507
1
38866
11
23
65507
1
38889
11
23
65507
1
38910
11
23
65506
1
38932
11
23
65506
1
38955
11
23
65506
1
38976
11
24
65506
1
38998
11
24
65506
1
39020
11
24
65506
1
39042
10
25
65504
1
39063
10
25
65504
1
39086
10
25
65504
1
39107
11
26
65504
1
39129
11
26
65504
1
39151
11
26
65504
1
39173
10
28
65503
1
39194
10
28
65503
1
39217
10
28
65503
1
39238
10
29
65503
1
39260
10
29
65503
1
39282
10
29
65503
1
39304
9
30
65503
1
39325
9
30
65503
1
39347
9
30
65503
1
39367
9
30
65503
1
39388
9
32
65504
1
39408
9
32
65504
1
39430
9
32
65504
1
39450
9
32
65506
1
39471
9
32
65506
1
39492
9
32
65506
1
39513
9
32
65507
1
39533
9
32
65507
1
39555
9
32
65507
1
39575
9
31
65508
1
39596
9
31
65508
1
39617
9
31
65508
1
39638
9
31
65508
1
39658
9
31
65510
1
39680
9
31
65510
1
39700
9
31
65510
1
39720
9
30
65511
1
39741
9
30
65511
1
39762
9
30
65511
1
39783
8
28
65512
1
39803
8
28
65512
1
39825
8
28
65512
1
39845
8
28
65512
1
39866
8
27
65512
1
39887
8
27
65512
1
39908
8
27
65512
1
39928
9
26
65512
1
39950
9
26
65512
1
39970
9
26
65512
1
39991
8
25
65510
1
40012
8
25
65510
1
40033
8
25
65510
1
40053
8
24
65509
1
40074
8
24
65509
1
40095
8
24
65509
1
40116
8
24
65509
1
40136
8
25
65507
1
40158
8
25
65507
1
40178
8
25
65507
1
40199
8
25
65506
1
40220
8
25
65506
1
40241
8
25
65506
1
40261
8
27
65504
1
40283
8
27
65504
1
40303
8
27
65504
1
40324
8
27
65504
1
40345
7
28
65504
1
40366
7
28
65504
1
40386
7
28
65504
1
40407
8
29
65504
1
40428
8
29
65504
1
40449
8
29
65504
1
40469
8
30
65503
1
40491
8
30
65503
1
40511
8
30
65503
1
40531
8
31
65504
1
40553
8
31
65504
1
40573
8
31
65504
1
40594
8
31
65504
1
40615
9
31
65504
1
40636
9
31
65504
1
40656
9
31
65504
1
40678
9
31
65505
1
40698
9
31
65505
1
40719
9
31
65505
1
40739
10
31
65505
1
40761
10
31
65505
1
40782
10
31
65505
1
40804
10
30
65504
1
40826
10
30
65504
1
40848
10
30
65504
1
40869
10
30
65504
1
40892
11
29
65504
1
40913
11
29
65504
1
40935
11
29
65504
1
40957
10
29
65504
1
40979
10
29
65504
1
41000
10
29
65504
1
41023
11
29
65503
1
41044
11
29
65503
1
41066
11
29
65503
1
41089
10
29
65502
1
41110
10
29
65502
1
41132
10
29
65502
1
41154
9
29
65501
1
41176
9
29
65501
1
41196
9
29
65501
1
41218
10
29
65501
1
41238
10
29
65501
1
41260
10
29
65501
1
41282
9
29
65500
1
41304
9
29
65500
1
41324
9
29
65500
1
41346
9
29
65500
1
41366
9
29
65499
1
41387
9
29
65499
1
41407
9
29
65499
1
41428
9
29
65499
1
41449
9
29
65499
1
41469
9
29
65499
1
41491
9
30
65499
1
41511
9
30
65499
1
41532
9
30
65499
1
41553
9
30
65499
1
41574
9
29
65499
1
41594
9
29
65499
1
41616
9
29
65499
1
41636
8
30
65498
1
41657
8
30
65498
1
41678
8
30
65498
1
41699
9
30
65498
1
41719
9
30
65498
1
41740
9
30
65498
1
41761
8
30
65498
1
41782
8
30
65498
1
41802
8
30
65498
1
41824
8
30
65498
1
41844
8
30
65498
1
41865
8
30
65498
1
41886
8
30
65498
1
41907
8
29
65498
1
41927
8
29
65498
1
41949
8
29
65498
1
41969
8
30
65498
1
41990
8
30
65498
1
42011
8
30
65498
1
42032
8
30
65498
1
42052
8
30
65498
1
42073
8
30
65498
1
42094
8
30
65498
1
42115
8
30
65498
1
42135
8
30
65498
1
42157
8
30
65498
1
42177
8
30
65498
1
42198
8
30
65498
1
42219
8
30
65498
1
42240
8
29
65498
1
42260
8
29
65498
1
42281
8
29
65498
1
42302
8
29
65498
1
42322
8
30
65498
1
42344
8
30
65498
1
42364
8
30
65498
1
42385
8
30
65498
1
42405
8
30
65498
1
42427
8
30
65498
1
42447
8
29
65498
1
42468
8
29
65498
1
42489
8
29
65498
1
42510
8
30
65498
1
42530
8
30
65498
1
42552
8
30
65498
1
42572
8
30
65498
1
42593
8
30
65498
1
42614
8
30
65498
1
42635
8
30
65498
1
42655
8
30
65498
1
42677
8
30
65498
1
42697
8
30
65498
1
42718
8
29
65498
1
42738
8
29
65498
1
42760
8
29
65498
1
42780
8
29
65498
1
42801
8
30
65498
1
42822
8
30
65498
1
42843
8
30
65498
1
42863
8
30
65498
1
42885
8
30
65498
1
42905
8
30
65498
1
42926
8
30
65498
1
42947
8
30
65498
1
42968
8
30
65498
1
42988
8
30
65498
1
43010
8
30
65498
1
43030
8
30
65498
1
43051
8
30
65498
1
43071
8
29
65498
1
43092
8
29
65498
1
43113
8
29
65498
1
43133
8
30
65498
1
43155
8
30
65498
1
43175
8
30
65498
1
43196
8
30
65498
1
43217
8
30
65498
1
43238
8
30
65498
1
43258
8
30
65498
1
43280
8
30
65498
1
43300
8
30
65498
1
43321
8
30
65498
1
43342
8
30
65498
1
43363
8
30
65498
1
43383
8
30
65498
1
43404
8
30
65498
1
43425
8
30
65498
1
43446
8
30
65498
1
43466
8
30
65498
1
43488
8
30
65498
1
43508
8
30
65498
1
43529
8
30
65498
1
43550
9
30
65498
1
43571
9
30
65498
1
43591
9
30
65498
1
43613
8
30
65498
1
43633
8
30
65498
1
43654
8
30
65498
1
43675
8
30
65498
1
43696
8
30
65498
1
43716
8
30
65498
1
43737
8
30
65498
1
43758
8
30
65498
1
43779
8
30
65498
1
43799
8
30
65498
1
43821
8
30
65498
1
43841
8
30
65498
1
43862
8
30
65498
1
43883
8
30
65498
1
43904
8
30
65498
1
43924
8
30
65498
1
43945
8
30
65498
1
43966
8
30
65498
1
43986
8
30
65498
1
44008
8
30
65498
1
44028
8
30
65498
1
44049
8
30
65498
1
44069
8
30
65498
1
44091
8
30
65498
1
44111
8
30
65498
1
44132
8
30
65498
1
44153
8
30
65498
1
44174
8
30
65498
1
44194
8
30
65498
1
44216
8
30
65498
1
44236
8
29
65498
1
44257
8
29
65498
1
44278
8
29
65498
1
44299
8
30
65498
1
44319
8
30
65498
1
44341
8
30
65498
1
44361
8
30
65498
1
44382
8
30
65498
1
44402
8
30
65498
1
44424
9
30
65498
1
44444
9
30
65498
1
44465
9
30
65498
1
44486
9
30
65498
1
44507
8
30
65498
1
44527
8
30
65498
1
44549
8
30
65498
1
44569
8
30
65498
1
44590
8
30
65498
1
44611
8
30
65498
1
44632
8
30
65498
1
44652
8
30
65498
1
44674
8
30
65498
1
44694
8
30
65499
1
44715
8
30
65499
1
44735
8
30
65499
1
44756
8
30
65499
1
44777
8
30
65498
1
44797
8
30
65498
1
44819
8
30
65498
1
44839
8
30
65498
1
44860
8
30
65498
1
44881
8
30
65498
1
44902
8
30
65498
1
44922
8
30
65498
1
44944
8
30
65498
1
44964
8
30
65498
1
44985
8
30
65498
1
45006
8
30
65498
1
45027
8
30
65498
1
45047
8
30
65498
1
45068
8
30
65498
1
45089
8
30
65498
1
45110
8
30
65498
1
45130
8
30
65498
1
45152
8
30
65498
1
45172
9
30
65498
1
45193
9
30
65498
1
45214
9
30
65498
1
45235
9
30
65498
1
45255
8
30
65498
1
45277
8
30
65498
1
45297
8
30
65498
1
45318
8
30
65498
1
45339
8
30
65498
1
45360
8
30
65498
1
45380
8
30
65498
1
45401
8
30
65498
1
45422
8
30
65498
1
45443
8
30
65498
1
45463
8
30
65498
1
45485
8
30
65498
1
45505
8
30
65498
1
45526
8
30
65498
1
45547
8
30
65498
1
45568
8
30
65498
1
45588
8
30
65498
1
45609
8
30
65498
1
45630
8
30
65498
1
45650
8
30
65498
1
45672
8
30
65498
1
45692
8
30
65498
1
45713
8
30
65498
1
45733
8
30
65498
1
45755
8
30
65498
1
45775
8
30
65498
1
45796
8
30
65498
1
45817
8
30
65498
1
45838
8
30
65498
1
45858
8
30
65498
1
45880
8
30
65498
1
45900
8
30
65498
1
45921
8
30
65498
1
45942
8
30
65498
1
45963
8
30
65498
1
45983
8
30
65498
1
46005
9
30
65498
1
46025
9
30
65498
1
46046
9
30
65498
1
46066
8
30
65498
1
46088
8
30
65498
1
46108
8
30
65498
1
46129
8
30
65498
1
46150
8
30
65498
1
46171
8
30
65498
1
46191
8
30
65498
1
46213
9
30
65498
1
46233
9
30
65498
1
46254
9
30
65498
1
46275
8
30
65498
1
46296
8
30
65498
1
46316
8
30
65498
1
46338
8
30
65499
1
46358
8
30
65499
1
46379
8
30
65499
1
46399
8
30
65499
1
46420
8
30
65498
1
46441
8
30
65498
1
46461
8
30
65498
1
46483
8
30
65498
1
46503
8
30
65498
1
46524
8
30
65498
1
46545
8
30
65498
1
46566
8
30
65498
1
46586
8
30
65498
1
46608
8
30
65498
1
46628
8
30
65498
1
46649
8
30
65498
1
46670
8
30
65498
1
46691
9
30
65498
1
46711
9
30
65498
1
46732
9
30
65498
1
46753
8
31
65498
1
46774
8
31
65498
1
46794
8
31
65498
1
46816
9
30
65498
1
46836
9
30
65498
1
46857
9
30
65498
1
46878
9
30
65498
1
46899
9
30
65498
1
46919
9
30
65498
1
46941
9
30
65498
1
46961
8
30
65498
1
46982
8
30
65498
1
47003
8
30
65498
1
47024
9
30
65498
1
47044
9
30
65498
1
47065
9
30
65498
1
47086
8
30
65498
1
47107
8
30
65498
1
47127
8
30
65498
1
47149
8
30
65498
1
47169
9
31
65498
1
47190
9
31
65498
1
47211
9
31
65498
1
47232
8
31
65498
1
47252
8
31
65498
1
47273
8
31
65498
1
47294
9
31
65498
1
47314
9
31
65498
1
47336
9
31
65498
1
47356
9
31
65497
1
47377
9
31
65497
1
47397
9
31
65497
1
47419
9
31
65497
1
47439
9
31
65498
1
47460
9
31
65498
1
47481
9
31
65498
1
47502
9
31
65498
1
47522
9
31
65498
1
47544
9
31
65498
1
47564
9
31
65497
1
47585
9
31
65497
1
47606
9
31
65497
1
47627
9
31
65497
1
47647
9
31
65499
1
47669
9
31
65499
1
47689
9
31
65499
1
47710
9
31
65498
1
47730
9
31
65498
1
47752
9
31
65498
1
47772
10
31
65499
1
47793
10
31
65499
1
47815
10
31
65499
1
47837
10
30
65500
1
47858
10
30
65500
1
47881
10
30
65500
1
47902
10
30
65501
1
47924
10
30
65501
1
47946
10
30
65501
1
47968
10
30
65501
1
47989
11
30
65502
1
48012
11
30
65502
1
48033
11
30
65502
1
48055
11
31
65503
1
48077
11
31
65503
1
48099
11
31
65503
1
48120
10
31
65504
1
48143
10
31
65504
1
48164
10
31
65504
1
48186
10
32
65504
1
48208
10
32
65504
1
48230
10
32
65504
1
48251
9
33
65504
1
48274
9
33
65504
1
48294
9
33
65504
1
48315
9
31
65502
1
48336
9
31
65502
1
48357
9
31
65502
1
48377
9
31
65502
1
48399
8
29
65503
1
48419
8
29
65503
1
48440
8
29
65503
1
48460
8
26
65505
1
48482
8
26
65505
1
48502
8
26
65505
1
48523
8
26
65509
1
48544
8
26
65509
1
48565
8
26
65509
1
48585
8
29
65511
1
48607
8
29
65511
1
48627
8
29
65511
1
48648
8
29
65511
1
48669
8
32
65509
1
48690
8
32
65509
1
48710
8
32
65509
1
48732
10
34
65505
1
48752
10
34
65505
1
48774
10
34
65505
1
48795
12
33
65501
1
48818
12
33
65501
1
48839
12
33
65501
1
48861
13
29
65501
1
48883
13
29
65501
1
48905
13
29
65501
1
48926
13
25
65504
1
48949
13
25
65504
1
48970
13
25
65504
1
48992
13
25
65504
1
49014
12
23
65506
1
49036
12
23
65506
1
49057
12
23
65506
1
49080
12
22
65507
1
49101
12
22
65507
1
49123
12
22
65507
1
49145
13
19
65507
1
49167
13
19
65507
1
49188
13
19
65507
1
49211
15
17
65511
1
49232
15
17
65511
1
49254
15
17
65511
1
49276
16
17
65515
1
49298
16
17
65515
1
49319
16
17
65515
1
49342
16
18
65518
1
49363
16
18
65518
1
49385
16
18
65518
1
49408
16
19
65520
1
49429
16
19
65520
1
49451
16
19
65520
1
49473
15
19
65522
1
49495
15
19
65522
1
49516
15
19
65522
1
49539
15
19
65522
1
49560
13
19
65524
1
49582
13
19
65524
1
49604
13
19
65524
1
49626
11
19
65526
1
49647
11
19
65526
1
49670
11
19
65526
1
49691
10
21
65527
1
49713
10
21
65527
1
49735
10
21
65527
1
49757
9
22
65528
1
49778
9
22
65528
1
49800
9
22
65528
1
49820
9
23
65528
1
49841
9
23
65528
1
49862
9
23
65528
1
49883
10
25
65528
1
49903
10
25
65528
1
49925
10
25
65528
1
49947
10
25
65528
1
49969
10
26
65528
1
49990
10
26
65528
1
50013
10
26
65528
1
50034
10
27
65527
1
50056
10
27
65527
1
50078
10
27
65527
1
50100
11
28
65526
1
50121
11
28
65526
1
50144
11
28
65526
1
50165
12
29
65526
1
50187
12
29
65526
1
50209
12
29
65526
1
50231
12
29
65525
1
50252
12
29
65525
1
50275
12
29
65525
1
50296
12
29
65525
1
50318
12
29
65525
1
50340
12
29
65525
1
50362
12
30
65524
1
50383
12
30
65524
1
50406
12
30
65524
1
50427
13
30
65524
1
50449
13
30
65524
1
50471
13
30
65524
1
50493
13
30
65524
1
50514
13
30
65524
1
50537
13
30
65524
1
50558
13
30
65524
1
50580
13
30
65523
1
50603
13
30
65523
1
50624
13
30
65523
1
50646
13
30
65523
1
50668
13
30
65523
1
50690
13
30
65523
1
50711
13
31
65522
1
50734
13
31
65522
1
50755
13
31
65522
1
50777
13
31
65523
1
50799
13
31
65523
1
50821
13
31
65523
1
50842
13
31
65522
1
50865
13
31
65522
1
50886
13
31
65522
1
50908
13
30
65523
1
50930
13
30
65523
1
50952
13
30
65523
1
50973
13
31
65523
1
50996
13
31
65523
1
51017
13
31
65523
1
51039
13
31
65523
1
51061
14
31
65522
1
51083
14
31
65522
1
51104
14
31
65522
1
51127
14
31
65523
1
51148
14
31
65523
1
51170
14
31
65523
1
51191
14
31
65522
1
51214
14
31
65522
1
51235
14
31
65522
1
51257
14
31
65522
1
51279
14
31
65522
1
51301
14
31
65522
1
51322
14
31
65522
1
51345
14
31
65522
1
51366
14
31
65522
1
51388
14
31
65522
1
51410
14
31
65522
1
51432
14
31
65522
1
51453
14
31
65522
1
51476
14
31
65522
1
51497
14
31
65522
1
51519
13
31
65522
1
51542
13
31
65522
1
51563
13
31
65522
1
51585
13
31
65522
1
51607
14
31
65522
1
51629
14
31
65522
1
51650
14
31
65522
1
51673
13
31
65521
1
51694
13
31
65521
1
51716