34
65527
65497
1
11044
34
65528
65497
1
11069
34
65528
65497
1
11095
34
65528
65497
1
11119
34
65527
65497
1
11144
34
65527
65497
1
11169
34
65527
65497
1
11194
34
65527
65497
1
11219
34
65527
65497
1
11244
34
65527
65497
1
11269
34
65527
65497
1
11294
34
65527
65497
1
11319
34
65527
65498
1
11343
34
65527
65498
1
11369
34
65527
65498
1
11394
35
65527
65497
1
11419
35
65527
65497
1
11444
34
65527
65497
1
11468
34
65527
65497
1
11494
34
65527
65497
1
11518
34
65527
65497
1
11543
34
65527
65497
1
11569
34
65527
65497
1
11593
34
65527
65497
1
11619
34
65527
65497
1
11643
34
65527
65497
1
11668
34
65527
65497
1
11694
34
65527
65497
1
11718
34
65527
65497
1
11743
34
65527
65497
1
11768
34
65527
65497
1
11793
34
65527
65497
1
11819
34
65527
65497
1
11843
34
65527
65497
1
11868
34
65527
65497
1
11893
34
65527
65497
1
11918
34
65528
65497
1
11942
34
65528
65497
1
11968
34
65528
65497
1
11993
34
65527
65497
1
12018
34
65527
65497
1
12043
34
65527
65497
1
12067
34
65528
65497
1
12093
34
65528
65497
1
12118
34
65528
65497
1
12142
34
65527
65498
1
12168
34
65527
65498
1
12192
34
65527
65497
1
12218
34
65527
65497
1
12242
34
65527
65497
1
12267
34
65527
65497
1
12293
34
65527
65497
1
12317
34
65527
65497
1
12342
34
65527
65497
1
12367
34
65527
65497
1
12392
34
65527
65497
1
12418
34
65527
65497
1
12442
34
65527
65497
1
12467
34
65527
65497
1
12492
34
65527
65497
1
12517
34
65527
65497
1
12541
34
65527
65497
1
12567
34
65527
65497
1
12592
34
65527
65497
1
12617
34
65527
65497
1
12642
34
65527
65497
1
12666
34
65527
65497
1
12692
34
65527
65497
1
12717
34
65527
65497
1
12741
34
65527
65497
1
12767
34
65527
65497
1
12791
34
65527
65497
1
12817
34
65527
65498
1
12841
34
65527
65498
1
12866
34
65527
65498
1
12892
33
65527
65498
1
12916
33
65527
65498
1
12941
33
65527
65499
1
12966
33
65527
65499
1
12991
33
65527
65499
1
13017
33
65527
65498
1
13041
33
65527
65498
1
13066
33
65527
65498
1
13091
33
65527
65498
1
13116
33
65527
65498
1
13140
33
65527
65498
1
13166
32
65526
65499
1
13191
32
65526
65499
1
13216
32
65525
65500
1
13241
32
65525
65500
1
13265
32
65525
65500
1
13291
32
65524
65501
1
13316
32
65524
65501
1
13340
32
65524
65501
1
13366
32
65522
65501
1
13390
32
65522
65501
1
13416
32
65522
65501
1
13441
32
65520
65501
1
13465
32
65520
65501
1
13491
33
65519
65500
1
13515
33
65519
65500
1
13540
33
65519
65500
1
13565
36
65521
65499
1
13590
36
65521
65499
1
13616
36
65521
65499
1
13640
36
65520
65499
1
13665
36
65520
65499
1
13690
36
65520
65499
1
13715
36
65518
65496
1
13740
36
65518
65496
1
13765
34
65516
65492
1
13790
34
65516
65492
1
13815
34
65516
65492
1
13840
37
65517
65489
1
13864
37
65517
65489
1
13890
37
65517
65489
1
13915
37
65520
65484
1
13939
37
65520
65484
1
13965
35
65525
65484
1
13989
35
65525
65484
1
14015
35
65525
65484
1
14040
37
65526
65487
1
14064
37
65526
65487
1
14090
37
65526
65487
1
14114
36
65526
65487
1
14139
36
65526
65487
1
14164
36
65526
65487
1
14189
34
65526
65488
1
14215
34
65526
65488
1
14239
32
65526
65487
1
14264
32
65526
65487
1
14289
32
65526
65487
1
14314
31
65526
65488
1
14339
31
65526
65488
1
14364
31
65526
65488
1
14389
28
65526
65491
1
14414
28
65526
65491
1
14439
28
65526
65491
1
14464
30
65525
65492
1
14489
30
65525
65492
1
14514
34
65535
65492
1
14538
34
65535
65492
1
14564
34
65535
65492
1
14588
38
65534
65493
1
14614
38
65534
65493
1
14639
38
65534
65493
1
14663
30
65535
65492
1
14689
30
65535
65492
1
14713
30
65535
65492
1
14738
29
65529
65486
1
14764
29
65529
65486
1
14788
25
0
65477
1
14814
25
0
65477
1
14834
25
0
65477
1
14855
25
0
65477
1
14875
19
8
65486
1
14897
19
8
65486
1
14917
19
8
65486
1
14938
21
4
65499
1
14959
21
4
65499
1
14980
21
4
65499
1
15000
26
65535
65500
1
15022
26
65535
65500
1
15046
26
65535
65500
1
15071
29
65532
65500
1
15096
29
65532
65500
1
15121
29
65532
65500
1
15147
31
65531
65500
1
15171
31
65531
65500
1
15196
32
65530
65499
1
15221
32
65530
65499
1
15246
32
65530
65499
1
15270
32
65529
65498
1
15296
32
65529
65498
1
15321
32
65529
65498
1
15346
32
65529
65498
1
15371
32
65529
65498
1
15395
32
65529
65498
1
15421
33
65529
65498
1
15446
33
65529
65498
1
15470
33
65528
65498
1
15496
33
65528
65498
1
15520
33
65528
65498
1
15546
34
65528
65498
1
15570
34
65528
65498
1
15595
34
65528
65498
1
15621
33
65528
65498
1
15645
33
65528
65498
1
15670
33
65528
65498
1
15695
33
65528
65497
1
15720
33
65528
65497
1
15746
34
65528
65497
1
15770
34
65528
65497
1
15795
34
65528
65497
1
15820
34
65528
65497
1
15845
34
65528
65497
1
15869
34
65528
65497
1
15895
34
65528
65497
1
15920
34
65528
65497
1
15945
34
65528
65497
1
15970
34
65528
65497
1
15994
34
65528
65497
1
16020
34
65528
65497
1
16045
34
65528
65497
1
16069
34
65528
65497
1
16095
34
65528
65497
1
16119
34
65528
65497
1
16145
34
65528
65497
1
16169
34
65527
65497
1
16194
34
65527
65497
1
16220
34
65528
65497
1
16244
34
65528
65497
1
16269
34
65528
65497
1
16294
34
65527
65497
1
16319
34
65527
65497
1
16345
34
65527
65497
1
16369
34
65528
65497
1
16394
34
65528
65497
1
16419
34
65528
65497
1
16444
34
65527
65497
1
16468
34
65527
65497
1
16494
34
65527
65497
1
16519
34
65527
65497
1
16544
34
65527
65497
1
16569
34
65528
65497
1
16593
34
65528
65497
1
16619
34
65528
65497
1
16644
34
65527
65497
1
16668
34
65527
65497
1
16694
34
65527
65497
1
16718
34
65528
65497
1
16744
34
65528
65497
1
16769
34
65527
65497
1
16793
34
65527
65497
1
16819
34
65527
65497
1
16843
34
65527
65497
1
16868
34
65527
65497
1
16893
34
65527
65497
1
16918
34
65527
65497
1
16944
34
65527
65497
1
16968
34
65527
65497
1
16993
34
65527
65497
1
17018
34
65527
65497
1
17043
34
65527
65497
1
17068
34
65527
65497
1
17093
34
65527
65497
1
17118