34
65527
65497
1
44322
34
65527
65497
1
44348
34
65527
65497
1
44372
34
65527
65497
1
44397
34
65527
65497
1
44423
34
65528
65497
1
44447
34
65528
65497
1
44473
34
65528
65497
1
44497
34
65527
65497
1
44522
34
65527
65497
1
44548
34
65527
65497
1
44572
35
65527
65497
1
44597
35
65527
65497
1
44622
34
65528
65497
1
44647
34
65528
65497
1
44673
34
65528
65497
1
44697
34
65527
65497
1
44722
34
65527
65497
1
44747
34
65527
65497
1
44772
34
65527
65497
1
44796
34
65527
65497
1
44822
34
65527
65497
1
44847
34
65527
65497
1
44872
34
65527
65497
1
44897
35
65527
65497
1
44921
35
65527
65497
1
44947
35
65527
65497
1
44972
34
65527
65497
1
44996
34
65527
65497
1
45022
34
65527
65497
1
45046
35
65527
65497
1
45072
35
65527
65497
1
45096
34
65527
65497
1
45121
34
65527
65497
1
45147
34
65527
65497
1
45171
34
65527
65497
1
45196
34
65527
65497
1
45221
34
65527
65497
1
45246
34
65527
65496
1
45272
34
65527
65496
1
45296
34
65527
65496
1
45321
34
65527
65496
1
45346
34
65527
65496
1
45371
34
65527
65497
1
45395
34
65527
65497
1
45421
34
65527
65497
1
45446
34
65527
65497
1
45471
34
65527
65497
1
45496
34
65527
65497
1
45520
34
65527
65497
1
45546
34
65527
65497
1
45571
34
65527
65497
1
45595
34
65527
65496
1
45621
34
65527
65496
1
45645
34
65527
65497
1
45671
34
65527
65497
1
45696
34
65527
65497
1
45720
34
65527
65497
1
45746
34
65527
65497
1
45770
34
65527
65497
1
45795
34
65527
65497
1
45820
34
65527
65497
1
45845
34
65527
65497
1
45871
34
65527
65497
1
45895
34
65527
65497
1
45920
34
65528
65497
1
45945
34
65528
65497
1
45970
34
65528
65497
1
45995
34
65527
65497
1
46020
34
65527
65497
1
46045
34
65527
65497
1
46070
35
65527
65497
1
46095
35
65527
65497
1
46119
34
65528
65497
1
46145
34
65528
65497
1
46170
34
65528
65497
1
46194
34
65527
65497
1
46220
34
65527
65497
1
46244
34
65527
65497
1
46270
34
65527
65497
1
46295
34
65527
65497
1
46319
34
65527
65497
1
46345
34
65527
65497
1
46369
34
65527
65497
1
46394
34
65527
65497
1
46419
34
65527
65497
1
46444
34
65527
65497
1
46470
34
65527
65497
1
46494
34
65527
65497
1
46519
34
65527
65497
1
46544
34
65527
65497
1
46569
34
65527
65497
1
46594
34
65527
65497
1
46619
34
65527
65496
1
46644
34
65527
65496
1
46669
34
65527
65497
1
46694
34
65527
65497
1
46718
34
65527
65497
1
46744
34
65527
65497
1
46769
34
65527
65497
1
46793
34
65527
65497
1
46819
34
65527
65497
1
46843
34
65527
65497
1
46869
34
65527
65497
1
46894
34
65527
65497
1
46918
34
65527
65497
1
46944
34
65528
65497
1
46968
34
65528
65497
1
46993
34
65528
65497
1
47019
34
65527
65497
1
47043
34
65527
65497
1
47069
34
65527
65497
1
47093
34
65527
65497
1
47118
34
65527
65497
1
47143
34
65527
65497
1
47168
34
65527
65497
1
47193
34
65527
65497
1
47218
34
65527
65497
1
47243
34
65527
65497
1
47268
34
65527
65497
1
47293
34
65528
65497
1
47318
34
65528
65497
1
47343
34
65528
65497
1
47368
35
65527
65497
1
47392
35
65527
65497
1
47418
34
65528
65497
1
47442
34
65528
65497
1
47468
34
65528
65497
1
47493
34
65527
65497
1
47517
34
65527
65497
1
47543
34
65527
65497
1
47567
34
65527
65497
1
47592
34
65527
65497
1
47618
34
65527
65497
1
47642
34
65527
65497
1
47668
34
65527
65497
1
47692
35
65527
65497
1
47717
35
65527
65497
1
47742
35
65527
65497
1
47767
35
65527
65497
1
47792
35
65527
65497
1
47817
35
65527
65497
1
47842
34
65528
65497
1
47867
34
65528
65497
1
47892
34
65528
65497
1
47917
34
65527
65497
1
47942
34
65527
65497
1
47967
34
65527
65497
1
47991
34
65527
65497
1
48017
34
65527
65497
1
48041
34
65527
65497
1
48067
34
65527
65497
1
48092
34
65527
65497
1
48116
34
65527
65496
1
48142
34
65527
65496
1
48166
34
65527
65496
1
48191
34
65527
65497
1
48217
34
65527
65497
1
48241
34
65528
65497
1
48267
34
65528
65497
1
48291
34
65528
65497
1
48316
34
65527
65497
1
48342
34
65527
65497
1
48366
34
65527
65497
1
48391
34
65527
65497
1
48416
34
65527
65497
1
48441
34
65527
65497
1
48466
34
65527
65497
1
48491
34
65527
65497
1
48516
34
65527
65497
1
48541
34
65527
65497
1
48566
34
65527
65497
1
48590
34
65527
65497
1
48616
34
65527
65497
1
48641
34
65527
65497
1
48666
34
65527
65497
1
48691
34
65527
65497
1
48715
34
65527
65497
1
48741
34
65527
65497
1
48765
34
65527
65497
1
48790
34
65527
65497
1
48816
34
65527
65497
1
48840
34
65527
65497
1
48866
34
65527
65497
1
48890
34
65527
65497
1
48915
34
65527
65497
1
48941
34
65527
65497
1
48965
34
65527
65497
1
48990
35
65527
65497
1
49015
35
65527
65497
1
49040
35
65527
65497
1
49065
34
65527
65497
1
49090
34
65527
65497
1
49115
34
65527
65497
1
49140
34
65527
65497
1
49165
34
65527
65497
1
49189
34
65527
65497
1
49215
34
65527
65497
1
49240
34
65527
65497
1
49265
34
65527
65497
1
49290
34
65527
65497
1
49314
34
65527
65497
1
49340
34
65527
65497
1
49364
34
65527
65497
1
49389
34
65527
65497
1
49415
35
65527
65497
1
49439
35
65527
65497
1
49465
34
65527
65496
1
49489
34
65527
65496
1
49514
34
65527
65496
1
49540
35
65527
65497
1
49564
35
65527
65497
1
49589
35
65527
65497
1
49614
34
65527
65497
1
49639
34
65527
65497
1
49665
34
65527
65497
1
49689
34
65527
65497
1
49714
34
65527
65497
1
49739
34
65527
65497
1
49764
34
65527
65497
1
49788
34
65527
65497
1
49814
34
65527
65497
1
49839
34
65527
65497
1
49864
34
65527
65497
1
49889
34
65527
65497
1
49913
34
65527
65497
1
49939
34
65527
65497
1
49964
34
65528
65497
1
49988
34
65528
65497
1
50014
34
65527
65497
1
50038
34
65527
65497
1
50064
34
65527
65497
1
50088
35
65527
65497
1
50113
35
65527
65497
1
50139
35
65527
65497
1
50163
34
65527
65497
1
50188
34
65527
65497
1
50213
34
65527
65497
1
50238
34
65527
65497
1
50264
34
65527
65497
1
50288
34
65527
65496
1
50313
34
65527
65496
1
50338
34
65527
65496
1
50363
34
65527
65497
1
50387
34
65527
65497
1
50413
34
65527
65497
1
50438
34
65528
65497
1
50463
34
65528
65497
1
50488
34
65528
65497
1
50512
34
65528
65497
1
50538
34
65528
65497
1
50563
35
65528
65497
1
50587
35
65528
65497
1
50613
35
65528
65497
1
50637
34
65527
65497
1
50663
34
65527
65497
1
50688
34
65527
65497
1
50712
34
65527
65497
1
50738
34
65527
65497
1
50762
34
65527
65496
1
50787
34
65527
65496
1
50812
34
65527
65496
1
50837
34
65527
65497
1
50863
34
65527
65497
1
50887
34
65527
65497
1
50912
34
65527
65497
1
50937
34
65527
65497
1
50962
34
65527
65497
1
50987
34
65528
65497
1
51012
34
65528
65497
1
51037
34
65527
65497
1
51062
34
65527
65497
1
51087
34
65527
65497
1
51111
34
65528
65497
1
51137
34
65528
65497
1
51162
34
65528
65497
1
51186
34
65528
65497
1
51212
34
65528
65497
1
51236
34
65528
65497
1
51262
34
65528
65497
1
51287
34
65528
65497
1
51311
34
65528
65497
1
51337
34
65528
65497
1
51361
34
65528
65497
1
51386
34
65528
65497
1
51411
34
65528
65497
1
51436
34
65528
65497
1
51462
33
65528
65497
1
51486
33
65528
65497
1
51511
33
65528
65497
1
51536
33
65529
65498
1
51561
33
65529
65498
1
51586
32
65530
65499
1
51611
32
65530
65499
1
51636
32
65530
65499
1
51661
27
65535
65500
1
51686
27
65535
65500
1
51710
27
65535
65500
1
51736
23
8
65479
1
51761
23
8
65479
1
51781
23
8
65479
1
51803
32
1
65487
1
51823
32
1
65487
1
51844
32
1
65487
1
51865
30
65527
65490
1
51886
30
65527
65490
1
51910
30
65527
65490
1
51936
32
65526
65486
1
51960
32
65526
65486
1
51985
32
65526
65486
1
52011
36
65526
65486
1
52035
36
65526
65486
1
52061
36
65522
65482
1
52085
36
65522
65482
1
52110
36
65522
65482
1
52135
35
65516
65492
1
52160
35
65516
65492
1
52185
35
65516
65492
1
52210
36
65520
65499
1
52235
36
65520
65499
1
52260
36
65520
65499
1
52285
32
65520
65501
1
52310
32
65520
65501
1
52335
32
65525
65500
1
52360
32
65525
65500
1
52384
32
65525
65500
1
52410
33
65527
65498
1
52434
33
65527
65498
1
52460
33
65527
65498
1
52485
34
65527
65498
1
52509
34
65527
65498
1
52535
34
65527
65498
1
52559
34
65527
65498
1
52584
34
65527
65498
1
52610
34
65528
65497
1
52634
34
65528
65497
1
52660
34
65528
65497
1
52684
34
65527
65497
1
52709
34
65527
65497
1
52734
34
65527
65497
1
52759
34
65528
65497
1
52784
34
65528
65497
1
52809
34
65527
65497
1
52834
34
65527
65497
1
52859
34
65527
65497
1
52884
34
65527
65497
1
52909
34
65527
65497
1
52934
34
65527
65497
1
52959
34
65528
65497
1
52983
34
65528
65497
1
53009
34
65528
65497
1
53033
34
65527
65497
1
53059
34
65527
65497
1
53084
34
65527
65497
1
53108
34
65527
65497
1
53134
34
65527
65497
1
53158
34
65527
65497
1
53183
34
65527
65497
1
53209
34
65527
65497
1
53233
34
65527
65497
1
53259
34
65527
65497
1
53283
34
65527
65497
1
53308
34
65528
65496
1
53334
34
65528
65496
1
53358
34
65527
65497
1
53383
34
65527
65497
1
53408
34
65527
65497
1
53433
34
65527
65496
1
53458
34
65527
65496
1
53483
34
65527
65496
1
53508
34
65527
65497
1
53533
34
65527
65497
1
53558
34
65527
65497
1
53582
34
65527
65497
1
53608
34
65527
65497
1
53633
34
65527
65497
1
53658
34
65527
65497
1
53683
34
65527
65497
1
53707
34
65527
65497
1
53733
34
65527
65497
1
53757
34
65527
65497
1
53782
34
65527
65496
1
53808
34
65527
65496
1
53832
34
65527
65496
1
53858
34
65527
65496
1
53882
34
65527
65496
1
53907
34
65527
65496
1
53933
34
65527
65496
1
53957
34
65527
65496
1
53982
35
65527
65497
1
54007