34
65527
65497
1
18758
34
65527
65497
1
18784
34
65527
65497
1
18808
34
65527
65497
1
18834
34
65528
65497
1
18859
34
65528
65497
1
18883
34
65527
65497
1
18909
34
65527
65497
1
18933
34
65527
65497
1
18958
34
65527
65498
1
18983
34
65527
65498
1
19008
34
65527
65498
1
19034
34
65527
65497
1
19058
34
65527
65497
1
19083
34
65527
65497
1
19108
34
65527
65497
1
19133
34
65527
65497
1
19158
34
65527
65497
1
19183
34
65527
65497
1
19208
34
65527
65497
1
19233
34
65527
65497
1
19258
34
65527
65497
1
19282
34
65527
65497
1
19308
34
65527
65497
1
19333
34
65527
65497
1
19357
34
65527
65497
1
19383
34
65527
65497
1
19407
34
65527
65497
1
19433
34
65527
65497
1
19458
34
65527
65497
1
19482
34
65527
65497
1
19508
34
65527
65497
1
19532
34
65527
65497
1
19557
34
65527
65497
1
19582
34
65527
65497
1
19607
34
65527
65497
1
19633
34
65527
65497
1
19657
34
65527
65497
1
19682
34
65527
65497
1
19707
34
65527
65497
1
19732
34
65527
65497
1
19757
34
65527
65497
1
19782
34
65527
65497
1
19807
34
65527
65497
1
19832
34
65527
65497
1
19857
34
65527
65497
1
19881
34
65527
65497
1
19907
34
65527
65498
1
19932
34
65527
65498
1
19956
34
65527
65498
1
19982
34
65527
65497
1
20006
34
65527
65497
1
20032
34
65527
65497
1
20057
34
65527
65497
1
20081
34
65527
65497
1
20107
34
65527
65498
1
20131
34
65527
65498
1
20156
34
65527
65498
1
20182
34
65527
65497
1
20206
34
65527
65497
1
20232
34
65527
65497
1
20256
34
65527
65497
1
20281
34
65527
65497
1
20306
34
65527
65497
1
20331
34
65527
65497
1
20356
34
65527
65497
1
20381
34
65527
65497
1
20406
34
65527
65497
1
20431
34
65527
65497
1
20456
34
65527
65497
1
20481
34
65527
65497
1
20506
34
65527
65497
1
20531
34
65527
65497
1
20555
34
65527
65497
1
20581
34
65527
65497
1
20605
34
65527
65497
1
20631
34
65527
65497
1
20656
34
65527
65497
1
20680
34
65527
65497
1
20706
34
65527
65497
1
20730
34
65527
65497
1
20755
34
65527
65497
1
20781
34
65527
65497
1
20805
34
65527
65497
1
20831
34
65527
65497
1
20855
34
65527
65497
1
20880
35
65527
65497
1
20905
35
65527
65497
1
20930
34
65527
65498
1
20955
34
65527
65498
1
20980
34
65527
65498
1
21005
34
65527
65497
1
21030
34
65527
65497
1
21055
34
65527
65497
1
21080
34
65527
65497
1
21105
34
65527
65497
1
21130
34
65527
65497
1
21154
34
65527
65497
1
21180
34
65527
65497
1
21204
35
65527
65497
1
21230
35
65527
65497
1
21255
35
65527
65497
1
21279
34
65527
65497
1
21305
34
65527
65497
1
21329
34
65527
65497
1
21354
34
65527
65497
1
21380
34
65527
65497
1
21404
34
65527
65497
1
21430
34
65527
65497
1
21454
34
65527
65497
1
21479
34
65527
65497
1
21505
34
65527
65497
1
21529
34
65527
65497
1
21554
34
65527
65497
1
21579
34
65527
65497
1
21604
34
65527
65497
1
21629
35
65527
65498
1
21654
35
65527
65498
1
21679
34
65527
65497
1
21704
34
65527
65497
1
21729
34
65527
65497
1
21753
34
65527
65497
1
21779
34
65527
65497
1
21804
34
65527
65497
1
21829
34
65527
65497
1
21854
34
65527
65497
1
21878
34
65527
65497
1
21904
34
65527
65497
1
21928
34
65527
65497
1
21953
35
65527
65497
1
21979
35
65527
65497
1
22003
35
65527
65497
1
22029
34
65527
65497
1
22053
34
65527
65497
1
22078
34
65527
65497
1
22104
34
65527
65497
1
22128
34
65527
65497
1
22153
34
65527
65497
1
22178
34
65527
65497
1
22203
34
65527
65497
1
22228
34
65527
65497
1
22253
34
65527
65497
1
22278
34
65527
65497
1
22303
34
65527
65497
1
22328
34
65527
65497
1
22352
34
65527
65497
1
22378
34
65527
65497
1
22403
34
65527
65497
1
22428
34
65527
65497
1
22453
34
65527
65497
1
22477
34
65527
65497
1
22503
34
65527
65497
1
22528
34
65527
65497
1
22552
34
65527
65497
1
22578
34
65527
65497
1
22602
34
65527
65497
1
22628
34
65527
65497
1
22652
34
65527
65497
1
22677
34
65527
65497
1
22703
34
65527
65497
1
22727
34
65527
65497
1
22752
34
65527
65497
1
22777
34
65527
65497
1
22802
34
65527
65497
1
22828
34
65527
65497
1
22852
34
65527
65497
1
22877
34
65527
65497
1
22902
34
65527
65497
1
22927
34
65527
65497
1
22951
34
65527
65497
1
22977
34
65527
65497
1
23002
34
65527
65497
1
23027
34
65527
65497
1
23052
35
65528
65497
1
23076
35
65528
65497
1
23102
35
65528
65497
1
23127
34
65527
65497
1
23151
34
65527
65497
1
23177
34
65527
65497
1
23201
34
65527
65497
1
23227
34
65527
65497
1
23251
35
65527
65497
1
23276
35
65527
65497
1
23302
35
65527
65497
1
23326
34
65527
65497
1
23351
34
65527
65497
1
23376
34
65527
65497
1
23401
34
65527
65497
1
23427
34
65527
65497
1
23451
34
65527
65498
1
23476
34
65527
65498
1
23501
34
65527
65498
1
23526
34
65527
65497
1
23550
34
65527
65497
1
23576
34
65527
65497
1
23601
34
65527
65498
1
23626
34
65527
65498
1
23651
34
65527
65498
1
23675
34
65527
65497
1
23701
34
65527
65497
1
23726
34
65527
65497
1
23750
34
65527
65497
1
23776
34
65527
65497
1
23800
34
65527
65497
1
23826
34
65527
65497
1
23851
34
65527
65497
1
23875
35
65527
65497
1
23901
35
65527
65497
1
23925
35
65527
65497
1
23950
34
65527
65498
1
23975
34
65527
65498
1
24000
34
65527
65497
1
24026
34
65527
65497
1
24050
34
65527
65497
1
24075
34
65527
65497
1
24100
34
65527
65497
1
24125
34
65527
65497
1
24150
34
65527
65497
1
24175
34
65527
65497
1
24200
34
65527
65497
1
24225
34
65527
65497
1
24250
34
65527
65497
1
24274
34
65527
65497
1
24300
34
65527
65497
1
24325
34
65527
65497
1
24349
34
65527
65497
1
24375
34
65527
65497
1
24399
34
65527
65497
1
24425
34
65527
65497
1
24450
34
65527
65497
1
24474
34
65527
65497
1
24500
34
65527
65497
1
24524
34
65527
65497
1
24549
35
65527
65497
1
24574
35
65527
65497
1
24599
35
65527
65497
1
24625
34
65527
65498
1
24649
34
65527
65498
1
24674
34
65527
65498
1
24699
34
65527
65497
1
24724
34
65527
65497
1
24749
34
65527
65497
1
24774
34
65527
65497
1
24799
34
65527
65497
1
24824
34
65527
65497
1
24849
34
65527
65497
1
24873
34
65527
65497
1
24899
34
65527
65497
1
24924
34
65527
65497
1
24948
34
65527
65497
1
24974
34
65527
65497
1
24998
34
65527
65497
1
25024
34
65527
65497
1
25049
34
65527
65497
1
25073
34
65527
65497
1
25099
34
65527
65497
1
25123
34
65527
65497
1
25148
34
65527
65497
1
25174
34
65527
65497
1
25198
34
65527
65497
1
25224
34
65527
65497
1
25248
34
65527
65497
1
25273
34
65527
65497
1
25298
34
65527
65498
1
25323
34
65527
65498
1
25348
34
65527
65498
1
25373
34
65527
65497
1
25398
34
65527
65497
1
25423
34
65527
65497
1
25448
34
65527
65498
1
25473
34
65527
65498
1
25498
34
65527
65498
1
25523
34
65527
65497
1
25547
34
65527
65497
1
25573
34
65527
65497
1
25597
34
65527
65497
1
25623
34
65527
65497
1
25648
34
65527
65497
1
25672
34
65527
65497
1
25698
34
65527
65497
1
25722
34
65527
65497
1
25747
34
65527
65497
1
25773
34
65527
65497
1
25797
34
65527
65497
1
25823
34
65527
65497
1
25847
34
65527
65497
1
25872
34
65527
65497
1
25897
34
65527
65497
1
25922
34
65527
65497
1
25947
34
65527
65497
1
25972
34
65527
65497
1
25997
34
65527
65497
1
26022
34
65527
65497
1
26047
34
65527
65496
1
26072
34
65527
65496
1
26097
34
65527
65496
1
26122
34
65527
65497
1
26146
34
65527
65497
1
26172
34
65527
65497
1
26196
34
65527
65497
1
26222
34
65527
65497
1
26247
34
65527
65497
1
26271
34
65527
65497
1
26297
34
65527
65497
1
26321
34
65527
65497
1
26346
34
65527
65497
1
26372
34
65527
65497
1
26396
34
65527
65497
1
26422
34
65527
65497
1
26446
34
65527
65497
1
26471
34
65527
65498
1
26497
34
65527
65498
1
26521
34
65527
65498
1
26546
35
65527
65497
1
26571
35
65527
65497
1
26596
34
65527
65497
1
26621
34
65527
65497
1
26646
34
65527
65497
1
26671
34
65527
65497
1
26696
34
65527
65497
1
26721
34
65527
65497
1
26745
34
65527
65497
1
26771
34
65527
65497
1
26796
34
65527
65497
1
26821
35
65527
65497
1
26846
35
65527
65497
1
26870
34
65527
65497
1
26896
34
65527
65497
1
26920
34
65527
65497
1
26945
35
65527
65498
1
26971
35
65527
65498
1
26995
35
65527
65498
1
27021
35
65527
65497
1
27045
35
65527
65497
1
27070
35
65527
65497
1
27096
35
65527
65497
1
27120
35
65527
65497
1
27145
34
65527
65497
1
27170
34
65527
65497
1
27195
34
65527
65497
1
27220
34
65527
65497
1
27245
34
65527
65497
1
27270
34
65527
65497
1
27295
34
65527
65497
1
27320
34
65527
65497
1
27344
34
65527
65497
1
27370
34
65527
65497
1
27395
34
65527
65497
1
27420
34
65527
65497
1
27445
34
65527
65497
1
27469
34
65527
65497
1
27495
35
65527
65497
1
27520
35
65527
65497
1
27544
35
65527
65497
1
27570
34
65527
65497
1
27594
34
65527
65497
1
27620
34
65527
65498
1
27644
34
65527
65498
1
27669
34
65527
65498
1
27695
34
65527
65497
1
27719
34
65527
65497
1
27744
34
65527
65497
1
27769
34
65527
65497
1
27794
34
65527
65497
1
27820
34
65527
65497
1
27844
34
65527
65497
1
27869
34
65527
65497
1
27894
35
65527
65497
1
27919
35
65527
65497
1
27943
35
65527
65497
1
27969
34
65527
65497
1
27994
34
65527
65497
1
28019
34
65527
65497
1
28044
34
65527
65497
1
28068
34
65527
65497
1
28094
34
65527
65498
1
28119
34
65527
65498
1
28143
34
65527
65498
1
28169
34
65527
65497
1
28193
34
65527
65497
1
28219
34
65527
65497
1
28243
34
65527
65497
1
28268
34
65527
65497
1
28294
34
65527
65497
1
28318
34
65527
65497
1
28343
34
65527
65497
1
28368
34
65527
65497
1
28393
34
65527
65497
1
28419
34
65527
65497
1
28443
34
65527
65497
1
28468
34
65527
65497
1
28493
34
65527
65497
1
28518
34
65527
65497
1
28542
34
65527
65497
1
28568
34
65527
65497
1
28593
34
65527
65497
1
28618
34
65527
65497
1
28643
34
65527
65497
1
28667
34
65527
65497
1
28693
34
65527
65497
1
28718
34
65527
65497
1
28742
34
65527
65497
1
28768
34
65527
65497
1
28792
34
65527
65497
1
28818
34
65527
65497
1
28843
34
65527
65497
1
28867
34
65527
65497
1
28893
34
65527
65497
1
28917
34
65527
65497
1
28942
34
65527
65497
1
28967
34
65527
65497
1
28992
34
65528
65497
1
29018
34
65528
65497
1
29042
34
65528
65497
1
29067
34
65527
65497
1
29092
34
65527
65497
1
29117
34
65527
65497
1
29142
34
65527
65497
1
29167
34
65527
65497
1
29192
34
65528
65497
1
29217
34
65528
65497
1
29242
34
65528
65497
1
29266
34
65527
65497
1
29292
34
65527
65497
1
29317
34
65527
65497
1
29341
34
65527
65497
1
29367
34
65527
65497
1
29391
34
65527
65497
1
29417
34
65527
65497
1
29442
34
65527
65497
1
29466
34
65527
65497
1
29492
34
65527
65497
1
29516
34
65527
65497
1
29541
34
65527
65497
1
29566
34
65527
65497
1
29591
34
65527
65497
1
29617
34
65527
65497
1
29641
34
65527
65497
1
29666
34
65527
65498
1
29691
34
65527
65498
1
29716
34
65527
65498
1
29741
34
65528
65497
1
29766
34
65528
65497
1
29791
34
65528
65497
1
29816
34
65527
65498
1
29841
34
65527
65498
1
29865
34
65527
65498
1
29891
34
65528
65497
1
29916
34
65528
65497
1
29940
34
65527
65497
1
29966
34
65527
65497
1
29990
34
65527
65497
1
30016
34
65527
65498
1
30041
34
65527
65498
1
30065
34
65527
65498
1
30091
35
65527
65497
1
30115
35
65527
65497
1
30140
35
65527
65497
1
30166
35
65527
65498
1
30190
35
65527
65498
1
30216
35
65527
65498
1
30240
35
65527
65498
1
30265
35
65527
65498
1
30290
34
65528
65498
1
30315
34
65528
65498
1
30340
34
65528
65498
1
30365
35
65528
65498
1
30390
35
65528
65498
1
30415
35
65527
65498
1
30440
35
65527
65498
1
30465
35
65527
65498
1
30490
35
65527
65499
1
30515
35
65527
65499
1
30539
35
65527
65499
1
30565
35
65527
65499
1
30589
35
65527
65499
1
30615
35
65527
65499
1
30640
36
65527
65500
1
30664
36
65527
65500
1
30690
36
65526
65499
1
30714
36
65526
65499
1
30739
36
65526
65499
1
30765
36
65525
65499
1
30789
36
65525
65499
1
30815
36
65525
65499
1
30839
36
65525
65499
1
30864
36
65525
65499
1
30889
36
65525
65499
1
30914
35
65524
65498
1
30939
35
65524
65498
1
30964
35
65524
65498
1
30989
35
65524
65498
1
31014
35
65524
65498
1
31039
34
65524
65498
1
31064
34
65524
65498
1
31089
34
65524
65498
1
31114
34
65524
65498
1
31138
34
65524
65498
1
31164
34
65524
65498
1
31188
33
65524
65498
1
31214
33
65524
65498
1
31239
32
65524
65497
1
31263
32
65524
65497
1
31289
32
65524
65497
1
31313
32
65524
65498
1
31338
32
65524
65498
1
31364
32
65524
65498
1
31388
32
65524
65498
1
31414
32
65524
65498
1
31438
32
65524
65497
1
31463
31
65524
65497
1
31489
31
65524
65497
1
31513
31
65524
65497
1
31538
31
65524
65497
1
31563
31
65524
65497
1
31588
31
65525
65498
1
31613
31
65525
65498
1
31638
31
65525
65498
1
31663
31
65525
65498
1
31688
31
65525
65498
1
31713
31
65525
65498
1
31737
31
65525
65498
1
31763
31
65525
65498
1
31788
31
65526
65498
1
31813
31
65526
65498
1
31838
31
65526
65498
1
31862
31
65526
65498
1
31888
31
65526
65498
1
31912
31
65526
65498
1
31937
32
65526
65498
1
31963
32
65526
65498
1
31987
32
65526
65498
1
32013
32
65526
65498
1
32037
32
65526
65498
1
32062
32
65526
65498
1
32088
32
65526
65498
1
32112
32
65526
65498
1
32137
32
65526
65498
1
32162
32
65526
65498
1
32187
32
65526
65498
1
32212
33
65527
65497
1
32237
33
65527
65497
1
32262
33
65527
65498
1
32287
33
65527
65498
1
32312
33
65527
65498
1
32336
33
65527
65498
1
32362
33
65527
65498
1
32387
33
65527
65498
1
32412
33
65527
65497
1
32437
33
65527
65497
1
32461
33
65527
65497
1
32487
33
65527
65498
1
32512
33
65527
65498
1
32536
33
65527
65497
1
32562
33
65527
65497
1
32586
33
65527
65497
1
32612
34
65527
65497
1
32636
34
65527
65497
1
32661
34
65527
65497
1
32687
34
65527
65497
1
32711
34
65527
65497
1
32736
34
65527
65497
1
32761
34
65527
65497
1
32786
34
65527
65497
1
32812
34
65527
65498
1
32836
34
65527
65498
1
32861
34
65527
65498
1
32886
34
65527
65497
1
32911
34
65527
65497
1
32935
34
65527
65497
1
32961
34
65527
65498
1
32986
34
65527
65498
1
33011
34
65527
65497
1
33036
34
65527
65497
1
33060
34
65527
65497
1
33086
34
65527
65497
1
33111
34
65527
65497
1
33135
34
65527
65497
1
33161
34
65527
65497
1
33185
34
65527
65497
1
33211
34
65527
65497
1
33235
34
65527
65497
1
33260
34
65527
65497
1
33286
34
65527
65497
1
33310
34
65527
65497
1
33335
34
65527
65497
1
33360
34
65527
65497
1
33385
34
65527
65497
1
33411
34
65527
65497
1
33435
34
65527
65497
1
33460
34
65527
65497
1
33485
34
65527
65497
1
33510
34
65527
65497
1
33534
34
65527
65497
1
33560
34
65527
65497
1
33585
34
65527
65497
1
33610
34
65527
65497
1
33635
34
65527
65497
1
33659
34
65527
65497
1
33685
34
65527
65497
1
33710
34
65528
65497
1
33734
34
65528
65497
1
33760
34
65527
65497
1
33784
34
65527
65497
1
33810
34
65527
65497
1
33835
34
65527
65497
1
33859
34
65527
65497
1
33885
34
65527
65497
1
33909
34
65527
65496
1
33934
34
65527
65496
1
33959
34
65527
65496
1
33984
34
65527
65497
1
34010
34
65527
65497
1
34034
34
65527
65497
1
34059
34
65527
65497
1
34084
34
65527
65497
1
34109
34
65527
65496
1
34134
34
65527
65496
1
34159
34
65527
65496
1
34184
34
65527
65497
1
34209
34
65527
65497
1
34234