31
65520
65496
1
37286
31
65520
65496
1
37312
31
65520
65496
1
37337
31
65520
65496
1
37362
31
65520
65496
1
37387
31
65520
65496
1
37411
31
65520
65495
1
37437
31
65520
65495
1
37462
31
65520
65495
1
37486
31
65520
65496
1
37512
31
65520
65496
1
37536
31
65520
65496
1
37562
31
65520
65496
1
37586
31
65520
65496
1
37611
31
65520
65496
1
37637
31
65520
65496
1
37661
31
65520
65496
1
37686
31
65520
65496
1
37711
31
65520
65496
1
37736
31
65520
65496
1
37762
31
65520
65495
1
37786
31
65520
65495
1
37811
31
65520
65496
1
37836
31
65520
65496
1
37861
31
65520
65496
1
37885
31
65520
65496
1
37911
31
65520
65496
1
37936
31
65520
65496
1
37961
31
65521
65495
1
37986
31
65521
65495
1
38010
31
65520
65496
1
38036
31
65520
65496
1
38061
31
65520
65496
1
38085
31
65521
65496
1
38111
31
65521
65496
1
38135
31
65521
65496
1
38161
31
65520
65496
1
38185
31
65520
65496
1
38210
31
65520
65496
1
38236
31
65520
65496
1
38260
31
65520
65496
1
38285
31
65520
65496
1
38310
31
65520
65496
1
38335
31
65520
65496
1
38361
31
65520
65496
1
38385
31
65520
65496
1
38410
31
65520
65496
1
38435
31
65520
65496
1
38460
31
65520
65496
1
38484
31
65520
65496
1
38510
31
65520
65496
1
38535
31
65520
65496
1
38560
31
65520
65496
1
38585
31
65520
65496
1
38609
31
65520
65496
1
38635
31
65520
65496
1
38660
31
65520
65496
1
38684
31
65520
65496
1
38710
31
65520
65496
1
38734
31
65520
65496
1
38760
31
65520
65496
1
38785
31
65520
65496
1
38809
31
65520
65496
1
38835
31
65520
65496
1
38859
31
65520
65496
1
38884
31
65520
65496
1
38909
31
65520
65496
1
38934
31
65520
65496
1
38960
31
65520
65496
1
38984
31
65520
65495
1
39009
31
65520
65495
1
39034
31
65520
65496
1
39059
31
65520
65496
1
39084
31
65520
65496
1
39109
31
65520
65495
1
39134
31
65520
65495
1
39159
31
65520
65495
1
39184
31
65520
65496
1
39208
31
65520
65496
1
39234
31
65520
65496
1
39259
31
65520
65496
1
39283
31
65520
65496
1
39309
31
65520
65495
1
39333
31
65520
65495
1
39359
31
65520
65495
1
39384
31
65520
65496
1
39408
31
65520
65496
1
39434
31
65520
65496
1
39458
31
65520
65495
1
39483
31
65520
65495
1
39508
31
65520
65495
1
39533
31
65520
65496
1
39559
31
65520
65496
1
39583
31
65521
65496
1
39608
31
65521
65496
1
39633
31
65521
65496
1
39658
31
65520
65496
1
39683
31
65520
65496
1
39708
31
65520
65496
1
39733
31
65520
65496
1
39758
31
65520
65496
1
39783
31
65520
65496
1
39808
31
65520
65496
1
39833
31
65520
65496
1
39858
31
65520
65496
1
39882
31
65520
65496
1
39908
31
65520
65496
1
39932
31
65521
65496
1
39958
31
65521
65496
1
39983
31
65521
65496
1
40007
31
65520
65496
1
40033
31
65520
65496
1
40057
31
65520
65496
1
40082
31
65520
65496
1
40108
31
65520
65496
1
40132
31
65520
65495
1
40158
31
65520
65495
1
40182
31
65520
65495
1
40207
31
65520
65496
1
40232
31
65520
65496
1
40257
31
65520
65496
1
40282
31
65521
65495
1
40307
31
65521
65495
1
40332
31
65520
65496
1
40357
31
65520
65496
1
40382
31
65520
65496
1
40407
31
65520
65496
1
40432
31
65520
65496
1
40457
31
65520
65496
1
40481
31
65520
65496
1
40507
31
65520
65496
1
40531
31
65520
65496
1
40557
31
65520
65496
1
40582
31
65520
65496
1
40606
31
65520
65495
1
40632
31
65520
65495
1
40656
31
65520
65495
1
40681
31
65520
65496
1
40707
31
65520
65496
1
40731
31
65520
65496
1
40757
31
65520
65496
1
40781
31
65520
65496
1
40806
31
65520
65496
1
40832
31
65520
65495
1
40856
31
65520
65495
1
40881
31
65520
65496
1
40906
31
65520
65496
1
40931
31
65520
65496
1
40956
31
65520
65495
1
40981
31
65520
65495
1
41006
31
65520
65495
1
41031
31
65520
65496
1
41056
31
65520
65496
1
41080
31
65520
65496
1
41106
31
65520
65496
1
41131
31
65520
65496
1
41156
31
65520
65496
1
41181
31
65520
65496
1
41205
31
65520
65496
1
41231
31
65520
65496
1
41255
31
65520
65496
1
41280
31
65520
65496
1
41306
31
65520
65496
1
41330
31
65520
65496
1
41356
31
65520
65496
1
41380
31
65520
65496
1
41405
31
65520
65496
1
41431
31
65520
65496
1
41455
31
65520
65496
1
41480
31
65520
65496
1
41505
31
65520
65496
1
41530
31
65520
65496
1
41555
31
65520
65496
1
41580
31
65520
65496
1
41605
31
65520
65496
1
41630
31
65520
65496
1
41655
31
65520
65496
1
41679
31
65520
65496
1
41705
31
65520
65496
1
41730
31
65520
65496
1
41755
31
65520
65496
1
41780
31
65520
65495
1
41804
31
65520
65495
1
41830
31
65520
65495
1
41854
31
65520
65496
1
41879
31
65520
65496
1
41905
30
65520
65496
1
41929
30
65520
65496
1
41955
30
65520
65496
1
41979
30
65520
65496
1
42004
30
65520
65496
1
42030
30
65520
65496
1
42054
31
65520
65496
1
42079
31
65520
65496
1
42104
31
65520
65496
1
42129
31
65520
65496
1
42155
31
65520
65496
1
42179
31
65520
65496
1
42204
31
65520
65496
1
42229
31
65520
65496
1
42254
30
65520
65496
1
42278
30
65520
65496
1
42304
30
65520
65496
1
42329
31
65520
65496
1
42354
31
65520
65496
1
42379
31
65520
65496
1
42403
31
65520
65496
1
42429
31
65520
65496
1
42454
30
65520
65496
1
42478
30
65520
65496
1
42504
30
65520
65496
1
42528
31
65520
65496
1
42554
31
65520
65496
1
42578
31
65520
65496
1
42603
30
65520
65496
1
42629
30
65520
65496
1
42653
31
65520
65495
1
42678
31
65520
65495
1
42703
31
65520
65495
1
42728
30
65520
65496
1
42754
30
65520
65496
1
42778
30
65520
65496
1
42803
31
65520
65496
1
42828
31
65520
65496
1
42853
31
65520
65496
1
42877
30
65520
65496
1
42903
30
65520
65496
1
42928
30
65520
65496
1
42953
30
65520
65496
1
42978
30
65520
65496
1
43002
30
65520
65495
1
43028
30
65520
65495
1
43053
30
65520
65495
1
43077
30
65520
65496
1
43103
30
65520
65496
1
43127
30
65520
65496
1
43153
30
65520
65495
1
43177
30
65520
65495
1
43202
30
65520
65496
1
43228
30
65520
65496
1
43252
30
65520
65496
1
43277
30
65520
65496
1
43302
30
65520
65496
1
43327
30
65520
65496
1
43353
30
65520
65495
1
43377
30
65520
65495
1
43402
30
65520
65496
1
43427
30
65520
65496
1
43452
30
65520
65496
1
43476
30
65520
65496
1
43502
30
65520
65496
1
43527
30
65520
65496
1
43552
30
65519
65496
1
43577
30
65519
65496
1
43601
30
65519
65496
1
43627
30
65520
65495
1
43652
30
65520
65495
1
43676
30
65520
65495
1
43702
30
65520
65495
1
43726
30
65520
65495
1
43752
30
65520
65496
1
43777
30
65520
65496
1
43801
30
65520
65496
1
43827
29
65520
65495
1
43851
29
65520
65495
1
43876
29
65520
65495
1
43901
29
65519
65496
1
43926
29
65519
65496
1
43952
30
65520
65496
1
43976
30
65520
65496
1
44001
30
65520
65496
1
44026
29
65519
65496
1
44051
29
65519
65496
1
44076
29
65519
65496
1
44101
29
65519
65496
1
44126
29
65519
65496
1
44151
29
65519
65496
1
44176
29
65520
65495
1
44200
29
65520
65495
1
44226
29
65519
65496
1
44251
29
65519
65496
1
44275
29
65519
65496
1
44301
29
65520
65495
1
44325
29
65520
65495
1
44351
29
65520
65495
1
44376
29
65519
65496
1
44400
29
65519
65496
1
44426
29
65519
65496
1
44450
29
65519
65496
1
44475
29
65519
65496
1
44500
28
65519
65495
1
44525
28
65519
65495
1
44551
28
65519
65495
1
44575
29
65519
65496
1
44600
29
65519
65496
1
44625
29
65519
65496
1
44650
28
65519
65495
1
44675
28
65519
65495
1
44700
29
65519
65495
1
44725
29
65519
65495
1
44750
29
65519
65495
1
44775
28
65519
65495
1
44800
28
65519
65495
1
44825
28
65519
65495
1
44850
28
65519
65495
1
44874
28
65519
65495
1
44900
28
65519
65495
1
44924
28
65519
65495
1
44950
28
65519
65495
1
44975
28
65519
65495
1
44999
28
65519
65495
1
45025
28
65519
65495
1
45049
28
65519
65495
1
45074
28
65519
65495
1
45100
28
65519
65495
1
45124
27
65518
65495
1
45150
27
65518
65495
1
45174
27
65518
65495
1
45199
27
65519
65495
1
45224
27
65519
65495
1
45249
27
65518
65495
1
45274
27
65518
65495
1
45299
27
65518
65495
1
45324
27
65518
65495
1
45349
27
65518
65495
1
45374
27
65518
65495
1
45399
27
65518
65495
1
45424
27
65518
65495
1
45449
27
65518
65495
1
45473
27
65518
65494
1
45499
27
65518
65494
1
45523
27
65518
65494
1
45549
27
65518
65494
1
45574
27
65518
65494
1
45598
27
65518
65495
1
45624
27
65518
65495
1
45648
27
65518
65495
1
45673
26
65518
65494
1
45699
26
65518
65494
1
45723
26
65518
65494
1
45749
26
65518
65494
1
45773
26
65518
65494
1
45798
26
65518
65494
1
45824
26
65518
65494
1
45848
26
65518
65494
1
45873
26
65517
65493
1
45898
26
65517
65493
1
45923
26
65517
65493
1
45948
25
65517
65494
1
45973
25
65517
65494
1
45998
26
65517
65493
1
46023
26
65517
65493
1
46048
26
65517
65493
1
46072
25
65517
65494
1
46098
25
65517
65494
1
46123
25
65517
65494
1
46148
25
65517
65493
1
46173
25
65517
65493
1
46197
25
65517
65493
1
46223
25
65517
65493
1
46247
25
65517
65493
1
46272
24
65516
65493
1
46298
24
65516
65493
1
46322
24
65516
65493
1
46348
24
65516
65492
1
46372
24
65516
65492
1
46397
24
65516
65492
1
46423
23
65516
65492
1
46447
23
65516
65492
1
46472
23
65516
65492
1
46497
23
65515
65491
1
46522
23
65515
65491
1
46547
23
65515
65490
1
46572
23
65515
65490
1
46597
23
65515
65490
1
46622
22
65514
65489
1
46647
22
65514
65489
1
46671
22
65514
65489
1
46697
22
65514
65488
1
46722
22
65514
65488
1
46747
21
65513
65488
1
46772
21
65513
65488
1
46796
21
65513
65488
1
46822
20
65512
65486
1
46846
20
65512
65486
1
46871
20
65512
65486
1
46897
19
65512
65485
1
46921
19
65512
65485
1
46947
19
65512
65485
1
46971
19
65511
65483
1
46996
19
65511
65483
1
47022
18
65511
65481
1
47046
18
65511
65481
1
47071
18
65511
65481
1
47096
18
65510
65480
1
47121
18
65510
65480
1
47147
18
65510
65480
1
47171
17
65511
65478
1
47196
17
65511
65478
1
47221
17
65511
65478
1
47246
17
65511
65476
1
47270
17
65511
65476
1
47296
17
65512
65474
1
47321
17
65512
65474
1
47346
17
65512
65474
1
47371
17
65513
65471
1
47395
17
65513
65471
1
47421
17
65513
65471
1
47446
18
65514
65469
1
47470
18
65514
65469
1
47496
18
65514
65469
1
47520
18
65517
65466
1
47546
18
65517
65466
1
47570
18
65520
65464
1
47595
18
65520
65464
1
47621
18
65520
65464
1
47645
20
65524
65462
1
47670
20
65524
65462
1
47695
20
65524
65462
1
47720
21
65526
65463
1
47746
21
65526
65463
1
47770
21
65526
65463
1
47795
23
65528
65464
1
47820
23
65528
65464
1
47845
25
65531
65463
1
47869
25
65531
65463
1
47895
25
65531
65463
1
47920
27
65533
65466
1
47945
27
65533
65466
1
47970
27
65533
65466
1
47994
29
65535
65468
1
48020
29
65535
65468
1
48045
29
65535
65468
1
48069
29
65535
65468
1
48095
29
65535
65468
1
48119
33
2
65473
1
48145
33
2
65473
1
48165
33
2
65473
1
48186
32
1
65475
1
48206
32
1
65475
1
48228
32
1
65475
1
48248
32
1
65475
1
48269
33
1
65478
1
48290
33
1
65478
1
48311
33
1
65478
1
48331
34
0
65481
1
48353
34
0
65481
1
48373
34
0
65481
1
48394
33
65535
65482
1
48415
33
65535
65482
1
48440
33
65535
65482
1
48464
32
65533
65482
1
48490
32
65533
65482
1
48515
32
65533
65482
1
48539
34
65534
65486
1
48565
34
65534
65486
1
48589
34
65534
65486
1
48615
32
65534
65487
1
48640
32
65534
65487
1
48664
30
65533
65486
1
48690
30
65533
65486
1
48714
30
65533
65486
1
48739
32
65532
65491
1
48764
32
65532
65491
1
48789
32
65532
65491
1
48815
32
65532
65493
1
48839
32
65532
65493
1
48864
30
65531
65491
1
48889
30
65531
65491
1
48914
30
65531
65491
1
48939
29
65531
65489
1
48964
29
65531
65489
1
48989
29
65531
65489
1
49014
29
65530
65489
1
49039
29
65530
65489
1
49063
29
65530
65489
1
49089
28
65529
65490
1
49114
28
65529
65490
1
49138
28
65528
65490
1
49164
28
65528
65490
1
49188
28
65528
65490
1
49214
28
65527
65492
1
49239
28
65527
65492
1
49263
28
65527
65492
1
49289
27
65528
65488
1
49313
27
65528
65488
1
49338
27
65528
65488
1
49363
27
65529
65489
1
49388
27
65529
65489
1
49414
28
65527
65491
1
49438
28
65527
65491
1
49463
28
65527
65491
1
49488
28
65526
65488
1
49513
28
65526
65488
1
49538
28
65526
65488
1
49563
29
65527
65487
1
49588
29
65527
65487
1
49613
29
65527
65487
1
49638
30
65526
65488
1
49662
30
65526
65488
1
49688
31
65525
65488
1
49713
31
65525
65488
1
49737
31
65525
65488
1
49763
32
65526
65488
1
49787
32
65526
65488
1
49813
32
65526
65488
1
49838
32
65524
65490
1
49862
32
65524
65490
1
49888
31
65522
65489
1
49912
31
65522
65489
1
49937
31
65522
65489
1
49963
30
65520
65488
1
49987
30
65520
65488
1
50013
30
65520
65488
1
50037
28
65519
65485
1
50062
28
65519
65485
1
50087
28
65519
65485
1
50112
28
65520
65483
1
50137
28
65520
65483
1
50162
27
65523
65480
1
50187
27
65523
65480
1
50212
27
65523
65480
1
50237
27
65523
65478
1
50262
27
65523
65478
1
50287
27
65523
65478
1
50312
28
65524
65475
1
50336
28
65524
65475
1
50362
28
65524
65475
1
50386
29
65527
65472
1
50412
29
65527
65472
1
50437
31
65530
65472
1
50461
31
65530
65472
1
50487
31
65530
65472
1
50511
33
65532
65473
1
50536
33
65532
65473
1
50562
33
65532
65473
1
50586
34
65534
65473
1
50612
34
65534
65473
1
50636
34
65534
65473
1
50661
35
65535
65474
1
50686
35
65535
65474
1
50711
35
0
65474
1
50736
35
0
65474
1
50757
35
0
65474
1
50778
35
0
65474
1
50798
35
0
65474
1
50820
35
0
65474
1
50840
35
0
65474
1
50861
35
1
65475
1
50882
35
1
65475
1
50903
35
1
65475
1
50923
34
3
65475
1
50945
34
3
65475
1
50965
34
3
65475
1
50985
34
3
65476
1
51007
34
3
65476
1
51027
34
3
65476
1
51048
34
3
65476
1
51068
33
4
65477
1
51090
33
4
65477
1
51110
33
4
65477
1
51131
33
5
65479
1
51152
33
5
65479
1
51173
33
5
65479
1
51193
32
5
65480
1
51215
32
5
65480
1
51235
32
5
65480
1
51256
32
5
65480
1
51277
31
6
65481
1
51298
31
6
65481
1
51318
31
6
65481
1
51340
30
5
65483
1
51360
30
5
65483
1
51381
30
5
65483
1
51401
30
5
65484
1
51423
30
5
65484
1
51443
30
5
65484
1
51464
29
4
65485
1
51485
29
4
65485
1
51506
29
4
65485
1
51526
29
4
65485
1
51548
29
4
65485
1
51568
29
4
65485
1
51589
29
4
65485
1
51610
29
3
65486
1
51631
29
3
65486
1
51651
29
3
65486
1
51673
29
2
65487
1
51693
29
2
65487
1
51714
29
2
65487
1
51734
29
2
65487
1
51756
29
2
65487
1
51776
29
2
65487
1
51796
29
2
65487
1
51818
29
1
65488
1
51838
29
1
65488
1
51859
29
1
65488
1
51880
30
0
65488
1
51901
30
0
65488
1
51921
30
0
65488
1
51943
29
0
65488
1
51963
29
0
65488
1
51984
29
0
65488
1
52005
29
0
65488
1
52026
30
65535
65488
1
52046
30
65535
65488
1
52072
30
65535
65488
1
52097
30
65535
65488
1
52121
30
65535
65488
1
52147
29
65534
65488
1
52171
29
65534
65488
1
52196
29
65534
65488
1
52221
29
65534
65487
1
52246
29
65534
65487
1
52272
29
65534
65487
1
52296
28
65534
65487
1
52321
28
65534
65487
1
52346
28
65534
65486
1
52371
28
65534
65486
1
52396
28
65534
65486
1
52421
27
65534
65486
1
52446
27
65534
65486
1
52471
27
65534
65486
1
52496
27
65534
65485
1
52520
27
65534
65485
1
52546
27
65534
65485
1
52571
27
65535
65485
1
52595
27
65535
65485
1
52621
27
65535
65485
1
52645
27
65535
65485
1
52671
27
65535
65485
1
52696
27
65535
65484
1
52720
27
65535
65484
1
52746
27
65535
65484
1
52770
27
65535
65485
1
52795
27
65535
65485
1
52820
27
65535
65485
1
52845
27
65535
65485
1
52871
27
65535
65485
1
52895
27
65535
65484
1
52920
27
65535
65484
1
52945
27
65535
65484
1
52970
27
65535
65485
1
52995
27
65535
65485
1
53020
27
65535
65485
1
53045
27
65535
65485
1
53070
27
65535
65485
1
53095
27
65535
65485
1
53120
27
65535
65485
1
53145
27
65535
65485
1
53170
27
65535
65485
1
53194
27
65535
65485
1
53220
27
65535
65485
1
53244
27
65535
65485
1
53270
27
65535
65485
1
53295
27
65535
65485
1
53319
27
65535
65485
1
53345
27
65535
65485
1
53369
27
65535
65485
1
53394
27
65535
65485
1
53420
27
65535
65485
1
53444
27
65535
65485
1
53470
27
65535
65485
1
53494
27
65535
65485
1
53519
28
65535
65485
1
53544
28
65535
65485
1
53569
28
65535
65485
1
53594
27
65535
65484
1
53619
27
65535
65484
1
53644
27
65535
65485
1
53669
27
65535
65485
1
53694
27
65535
65485
1
53719
27
65535
65484
1
53744
27
65535
65484
1
53769
27
65535
65484
1
53793
27
65535
65485
1
53819
27
65535
65485
1
53843
27
65535
65485
1
53869
28
65535
65484
1
53894
28
65535
65484
1
53918
27
65535
65484
1
53944
27
65535
65484
1
53968
27
65535
65484
1
53993
27
65535
65485
1
54019
27
65535
65485
1
54043
27
65535
65485
1
54069
27
65535
65484
1
54093
27
65535
65484
1
54118
27
65535
65484
1
54144
27
65535
65485
1
54168
27
65535
65485
1
54193
28
65535
65484
1
54218
28
65535
65484
1
54243
28
65535
65484
1
54268
27
65535
65485
1
54293
27
65535
65485
1
54318
27
65535
65485
1
54343
27
65535
65485
1
54368
27
65535
65485
1
54392
27
65535
65485
1
54418
27
65535
65485
1
54443
27
65535
65485
1
54468
27
65535
65485
1
54493
27
65535
65485
1
54517
27
65535
65485
1
54543
27
65535
65485
1
54567
27
65535
65485
1
54592
27
65535
65485
1
54618
27
65535
65485
1
54642
27
65535
65485
1
54668
28
65535
65485
1
54692
28
65535
65485
1
54717
28
65535
65485
1
54743
27
65535
65484
1
54767
27
65535
65484
1
54792
27
65535
65484
1
54817
27
65535
65485
1
54842
27
65535
65485
1
54867
27
65535
65485
1
54892
27
65535
65484
1
54917
27
65535
65484
1
54942
27
65535
65485
1
54967
27
65535
65485
1
54991
27
65535
65485
1
55017
27
65535
65485
1
55042
27
65535
65485
1
55067
27
65535
65485
1
55092
27
65535
65485
1
55116
27
65535
65485
1
55142
27
65535
65485
1
55166
27
65535
65485
1
55191
27
65535
65485
1
55217
28
65535
65485
1
55241
28
65535
65485
1
55267
28
65535
65485
1
55291
27
65535
65485
1
55316
27
65535
65485
1
55342
27
65535
65485
1
55366
27
65535
65485
1
55391
27
65535
65485
1
55416
27
65535
65485
1
55441
27
65535
65485
1
55467
27
65535
65485
1
55491
27
65535
65485
1
55516
27
65535
65485
1
55541
27
65535
65485
1
55566
27
65535
65485
1
55590
27
65535
65485
1
55616
27
65535
65485
1
55641
27
65535
65485
1
55666
27
65535
65485
1
55691
27
65535
65484
1
55715
27
65535
65484
1
55741
27
65535
65484
1
55766
27
65535
65485
1
55790
27
65535
65485
1
55816
27
65535
65485
1
55840
27
65535
65485
1
55866
27
65535
65485
1
55890
27
65535
65485
1
55915
27
65535
65484
1
55941
27
65535
65484
1
55965
27
65535
65485
1
55990
27
65535
65485
1
56015
27
65535
65485
1
56040
27
65535
65485
1
56066
27
65535
65485
1
56090
27
65535
65485
1
56115
27
65535
65485
1
56140
27
65535
65485
1
56165
27
65535
65485
1
56189
27
65535
65485
1
56215
27
65535
65485
1
56240
27
65535
65485
1
56265
27
65535
65485
1
56290
27
65535
65485
1
56314
27
65535
65485
1
56340
27
65535
65485
1
56365
27
65535
65485
1
56389
27
65535
65485
1
56415
27
65535
65485
1
56439
27
65535
65485
1
56465
27
65535
65485
1
56489
27
65535
65485
1
56514
27
65535
65485
1
56540
27
65535
65485
1
56564
27
65535
65485
1
56589
27
65535
65485
1
56614
27
65535
65485
1
56639
27
65535
65485
1
56665
27
65535
65485
1
56689
27
65535
65485
1
56714
27
65535
65485
1
56739
27
65535
65485
1
56764
27
65535
65485
1
56788
27
65535
65485
1
56814
27
65535
65485
1
56839
27
65535
65485
1
56864
29
65535
65485
1
56889
29
65535
65485
1
56913
29
65535
65485
1
56939
28
65535
65485
1
56964
28
65535
65485
1
56988
28
65535
65485
1
57014
28
65535
65485
1
57038
28
65535
65485
1
57064
28
65535
65485
1
57089
28
65535
65485
1
57113
28
65535
65485
1
57139
28
65535
65485
1
57163
28
65535
65485
1
57188
28
65535
65485
1
57213
28
65535
65485
1
57238
28
65535
65485
1
57264
28
65535
65485
1
57288
28
65535
65485
1
57313
28
65535
65485
1
57338
28
65534
65485
1
57363
28
65534
65485
1
57388
28
65534
65485
1
57413
28
65535
65485
1
57438
28
65535
65485
1
57463
28
65535
65485
1
57488
27
65535
65485
1
57512
27
65535
65485
1
57538
28
65535
65485
1
57563
28
65535
65485
1
57587
28
65535
65485
1
57613
27
65535
65485
1
57637
27
65535
65485
1
57663
27
65535
65485
1
57688
28
65535
65485
1
57712
28
65535
65485
1
57738
28
65535
65485
1
57762
28
65535
65485
1
57787
28
65535
65485
1
57812
28
65535
65485
1
57837
28
65535
65485
1
57863
28
65535
65485
1
57887
28
65535
65485
1
57912
28
65535
65485
1
57937
28
65535
65485
1
57962
27
65535
65485
1
57987
27
65535
65485
1
58012
28
65535
65485
1
58037
28
65535
65485
1
58062
28
65535
65485
1
58087
28
65535
65485
1
58112
28
65535
65485
1
58137
28
65535
65485
1
58162
27
65535
65485
1
58186
27
65535
65485
1
58212
27
65535
65485
1
58236
28
65535
65485
1
58262
28
65535
65485
1
58287
28
65535
65485
1
58311
28
65535
65485
1
58337
28
65535
65485
1
58361
28
65535
65485
1
58386
28
65535
65485
1
58412
28
65535
65485
1
58436
28
65535
65485
1
58462
28
65535
65485
1
58486
28
65535
65485
1
58511
28
65534
65485
1
58536
28
65534
65485
1
58561
28
65535
65485
1
58586
28
65535
65485
1
58611
28
65535
65485
1
58636
27
65535
65485
1
58661
27
65535
65485
1
58686
27
65535
65485
1
58711
28
65534
65485
1
58736
28
65534
65485
1
58761
28
65534
65485
1
58785
28
65535
65485
1
58811
28
65535
65485
1
58835
28
65535
65485
1
58861
28
65535
65485
1
58886
28
65535
65485
1
58910
28
65535
65485
1
58936
28
65535
65485
1
58960
28
65535
65485
1
58985
28
65535
65485
1
59011
28
65535
65485
1
59035
28
65535
65485
1
59061
28
65535
65485
1
59085
28
65535
65485
1
59110
28
65535
65485
1
59136
28
65535
65485
1
59160
28
65535
65485
1
59185
28
65534
65485
1
59210
28
65534
65485
1
59235
28
65534
65485
1
59260
28
65535
65485
1
59285
28
65535
65485
1
59310
28
65535
65485
1
59335
28
65535
65485
1
59360
28
65535
65485
1
59384
28
65535
65485
1
59410
28
65535
65485
1
59435
28
65535
65485
1
59460
28
65535
65485
1
59485
28
65535
65485
1
59509
28
65535
65485
1
59535
28
65534
65485
1
59559
28
65534
65485
1
59584
28
65535
65485
1
59610
28
65535
65485
1
59634
28
65535
65485
1
59660
28
65535
65485
1
59684
28
65535
65485
1
59709
28
65535
65485
1
59735
28
65535
65485
1
59759
28
65535
65485
1
59784
28
65535
65485
1
59809
28
65535
65485
1
59834
28
65535
65485
1
59859
28
65535
65485
1
59884
28
65535
65485
1
59909
28
65535
65485
1
59934
28
65535
65485
1
59959
28
65535
65485
1
59983
28
65535
65485
1
60009
28
65534
65485
1
60034
28
65534
65485
1
60059
28
65534
65485
1
60084
28
65535
65484
1
60108
28
65535
65484
1
60134
27
65535
65485
1
60158
27
65535
65485
1
60183
27
65535
65485
1
60209
28
65535
65485
1
60233
28
65535
65485
1
60259
28
65535
65485
1
60283
28
65535
65485
1
60308
28
65535
65485
1
60334
28
65535
65485
1
60358
28
65535
65485
1
60383
28
65535
65485
1
60408
28
65535
65485
1
60433
28
65535
65485
1
60459
28
65535
65485
1
60483
28
65534
65485
1
60508
28
65534
65485
1
60533
28
65534
65485
1
60558
28
65535
65485
1
60582
28
65535
65485
1
60608
28
65535
65485
1
60633
28
65535
65485
1
60658
28
65535
65485
1
60683
28
65535
65485
1
60707
28
65535
65485
1
60733
28
65535
65485
1
60758
28
65535
65485
1
60782
28
65535
65485
1
60808
28
65535
65485
1
60832
28
65535
65485
1
60858
28
65535
65485
1
60882
28
65535
65485
1
60907
28
65535
65485
1
60933
28
65535
65485
1
60957
28
65535
65485
1
60982
28
65535
65485
1
61007
28
65535
65485
1
61032
28
65535
65485
1
61058
28
65535
65485
1
61082
28
65535
65485
1
61107
28
65535
65485
1
61132
28
65535
65485
1
61157
27
65535
65485
1
61181
27
65535
65485
1
61207
27
65535
65485
1
61232
28
65535
65485
1
61257
28
65535
65485
1
61282
28
65535
65485
1
61306
28
65535
65485
1
61332
28
65535
65485
1
61357
28
65535
65485
1
61381
28
65535
65485
1
61407
28
65535
65485
1
61431
28
65535
65485
1
61457
28
65535
65485
1
61481
28
65535
65485
1
61506
28
65535
65485
1
61532
28
65535
65485
1
61556
28
65535
65485
1
61581
28
65535
65485
1
61606
28
65535
65485
1
61631
28
65535
65485
1
61657
28
65535
65485
1
61681
28
65535
65485
1
61706
28
65535
65485
1
61731
28
65535
65485
1
61756
28
65535
65485
1
61780
28
65535
65485
1
61806
28
65535
65485
1
61831
28
65535
65485
1
61856
28
65534
65485
1
61881
28
65534
65485
1
61905
28
65535
65485
1
61931
28
65535
65485
1
61956
28
65535
65485
1
61980
27
65535
65485
1
62006
27
65535
65485
1
62030
27
65535
65485
1
62056
28
65535
65485
1
62081
28
65535
65485
1
62105
28
65535
65485
1
62131
28
65535
65485
1
62155
28
65535
65485
1
62180
28
65535
65485
1
62205
28
65535
65485
1
62230
28
65535
65485
1
62256
28
65535
65485
1
62280
28
65535
65485
1
62305
28
65535
65485
1
62330
28
65535
65485
1
62355
28
65535
65485
1
62380
28
65535
65485
1
62405
27
65535
65485
1
62430
27
65535
65485
1
62455
28
65535
65485
1
62480
28
65535
65485
1
62504
28
65535
65485
1
62530
27
65535
65485
1
62555
27
65535
65485
1
62579
27
65535
65485
1
62605
27
65535
65484
1
62629
27
65535
65484
1
62655
27
65535
65485
1
62680
27
65535
65485
1
62704
27
65535
65485
1
62730
27
65535
65485
1
62754
27
65535
65485
1
62779
27
65535
65485
1
62804
27
65535
65485
1
62829
27
65535
65485
1
62855
27
65535
65485
1
62879
27
65535
65485
1
62904
27
65535
65485
1
62929
27
65535
65485
1
62954
27
65535
65485
1
62979
27
65535
65485
1
63004
27
65535
65485
1
63029
27
65535
65485
1
63054
27
65535
65485
1
63079
27
65535
65484
1
63104
27
65535
65484
1
63129
27
65535
65484
1
63154
27
65535
65485
1
63178
27
65535
65485
1
63204
27
65535
65485
1
63228
27
65535
65485
1
63254
27
65535
65485
1
63279
27
65535
65485
1
63303
27
65535
65485
1
63329
27
65535
65485
1
63353
27
65535
65485
1
63378
27
65535
65485
1
63404
27
65535
65485
1
63428
27
65535
65485
1
63454
27
65535
65485
1
63478
27
65535
65485
1
63503
27
65535
65485
1
63528
27
65535
65485
1
63553
27
65535
65485
1
63578
27
65535
65485
1
63603
27
65535
65485
1
63628
27
65535
65485
1
63653
27
65535
65485
1
63678
27
65535
65485
1
63703
27
65535
65485
1
63728
27
65535
65485
1
63753
27
65534
65485
1
63777
27
65534
65485
1
63803
27
65534
65485
1
63827
27
65534
65485
1
63853
27
65534
65485
1
63878
27
65534
65485
1
63902
27
65535
65485
1
63928
27
65535
65485
1
63952
27
65534
65485
1
63977
27
65534
65485
1
64003
27
65534
65485
1
64027
27
65534
65486
1
64053
27
65534
65486
1
64077
27
65534
65486
1
64102
27
65534
65485
1
64128
27
65534
65485
1
64152
27
65534
65485
1
64177
27
65534
65486
1
64202
27
65534
65486
1
64227
28
65534
65486
1
64252
28
65534
65486
1
64277
28
65534
65486
1
64302
27
65534
65486
1
64327
27
65534
65486
1
64352
27
65534
65486
1
64376
28
65534
65486
1
64402
28
65534
65486
1
64427
28
65534
65486
1
64452
28
65534
65486
1
64477
28
65534
65486
1
64501
28
65534
65487
1
64527
28
65534
65487
1
64551
28
65534
65487
1
64576
28
65534
65487
1
64602
28
65534
65487
1
64626
28
65534
65487
1
64652
28
65534
65486
1
64676
28
65534
65486
1
64701
28
65534
65486
1
64727
28
65533
65487
1
64751
28
65533
65487
1
64776
28
65534
65487
1
64801
28
65534
65487
1
64826
28
65534
65487
1
64851
28
65534
65487
1
64876
28
65534
65487
1
64901
28
65534
65487
1
64926
28
65534
65487
1
64951
28
65534
65487
1
64975
28
65534
65487
1
65001
28
65534
65487
1
65026
28
65534
65487
1
65051
28
65534
65488
1
65076
28
65534
65488
1
65100
28
65534
65488
1
65126
29
65534
65488
1
65150
29
65534
65488
1
65175
29
65534
65488
1
65201
28
65534
65488
1
65225
28
65534
65488
1
65251
29
65534
65487
1
65275
29
65534
65487
1
65300
29
65534
65487
1
65326
28
65534
65488
1
65350
28
65534
65488
1
65375
28
65534
65488
1
65400
29
65534
65488
1
65425
29
65534
65488
1
65451
29
65534
65488
1
65475
29
65535
65488
1
65500
29
65535
65488
1
65525
29
65534
65488
1
14
29
65534
65488
1
35
29
65534
65488
1
58
29
65534
65488
1
79
29
65534
65488
1
101
29
65534
65488
1
124
29
65535
65488
1
147
29
65535
65488
1
169
29
65535
65488
1
193
29
65535
65488
1
216
29
65535
65488
1
238
29
65535
65488
1
262
29
65535
65488
1
284
29
65535
65488
1
307
29
65535
65488
1
330
29
65535
65488
1
353
29
65535
65488
1
375
29
65535
65488
1
399
29
0
65488
1
421
29
0
65488
1
440
29
0
65488
1
459
29
0
65488
1
478
29
0
65489
1
496
29
0
65489
1
516
29
0
65489
1
534
29
0
65489
1
552
29
0
65488
1
571
29
0
65488
1
590
29
0
65488
1
609
29
0
65488
1
627
29
0
65488
1
647
29
0
65488
1
665
29
0
65488
1
684
29
0
65488
1
702
29
0
65488
1
721
29
0
65488
1
740
29
0
65488
1
758
29
0
65488
1
778
29
0
65488
1
796
29
0
65488
1
815
29
1
65488
1
833
29
1
65488
1
852
29
1
65488
1
871
29
1
65488
1
889
29
1
65487
1
908
29
1
65487
1
927
29
1
65487
1
946
29
1
65487
1
964
29
1
65487
1
984
29
1
65487
1
1002
29
1
65487
1
1021
28
2
65488
1
1041
28
2
65488
1
1061
28
2
65488
1
1081
28
2
65488
1
1100
28
2
65486
1
1121
28
2
65486
1
1140
28
2
65486
1
1160
28
3
65486
1
1180
28
3
65486
1
1200
28
3
65486
1
1219
28
3
65486
1
1239
28
4
65486
1
1259
28
4
65486
1
1278
28
4
65486
1
1298
28
4
65486
1
1318
28
4
65486
1
1338
28
4
65486
1
1357
28
4
65486
1
1378
28
4
65486
1
1397
28
4
65486
1
1417
28
4
65486
1
1436
28
4
65485
1
1457
28
4
65485
1
1476
28
4
65485
1
1496
28
4
65485
1
1516
28
4
65485
1
1536
28
4
65485
1
1555
28
4
65485
1
1575
28
5
65484
1
1595
28
5
65484
1
1614
28
5
65484
1
1634
28
5
65484
1
1654
28
5
65484
1
1674
28
5
65484
1
1693
28
5
65484
1
1714
28
5
65484
1
1733
28
5
65484
1
1753
28
5
65484
1
1772
28
6
65483
1
1793
28
6
65483
1
1812
28
6
65483
1
1831
28
6
65483
1
1852
28
5
65483
1
1871
28
5
65483
1
1891
28
5
65483
1
1911
29
6
65482
1
1931
29
6
65482
1
1950
29
6
65482
1
1970
29
6
65482
1
1990
29
6
65482
1
2010
29
6
65482
1
2029
29
6
65482
1
2050
29
6
65480
1
2069
29
6
65480
1
2088
29
6
65480
1
2109
29
6
65480
1
2128
29
6
65480
1
2148
29
6
65480
1
2167
29
6
65480
1
2188
29
6
65479
1
2207
29
6
65479
1
2227
29
6
65479
1
2247
30
6
65477
1
2267
30
6
65477
1
2286
30
6
65477
1
2306
30
6
65477
1
2326
29
6
65477
1
2345
29
6
65477
1
2365
29
6
65477
1
2385
30
6
65477
1
2405
30
6
65477
1
2424
30
6
65477
1
2445
30
6
65477
1
2464
30
6
65476
1
2484
30
6
65476
1
2503
30
6
65476
1
2524
30
5
65476
1
2543
30
5
65476
1
2563
30
5
65476
1
2583
30
5
65476
1
2603
30
5
65475
1
2622
30
5
65475
1
2642
30
5
65475
1
2662
30
5
65475
1
2681
30
5
65475
1
2701
30
5
65475
1
2721
30
5
65475
1
2741
30
4
65474
1
2760
30
4
65474
1
2781
30
4
65474
1
2800
31
4
65474
1
2820
31
4
65474
1
2840
31
4
65474
1
2860
31
4
65474
1
2879
31
4
65474
1
2898
31
4
65474
1
2919
31
4
65474
1
2938
31
3
65472
1
2958
31
3
65472
1
2978
31
3
65472
1
2998
30
3
65472
1
3017
30
3
65472
1
3037
30
3
65472
1
3057
30
3
65472
1
3077
31
2
65472
1
3096
31
2
65472
1
3117
31
2
65472
1
3136
31
2
65471
1
3155
31
2
65471
1
3176
31
2
65471
1
3195
31
2
65471
1
3215
30
1
65471
1
3234
30
1
65471
1
3255
30
1
65471
1
3274
31
1
65471
1
3294
31
1
65471
1
3314
31
1
65471
1
3334
31
1
65471
1
3353
31
0
65470
1
3373
31
0
65470
1
3393
31
0
65470
1
3412
30
0
65470
1
3432
30
0
65470
1
3452
30
0
65470
1
3472
30
0
65470
1
3491
30
65535
65470
1
3512
30
65535
65470
1
3535
30
65535
65470
1
3559
30
0
65471
1
3584
30
0
65471
1
3603
30
0
65471
1
3622
30
0
65470
1
3643
30
0
65470
1
3662
30
0
65470
1
3682
30
0
65470
1
3701
30
0
65470
1
3722
30
0
65470
1
3741
30
0
65470
1
3761
30
0
65470
1
3781
30
0
65470
1
3801
30
0
65470
1
3820
30
0
65470
1
3841
30
0
65470
1
3860
30
0
65470
1
3879
30
0
65470
1
3899
30
0
65470
1
3919
30
0
65470
1
3939
30
0
65470
1
3958
31
0
65469
1
3979
31
0
65469
1
3998
31
0
65469
1
4018
31
0
65469
1
4038
30
65535
65470
1
4058
30
65535
65470
1
4081
30
65535
65470
1
4106
30
0
65469
1
4129
30
0
65469
1
4149
30
0
65469
1
4168
30
0
65470
1
4189
30
0
65470
1
4208
30
0
65470
1
4228
30
65534
65470
1
4248
30
65534
65470
1
4272
30
65534
65470
1
4295
30
65535
65470
1
4320
30
65535
65470
1
4343
30
65535
65470
1
4367
30
65534
65470
1
4391
30
65534
65470
1
4415
30
65534
65470
1
4440
30
65534
65469
1
4463
30
65534
65469
1
4487
30
65534
65469
1
4511
30
65533
65470
1
4535
30
65533
65470
1
4558
30
65533
65470
1
4583
30
65533
65470
1
4606
30
65533
65470
1
4630
30
65533
65470
1
4655
30
65533
65470
1
4678
30
65533
65470
1
4702
29
65533
65470
1
4726
29
65533
65470
1
4750
29
65533
65470
1
4774
30
65533
65470
1
4798
30
65533
65470
1
4822
30
65533
65470
1
4846
30
65533
65470
1
4870
30
65533
65470
1
4893
30
65533
65470
1
4918
30
65533
65469
1
4941
30
65533
65469
1
4965
30
65533
65469
1
4989
30
65533
65469
1
5013
30
65533
65469
1
5038
30
65533
65469
1
5061
30
65533
65469
1
5085
30
65533
65469
1
5109
30
65532
65469
1
5133
30
65532
65469
1
5156
30
65532
65469
1
5181
29
65532
65470
1
5204
29
65532
65470
1
5228
29
65532
65470
1
5253
29
65532
65469
1
5276
29
65532
65469
1
5300
29
65532
65469
1
5324
29
65531
65469
1
5348
29
65531
65469
1
5372
29
65531
65469
1
5396
29
65530
65470
1
5420
29
65530
65470
1
5444
29
65530
65470
1
5468
29
65529
65469
1
5491
29
65529
65469
1
5516
29
65529
65469
1
5539
28
65529
65470
1
5563
28
65529
65470
1
5587
28
65528
65470
1
5611
28
65528
65470
1
5636
28
65528
65470
1
5659
28
65527
65471
1
5683
28
65527
65471
1
5707
28
65527
65471
1
5731
28
65527
65471
1
5754
28
65527
65471
1
5779
28
65527
65471
1
5803
28
65525
65472
1
5826
28
65525
65472
1
5851
28
65525
65472
1
5874
28
65525
65473
1
5898
28
65525
65473
1
5922
28
65525
65473
1
5946
28
65524
65473
1
5970
28
65524
65473
1
5994
28
65524
65473
1
6018
27
65523
65475
1
6042
27
65523
65475
1
6066
27
65523
65475
1
6089
27
65523
65475
1
6114
27
65523
65475
1
6137
27
65524
65476
1
6161
27
65524
65476
1
6185
27
65524
65476
1
6209
27
65522
65477
1
6233
27
65522
65477
1
6257
27
65522
65477
1
6281
27
65522
65477
1
6305
27
65522
65477
1
6329
27
65522
65477
1
6352
26
65523
65478
1
6377
26
65523
65478
1
6401
26
65523
65478
1
6424
27
65521
65479
1
6449
27
65521
65479
1
6472
27
65521
65479
1
6496
27
65521
65479
1
6520
27
65521
65479
1
6544
27
65522
65480
1
6568
27
65522
65480
1
6592
27
65522
65480
1
6616
26
65521
65481
1
6640
26
65521
65481
1
6664
26
65521
65481
1
6687
26
65522
65481
1
6712
26
65522
65481
1
6735
26
65522
65481
1
6759
27
65522
65481
1
6784
27
65522
65481
1
6807
27
65522
65481
1
6831
27
65520
65483
1
6855
27
65520
65483
1
6879
27
65520
65483
1
6903
27
65520
65483
1
6927
27
65520
65483
1
6950
27
65521
65482
1
6975
27
65521
65482
1
6999
27
65521
65482
1
7022
28
65519
65484
1
7047
28
65519
65484
1
7070
28
65519
65484
1
7094
28
65520
65484
1
7118
28
65520
65484
1
7142
28
65520
65484
1
7166
28
65521
65484
1
7190
28
65521
65484
1
7214
28
65521
65484
1
7238
29
65519
65485
1
7262
29
65519
65485
1
7285
29
65519
65485
1
7310
29
65519
65486
1
7333
29
65519
65486
1
7357
29
65519
65486
1
7382
29
65520
65487
1
7405
29
65520
65487
1
7429
30
65520
65486
1
7453
30
65520
65486
1
7477
30
65520
65486
1
7501
30
65518
65488
1
7525
30
65518
65488
1
7548
30
65518
65488
1
7573
30
65520
65488
1
7597
30
65520
65488
1
7620
30
65520
65488
1
7645
30
65521
65488
1
7668
30
65521
65488
1
7692
30
65521
65488
1
7716
30
65520
65489
1
7740
30
65520
65489
1
7763
30
65520
65489
1
7788
31
65520
65490
1
7812
31
65520
65490
1
7836
31
65520
65490
1
7860
31
65520
65491
1
7883
31
65520
65491
1
7908
31
65521
65491
1
7931
31
65521
65491
1
7955
31
65521
65491
1
7980
32
65522
65490
1
8003
32
65522
65490
1
8027
32
65522
65490
1
8051
32
65523
65491
1
8075
32
65523
65491
1
8099
32
65523
65491
1
8123
33
65523
65491
1
8146
33
65523
65491
1
8171
33
65523
65491
1
8195
33
65522
65493
1
8218
33
65522
65493
1
8243
33
65522
65493
1
8266
33
65522
65493
1
8290
33
65522
65493
1
8314
33
65522
65493
1
8338
33
65523
65492
1
8361
33
65523
65492
1
8386
33
65523
65493
1
8410
33
65523
65493
1
8434
33
65523
65493
1
8458
33
65524
65492
1
8481
33
65524
65492
1
8506
33
65524
65492
1
8529
34
65524
65492
1
8553
34
65524
65492
1
8578
34
65524
65492
1
8601
33
65525
65491
1
8625
33
65525
65491
1
8649
33
65525
65491
1
8673
33
65524
65492
1
8697
33
65524
65492
1
8721
33
65524
65492
1
8744
33
65524
65493
1
8769
33
65524
65493
1
8793
33
65524
65493
1
8816
33
65524
65494
1
8841
33
65524
65494
1
8864
33
65525
65494
1
8888
33
65525
65494
1
8912
33
65525
65494
1
8936
33
65525
65494
1
8960
33
65525
65494
1
8984
33
65525
65494
1
9008
33
65526
65493
1
9032
33
65526
65493
1
9056
33
65526
65493
1
9079
32
65526
65493
1
9104
32
65526
65493
1
9127
32
65526
65493
1
9151
32
65527
65494
1
9176
32
65527
65494
1
9199
32
65527
65494
1
9223
31
65527
65494
1
9247
31
65527
65494
1
9271
31
65527
65494
1
9294
30
65528
65494
1
9319
30
65528
65494
1
9342
29
65529
65494
1
9367
29
65529
65494
1
9391
29
65529
65494
1
9414
28
65530
65494
1
9439
28
65530
65494
1
9462
28
65530
65494
1
9486
28
65531
65492
1
9510
28
65531
65492
1
9534
28
65531
65492
1
9558
28
65530
65491
1
9582
28
65530
65491
1
9606
28
65530
65491
1
9630
27
65530
65491
1
9654
27
65530
65491
1
9677
27
65530
65491
1
9702
26
65530
65491
1
9725
26
65530
65491
1
9749
26
65530
65491
1
9774
26
65531
65491
1
9797
26
65531
65491
1
9821
25
65532
65490
1
9845
25
65532
65490
1
9869
25
65532
65490
1
9892
25
65531
65490
1
9917
25
65531
65490
1
9940
25
65531
65490
1
9965
25
65532
65489
1
9989
25
65532
65489
1
10012
25
65532
65489
1
10038
24
65531
65489
1
10062
24
65531
65489
1
10087
24
65531
65489
1
10113
25
65531
65488
1
10137
25
65531
65488
1
10163
24
65531
65487
1
10187
24
65531
65487
1
10212
24
65531
65487
1
10237
25
65530
65488
1
10262
25
65530
65488
1
10287
25
65530
65488
1
10312
25
65531
65487
1
10337
25
65531
65487
1
10362
25
65531
65487
1
10387
24
65530
65487
1
10412
24
65530
65487
1
10437
24
65529
65486
1
10462
24
65529
65486
1
10486
24
65529
65486
1
10512
25
65529
65487
1
10536
25
65529
65487
1
10562
25
65529
65487
1
10587
25
65528
65488
1
10611
25
65528
65488
1
10637
25
65528
65487
1
10661
25
65528
65487
1
10686
25
65528
65487
1
10712
25
65527
65489
1
10736
25
65527
65489
1
10762
25
65527
65489
1
10786
25
65527
65489
1
10811
25
65527
65489
1
10836
25
65527
65489
1
10861
25
65527
65488
1
10886
25
65527
65488
1
10911
26
65527
65488
1
10936
26
65527
65488
1
10961
26
65527
65488
1
10986
26
65526
65489
1
11011
26
65526
65489
1
11036
26
65526
65489
1
11061
27
65526
65491
1
11085
27
65526
65491
1
11111
27
65526
65491
1
11136
27
65527
65490
1
11161
27
65527
65490
1
11186
27
65527
65489
1
11210
27
65527
65489
1
11236
27
65527
65489
1
11260
27
65527
65492
1
11285
27
65527
65492
1
11311
27
65527
65492
1
11335
28
65526
65490
1
11361
28
65526
65490
1
11385
28
65526
65490
1
11410
28
65527
65490
1
11436
28
65527
65490
1
11460
27
65527
65490
1
11485
27
65527
65490
1
11510
27
65527
65490
1
11535
27
65528
65490
1
11560
27
65528
65490
1
11585
27
65528
65490
1
11610
28
65529
65490
1
11635
28
65529
65490
1
11660
28
65529
65489
1
11684
28
65529
65489
1
11710
28
65529
65489
1
11735
29
65529
65490
1
11760
29
65529
65490
1
11785
29
65529
65490
1
11809
29
65529
65491
1
11835
29
65529
65491
1
11859
29
65529
65491
1
11884
29
65529
65490
1
11910
29
65529
65490
1
11934
29
65529
65488
1
11960
29
65529
65488
1
11984
29
65529
65488
1
12009
29
65531
65487
1
12035
29
65531
65487
1
12059
29
65531
65487
1
12084
29
65532
65488
1
12109
29
65532
65488
1
12134
29
65532
65488
1
12160
29
65533
65486
1
12184
29
65533
65486
1
12209
30
65534
65485
1
12234
30
65534
65485
1
12259
30
65534
65485
1
12283
29
65532
65483
1
12309
29
65532
65483
1
12334
29
65532
65483
1
12359
29
65534
65481
1
12384
29
65534
65481
1
12408
29
65534
65481
1
12434
29
65534
65479
1
12459
29
65534
65479
1
12483
29
65534
65477
1
12509
29
65534
65477
1
12533
29
65534
65477
1
12559
29
65532
65476
1
12583
29
65532
65476
1
12608
29
65532
65476
1
12634
29
65531
65475
1
12658
29
65531
65475
1
12683
29
65531
65475
1
12708
28
65529
65474
1
12733
28
65529
65474
1
12759
28
65529
65473
1
12783
28
65529
65473
1
12808
28
65529
65473
1
12833
27
65529
65471
1
12858
27
65529
65471
1
12882
27
65529
65471
1
12908
26
65527
65470
1
12933
26
65527
65470
1
12958
25
65526
65470
1
12983
25
65526
65470
1
13007
25
65526
65470
1
13033
25
65525
65469
1
13058
25
65525
65469
1
13082
25
65525
65469
1
13108
25
65525
65469
1
13132
25
65525
65469
1
13158
25
65525
65469
1
13182
24
65523
65468
1
13207
24
65523
65468
1
13233
23
65521
65469
1
13257
23
65521
65469
1
13282
23
65521
65469
1
13307
22
65519
65469
1
13332
22
65519
65469
1
13358
22
65519
65469
1
13382
20
65517
65469
1
13407
20
65517
65469
1
13432
20
65517
65469
1
13457
20
65515
65470
1
13481
20
65515
65470
1
13507
19
65514
65472
1
13532
19
65514
65472
1
13557
19
65514
65472
1
13582
18
65512
65474
1
13606
18
65512
65474
1
13632
18
65512
65474
1
13657
18
65512
65475
1
13681
18
65512
65475
1
13707
18
65512
65475
1
13731
18
65511
65478
1
13757
18
65511
65478
1
13782
18
65511
65479
1
13806
18
65511
65479
1
13832
18
65511
65479
1
13856
19
65511
65480
1
13881
19
65511
65480
1
13906
19
65511
65480
1
13931
19
65511
65481
1
13957
19
65511
65481
1
13981
19
65511
65481
1
14006
19
65511
65481
1
14031
19
65511
65481
1
14056
19
65510
65483
1
14081
19
65510
65483
1
14106
19
65510
65483
1
14131
20
65510
65483
1
14156
20
65510
65483
1
14181
20
65510
65483
1
14205
20
65511
65483
1
14231
20
65511
65483
1
14256
20
65510
65484
1
14280
20
65510
65484
1
14306
20
65510
65484
1
14330
19
65511
65484
1
14356
19
65511
65484
1
14381
19
65511
65484
1
14405
20
65510
65485
1
14431
20
65510
65485
1
14455
20
65510
65485
1
14480
20
65511
65485
1
14505
20
65511
65485
1
14530
20
65511
65485
1
14556
20
65511
65485
1
14580
20
65511
65485
1
14605
21
65511
65486
1
14630
21
65511
65486
1
14655
21
65511
65486
1
14680
21
65511
65486
1
14705
21
65511
65486
1
14730
21
65511
65486
1
14755
21
65511
65487
1
14780
21
65511
65487
1
14804
21
65511
65487
1
14830
21
65511
65487
1
14855
21
65511
65487
1
14879
22
65512
65488
1
14905
22
65512
65488
1
14929
22
65512
65488
1
14955
22
65512
65488
1
14980
22
65512
65488
1
15004
22
65512
65488
1
15030
22
65512
65488
1
15054
22
65512
65488
1
15079
22
65512
65489
1
15105
22
65512
65489
1
15129
22
65512
65489
1
15155
23
65513
65489
1
15179
23
65513
65489
1
15204
23
65513
65489
1
15229
23
65513
65489
1
15254
23
65513
65489
1
15279
23
65513
65490
1
15304
23
65513
65490
1
15329
23
65513
65490
1
15354
24
65513
65490
1
15379
24
65513
65490
1
15404
24
65513
65490
1
15429
24
65513
65491
1
15454
24
65513
65491
1
15478
24
65513
65491
1
15504
24
65514
65491
1
15528
24
65514
65491
1
15554
24
65514
65491
1
15579
24
65514
65491
1
15603
24
65514
65491
1
15629
24
65514
65491
1
15653
24
65514
65491
1
15678
24
65514
65491
1
15704
25
65514
65491
1
15728
25
65514
65491
1
15754
25
65514
65491
1
15778
25
65514
65492
1
15803
25
65514
65492
1
15828
25
65515
65492
1
15853
25
65515
65492
1
15878
25
65515
65492
1
15903
25
65515
65492
1
15928
25
65515
65492
1
15953
25
65515
65492
1
15978
26
65515
65493
1
16003
26
65515
65493
1
16028
26
65515
65493
1
16053
26
65515
65493
1
16077
26
65515
65493
1
16103
26
65515
65493
1
16128
26
65515
65493
1
16153
26
65515
65493
1
16178
26
65516
65493
1
16202
26
65516
65493
1
16228
26
65516
65493
1
16252
26
65516
65494
1
16277
26
65516
65494
1
16303
26
65516
65494
1
16327
26
65516
65494
1
16353
26
65516
65494
1
16377
26
65516
65494
1
16402
26
65516
65494
1
16428
26
65516
65494
1
16452
27
65516
65494
1
16477
27
65516
65494
1
16502
27
65516
65494
1
16527
26
65517
65494
1
16552
26
65517
65494
1
16577
27
65516
65495
1
16602
27
65516
65495
1
16627
27
65516
65495
1
16652
27
65517
65494
1
16676
27
65517
65494
1
16702
27
65517
65494
1
16727
27
65517
65494
1
16752
27
65517
65494
1
16777
27
65517
65494
1
16801
27
65517
65495
1
16827
27
65517
65495
1
16851
28
65517
65495
1
16876
28
65517
65495
1
16902
28
65517
65495
1
16926
28
65517
65495
1
16952
28
65517
65495
1
16976
28
65517
65495
1
17001
28
65518
65495
1
17027
28
65518
65495
1
17051
28
65518
65495
1
17076
28
65518
65495
1
17101
28
65518
65495
1
17126
28
65518
65495
1
17152