65522
17
65517
1
37334
65522
17
65516
1
37359
65522
17
65516
1
37384
65522
17
65516
1
37408
65522
17
65517
1
37434
65522
17
65517
1
37458
65522
17
65517
1
37484
65522
17
65517
1
37509
65522
17
65517
1
37533
65522
17
65517
1
37559
65522
17
65517
1
37583
65522
17
65517
1
37608
65522
17
65516
1
37634
65522
17
65516
1
37658
65522
17
65516
1
37684
65522
17
65516
1
37708
65522
17
65516
1
37733
65522
17
65516
1
37758
65522
17
65517
1
37783
65522
17
65517
1
37808
65522
17
65517
1
37833
65522
17
65517
1
37858
65522
17
65517
1
37883
65522
17
65516
1
37908
65522
17
65516
1
37933
65522
17
65516
1
37958
65522
17
65517
1
37983
65522
17
65517
1
38007
65522
17
65517
1
38033
65522
17
65516
1
38057
65522
17
65516
1
38083
65522
17
65516
1
38108
65522
17
65516
1
38132
65522
17
65516
1
38158
65522
17
65516
1
38182
65522
17
65516
1
38207
65522
17
65516
1
38233
65522
17
65517
1
38257
65522
17
65517
1
38283
65522
17
65517
1
38307
65522
17
65517
1
38332
65522
17
65517
1
38358
65522
17
65516
1
38382
65522
17
65516
1
38407
65522
17
65516
1
38432
65522
17
65517
1
38457
65522
17
65517
1
38482
65522
17
65517
1
38507
65522
17
65516
1
38532
65522
17
65516
1
38557
65522
17
65516
1
38582
65522
17
65516
1
38606
65522
17
65516
1
38632
65522
17
65516
1
38657
65522
17
65516
1
38682
65522
17
65516
1
38707
65522
17
65516
1
38731
65522
17
65516
1
38757
65522
17
65516
1
38781
65522
17
65517
1
38806
65522
17
65517
1
38832
65522
17
65517
1
38856
65522
17
65516
1
38882
65522
17
65516
1
38906
65522
17
65517
1
38931
65522
17
65517
1
38957
65522
17
65517
1
38981
65522
17
65516
1
39006
65522
17
65516
1
39031
65522
17
65516
1
39056
65522
17
65516
1
39081
65522
17
65516
1
39106
65522
17
65517
1
39131
65522
17
65517
1
39156
65522
17
65517
1
39181
65522
17
65516
1
39205
65522
17
65516
1
39231
65522
17
65516
1
39256
65522
17
65517
1
39281
65522
17
65517
1
39306
65522
17
65517
1
39330
65522
17
65517
1
39356
65522
17
65517
1
39380
65522
17
65517
1
39405
65522
17
65517
1
39431
65522
17
65517
1
39455
65522
17
65517
1
39481
65522
17
65517
1
39505
65522
17
65517
1
39530
65522
17
65516
1
39556
65522
17
65516
1
39580
65522
17
65516
1
39605
65522
17
65517
1
39630
65522
17
65517
1
39655
65522
17
65516
1
39681
65522
17
65516
1
39705
65522
17
65516
1
39730
65522
17
65516
1
39755
65522
17
65516
1
39780
65522
17
65516
1
39804
65522
17
65517
1
39830
65522
17
65517
1
39855
65522
17
65517
1
39880
65522
17
65516
1
39905
65522
17
65516
1
39929
65522
17
65517
1
39955
65522
17
65517
1
39980
65522
17
65517
1
40004
65522
17
65516
1
40030
65522
17
65516
1
40054
65522
17
65516
1
40080
65522
17
65516
1
40104
65522
17
65516
1
40129
65522
17
65516
1
40155
65522
17
65516
1
40179
65522
17
65516
1
40204
65522
17
65516
1
40229
65522
17
65516
1
40254
65522
17
65516
1
40280
65522
17
65517
1
40304
65522
17
65517
1
40329
65522
17
65517
1
40354
65522
17
65516
1
40379
65522
17
65516
1
40403
65522
17
65517
1
40429
65522
17
65517
1
40454
65522
17
65517
1
40479
65522
17
65516
1
40504
65522
17
65516
1
40528
65522
17
65516
1
40554
65522
17
65516
1
40579
65522
17
65516
1
40603
65522
17
65516
1
40629
65522
17
65517
1
40653
65522
17
65517
1
40679
65522
17
65516
1
40704
65522
17
65516
1
40728
65522
17
65516
1
40754
65522
17
65517
1
40778
65522
17
65517
1
40803
65522
17
65517
1
40828
65522
17
65517
1
40853
65522
17
65517
1
40879
65522
17
65517
1
40903
65522
17
65516
1
40928
65522
17
65516
1
40953
65522
17
65517
1
40978
65522
17
65517
1
41003
65522
17
65517
1
41028
65522
17
65516
1
41053
65522
17
65516
1
41078
65522
17
65516
1
41103
65522
17
65517
1
41127
65522
17
65517
1
41153
65522
17
65516
1
41178
65522
17
65516
1
41202
65522
17
65516
1
41228
65522
17
65516
1
41252
65522
17
65516
1
41278
65522
17
65516
1
41303
65522
17
65517
1
41327
65522
17
65517
1
41353
65522
17
65517
1
41377
65522
17
65516
1
41402
65522
17
65516
1
41427
65522
17
65517
1
41452
65522
17
65517
1
41478
65522
17
65517
1
41502
65522
17
65517
1
41527
65522
17
65517
1
41552
65522
17
65517
1
41577
65522
17
65516
1
41602
65522
17
65516
1
41627
65522
17
65516
1
41652
65522
17
65517
1
41677
65522
17
65517
1
41702
65522
17
65516
1
41726
65522
17
65516
1
41752
65522
17
65516
1
41777
65522
17
65517
1
41801
65522
17
65517
1
41827
65522
17
65517
1
41851
65522
17
65517
1
41877
65522
17
65517
1
41902
65522
17
65517
1
41926
65522
17
65516
1
41952
65522
17
65516
1
41976
65522
17
65517
1
42001
65522
17
65517
1
42027
65522
17
65517
1
42051
65522
17
65516
1
42077
65522
17
65516
1
42101
65522
17
65516
1
42126
65522
17
65517
1
42151
65522
17
65517
1
42176
65522
17
65517
1
42201
65522
17
65517
1
42226
65522
17
65517
1
42251
65522
17
65517
1
42276
65522
17
65517
1
42301
65522
17
65517
1
42326
65522
17
65516
1
42351
65522
17
65516
1
42376
65522
17
65516
1
42400
65522
17
65516
1
42426
65522
17
65516
1
42450
65522
17
65517
1
42476
65522
17
65517
1
42501
65522
17
65517
1
42525
65522
17
65516
1
42551
65522
17
65516
1
42575
65522
17
65516
1
42600
65522
17
65517
1
42626
65522
17
65517
1
42650
65522
17
65517
1
42676
65522
17
65517
1
42700
65522
17
65517
1
42725
65522
17
65516
1
42750
65522
17
65516
1
42775
65522
17
65516
1
42800
65522
17
65517
1
42825
65522
17
65517
1
42850
65522
17
65517
1
42875
65521
17
65516
1
42900
65521
17
65516
1
42925
65521
17
65516
1
42950
65522
17
65517
1
42975
65522
17
65517
1
42999
65522
17
65516
1
43025
65522
17
65516
1
43049
65522
17
65516
1
43075
65522
17
65517
1
43100
65522
17
65517
1
43124
65522
17
65517
1
43150
65522
17
65517
1
43174
65522
17
65517
1
43199
65522
17
65517
1
43225
65522
17
65516
1
43249
65522
17
65516
1
43275
65522
16
65517
1
43299
65522
16
65517
1
43324
65522
16
65517
1
43350
65522
17
65516
1
43374
65522
17
65516
1
43399
65522
17
65516
1
43424
65522
17
65516
1
43449
65522
17
65516
1
43474
65522
17
65516
1
43499
65522
17
65517
1
43524
65522
17
65517
1
43549
65522
17
65517
1
43574
65522
17
65517
1
43598
65522
17
65517
1
43624
65522
17
65517
1
43649
65522
17
65517
1
43674
65522
17
65517
1
43699
65522
17
65516
1
43723
65522
17
65516
1
43749
65522
17
65517
1
43773
65522
17
65517
1
43798
65522
17
65517
1
43824
65522
17
65517
1
43848
65522
17
65517
1
43874
65522
17
65517
1
43898
65522
17
65516
1
43923
65522
17
65516
1
43949
65522
17
65516
1
43973
65522
17
65517
1
43998
65522
17
65517
1
44023
65522
17
65516
1
44048
65522
17
65516
1
44073
65522
17
65516
1
44098
65522
16
65517
1
44123
65522
16
65517
1
44148
65522
16
65517
1
44173
65522
17
65516
1
44197
65522
17
65516
1
44223
65522
17
65516
1
44248
65522
16
65516
1
44273
65522
16
65516
1
44298
65522
16
65516
1
44322
65522
16
65516
1
44348
65522
16
65516
1
44372
65523
16
65516
1
44397
65523
16
65516
1
44423
65523
16
65516
1
44447
65522
16
65516
1
44473
65522
16
65516
1
44497
65522
16
65516
1
44522
65523
16
65516
1
44548
65523
16
65516
1
44572
65523
16
65516
1
44597
65523
16
65516
1
44622
65523
16
65516
1
44647
65523
15
65516
1
44673
65523
15
65516
1
44697
65523
15
65516
1
44722
65523
15
65516
1
44747
65523
15
65516
1
44772
65523
15
65516
1
44796
65523
14
65515
1
44822
65523
14
65515
1
44847
65524
14
65515
1
44872
65524
14
65515
1
44897
65524
14
65515
1
44921
65524
12
65515
1
44947
65524
12
65515
1
44972
65524
12
65515
1
44996
65525
11
65514
1
45022
65525
11
65514
1
45046
65526
10
65512
1
45072
65526
10
65512
1
45096
65526
10
65512
1
45121
65528
8
65510
1
45147
65528
8
65510
1
45170
65528
8
65510
1
45194
65530
6
65505
1
45218
65530
6
65505
1
45242
65530
6
65505
1
45265
65532
6
65495
1
45290
65532
6
65495
1
45314
65532
6
65495
1
45338
65533
17
65486
1
45362
65533
17
65486
1
45386
65533
17
65486
1
45412
65531
27
65488
1
45436
65531
27
65488
1
45461
65530
32
65496
1
45487
65530
32
65496
1
45511
65530
32
65496
1
45537
65529
30
65505
1
45561
65529
30
65505
1
45586
65529
30
65505
1
45612
65528
24
65510
1
45636
65528
24
65510
1
45661
65527
21
65509
1
45686
65527
21
65509
1
45711
65527
21
65509
1
45736
65529
21
65512
1
45761
65529
21
65512
1
45786
65529
21
65512
1
45811
65532
16
65518
1
45836
65532
16
65518
1
45860
65532
16
65518
1
45886
65529
11
65514
1
45911
65529
11
65514
1
45936
65531
13
65505
1
45961
65531
13
65505
1
45985
65531
13
65505
1
46011
65534
21
65504
1
46035
65534
21
65504
1
46060
65534
21
65504
1
46086
0
24
65504
1
46110
0
24
65504
1
46131
0
24
65504
1
46152
1
26
65504
1
46173
1
26
65504
1
46193
1
26
65504
1
46215
0
28
65504
1
46235
0
28
65504
1
46256
0
28
65504
1
46277
0
28
65504
1
46298
0
28
65505
1
46318
0
28
65505
1
46340
0
28
65505
1
46360
65534
29
65506
1
46381
65534
29
65506
1
46406
65534
29
65506
1
46431
65532
29
65508
1
46455
65532
29
65508
1
46481
65531
29
65508
1
46505
65531
29
65508
1
46530
65531
29
65508
1
46556
65530
28
65508
1
46580
65530
28
65508
1
46606
65530
28
65508
1
46630
65529
28
65509
1
46655
65529
28
65509
1
46681
65529
28
65509
1
46705
65528
28
65509
1
46730
65528
28
65509
1
46755
65528
28
65509
1
46780
65528
28
65509
1
46806
65528
28
65509
1
46830
65528
28
65509
1
46855
65528
28
65509
1
46880
65528
28
65509
1
46905
65528
28
65509
1
46929
65528
28
65509
1
46955
65528
28
65509
1
46980
65528
28
65509
1
47005
65528
28
65509
1
47030
65528
28
65509
1
47054
65528
28
65509
1
47080
65528
28
65509
1
47105
65528
28
65510
1
47129
65528
28
65510
1
47155
65528
28
65510
1
47179
65528
29
65510
1
47205
65528
29
65510
1
47229
65528
29
65510
1
47254
65528
28
65510
1
47280
65528
28
65510
1
47304
65527
29
65510
1
47329
65527
29
65510
1
47354
65527
29
65510
1
47379
65527
29
65510
1
47405
65527
29
65510
1
47429
65527
29
65510
1
47454
65527
29
65511
1
47479
65527
29
65511
1
47504
65527
29
65511
1
47528
65527
29
65510
1
47554
65527
29
65510
1
47579
65527
29
65510
1
47604
65527
29
65510
1
47629
65527
29
65510
1
47653
65527
29
65510
1
47679
65527
29
65510
1
47704
65527
29
65510
1
47728
65527
29
65510
1
47754
65527
29
65510
1
47778
65527
28
65510
1
47804
65527
28
65510
1
47828
65527
28
65510
1
47853
65527
29
65510
1
47879
65527
29
65510
1
47903
65527
29
65510
1
47928
65527
28
65511
1
47953
65527
28
65511
1
47978
65527
28
65511
1
48004
65527
29
65510
1
48028
65527
29
65510
1
48053
65527
29
65511
1
48078
65527
29
65511
1
48103
65527
29
65511
1
48128
65527
29
65511
1
48153
65527
29
65511
1
48178
65527
29
65511
1
48203
65527
29
65510
1
48228
65527
29
65510
1
48252
65527
29
65510
1
48278
65527
28
65510
1
48303
65527
28
65510
1
48327
65527
29
65511
1
48353
65527
29
65511
1
48377
65527
29
65511
1
48403
65527
29
65510
1
48428
65527
29
65510
1
48452
65527
29
65510
1
48478
65527
28
65511
1
48502
65527
28
65511
1
48527
65527
28
65511
1
48552
65527
29
65510
1
48577
65527
29
65510
1
48603
65527
29
65510
1
48627
65527
29
65510
1
48652
65527
29
65510
1
48677
65527
29
65511
1
48702
65527
29
65511
1
48727
65527
29
65511
1
48752
65527
29
65510
1
48777
65527
29
65510
1
48802
65527
29
65510
1
48827
65527
29
65510
1
48851
65527
29
65510
1
48877
65527
29
65511
1
48902
65527
29
65511
1
48926
65527
29
65511
1
48952
65527
29
65511
1
48976
65527
29
65511
1
49002
65527
29
65511
1
49027
65527
29
65510
1
49051
65527
29
65510
1
49077
65527
29
65511
1
49101
65527
29
65511
1
49126
65527
29
65511
1
49152
65527
29
65510
1
49176
65527
29
65510
1
49202
65527
29
65510
1
49226
65527
29
65510
1
49251
65527
29
65510
1
49276
65527
29
65510
1
49301
65527
29
65511
1
49326
65527
29
65511
1
49351
65527
29
65510
1
49376
65527
29
65510
1
49401
65527
29
65510
1
49426
65527
29
65511
1
49451
65527
29
65511
1
49476
65527
29
65511
1
49501
65527
29
65511
1
49525
65527
29
65511
1
49551
65527
29
65511
1
49575
65527
29
65510
1
49601
65527
29
65510
1
49626
65527
29
65511
1
49650
65527
29
65511
1
49676
65527
29
65511
1
49700
65527
29
65510
1
49725
65527
29
65510
1
49751
65527
29
65510
1
49775
65527
28
65511
1
49801
65527
28
65511
1
49825
65527
28
65511
1
49850
65527
29
65511
1
49875
65527
29
65511
1
49900
65527
29
65511
1
49925
65527
29
65511
1
49950
65527
29
65511
1
49975
65527
28
65511
1
50000
65527
28
65511
1
50025
65527
28
65511
1
50050
65527
29
65510
1
50075
65527
29
65510
1
50100
65527
29
65510
1
50124
65527
29
65511
1
50150
65527
29
65511
1
50174
65527
29
65511
1
50200
65527
29
65511
1
50225
65527
29
65511
1
50249
65527
29
65510
1
50275
65527
29
65510
1
50299
65527
29
65510
1
50324
65527
29
65511
1
50350
65527
29
65511
1
50374
65527
28
65510
1
50400
65527
28
65510
1
50424
65527
28
65510
1
50449
65527
29
65511
1
50475
65527
29
65511
1
50499
65527
29
65511
1
50524
65527
29
65510
1
50549
65527
29
65510
1
50574
65527
29
65510
1
50599
65527
29
65510
1
50624
65527
29
65510
1
50649
65527
29
65511
1
50674
65527
29
65511
1
50699
65527
29
65511
1
50723
65527
29
65510
1
50749
65527
29
65510
1
50774
65527
29
65510
1
50799
65527
29
65511
1
50824
65527
29
65511
1
50848
65527
29
65511
1
50874
65527
29
65510
1
50898
65527
29
65510
1
50923
65527
29
65511
1
50949
65527
29
65511
1
50973
65527
29
65511
1
50999
65527
29
65511
1
51023
65527
29
65511
1
51048
65527
29
65511
1
51074
65527
29
65511
1
51098
65527
29
65511
1
51123
65527
29
65511
1
51148
65527
29
65511
1
51173
65527
29
65511
1
51198
65527
29
65510
1
51223
65527
29
65510
1
51248
65527
29
65510
1
51273
65527
29
65510
1
51298
65527
29
65510
1
51322
65527
29
65510
1
51348
65527
29
65511
1
51373
65527
29
65511
1
51398
65527
29
65511
1
51423
65527
29
65510
1
51447
65527
29
65510
1
51473
65526
29
65511
1
51497
65526
29
65511
1
51522
65526
29
65511
1
51548
65527
29
65510
1
51572
65527
29
65510
1
51598
65527
29
65510
1
51622
65527
28
65511
1
51647
65527
28
65511
1
51673
65527
28
65511
1
51697
65527
28
65511
1
51722
65527
28
65511
1
51747
65527
29
65510
1
51772
65527
29
65510
1
51798
65527
29
65510
1
51822
65527
29
65511
1
51847
65527
29
65511
1
51872
65527
29
65511
1
51897
65527
29
65510
1
51921
65527
29
65510
1
51947
65527
28
65510
1
51972
65527
28
65510
1
51997
65527
28
65510
1
52022
65527
29
65510
1
52046
65527
29
65510
1
52072
65527
29
65510
1
52097
65527
29
65510
1
52121
65527
29
65510
1
52147
65527
29
65510
1
52171
65527
29
65510
1
52197
65527
29
65510
1
52221
65527
29
65510
1
52246
65527
29
65510
1
52272
65527
29
65510
1
52296
65527
29
65511
1
52321
65527
29
65511
1
52346
65527
29
65511
1
52371
65527
29
65510
1
52397
65527
29
65510
1
52421
65527
29
65510
1
52446
65527
29
65511
1
52471
65527
29
65511
1
52496
65527
29
65511
1
52520
65527
29
65511
1
52546
65527
29
65511
1
52571
65527
29
65510
1
52596
65527
29
65510
1
52621
65527
29
65510
1
52645
65527
29
65511
1
52671
65527
29
65511
1
52696
65527
29
65511
1
52720
65527
29
65511
1
52746
65527
29
65511
1
52770
65527
29
65511
1
52796
65527
29
65511
1
52820
65527
29
65511
1
52845
65527
29
65511
1
52871
65527
29
65511
1
52895
65527
29
65511
1
52920
65527
29
65510
1
52945
65527
29
65510
1
52970
65527
28
65511
1
52996
65527
28
65511
1
53020
65527
28
65511
1
53045
65527
29
65510
1
53070
65527
29
65510
1
53095
65527
29
65510
1
53120
65527
29
65511
1
53145
65527
29
65511
1
53170
65527
29
65511
1
53195
65527
29
65510
1
53220
65527
29
65510
1
53244
65527
29
65511
1
53270
65527
29
65511
1
53295
65527
29
65511
1
53319
65527
29
65510
1
53345
65527
29
65510
1
53369
65527
29
65510
1
53395
65527
29
65510
1
53420
65527
29
65510
1
53444
65527
29
65510
1
53470
65527
29
65511
1
53494
65527
29
65511
1
53519
65528
29
65511
1
53544
65528
29
65511
1
53569
65528
29
65511
1
53595
65527
28
65511
1
53619
65527
28
65511
1
53644
65527
28
65511
1
53669
65527
28
65511
1
53694
65527
28
65511
1
53719
65527
28
65511
1
53744
65527
29
65511
1
53769
65527
29
65511
1
53794
65527
28
65511
1
53819
65527
28
65511
1
53843
65527
28
65511
1
53869
65527
28
65511
1
53894
65527
28
65511
1
53918
65527
28
65511
1
53944
65527
28
65511
1
53968
65527
28
65511
1
53994
65527
28
65511
1
54019
65527
28
65511
1
54043
65527
28
65511
1
54069
65527
28
65511
1
54093
65527
28
65511
1
54118
65527
28
65511
1
54144
65527
29
65511
1
54168
65527
29
65511
1
54194
65527
29
65511
1
54218
65527
28
65510
1
54243
65527
28
65510
1
54268
65526
29
65511
1
54293
65526
29
65511
1
54318
65526
29
65511
1
54343
65527
29
65510
1
54368
65527
29
65510
1
54393
65527
29
65510
1
54418
65527
29
65511
1
54443
65527
29
65511
1
54468
65527
29
65511
1
54493
65527
29
65511
1
54517
65527
29
65511
1
54543
65527
29
65511
1
54567
65527
29
65511
1
54593
65527
29
65511
1
54618
65527
28
65511
1
54642
65527
28
65511
1
54668
65527
28
65511
1
54692
65527
29
65511
1
54717
65527
29
65511
1
54743
65527
29
65511
1
54767
65527
29
65511
1
54793
65527
29
65511
1
54817
65527
29
65511
1
54842
65527
29
65511
1
54867
65527
29
65511
1
54892
65527
29
65511
1
54917
65527
29
65511
1
54942
65527
29
65511
1
54967
65526
28
65511
1
54992
65526
28
65511
1
55017
65526
28
65511
1
55042
65527
28
65511
1
55067
65527
28
65511
1
55092
65527
29
65511
1
55116
65527
29
65511
1
55142
65527
29
65511
1
55166
65527
29
65511
1
55192
65527
29
65511
1
55217
65527
29
65511
1
55241
65527
29
65510
1
55267
65527
29
65510
1
55291
65527
29
65511
1
55316
65527
29
65511
1
55342
65527
29
65511
1
55366
65527
29
65510
1
55392
65527
29
65510
1
55416
65527
29
65510
1
55441
65527
29
65511
1
55467
65527
29
65511
1
55491
65527
29
65511
1
55516
65527
28
65510
1
55541
65527
28
65510
1
55566
65527
29
65510
1
55591
65527
29
65510
1
55616
65527
29
65510
1
55641
65527
29
65511
1
55666
65527
29
65511
1
55691
65527
29
65511
1
55715
65527
29
65511
1
55741
65527
29
65511
1
55766
65527
29
65511
1
55791
65526
29
65512
1
55816
65526
29
65512
1
55840
65526
28
65512
1
55866
65526
28
65512
1
55890
65526
28
65512
1
55915
65525
28
65512
1
55941
65525
28
65512
1
55965
65525
28
65512
1
55991
65525
28
65512
1
56015
65525
28
65512
1
56040
65525
28
65512
1
56066
65525
28
65512
1
56090
65525
28
65512
1
56115
65524
27
65513
1
56140
65524
27
65513
1
56165
65524
27
65513
1
56190
65525
27
65513
1
56215
65525
27
65513
1
56240
65525
27
65513
1
56265
65524
26
65512
1
56290
65524
26
65512
1
56314
65524
26
65512
1
56340
65524
25
65511
1
56365
65524
25
65511
1
56390
65525
26
65510
1
56415
65525
26
65510
1
56439
65525
26
65510
1
56465
65525
27
65509
1
56489
65525
27
65509
1
56514
65525
27
65509
1
56540
65525
28
65508
1
56564
65525
28
65508
1
56590
65525
29
65507
1
56614
65525
29
65507
1
56639
65525
29
65507
1
56665
65525
32
65508
1
56689
65525
32
65508
1
56714
65525
32
65508
1
56739
65525
34
65509
1
56764
65525
34
65509
1
56790
65525
34
65509
1
56814
65525
34
65512
1
56839
65525
34
65512
1
56864
65525
34
65515
1
56889
65525
34
65515
1
56913
65525
34
65515
1
56939
65525
32
65518
1
56964
65525
32
65518
1
56989
65525
32
65518
1
57014
65526
30
65519
1
57038
65526
30
65519
1
57064
65526
30
65519
1
57089
65526
29
65519
1
57113
65526
29
65519
1
57139
65527
29
65520
1
57163
65527
29
65520
1
57189
65527
29
65520
1
57213
65526
28
65523
1
57238
65526
28
65523
1
57264
65526
28
65523
1
57288
65525
25
65525
1
57313
65525
25
65525
1
57338
65525
25
65525
1
57363
65524
22
65525
1
57389
65524
22
65525
1
57413
65524
20
65524
1
57438
65524
20
65524
1
57463
65524
20
65524
1
57488
65525
20
65524
1
57512
65525
20
65524
1
57538
65525
20
65524
1
57563
65526
20
65523
1
57588
65526
20
65523
1
57613
65526
20
65523
1
57637
65527
19
65524
1
57663
65527
19
65524
1
57688
65527
18
65523
1
57712
65527
18
65523
1
57738
65527
18
65523
1
57762
65526
17
65523
1
57788
65526
17
65523
1
57812
65526
17
65523
1
57837
65526
16
65522
1
57863
65526
16
65522
1
57887
65525
16
65520
1
57912
65525
16
65520
1
57937
65525
16
65520
1
57962
65525
16
65520
1
57988
65525
16
65520
1
58012
65525
16
65520
1
58037
65525
16
65519
1
58062
65525
16
65519
1
58087
65525
16
65519
1
58112
65523
16
65519
1
58137
65523
16
65519
1
58162
65523
16
65518
1
58187
65523
16
65518
1
58212
65523
16
65518
1
58236
65523
16
65517
1
58262
65523
16
65517
1
58287
65523
16
65517
1
58311
65523
16
65517
1
58337
65523
16
65517
1
58361
65523
16
65517
1
58387
65523
17
65517
1
58412
65523
17
65517
1
58436
65522
16
65517
1
58462
65522
16
65517
1
58486
65522
16
65517
1
58511
65522
17
65517
1
58536
65522
17
65517
1
58561
65522
17
65517
1
58587
65522
17
65517
1
58611
65522
17
65517
1
58636
65522
17
65517
1
58661
65522
17
65517
1
58686
65522
17
65517
1
58711
65522
17
65516
1
58736
65522
17
65516
1
58761
65522
17
65516
1
58786
65522
17
65517
1
58811
65522
17
65517
1
58835
65522
17
65517
1
58861
65522
17
65517
1
58886
65522
17
65517
1
58910
65522
17
65517
1
58936
65522
17
65517
1
58960
65522
17
65517
1
58986
65522
17
65517
1
59011
65522
17
65517
1
59035
65522
17
65517
1
59061
65522
17
65516
1
59085
65522
17
65516
1
59110
65522
17
65516
1
59136
65522
17
65517
1
59160
65522
17
65517
1
59186
65522
17
65517
1
59210
65522
17
65517
1
59235
65522
17
65517
1
59260
65522
17
65517
1
59285
65522
17
65517
1
59310
65522
17
65517
1
59335
65522
17
65517
1
59360
65522
17
65517
1
59385
65522
17
65517
1
59410
65522
17
65517
1
59435
65522
17
65517
1
59460
65522
17
65517
1
59485
65522
17
65517
1
59509
65522
17
65517
1
59535
65522
17
65516
1
59559
65522
17
65516
1
59585
65522
17
65516
1
59610
65522
17
65517
1
59634
65522
17
65517
1
59660
65522
17
65517
1
59684
65522
17
65517
1
59709
65522
17
65517
1
59735
65522
17
65517
1
59759
65522
17
65517
1
59785
65522
17
65517
1
59809
65522
17
65517
1
59834
65522
17
65517
1
59859
65522
17
65517
1
59884
65522
17
65517
1
59909
65522
17
65517
1
59934
65522
17
65517
1
59959
65522
17
65517
1
59984
65522
17
65517
1
60009
65522
17
65517
1
60034
65522
17
65517
1
60059
65522
17
65517
1
60084
65522
17
65516
1
60108
65522
17
65516
1
60134
65522
17
65516
1
60158
65522
17
65517
1
60184
65522
17
65517
1
60209
65522
17
65516
1
60233
65522
17
65516
1
60259
65522
17
65516
1
60283
65522
17
65517
1
60308
65522
17
65517
1
60334
65522
17
65517
1
60358
65522
17
65516
1
60384
65522
17
65516
1
60408
65522
17
65516
1
60433
65522
17
65516
1
60459
65522
17
65516
1
60483
65522
17
65517
1
60508
65522
17
65517
1
60533
65522
17
65517
1
60558
65522
17
65516
1
60583
65522
17
65516
1
60608
65522
17
65516
1
60633
65522
17
65517
1
60658