65522
17
65517
1
60683
65522
17
65517
1
60707
65522
17
65517
1
60733
65522
17
65517
1
60758
65522
17
65517
1
60783
65522
17
65517
1
60808
65522
17
65517
1
60832
65522
17
65516
1
60858
65522
17
65516
1
60882
65522
17
65516
1
60907
65522
17
65516
1
60933
65522
17
65516
1
60957
65522
17
65516
1
60983
65522
17
65517
1
61007
65522
17
65517
1
61032
65522
17
65517
1
61058
65522
17
65517
1
61082
65522
17
65517
1
61107
65522
17
65517
1
61132
65522
17
65517
1
61157
65522
17
65517
1
61182
65522
17
65517
1
61207
65522
17
65517
1
61232
65522
17
65517
1
61257
65522
17
65516
1
61282
65522
17
65516
1
61306
65522
17
65517
1
61332
65522
17
65517
1
61357
65522
17
65517
1
61382
65522
17
65517
1
61407
65522
17
65517
1
61431
65522
17
65517
1
61457
65522
17
65517
1
61481
65522
17
65517
1
61506
65522
17
65517
1
61532
65522
17
65517
1
61556
65522
17
65517
1
61582
65522
17
65516
1
61606
65522
17
65516
1
61631
65522
17
65516
1
61657
65522
17
65517
1
61681
65522
17
65517
1
61706
65522
17
65517
1
61731
65522
17
65516
1
61756
65522
17
65516
1
61782
65522
17
65517
1
61806
65522
17
65517
1
61831
65522
17
65517
1
61856
65522
18
65517
1
61881
65522
18
65517
1
61905
65522
18
65517
1
61931
65522
18
65516
1
61956
65522
18
65516
1
61981
65522
18
65516
1
62006
65522
17
65517
1
62030
65522
17
65517
1
62056
65522
17
65516
1
62081
65522
17
65516
1
62105
65522
17
65516
1
62131
65522
17
65517
1
62155
65522
17
65517
1
62181
65522
17
65517
1
62205
65522
17
65516
1
62230
65522
17
65516
1
62256
65522
17
65516
1
62280
65522
17
65517
1
62305
65522
17
65517
1
62330
65522
17
65517
1
62355
65522
17
65517
1
62381
65522
17
65517
1
62405
65522
17
65516
1
62430
65522
17
65516
1
62455
65522
17
65516
1
62480
65522
17
65517
1
62504
65522
17
65517
1
62530
65522
17
65517
1
62555
65522
17
65517
1
62580
65522
17
65517
1
62605
65522
17
65517
1
62629
65522
17
65517
1
62655
65522
17
65517
1
62680
65522
17
65517
1
62704
65522
17
65517
1
62730
65522
17
65517
1
62754
65522
17
65516
1
62780
65522
17
65516
1
62804
65522
17
65517
1
62829
65522
17
65517
1
62855
65522
17
65517
1
62879
65522
17
65516
1
62904
65522
17
65516
1
62929
65522
17
65516
1
62954
65522
17
65517
1
62980
65522
17
65517
1
63004
65522
17
65517
1
63029
65522
17
65517
1
63054
65522
17
65517
1
63079
65522
17
65516
1
63104
65522
17
65516
1
63129
65522
17
65516
1
63154
65522
17
65517
1
63179
65522
17
65517
1
63204
65522
17
65517
1
63228
65522
18
65516
1
63254
65522
18
65516
1
63279
65522
18
65516
1
63303
65522
17
65517
1
63329
65522
17
65517
1
63353
65522
17
65517
1
63379
65522
17
65517
1
63404
65522
17
65517
1
63428
65522
17
65517
1
63454
65522
17
65517
1
63478
65522
17
65517
1
63503
65522
17
65517
1
63528
65522
17
65517
1
63553
65522
17
65517
1
63579
65522
17
65517
1
63603
65522
17
65517
1
63628
65522
17
65517
1
63653
65522
17
65517
1
63678
65522
17
65517
1
63703
65522
17
65517
1
63728
65522
17
65517
1
63753
65522
17
65517
1
63778
65522
18
65516
1
63803
65522
18
65516
1
63827
65522
17
65517
1
63853
65522
17
65517
1
63878
65522
17
65517
1
63902
65522
17
65517
1
63928
65522
17
65517
1
63952
65522
17
65517
1
63978
65522
17
65517
1
64003
65522
17
65517
1
64027
65522
17
65517
1
64053
65522
17
65516
1
64077
65522
17
65516
1
64102
65522
17
65517
1
64128
65522
17
65517
1
64152
65522
17
65517
1
64178
65522
17
65517
1
64202
65522
17
65517
1
64227
65522
17
65517
1
64252
65522
18
65517
1
64277
65522
18
65517
1
64302
65522
18
65517
1
64327
65522
17
65517
1
64352
65522
17
65517
1
64377
65522
17
65516
1
64402
65522
17
65516
1
64427
65522
17
65516
1
64452
65522
17
65517
1
64477
65522
17
65517
1
64501
65522
17
65517
1
64527
65522
17
65517
1
64551
65522
17
65517
1
64577
65522
17
65517
1
64602
65522
18
65516
1
64626
65522
18
65516
1
64652
65522
17
65517
1
64676
65522
17
65517
1
64701
65522
17
65517
1
64727
65522
17
65516
1
64751
65522
17
65516
1
64777
65522
17
65516
1
64801
65522
17
65517
1
64826
65522
17
65517
1
64851
65522
17
65517
1
64876
65522
17
65516
1
64901
65522
17
65516
1
64926
65522
17
65516
1
64951
65522
17
65516
1
64976
65522
17
65516
1
65001
65522
17
65517
1
65026
65522
17
65517
1
65051
65522
17
65517
1
65076
65522
17
65516
1
65100
65522
17
65516
1
65126
65522
17
65517
1
65150
65522
17
65517
1
65176
65522
17
65517
1
65201
65522
17
65516
1
65225
65522
17
65516
1
65251
65522
17
65516
1
65275
65522
17
65516
1
65300
65522
17
65516
1
65326
65522
17
65516
1
65350
65522
17
65517
1
65376
65522
17
65517
1
65400
65522
17
65516
1
65425
65522
17
65516
1
65451
65522
17
65516
1
65475
65522
17
65517
1
65500
65522
17
65517
1
65525
65522
17
65517
1
14
65522
17
65516
1
36
65522
17
65516
1
58
65522
17
65516
1
79
65522
17
65516
1
102
65522
17
65516
1
124
65522
17
65516
1
147
65522
17
65517
1
171
65522
17
65517
1
193
65522
17
65517
1
216
65522
18
65516
1
239
65522
18
65516
1
262
65522
18
65516
1
284
65522
17
65517
1
308
65522
17
65517
1
330
65522
17
65517
1
353
65522
17
65516
1
376
65522
17
65516
1
399
65522
17
65516
1
421
65522
17
65517
1
445
65522
17
65517
1
467
65522
17
65517
1
490
65522
17
65516
1
514
65522
17
65516
1
536
65522
17
65516
1
559
65522
17
65516
1
582
65522
17
65516
1
605
65522
17
65516
1
627
65522
17
65517
1
651
65522
17
65517
1
673
65522
17
65517
1
696
65522
17
65516
1
719
65522
17
65516
1
742
65522
17
65516
1
764
65522
17
65516
1
788
65522
17
65516
1
811
65522
17
65516
1
834
65522
17
65516
1
857
65522
17
65516
1
879
65522
17
65516
1
903
65522
17
65516
1
925
65522
17
65516
1
948
65522
17
65516
1
971
65522
17
65516
1
994
65522
17
65516
1
1016
65522
17
65516
1
1041
65522
17
65516
1
1064
65522
17
65516
1
1088
65522
17
65516
1
1113
65522
17
65516
1
1136
65522
17
65516
1
1160
65522
17
65516
1
1184
65522
17
65516
1
1208
65522
17
65516
1
1231
65522
17
65516
1
1256
65522
17
65516
1
1280
65522
17
65516
1
1304
65522
17
65516
1
1328
65522
17
65516
1
1351
65522
17
65516
1
1376
65522
17
65516
1
1399
65522
17
65516
1
1423
65522
17
65516
1
1447
65522
17
65516
1
1471
65522
17
65516
1
1495
65522
17
65516
1
1519
65522
17
65516
1
1543
65522
17
65516
1
1567
65522
17
65516
1
1591
65522
17
65516
1
1614
65522
17
65516
1
1639
65522
17
65516
1
1662
65522
17
65516
1
1686
65522
17
65516
1
1711
65522
17
65516
1
1734
65522
17
65516
1
1758
65522
17
65516
1
1782
65522
17
65517
1
1806
65522
17
65517
1
1829
65522
17
65517
1
1854
65522
18
65516
1
1878
65522
18
65516
1
1902
65522
18
65516
1
1926
65522
17
65516
1
1949
65522
17
65516
1
1974
65522
17
65516
1
1997
65522
17
65517
1
2021
65522
17
65517
1
2045
65522
17
65517
1
2069
65522
17
65516
1
2093
65522
17
65516
1
2117
65522
17
65516
1
2141
65522
17
65516
1
2165
65522
17
65516
1
2189
65522
17
65516
1
2212
65522
17
65516
1
2237
65522
17
65516
1
2260
65522
17
65516
1
2284
65522
17
65516
1
2309
65522
17
65516
1
2332
65522
17
65516
1
2356
65522
17
65516
1
2380
65522
17
65516
1
2404
65522
17
65516
1
2427
65522
17
65516
1
2452
65522
17
65516
1
2476
65522
17
65517
1
2500
65522
17
65517
1
2524
65522
17
65517
1
2547
65522
17
65516
1
2572
65522
17
65516
1
2595
65522
17
65517
1
2619
65522
17
65517
1
2643
65522
17
65517
1
2667
65522
18
65516
1
2691
65522
18
65516
1
2715
65522
18
65516
1
2739
65522
17
65516
1
2762
65522
17
65516
1
2787
65522
17
65516
1
2810
65522
17
65517
1
2835
65522
17
65517
1
2859
65522
17
65517
1
2882
65522
18
65516
1
2907
65522
18
65516
1
2930
65522
18
65516
1
2954
65522
17
65517
1
2978
65522
17
65517
1
3002
65522
17
65517
1
3025
65522
17
65516
1
3050
65522
17
65516
1
3074
65522
17
65516
1
3098
65522
17
65516
1
3122
65522
17
65516
1
3145
65522
17
65516
1
3170
65522
17
65516
1
3193
65522
17
65516
1
3217
65522
17
65516
1
3241
65522
17
65516
1
3265
65522
17
65516
1
3289
65522
17
65517
1
3313
65522
17
65517
1
3337
65522
17
65517
1
3360
65522
17
65516
1
3385
65522
17
65516
1
3408
65522
17
65516
1
3433
65522
17
65516
1
3457
65522
17
65516
1
3480
65522
17
65516
1
3505
65522
17
65517
1
3528
65522
17
65517
1
3552
65522
17
65516
1
3576
65522
17
65516
1
3600
65522
17
65516
1
3623
65522
17
65516
1
3648
65522
17
65516
1
3672
65522
17
65516
1
3696
65523
17
65516
1
3720
65523
17
65516
1
3743
65523
17
65516
1
3768
65522
17
65517
1
3791
65522
17
65517
1
3815
65522
17
65517
1
3840
65522
17
65516
1
3863
65522
17
65516
1
3887
65522
17
65516
1
3911
65522
17
65517
1
3935
65522
17
65517
1
3958
65522
17
65517
1
3983
65522
17
65516
1
4006
65522
17
65516
1
4031
65522
17
65516
1
4055
65522
17
65516
1
4078
65522
17
65516
1
4103
65522
17
65516
1
4126
65522
17
65516
1
4150
65522
17
65516
1
4174
65522
17
65516
1
4198
65522
17
65516
1
4221
65522
17
65516
1
4246
65522
17
65516
1
4270
65522
17
65516
1
4293
65522
17
65516
1
4318
65522
17
65516
1
4341
65522
17
65516
1
4366
65522
17
65516
1
4389
65522
17
65516
1
4413
65522
17
65516
1
4438
65522
17
65516
1
4461
65522
17
65516
1
4485
65522
17
65516
1
4509
65522
17
65516
1
4533
65522
17
65516
1
4556
65522
17
65516
1
4581
65522
17
65516
1
4604
65522
17
65516
1
4629
65522
17
65516
1
4653
65522
17
65517
1
4676
65522
17
65517
1
4701
65522
17
65517
1
4724
65522
17
65516
1
4748
65522
17
65516
1
4772
65522
17
65516
1
4796
65522
17
65517
1
4819
65522
17
65517
1
4844
65522
17
65517
1
4868
65522
17
65516
1
4891
65522
17
65516
1
4916
65522
17
65516
1
4939
65522
17
65517
1
4964
65522
17
65517
1
4987
65522
17
65517
1
5011
65522
17
65517
1
5036
65522
17
65517
1
5059
65522
17
65516
1
5083
65522
17
65516
1
5107
65522
17
65516
1
5131
65522
17
65517
1
5154
65522
17
65517
1
5179
65522
17
65517
1
5202
65522
17
65516
1
5227
65522
17
65516
1
5251
65522
17
65516
1
5274
65522
17
65517
1
5299
65522
17
65517
1
5322
65522
17
65517
1
5346
65522
17
65516
1
5370
65522
17
65516
1
5394
65522
17
65516
1
5417
65522
17
65516
1
5442
65522
17
65516
1
5466
65522
17
65516
1
5489
65522
17
65516
1
5514
65522
17
65516
1
5537
65522
17
65516
1
5562
65522
17
65516
1
5585
65522
17
65516
1
5609
65522
17
65517
1
5634
65522
17
65517
1
5657
65522
17
65517
1
5681
65522
17
65516
1
5705
65522
17
65516
1
5729
65522
17
65516
1
5752
65522
17
65516
1
5777
65522
17
65516
1
5800
65522
17
65516
1
5824
65522
17
65516
1
5849
65522
17
65516
1
5872
65522
17
65516
1
5897
65522
17
65516
1
5920
65522
17
65516
1
5944
65522
17
65517
1
5968
65522
17
65517
1
5992
65522
17
65517
1
6016
65522
18
65516
1
6040
65522
18
65516
1
6064
65522
18
65516
1
6087
65522
17
65516
1
6112
65522
17
65516
1
6135
65522
17
65516
1
6160
65522
17
65517
1
6183
65522
17
65517
1
6207
65522
17
65517
1
6232
65522
17
65516
1
6255
65522
17
65516
1
6279
65522
17
65516
1
6303
65522
17
65516
1
6327
65522
17
65516
1
6350
65522
17
65516
1
6375
65522
17
65516
1
6398
65522
17
65516
1
6422
65522
17
65516
1
6447
65522
17
65516
1
6470
65522
17
65516
1
6495
65522
17
65517
1
6518
65522
17
65517
1
6542
65522
17
65517
1
6566
65522
17
65516
1
6590
65522
17
65516
1
6614
65522
17
65516
1
6638
65522
17
65516
1
6662
65522
17
65516
1
6685
65522
17
65516
1
6710
65522
17
65516
1
6733
65522
17
65516
1
6758
65522
17
65516
1
6781
65522
17
65517
1
6805
65522
17
65517
1
6830
65522
17
65517
1
6853
65522
17
65517
1
6877
65522
17
65517
1
6901
65522
17
65516
1
6925
65522
17
65516
1
6948
65522
17
65516
1
6973
65522
17
65516
1
6996
65522
17
65516
1
7020
65522
17
65516
1
7045
65522
17
65516
1
7068
65522
17
65516
1
7093
65522
17
65516
1
7116
65522
17
65517
1
7140
65522
17
65517
1
7164
65522
17
65517
1
7188
65522
17
65516
1
7212
65522
17
65516
1
7236
65522
17
65516
1
7260
65522
17
65516
1
7283
65522
17
65516
1
7308
65522
17
65516
1
7331
65522
17
65516
1
7355
65522
17
65516
1
7379
65522
17
65516
1
7403
65522
17
65516
1
7428
65522
17
65516
1
7451
65522
17
65517
1
7475
65522
17
65517
1
7499
65522
17
65517
1
7523
65522
17
65516
1
7546
65522
17
65516
1
7571
65522
17
65516
1
7595
65522
17
65517
1
7618
65522
17
65517
1
7643
65522
17
65517
1
7666
65522
17
65517
1
7691
65522
17
65517
1
7714
65522
17
65517
1
7738
65522
17
65516
1
7762
65522
17
65516
1
7786
65522
17
65516
1
7810
65522
17
65516
1
7834
65522
17
65516
1
7858
65522
17
65516
1
7881
65522
17
65516
1
7906
65522
17
65516
1
7929
65522
17
65517
1
7953
65522
17
65517
1
7977
65522
17
65517
1
8001
65522
17
65517
1
8026
65522
17
65517
1
8049
65522
17
65517
1
8073
65522
17
65516
1
8097
65522
17
65516
1
8121
65522
17
65516
1
8144
65522
17
65517
1
8169
65522
17
65517
1
8193
65522
17
65517
1
8216
65522
17
65517
1
8241
65522
17
65517
1
8264
65522
17
65517
1
8289
65522
17
65517
1
8312
65522
17
65517
1
8336
65522
17
65517
1
8360
65522
17
65517
1
8384
65522
17
65517
1
8408
65522
17
65517
1
8432
65522
17
65517
1
8456
65522
17
65517
1
8479
65522
17
65517
1
8504
65522
17
65517
1
8527
65522
17
65517
1
8551
65522
17
65517
1
8576
65522
17
65517
1
8599
65522
17
65517
1
8624
65522
17
65517
1
8647
65522
17
65517
1
8671
65522
17
65517
1
8695
65522
17
65517
1
8719
65522
17
65517
1
8742
65522
17
65517
1
8767
65522
17
65517
1
8791
65522
17
65517
1
8814
65522
17
65517
1
8839
65522
17
65517
1
8862
65522
17
65517
1
8886
65522
17
65517
1
8910
65522
17
65517
1
8934
65522
17
65517
1
8958
65522
17
65517
1
8982
65522
17
65517
1
9006
65522
17
65517
1
9030
65523
17
65517
1
9054
65523
17
65517
1
9077
65523
17
65517
1
9102
65522
16
65517
1
9125
65522
16
65517
1
9149
65522
16
65517
1
9174
65523
16
65517
1
9197
65523
16
65517
1
9222
65523
16
65517
1
9245
65523
16
65517
1
9269
65523
16
65517
1
9293
65523
16
65517
1
9317
65523
16
65517
1
9340
65523
16
65517
1
9365
65523
17
65517
1
9389
65523
17
65517
1
9412
65523
17
65517
1
9437
65523
16
65517
1
9460
65523
16
65517
1
9484
65523
16
65517
1
9508
65523
16
65518
1
9532
65523
16
65518
1
9556
65523
16
65518
1
9580
65523
16
65517
1
9604
65523
16
65517
1
9628
65523
16
65517
1
9652
65523
16
65518
1
9675
65523
16
65518
1
9700
65523
16
65518
1
9723
65523
16
65518
1
9747
65523
16
65518
1
9772
65523
16
65518
1
9795
65523
16
65518
1
9820
65523
16
65518
1
9843
65524
16
65518
1
9867
65524
16
65518
1
9891
65524
16
65518
1
9915
65524
16
65518
1
9938
65524
16
65518
1
9963
65524
16
65518
1
9987
65524
16
65519
1
10010
65524
16
65519
1
10036
65524
16
65519
1
10060
65524
16
65519
1
10086
65524
16
65519
1
10110
65524
15
65520
1
10135
65524
15
65520
1
10161
65524
15
65520
1
10185
65525
16
65520
1
10210
65525
16
65520
1
10235
65525
16
65520
1
10260
65525
16
65520
1
10286
65525
16
65520
1
10310
65525
16
65520
1
10335
65525
15
65521
1
10360
65525
15
65521
1
10385
65525
16
65522
1
10409
65525
16
65522
1
10435
65525
16
65522
1
10460
65525
16
65523
1
10485
65525
16
65523
1
10510
65525
16
65523
1
10534
65525
17
65523
1
10560
65525
17
65523
1
10585
65525
17
65524
1
10609
65525
17
65524
1
10635
65525
17
65524
1
10659
65526
17
65524
1
10685
65526
17
65524
1
10710
65526
17
65524
1
10734
65525
18
65525
1
10760
65525
18
65525
1
10784
65525
18
65525
1
10809
65524
18
65526
1
10834
65524
18
65526
1
10859
65524
19
65525
1
10885
65524
19
65525
1
10909
65524
19
65525
1
10934
65523
19
65525
1
10959
65523
19
65525
1
10984
65523
19
65525
1
11009
65523
19
65524
1
11034
65523
19
65524
1
11059
65523
19
65524
1
11084
65523
20
65524
1
11109
65523
20
65524
1
11133
65523
20
65524
1
11159
65523
20
65524
1
11184
65523
20
65524
1
11208
65523
20
65524
1
11234
65523
20
65524
1
11258
65523
20
65524
1
11284
65523
21
65525
1
11309
65523
21
65525
1
11333
65523
21
65525
1
11359
65523
23
65524
1
11383
65523
23
65524
1
11408
65524
24
65524
1
11433
65524
24
65524
1
11458
65524
24
65524
1
11484
65525
26
65524
1
11508
65525
26
65524
1
11533
65525
26
65524
1
11558
65526
27
65523
1
11583
65526
27
65523
1
11608
65526
27
65523
1
11633
65526
28
65523
1
11658
65526
28
65523
1
11683
65526
29
65522
1
11708
65526
29
65522
1
11732
65526
29
65522
1
11758
65525
30
65520
1
11783
65525
30
65520
1
11807
65525
30
65520
1
11833
65524
31
65519
1
11857
65524
31
65519
1
11883
65525
32
65516
1
11908
65525
32
65516
1
11932
65525
32
65516
1
11958
65525
32
65515
1
11982
65525
32
65515
1
12007
65525
32
65515
1
12033
65525
32
65513
1
12057
65525
32
65513
1
12083
65525
32
65513
1
12107
65525
31
65512
1
12132
65525
31
65512
1
12157
65525
30
65511
1
12182
65525
30
65511
1
12207
65525
30
65511
1
12232
65524
29
65510
1
12257
65524
29
65510
1
12282
65524
29
65510
1
12307
65524
28
65511
1
12332
65524
28
65511
1
12357
65524
28
65511
1
12382
65523
27
65511
1
12406
65523
27
65511
1
12432
65523
26
65511
1
12456
65523
26
65511
1
12482
65523
26
65511
1
12507
65522
26
65512
1
12531
65522
26
65512
1
12557
65522
26
65512
1
12581
65522
26
65512
1
12606
65522
26
65512
1
12632
65522
26
65512
1
12656
65522
26
65512
1
12682
65522
26
65512
1
12706
65522
26
65512
1
12731
65522
26
65512
1
12756
65522
26
65512
1
12781
65522
26
65512
1
12806
65522
26
65512
1
12831
65522
26
65512
1
12856
65522
26
65512
1
12881
65522
26
65512
1
12906
65522
26
65512
1
12931
65522
26
65512
1
12956
65522
26
65512
1
12981
65523
26
65512
1
13005
65523
26
65512
1
13031
65523
26
65512
1
13056
65524
26
65512
1
13081
65524
26
65512
1
13106
65524
26
65512
1
13130
65524
25
65512
1
13156
65524
25
65512
1
13180
65524
25
65512
1
13205
65524
25
65512
1
13231
65524
25
65512
1
13255
65524
26
65512
1
13281
65524
26
65512
1
13305
65524
26
65512
1
13330
65525
25
65513
1
13356
65525
25
65513
1
13380
65525
25
65513
1
13405
65525
25
65512
1
13430
65525
25
65512
1
13455
65525
25
65514
1
13480
65525
25
65514
1
13505
65525
25
65514
1
13530
65525
25
65513
1
13555
65525
25
65513
1
13580
65525
25
65513
1
13604
65525
25
65513
1
13630
65525
25
65513
1
13655
65525
25
65513
1
13680
65526
25
65513
1
13705
65526
25
65513
1
13729
65526
25
65513
1
13755
65526
25
65513
1
13779
65526
25
65513
1
13804
65526
25
65513
1
13830
65526
25
65513
1
13854
65526
25
65513
1
13880
65526
25
65513
1
13904
65526
25
65513
1
13929
65526
25
65513
1
13955
65526
25
65513
1
13979
65526
25
65513
1
14004
65526
25
65513
1
14029
65526
25
65513
1
14054
65526
25
65513
1
14080
65526
25
65513
1
14104
65526
25
65513
1
14129
65526
25
65513
1
14154
65526
25
65513
1
14179
65526
25
65513
1
14203
65526
25
65513
1
14229
65526
25
65513
1
14254
65526
25
65513
1
14279
65526
24
65513
1
14304
65526
24
65513
1
14328
65526
24
65513
1
14354
65526
25
65513
1
14379
65526
25
65513
1
14403
65526
25
65513
1
14429
65526
25
65513
1
14453
65526
25
65513
1
14479
65526
25
65513
1
14503
65526
25
65513
1
14528
65526
25
65513
1
14554
65526
25
65513
1
14578
65526
25
65513
1
14603
65526
25
65513
1
14628
65526
25
65513
1
14653
65526
25
65513
1
14679
65526
25
65513
1
14703
65526
24
65513
1
14728
65526
24
65513
1
14753
65526
25
65513
1
14778
65526
25
65513
1
14802
65526
25
65513
1
14828
65526
25
65513
1
14853
65526
25
65513
1
14878
65526
25
65513
1
14903
65526
24
65513
1
14927
65526
24
65513
1
14953
65526
24
65513
1
14978
65526
25
65513
1
15002
65526
25
65513
1
15028
65526
25
65513
1
15052
65526
25
65513
1
15078
65526
25
65513
1
15102
65526
25
65513
1
15127
65526
25
65513
1
15153
65526
25
65513
1
15177
65526
25
65513
1
15202
65526
25
65513
1
15227
65526
25
65513
1
15252
65526
25
65513
1
15278
65526
25
65513
1
15302
65526
24
65513
1
15327
65526
24
65513
1
15352
65526
24
65513
1
15377
65526
25
65513
1
15401
65526
25
65513
1
15427
65526
25
65513
1
15452
65526
25
65513
1
15477
65526
25
65513
1
15502
65526
24
65513
1
15526
65526
24
65513
1
15552
65526
24
65513
1
15577
65526
25
65513
1
15601
65526
25
65513
1
15627
65526
25
65513
1
15651
65526
25
65513
1
15677
65526
25
65513
1
15702
65526
25
65513
1
15726
65526
25
65513
1
15752
65526
25
65513
1
15776
65526
25
65513
1
15801
65526
25
65513
1
15826
65526
25
65513
1
15851
65527
25
65513
1
15877
65527
25
65513
1
15901
65527
25
65513
1
15926
65526
25
65513
1
15951
65526
25
65513
1
15976
65526
25
65513
1
16001
65526
24
65513
1
16026
65526
24
65513
1
16051
65526
25
65513
1
16076
65526
25
65513
1
16101
65526
25
65513
1
16125
65526
24
65513
1
16151
65526
24
65513
1
16176
65526
24
65513
1
16200
65526
25
65513
1
16226
65526
25
65513
1
16250
65526
25
65513
1
16276
65526
25
65513
1
16301
65526
25
65513
1
16325
65526
25
65513
1
16351
65526
25
65513
1
16375
65526
25
65513
1
16400
65526
25
65513
1
16425
65526
25
65513
1
16450
65526
25
65513
1
16476
65527
25
65513
1
16500
65527
25
65513
1
16525
65527
25
65513
1
16550
65526
25
65513
1
16575
65526
25
65513
1
16600
65526
25
65513
1
16625
65526
25
65513
1
16650
65526
25
65513
1
16675
65526
25
65513
1
16700
65526
25
65513
1
16724
65526
25
65513
1
16750
65526
25
65513
1
16775
65526
25
65513
1
16799
65526
24
65513
1
16825
65526
24
65513
1
16849
65526
24
65513
1
16875
65526
25
65513
1
16900
65526
25
65513
1
16924
65526
25
65513
1
16950
65526
25
65513
1
16974
65526
25
65513
1
16999
65526
25
65513
1
17025
65526
25
65513
1
17049
65526
25
65513
1
17075
65526
25
65513
1
17099
65526
25
65513
1
17124
65526
25
65513
1
17149
65526
25
65513
1
17174
65526
25
65513
1
17199
65526
25
65513
1
17224
65526
25
65513
1
17249
65526
25
65513
1
17274
65526
25
65513
1
17299
65526
25
65513
1
17324
65526
25
65513
1
17349
65526
25
65513
1
17374
65526
25
65513
1
17398
65526
25
65513
1
17424
65526
25
65513
1
17448
65526
25
65513
1
17474
65526
25
65513
1
17499
65526
25
65514
1
17523
65526
25
65514
1
17549
65526
25
65514
1
17573
65526
25
65513
1
17598
65526
25
65513
1
17624
65526
25
65513
1
17648
65526
25
65513
1
17674
65526
25
65513
1
17698
65526
25
65513
1
17723
65526
25
65513
1
17748
65526
25
65513
1
17773
65526
25
65513
1
17798
65526
25
65513
1
17823
65526
25
65513
1
17848
65526
25
65513
1
17873
65526
25
65513
1
17898
65527
25
65513
1
17923
65527
25
65513
1
17948
65527
25
65513
1
17973
65526
25
65513
1
17997
65526
25
65513
1
18023
65526
25
65513
1
18048
65526
25
65513
1
18073
65526
25
65513
1
18098
65526
25
65513
1
18122
65526
25
65513
1
18148
65526
25
65513
1
18172
65526
24
65513
1
18197
65526
24
65513
1
18223
65526
24
65513
1
18247
65526
25
65513
1
18273
65526
25
65513
1
18297
65526
25
65513
1
18322
65526
25
65513
1
18348
65526
25
65513
1
18372
65527
24
65513
1
18397
65527
24
65513
1
18422
65527
24
65513
1
18447
65526
24
65513
1
18472
65526
24
65513
1
18497
65526
24
65513
1
18522
65526
25
65513
1
18547
65526
25
65513
1
18572
65526
25
65513
1
18596
65526
24
65513
1
18622
65526
24
65513
1
18647
65526
25
65513
1
18672
65526
25
65513
1
18697
65526
25
65513
1
18721
65526
25
65513
1
18747
65526
25
65513
1
18771
65526
25
65513
1
18796
65526
25
65513
1
18822
65526
25
65513
1
18846
65526
25
65513
1
18872
65526
25
65513
1
18896
65526
25
65513
1
18921
65526
25
65513
1
18947
65526
25
65513
1
18971
65526
25
65513
1
18996
65526
25
65513
1
19021
65526
25
65513
1
19046
65526
25
65513
1
19072
65527
25
65513
1
19096
65527
25
65513
1
19121
65527
25
65513
1
19146
65526
25
65513
1
19171
65526
25
65513
1
19195
65526
25
65513
1
19221
65526
25
65513
1
19246
65526
25
65513
1
19271
65526
24
65513
1
19296
65526
24
65513
1
19320
65526
24
65513
1
19346
65526
25
65513
1
19371
65526
25
65513
1
19395
65527
25
65513
1
19421
65527
25
65513
1
19445
65527
25
65513
1
19471
65526
24
65513
1
19495
65526
24
65513
1
19520
65526
24
65513
1
19546
65527
25
65513
1
19570
65527
25
65513
1
19595
65527
25
65513
1
19620
65526
25
65513
1
19645
65526
25
65513
1
19671
65526
25
65513
1
19695
65526
25
65513
1
19720
65526
25
65513
1
19745
65526
24
65513
1
19770
65526
24
65513
1
19794
65526
24
65513
1
19820
65526
24
65513
1
19845
65526
24
65513
1
19870
65526
24
65513
1
19895
65527
25
65513
1
19919
65527
25
65513
1
19945
65526
24
65513
1
19970
65526
24
65513
1
19994
65526
24
65513
1
20020
65526
25
65513
1
20044
65526
25
65513
1
20070
65526
25
65513
1
20094
65526
25
65513
1
20119
65526
25
65513
1
20145
65526
25
65513
1
20169
65526
25
65513
1
20194
65526
25
65513
1
20219
65527
25
65513
1
20244
65527
25
65513
1
20270
65527
25
65513
1
20294
65527
25
65513
1
20319
65527
25
65513
1
20344
65527
25
65513
1
20369
65526
25
65513
1
20393
65526
25
65513
1
20419
65526
24
65513
1
20444
65526
24
65513
1
20469
65526
24
65513
1
20494
65526
24
65513
1
20518
65526
24
65513
1
20544
65526
24
65513
1
20569
65526
25
65513
1
20593
65526
25
65513
1
20619
65526
25
65513
1
20643
65526
25
65513
1
20669
65526
25
65513
1
20694
65526
25
65513
1
20718
65526
25
65513
1
20744
65526
25
65513
1
20768
65526
25
65513
1
20793
65526
25
65513
1
20818
65526
25
65513
1
20843
65526
25
65513
1
20869
65526
25
65513
1
20893
65526
25
65513
1
20918
65526
24
65513
1
20943
65526
24
65513
1
20968
65526
25
65513
1
20993
65526
25
65513
1
21018
65526
25
65513
1
21043
65526
25
65513
1
21068
65526
25
65513
1
21093
65526
25
65513
1
21117
65526
25
65513
1
21143
65526
25
65513
1
21168
65526
25
65513
1
21192
65527
25
65513
1
21218
65527
25
65513
1
21242
65526
25
65513
1
21268
65526
25
65513
1
21293
65526
25
65513
1
21317
65526
25
65513
1
21343
65526
25
65513
1
21367
65526
25
65513
1
21392
65526
24
65513
1
21417
65526
24
65513
1
21442
65526
24
65513
1
21468
65526
24
65513
1
21492
65526
24
65513
1
21517
65526
25
65513
1
21542
65526
25
65513
1
21567
65526
25
65513
1
21592
65526
25
65513
1
21617
65526
25
65513
1
21642
65526
25
65513
1
21667
65526
25
65513
1
21692
65526
25
65513
1
21716
65526
25
65513
1
21742
65526
25
65513
1
21767
65526
25
65513
1
21791
65526
25
65513
1
21817
65526
25
65513
1
21841
65526
25
65513
1
21867
65526
25
65513
1
21892
65526
25
65513
1
21916
65526
25
65513
1
21942
65526
25
65513
1
21966
65526
25
65513
1
21991
65526
25
65513
1
22017
65526
25
65513
1
22041
65526
25
65513
1
22067
65526
25
65513
1
22091
65526
25
65513
1
22116
65526
25
65513
1
22141
65526
25
65513
1
22166
65526
25
65513
1
22191
65526
25
65513
1
22216
65526
25
65513
1
22241
65526
25
65513
1
22266
65526
25
65513
1
22291
65526
25
65513
1
22316
65526
25
65513
1
22341
65526
25
65513
1
22366
65526
25
65513
1
22390
65526
25
65513
1
22416
65527
25
65513
1
22440
65527
25
65513
1
22466
65527
25
65513
1
22491
65526
25
65513
1
22515
65526
25
65513
1
22541
65526
25
65513
1
22565
65526
25
65513
1
22590
65526
25
65513
1
22616
65526
25
65513
1
22640
65526
25
65513
1
22666
65526
25
65513
1
22690
65526
24
65513
1
22715
65526
24
65513
1
22740
65526
24
65513
1
22765
65526
25
65512
1
22790
65526
25
65512
1
22815
65526
24
65512
1
22840
65526
24
65512
1
22865
65526
24
65512
1
22890
65527
25
65513
1
22915
65527
25
65513
1
22940
65527
25
65513
1
22965
65526
25
65513
1
22989
65526
25
65513
1
23015
65526
25
65512
1
23040
65526
25
65512
1
23065
65526
25
65512
1
23090
65526
25
65512
1
23114
65526
25
65512
1
23140
65526
25
65512
1
23164
65526
25
65512
1
23189
65526
25
65512
1
23215
65526
25
65512
1
23239
65526
25
65512
1
23265
65526
25
65512
1
23289
65526
25
65512
1
23314
65526
25
65512
1
23340
65526
25
65512
1
23364
65526
25
65512
1
23389
65526
25
65512
1
23414
65526
25
65512
1
23439
65526
24
65512
1
23464
65526
24
65512
1
23489
65526
24
65512
1
23514
65527
25
65511
1
23539
65527
25
65511
1
23564
65527
24
65512
1
23588
65527
24
65512
1
23614
65527
24
65512
1
23639
65527
23
65511
1
23664
65527
23
65511
1
23689
65527
23
65511
1
23713
65528
23
65512
1
23739
65528
23
65512
1
23763
65528
23
65512
1
23788
65528
22
65512
1
23814
65528
22
65512
1
23838
65529
21
65513
1
23864
65529
21
65513
1
23888
65529
21
65513
1
23913
65529
21
65514
1
23939
65529
21
65514
1
23963
65529
21
65514
1
23988
65529
20
65515
1
24013
65529
20
65515
1
24038
65529
20
65515
1
24064
65528
20
65516
1
24088
65528
20
65516
1
24113
65527
20
65517
1
24138
65527
20
65517
1
24163
65527
20
65517
1
24187
65524
21
65516
1
24213
65524
21
65516
1
24238
65524
21
65516
1
24263
65522
23
65513
1
24288
65522
23
65513
1
24312
65522
23
65513
1
24338
65522
23
65513
1
24363
65522
23
65513
1
24387
65518
18
65507
1
24413
65518
18
65507
1
24437
65518
18
65507
1
24463
65516
16
65507
1
24487
65516
16
65507
1
24512
65516
16
65507
1
24538
65515
18
65507
1
24562
65515
18
65507
1
24587
65521
20
65505
1
24612
65521
20
65505
1
24637
65521
20
65505
1
24663
65527
17
65505
1
24687
65527
17
65505
1
24712
65527
17
65505
1
24737
65529
20
65506
1
24762
65529
20
65506
1
24786
65529
20
65506
1
24812
65530
25
65507
1
24837
65530
25
65507
1
24862
65532
28
65499
1
24887
65532
28
65499
1
24911
65532
28
65499
1
24937
65534
24
65493
1
24962
65534
24
65493
1
24986
65534
24
65493
1
25012
65535
15
65492
1
25036
65535
15
65492
1
25062
65535
15
65492
1
25086
65534
7
65500
1
25111
65534
7
65500
1
25136
65530
7
65508
1
25159
65530
7
65508
1
25183
65530
7
65508
1
25207
65528
9
65512
1
25231
65528
9
65512
1
25254
65528
9
65512
1
25279
65526
11
65514
1
25303
65526
11
65514
1
25328
65526
11
65514
1
25353
65525
12
65515
1
25377
65525
12
65515
1
25403
65525
12
65515
1
25427
65525
13
65515
1
25452
65525
13
65515
1
25478
65524
14
65516
1
25502
65524
14
65516
1
25528
65524
14
65516
1
25552
65523
15
65516
1
25577
65523
15
65516
1
25603
65523
15
65516
1
25627
65523
15
65516
1
25652
65523
15
65516
1
25677
65523
15
65516
1
25702
65523
15
65516
1
25728
65523
15
65516
1
25752
65523
16
65516
1
25777
65523
16
65516
1
25802
65523
16
65516
1
25827
65522
16
65517
1
25851
65522
16
65517
1
25877
65522
16
65517
1
25902
65523
16
65516
1
25927
65523
16
65516
1
25952
65522
16
65516
1
25976
65522
16
65516
1
26002
65522
16
65516
1
26027
65522
16
65516
1
26051
65522
16
65516
1
26077
65522
16
65516
1
26101
65522
16
65517
1
26127
65522
16
65517
1
26151
65522
16
65517
1
26176
65522
16
65517
1
26202
65522
16
65517
1
26226
65522
17
65516
1
26251
65522
17
65516
1
26276
65522
17
65516
1
26301
65522
16
65517
1
26327
65522
16
65517
1
26351
65522
16
65517
1
26376
65522
17
65516
1
26401
65522
17
65516
1
26426
65522
17
65516
1
26450
65522
17
65517
1
26476
65522
17
65517
1
26501
65522
17
65517
1
26526
65522
17
65517
1
26551
65522
17
65517
1
26575