65522
17
65516
1
63068
65522
17
65516
1
63092
65522
17
65516
1
63117
65522
17
65516
1
63142
65522
17
65516
1
63167
65522
17
65516
1
63192
65522
17
65516
1
63217
65522
17
65516
1
63242
65522
17
65517
1
63267
65522
17
65517
1
63292
65522
17
65517
1
63316
65522
17
65517
1
63342
65522
17
65517
1
63367
65522
17
65517
1
63391
65522
17
65516
1
63417
65522
17
65516
1
63441
65522
17
65516
1
63467
65522
17
65516
1
63492
65522
17
65516
1
63516
65522
17
65517
1
63542
65522
17
65517
1
63566
65522
17
65517
1
63591
65522
17
65516
1
63617
65522
17
65516
1
63641
65522
17
65516
1
63667
65522
17
65517
1
63691
65522
17
65517
1
63716
65522
17
65517
1
63741
65522
17
65517
1
63766
65522
17
65517
1
63791
65522
17
65517
1
63816
65522
17
65517
1
63841
65522
17
65517
1
63866
65522
17
65517
1
63891
65522
17
65517
1
63916
65522
17
65517
1
63941
65522
17
65517
1
63966
65522
17
65517
1
63990
65522
17
65517
1
64016
65522
17
65517
1
64040
65522
17
65517
1
64066
65522
17
65516
1
64091
65522
17
65516
1
64115
65522
17
65516
1
64141
65522
17
65516
1
64165
65522
17
65516
1
64190
65522
17
65516
1
64216
65522
17
65516
1
64240
65522
17
65516
1
64266
65522
17
65516
1
64290
65522
17
65516
1
64315
65522
17
65516
1
64340
65522
17
65517
1
64365
65522
17
65517
1
64390
65522
17
65517
1
64415
65522
17
65516
1
64440
65522
17
65516
1
64465
65522
17
65516
1
64490
65522
17
65516
1
64515
65522
17
65516
1
64540
65522
17
65517
1
64565
65522
17
65517
1
64589
65522
17
65517
1
64615
65522
17
65516
1
64640
65522
17
65516
1
64665
65522
17
65516
1
64690
65522
17
65517
1
64714
65522
17
65517
1
64740
65522
17
65517
1
64764
65522
17
65517
1
64789
65522
17
65517
1
64815
65522
17
65517
1
64839
65522
17
65517
1
64865
65522
17
65517
1
64889
65522
17
65517
1
64914
65522
17
65517
1
64940
65522
17
65517
1
64964
65522
17
65517
1
64989
65522
17
65517
1
65014
65522
17
65517
1
65039
65522
17
65517
1
65064
65522
17
65517
1
65089
65522
17
65516
1
65114
65522
17
65516
1
65139
65522
17
65516
1
65164
65522
17
65517
1
65188
65522
17
65517
1
65214
65522
17
65517
1
65239
65522
17
65516
1
65264
65522
17
65516
1
65289
65522
17
65516
1
65313
65522
17
65516
1
65339
65522
17
65516
1
65363
65522
17
65517
1
65388
65522
17
65517
1
65414
65522
17
65517
1
65438
65522
18
65516
1
65464
65522
18
65516
1
65488
65522
18
65516
1
65513
65522
17
65517
1
3
65522
17
65517
1
23
65522
17
65517
1
45
65522
17
65516
1
67
65522
17
65516
1
89
65522
17
65516
1
110
65522
17
65517
1
134
65522
17
65517
1
156
65522
17
65517
1
179
65522
17
65517
1
202
65522
17
65517
1
225
65522
17
65517
1
247
65522
17
65517
1
271
65522
17
65517
1
293
65522
17
65517
1
316
65522
17
65517
1
339
65522
17
65517
1
362
65522
17
65517
1
385
65522
17
65517
1
408
65522
17
65517
1
431
65522
17
65517
1
453
65522
17
65517
1
477
65522
17
65517
1
499
65522
17
65517
1
522
65522
17
65517
1
545
65522
17
65517
1
568
65522
17
65517
1
590
65522
17
65516
1
614
65522
17
65516
1
636
65522
17
65516
1
660
65522
17
65517
1
683
65522
17
65517
1
705
65522
17
65517
1
729
65522
17
65516
1
751
65522
17
65516
1
774
65522
17
65516
1
797
65522
17
65517
1
820
65522
17
65517
1
842
65522
17
65517
1
866
65522
17
65517
1
888
65522
17
65517
1
911
65522
17
65517
1
934
65522
17
65517
1
957
65522
17
65517
1
979
65522
17
65517
1
1003
65522
17
65517
1
1027
65522
17
65517
1
1050
65522
17
65516
1
1075
65522
17
65516
1
1098
65522
17
65516
1
1122
65522
17
65517
1
1146
65522
17
65517
1
1170
65522
17
65517
1
1195
65522
17
65516
1
1218
65522
17
65516
1
1242
65522
17
65516
1
1266
65522
17
65516
1
1290
65522
17
65516
1
1313
65522
17
65516
1
1338
65522
17
65517
1
1361
65522
17
65517
1
1385
65522
17
65517
1
1410
65522
17
65517
1
1433
65522
17
65517
1
1457
65522
17
65517
1
1481
65522
17
65517
1
1505
65522
17
65517
1
1529
65522
17
65516
1
1553
65522
17
65516
1
1576
65522
17
65516
1
1601
65522
17
65517
1
1625
65522
17
65517
1
1648
65522
17
65517
1
1673
65522
17
65517
1
1696
65522
17
65517
1
1720
65522
17
65517
1
1744
65522
17
65516
1
1768
65522
17
65516
1
1793
65522
17
65516
1
1816
65522
17
65517
1
1840
65522
17
65517
1
1864
65522
17
65517
1
1888
65522
17
65516
1
1911
65522
17
65516
1
1936
65522
17
65517
1
1959
65522
17
65517
1
1983
65522
17
65517
1
2008
65522
17
65517
1
2031
65522
17
65517
1
2055
65522
17
65517
1
2079
65522
17
65516
1
2103
65522
17
65516
1
2127
65522
17
65516
1
2151
65522
17
65517
1
2174
65522
17
65517
1
2199
65522
17
65517
1
2223
65522
17
65516
1
2246
65522
17
65516
1
2271
65522
17
65516
1
2294
65522
17
65517
1
2318
65522
17
65517
1
2342
65522
17
65517
1
2366
65522
17
65517
1
2391
65522
17
65517
1
2414
65522
17
65516
1
2438
65522
17
65516
1
2462
65522
17
65516
1
2486
65522
17
65517
1
2509
65522
17
65517
1
2534
65522
17
65517
1
2557
65522
17
65517
1
2581
65522
17
65517
1
2606
65522
17
65517
1
2629
65522
17
65517
1
2653
65522
17
65517
1
2677
65522
17
65517
1
2701
65522
17
65517
1
2725
65522
17
65517
1
2749
65522
17
65517
1
2772
65522
17
65516
1
2797
65522
17
65516
1
2821
65522
17
65516
1
2844
65522
17
65517
1
2869
65522
17
65517
1
2892
65522
17
65516
1
2916
65522
17
65516
1
2940
65522
17
65516
1
2964
65522
16
65517
1
2988
65522
16
65517
1
3012
65522
16
65517
1
3036
65523
16
65516
1
3060
65523
16
65516
1
3084
65523
16
65516
1
3107
65523
16
65516
1
3132
65523
16
65516
1
3155
65523
16
65516
1
3179
65522
16
65517
1
3204
65522
16
65517
1
3227
65522
16
65517
1
3251
65523
15
65516
1
3275
65523
15
65516
1
3299
65523
15
65516
1
3323
65523
15
65516
1
3347
65523
15
65516
1
3371
65523
15
65516
1
3395
65523
15
65516
1
3419
65523
15
65516
1
3442
65524
14
65516
1
3467
65524
14
65516
1
3490
65524
14
65516
1
3514
65525
13
65515
1
3538
65525
13
65515
1
3562
65525
13
65515
1
3586
65525
13
65515
1
3610
65525
13
65515
1
3634
65525
13
65515
1
3658
65526
11
65515
1
3682
65526
11
65515
1
3705
65526
11
65515
1
3730
65528
10
65513
1
3753
65528
10
65513
1
3777
65528
10
65513
1
3802
65530
7
65510
1
3825
65530
7
65510
1
3848
65533
7
65503
1
3871
65533
7
65503
1
3894
65533
7
65503
1
3916
65533
7
65503
1
3940
65533
7
65503
1
3962
65533
7
65503
1
3985
65535
21
65495
1
4008
65535
21
65495
1
4032
65535
21
65495
1
4057
65533
27
65500
1
4080
65533
27
65500
1
4104
65533
27
65500
1
4128
65532
25
65509
1
4152
65532
25
65509
1
4175
65532
25
65509
1
4200
65532
19
65511
1
4224
65532
19
65511
1
4247
65532
19
65511
1
4272
65529
15
65505
1
4295
65529
15
65505
1
4319
65529
15
65505
1
4343
65522
18
65505
1
4367
65522
18
65505
1
4391
65522
18
65505
1
4415
65517
16
65508
1
4439
65517
16
65508
1
4463
65517
16
65508
1
4487
65517
16
65508
1
4510
65517
16
65508
1
4535
65519
19
65509
1
4558
65519
19
65509
1
4582
65519
19
65509
1
4606
65521
21
65514
1
4630
65521
21
65514
1
4655
65521
21
65514
1
4678
65524
19
65518
1
4702
65524
19
65518
1
4726
65524
19
65518
1
4750
65527
18
65518
1
4773
65527
18
65518
1
4798
65527
18
65518
1
4822
65528
18
65516
1
4845
65528
18
65516
1
4870
65528
18
65516
1
4893
65527
19
65514
1
4917
65527
19
65514
1
4941
65527
21
65513
1
4965
65527
21
65513
1
4989
65527
21
65513
1
5013
65526
22
65512
1
5037
65526
22
65512
1
5061
65526
22
65512
1
5085
65525
24
65513
1
5108
65525
24
65513
1
5133
65525
24
65513
1
5156
65525
24
65513
1
5180
65525
24
65513
1
5204
65525
24
65513
1
5228
65524
24
65513
1
5253
65524
24
65513
1
5276
65524
24
65513
1
5300
65524
24
65513
1
5324
65524
24
65513
1
5348
65524
24
65513
1
5371
65524
24
65513
1
5396
65524
24
65513
1
5420
65524
24
65513
1
5443
65524
24
65513
1
5468
65524
24
65513
1
5491
65524
24
65513
1
5515
65524
24
65513
1
5539
65524
24
65513
1
5563
65524
24
65513
1
5587
65524
24
65513
1
5611
65524
24
65513
1
5635
65524
24
65513
1
5659
65524
24
65513
1
5683
65524
24
65513
1
5706
65524
25
65513
1
5731
65524
25
65513
1
5754
65524
25
65513
1
5778
65523
24
65513
1
5803
65523
24
65513
1
5826
65523
24
65513
1
5850
65523
24
65513
1
5874
65523
24
65513
1
5898
65523
25
65512
1
5922
65523
25
65512
1
5946
65523
25
65512
1
5969
65523
24
65512
1
5994
65523
24
65512
1
6018
65523
24
65512
1
6041
65523
25
65512
1
6066
65523
25
65512
1
6089
65523
25
65512
1
6113
65523
24
65512
1
6137
65523
24
65512
1
6161
65523
24
65512
1
6185
65523
24
65512
1
6209
65523
24
65512
1
6233
65523
24
65512
1
6257
65523
25
65512
1
6281
65523
25
65512
1
6304
65523
25
65512
1
6329
65523
25
65512
1
6352
65523
25
65512
1
6376
65523
24
65512
1
6401
65523
24
65512
1
6424
65523
24
65512
1
6448
65523
25
65512
1
6472
65523
25
65512
1
6496
65523
25
65512
1
6520
65523
24
65512
1
6544
65523
24
65512
1
6567
65523
24
65512
1
6592
65523
25
65512
1
6616
65523
25
65512
1
6639
65523
25
65512
1
6664
65523
24
65512
1
6687
65523
24
65512
1
6711
65523
24
65512
1
6735
65523
25
65512
1
6759
65523
25
65512
1
6784
65523
25
65512
1
6807
65523
25
65512
1
6831
65523
25
65512
1
6855
65523
24
65512
1
6879
65523
24
65512
1
6902
65523
24
65512
1
6927
65523
24
65512
1
6950
65523
24
65512
1
6974
65523
24
65512
1
6999
65523
24
65512
1
7022
65523
24
65512
1
7046
65523
24
65512
1
7070
65523
24
65512
1
7094
65523
24
65512
1
7118
65523
24
65512
1
7142
65523
24
65512
1
7165
65523
24
65512
1
7190
65523
24
65512
1
7214
65523
24
65512
1
7237
65523
24
65512
1
7262
65523
24
65512
1
7285
65523
24
65512
1
7309
65523
24
65512
1
7333
65523
25
65513
1
7357
65523
25
65513
1
7380
65523
25
65513
1
7405
65523
24
65512
1
7429
65523
24
65512
1
7453
65523
24
65512
1
7477
65523
24
65512
1
7500
65523
24
65512
1
7525
65523
24
65512
1
7548
65523
25
65512
1
7572
65523
25
65512
1
7597
65523
25
65512
1
7620
65523
24
65512
1
7644
65523
24
65512
1
7668
65523
24
65512
1
7692
65523
24
65512
1
7716
65523
24
65512
1
7740
65523
24
65512
1
7763
65523
24
65512
1
7788
65523
24
65512
1
7812
65523
24
65512
1
7835
65523
24
65512
1
7860
65523
24
65512
1
7883
65523
24
65512
1
7907
65523
24
65512
1
7931
65523
24
65512
1
7955
65523
25
65512
1
7979
65523
25
65512
1
8003
65523
25
65512
1
8027
65523
25
65512
1
8051
65523
25
65512
1
8075
65523
25
65512
1
8098
65523
25
65512
1
8123
65523
25
65512
1
8146
65523
25
65512
1
8170
65523
24
65512
1
8195
65523
24
65512
1
8218
65523
24
65512
1
8242
65523
24
65512
1
8266
65523
24
65512
1
8290
65523
24
65512
1
8314
65523
24
65512
1
8338
65523
24
65512
1
8361
65523
25
65512
1
8386
65523
25
65512
1
8410
65523
25
65512
1
8433
65523
24
65512
1
8458
65523
24
65512
1
8481
65523
24
65512
1
8505
65523
24
65512
1
8529
65523
24
65512
1
8553
65523
24
65512
1
8577
65523
25
65512
1
8601
65523
25
65512
1
8625
65523
25
65512
1
8649
65523
24
65512
1
8673
65523
24
65512
1
8696
65523
25
65512
1
8721
65523
25
65512
1
8744
65523
25
65512
1
8768
65523
25
65512
1
8793
65523
25
65512
1
8816
65523
25
65512
1
8840
65523
24
65512
1
8864
65523
24
65512
1
8888
65523
24
65512
1
8911
65523
24
65512
1
8936
65523
24
65512
1
8960
65523
24
65512
1
8984
65523
25
65512
1
9008
65523
25
65512
1
9031
65523
25
65512
1
9056
65523
24
65512
1
9079
65523
24
65512
1
9103
65523
24
65512
1
9127
65523
24
65512
1
9151
65523
24
65512
1
9175
65523
25
65512
1
9199
65523
25
65512
1
9223
65523
25
65512
1
9247
65523
24
65512
1
9271
65523
24
65512
1
9294
65523
24
65512
1
9319
65523
24
65512
1
9342
65523
24
65512
1
9366
65523
24
65512
1
9391
65523
24
65512
1
9414
65523
24
65512
1
9438
65523
24
65512
1
9462
65523
24
65512
1
9486
65523
24
65512
1
9509
65523
24
65512
1
9534
65523
24
65513
1
9558
65523
24
65513
1
9582
65523
24
65513
1
9606
65523
25
65512
1
9629
65523
25
65512
1
9654
65523
24
65513
1
9677
65523
24
65513
1
9701
65523
24
65513
1
9725
65523
25
65512
1
9749
65523
25
65512
1
9773
65523
25
65512
1
9797
65523
24
65512
1
9821
65523
24
65512
1
9845
65523
24
65512
1
9869
65523
25
65513
1
9892
65523
25
65513
1
9917
65523
25
65513
1
9940
65523
25
65512
1
9964
65523
25
65512
1
9989
65523
25
65512
1
10012
65523
25
65512
1
10037
65523
25
65512
1
10062
65523
25
65512
1
10087
65523
25
65512
1
10113
65523
25
65512
1
10137
65523
24
65512
1
10162
65523
24
65512
1
10187
65523
24
65512
1
10212
65523
24
65512
1
10236
65523
24
65512
1
10262
65523
24
65512
1
10287
65523
25
65512
1
10312
65523
25
65512
1
10337
65523
25
65512
1
10361
65523
25
65512
1
10387
65523
25
65512
1
10412
65523
25
65512
1
10436
65523
25
65512
1
10462
65523
25
65512
1
10486
65523
24
65512
1
10512
65523
24
65512
1
10536
65523
24
65512
1
10561
65523
25
65513
1
10587
65523
25
65513
1
10611
65523
24
65512
1
10636
65523
24
65512
1
10661
65523
24
65512
1
10686
65523
24
65512
1
10712
65523
24
65512
1
10736
65523
24
65512
1
10761
65523
25
65512
1
10786
65523
25
65512
1
10811
65523
24
65512
1
10835
65523
24
65512
1
10861
65523
24
65512
1
10886
65523
25
65512
1
10911
65523
25
65512
1
10936
65523
25
65512
1
10960
65523
25
65512
1
10986
65523
25
65512
1
11011
65523
25
65512
1
11035
65523
24
65512
1
11061
65523
24
65512
1
11085
65523
24
65514
1
11111
65523
24
65514
1
11136
65523
24
65514
1
11160
65523
24
65513
1
11186
65523
24
65513
1
11210
65523
24
65513
1
11235
65523
24
65513
1
11260
65523
24
65513
1
11285
65523
24
65513
1
11311
65523
24
65513
1
11335
65523
24
65513
1
11360
65523
24
65513
1
11385
65523
24
65513
1
11410
65523
24
65513
1
11435
65523
24
65513
1
11460
65523
24
65513
1
11485
65523
24
65513
1
11510
65523
24
65513
1
11535
65523
24
65513
1
11559
65523
24
65513
1
11585
65523
24
65513
1
11610
65523
24
65513
1
11634
65523
25
65513
1
11660
65523
25
65513
1
11684
65523
25
65513
1
11710
65523
24
65513
1
11735
65523
24
65513
1
11759
65523
24
65513
1
11785
65523
24
65513
1
11809
65523
24
65513
1
11834
65523
24
65513
1
11859
65523
24
65513
1
11884
65523
24
65513
1
11910
65523
24
65513
1
11934
65523
24
65513
1
11959
65523
24
65513
1
11984
65523
24
65513
1
12009
65523
24
65513
1
12034
65523
24
65513
1
12059
65523
24
65513
1
12084
65523
24
65513
1
12109
65523
24
65513
1
12134
65523
24
65513
1
12158
65523
24
65513
1
12184
65523
24
65513
1
12209
65523
24
65513
1
12233
65523
24
65513
1
12259
65523
24
65513
1
12283
65523
24
65513
1
12309
65523
24
65513
1
12334
65523
24
65513
1
12358
65523
24
65513
1
12384
65523
25
65513
1
12408
65523
25
65513
1
12433
65523
25
65513
1
12459
65523
24
65513
1
12483
65523
24
65513
1
12509
65523
24
65513
1
12533
65523
25
65513
1
12558
65523
25
65513
1
12583
65523
25
65513
1
12608
65523
25
65513
1
12633
65523
25
65513
1
12658
65523
24
65512
1
12683
65523
24
65512
1
12708
65523
24
65512
1
12733
65523
25
65513
1
12758
65523
25
65513
1
12783
65523
25
65513
1
12808
65523
25
65512
1
12832
65523
25
65512
1
12858
65523
25
65512
1
12882
65523
25
65513
1
12908
65523
25
65513
1
12933
65523
24
65512
1
12957
65523
24
65512
1
12983
65523
24
65512
1
13007
65523
24
65513
1
13032
65523
24
65513
1
13058
65523
24
65513
1
13082
65523
25
65512
1
13108
65523
25
65512
1
13132
65523
24
65513
1
13157
65523
24
65513
1
13182
65523
24
65513
1
13207
65523
24
65512
1
13232
65523
24
65512
1
13257
65523
24
65512
1
13282
65523
24
65512
1
13307
65523
24
65512
1
13332
65523
24
65512
1
13357
65523
24
65513
1
13382
65523
24
65513
1
13407
65524
25
65513
1
13431
65524
25
65513
1
13457
65524
25
65513
1
13481
65523
24
65513
1
13507
65523
24
65513
1
13532
65523
24
65513
1
13556
65523
25
65513
1
13582
65523
25
65513
1
13606
65523
25
65513
1
13631
65524
24
65513
1
13657
65524
24
65513
1
13681
65524
24
65513
1
13707
65524
24
65513
1
13731
65524
24
65513
1
13756
65524
24
65513
1
13782
65524
24
65513
1
13806
65524
24
65513
1
13831
65523
24
65513
1
13856
65523
24
65513
1
13881
65523
24
65513
1
13906
65524
24
65513
1
13931
65524
24
65513
1
13956
65524
24
65513
1
13981
65524
24
65513
1
14006
65524
24
65513
1
14030
65524
24
65513
1
14056
65524
24
65513
1
14081
65524
24
65513
1
14106
65524
24
65513
1
14131
65524
24
65513
1
14155
65524
24
65513
1
14181
65524
24
65513
1
14205
65524
24
65513
1
14230
65525
24
65512
1
14256
65525
24
65512
1
14280
65525
24
65512
1
14306
65525
23
65512
1
14330
65525
23
65512
1
14355
65525
23
65512
1
14381
65526
22
65513
1
14405
65526
22
65513
1
14430
65526
21
65513
1
14455
65526
21
65513
1
14480
65526
21
65513
1
14505
65527
20
65514
1
14530
65527
20
65514
1
14555
65527
20
65514
1
14580
65527
19
65515
1
14605
65527
19
65515
1
14629
65527
19
65515
1
14655
65527
19
65517
1
14680
65527
19
65517
1
14705
65526
19
65518
1
14730
65526
19
65518
1
14754
65526
19
65518
1
14780
65524
20
65517
1
14804
65524
20
65517
1
14829
65524
20
65517
1
14855
65521
22
65515
1
14879
65521
22
65515
1
14905
65521
22
65515
1
14929
65520
21
65512
1
14954
65520
21
65512
1
14980
65518
20
65508
1
15004
65518
20
65508
1
15029
65518
20
65508
1
15054
65516
18
65507
1
15079
65516
18
65507
1
15105
65516
18
65507
1
15129
65516
16
65507
1
15154
65516
16
65507
1
15179
65516
16
65507
1
15204
65518
18
65507
1
15228
65518
18
65507
1
15254
65523
19
65504
1
15279
65523
19
65504
1
15304
65523
19
65504
1
15329
65529
17
65505
1
15353
65529
17
65505
1
15379
65529
17
65505
1
15404
65529
19
65509
1
15428
65529
19
65509
1
15454
65530
23
65508
1
15478
65530
23
65508
1
15504
65530
23
65508
1
15528
65531
26
65504
1
15553
65531
26
65504
1
15579
65531
26
65504
1
15603
65533
27
65498
1
15628
65533
27
65498
1
15653
65533
27
65498
1
15678
65535
21
65494
1
15704
65535
21
65494
1
15728
65535
15
65493
1
15753
65535
15
65493
1
15778
65535
15
65493
1
15803
65534
8
65499
1
15827
65534
8
65499
1
15852
65534
8
65499
1
15876
65532
6
65505
1
15899
65532
6
65505
1
15924
65532
6
65505
1
15947
65530
7
65510
1
15972
65530
7
65510
1
15995
65530
7
65510
1
16019
65528
9
65513
1
16044
65528
9
65513
1
16067
65528
9
65513
1
16091
65527
11
65514
1
16115
65527
11
65514
1
16140
65526
12
65515
1
16164
65526
12
65515
1
16190
65526
12
65515
1
16215
65525
13
65515
1
16240
65525
13
65515
1
16265
65525
13
65515
1
16289
65524
13
65515
1
16315
65524
13
65515
1
16339
65524
13
65515
1
16364
65524
14
65516
1
16390
65524
14
65516
1
16414
65523
15
65516
1
16440
65523
15
65516
1
16464
65523
15
65516
1
16489
65523
15
65516
1
16515
65523
15
65516
1
16539
65523
15
65516
1
16564
65523
15
65516
1
16589
65523
15
65516
1
16614
65523
15
65515
1
16640
65523
15
65515
1
16664
65523
15
65515
1
16689
65523
15
65517
1
16714
65523
15
65517
1
16739
65523
15
65517
1
16763
65523
16
65516
1
16789
65523
16
65516
1
16814
65523
16
65516
1
16839
65522
16
65517
1
16864
65522
16
65517
1
16888
65523
16
65516
1
16914
65523
16
65516
1
16939
65523
16
65516
1
16963
65522
17
65517
1
16989
65522
17
65517
1
17013
65522
17
65517
1
17039
65522
16
65517
1
17063
65522
16
65517
1
17088
65522
16
65517
1
17114
65523
17
65517
1
17138
65523
17
65517
1
17163
65522
16
65517
1
17188
65522
16
65517
1
17213
65522
16
65517
1
17239
65522
17
65516
1
17263
65522
17
65516
1
17288
65522
17
65516
1
17313
65522
16
65517
1
17338
65522
16
65517
1
17362
65522
16
65517
1
17388
65522
17
65517
1
17413
65522
17
65517
1
17438
65522
17
65516
1
17463
65522
17
65516
1
17487
65522
17
65516
1
17513
65522
17
65517
1
17538
65522
17
65517
1
17562
65522
17
65517
1
17588
65522
17
65516
1
17612
65522
17
65516
1
17638
65522
17
65516
1
17662
65522
17
65516
1
17687
65522
17
65516
1
17713
65522
17
65517
1
17737
65522
17
65517
1
17762
65522
17
65517
1
17787
65522
17
65517
1
17812
65522
17
65517
1
17838
65522
17
65517
1
17862
65522
17
65517
1
17887
65522
17
65517
1
17912
65522
17
65516
1
17937
65522
17
65516
1
17961
65522
17
65516
1
17987
65522
17
65517
1
18012
65522
17
65517
1
18037
65522
17
65517
1
18062
65522
17
65517
1
18086
65522
17
65517
1
18112
65522
17
65517
1
18137
65522
17
65517
1
18161
65522
17
65517
1
18187
65522
17
65517
1
18211
65522
17
65517
1
18237
65522
17
65517
1
18262
65522
17
65517
1
18286
65522
17
65517
1
18312
65522
17
65517
1
18336
65522
17
65517
1
18361
65522
17
65517
1
18386
65522
17
65517
1
18411
65522
17
65516
1
18437
65522
17
65516
1
18461
65522
17
65516
1
18486
65522
17
65516
1
18511
65522
17
65516
1
18536
65522
17
65517
1
18561
65522
17
65517
1
18586
65522
17
65517
1
18611
65522
17
65516
1
18636
65522
17
65516
1
18661
65522
17
65516
1
18685
65522
17
65517
1
18711
65522
17
65517
1
18736
65522
17
65517
1
18760
65522
17
65517
1
18786
65522
17
65517
1
18810
65522
17
65517
1
18836
65522
17
65517
1
18861
65522
17
65517
1
18885
65522
17
65517
1
18911