65522
17
65517
1
44070
65522
17
65516
1
44095
65522
17
65516
1
44120
65522
17
65516
1
44145
65522
17
65517
1
44170
65522
17
65517
1
44195
65522
17
65516
1
44220
65522
17
65516
1
44244
65522
17
65516
1
44270
65522
17
65517
1
44295
65522
17
65517
1
44319
65522
17
65517
1
44345
65522
17
65517
1
44369
65522
17
65517
1
44395
65522
17
65517
1
44420
65522
17
65516
1
44444
65522
17
65516
1
44470
65522
17
65516
1
44494
65522
17
65516
1
44519
65522
17
65516
1
44545
65522
17
65517
1
44569
65522
17
65517
1
44595
65522
17
65517
1
44619
65522
17
65517
1
44644
65522
17
65517
1
44669
65522
17
65517
1
44694
65522
17
65517
1
44719
65522
17
65517
1
44744
65522
17
65516
1
44769
65522
17
65516
1
44794
65522
17
65516
1
44819
65522
17
65517
1
44844
65522
17
65517
1
44869
65522
17
65517
1
44894
65522
17
65516
1
44918
65522
17
65516
1
44944
65522
17
65516
1
44968
65522
17
65517
1
44994
65522
17
65517
1
45019
65522
17
65516
1
45043
65522
17
65516
1
45069
65522
17
65516
1
45093
65522
17
65517
1
45118
65522
17
65517
1
45144
65522
17
65517
1
45168
65522
17
65517
1
45194
65522
17
65517
1
45218
65522
17
65516
1
45243
65522
17
65516
1
45268
65522
17
65516
1
45293
65522
17
65517
1
45318
65522
17
65517
1
45343
65522
17
65517
1
45368
65522
17
65516
1
45393
65522
17
65516
1
45418
65522
17
65516
1
45443
65522
17
65516
1
45468
65522
17
65516
1
45493
65522
17
65517
1
45517
65522
17
65517
1
45543
65522
17
65517
1
45568
65522
17
65516
1
45593
65522
17
65516
1
45618
65522
17
65516
1
45642
65522
17
65517
1
45668
65522
17
65517
1
45692
65522
17
65517
1
45717
65522
17
65517
1
45743
65522
17
65517
1
45767
65522
17
65517
1
45793
65522
17
65517
1
45817
65522
17
65517
1
45842
65522
17
65517
1
45868
65522
17
65517
1
45892
65522
17
65517
1
45917
65522
17
65516
1
45942
65522
17
65516
1
45967
65522
17
65516
1
45992
65522
17
65517
1
46017
65522
17
65517
1
46042
65522
17
65517
1
46067
65522
17
65517
1
46092
65522
17
65517
1
46116
65522
17
65517
1
46142
65522
17
65517
1
46167
65522
17
65517
1
46192
65522
17
65517
1
46217
65522
17
65517
1
46241
65522
17
65517
1
46267
65522
17
65517
1
46291
65522
17
65517
1
46316
65522
17
65517
1
46342
65522
17
65517
1
46366
65522
17
65517
1
46392
65522
17
65517
1
46416
65522
17
65517
1
46441
65522
17
65517
1
46467
65522
17
65517
1
46491
65522
17
65517
1
46516
65522
17
65517
1
46541
65522
17
65517
1
46566
65522
17
65517
1
46592
65522
17
65517
1
46616
65522
17
65517
1
46641
65522
17
65517
1
46666
65522
17
65517
1
46691
65522
17
65517
1
46715
65522
17
65517
1
46741
65522
17
65516
1
46766
65522
17
65516
1
46791
65522
17
65517
1
46816
65522
17
65517
1
46840
65522
17
65517
1
46866
65522
17
65517
1
46891
65522
17
65517
1
46915
65522
17
65517
1
46941
65522
17
65516
1
46965
65522
17
65516
1
46991
65522
17
65516
1
47015
65522
17
65517
1
47040
65522
17
65517
1
47066
65522
17
65517
1
47090
65522
17
65517
1
47115
65522
17
65517
1
47140
65522
17
65517
1
47165
65522
17
65517
1
47191
65522
17
65517
1
47215
65522
17
65516
1
47240
65522
17
65516
1
47265
65522
17
65516
1
47290
65522
17
65517
1
47314
65522
17
65517
1
47340
65522
17
65517
1
47365
65522
17
65517
1
47390
65522
17
65517
1
47415
65522
17
65517
1
47439
65522
17
65517
1
47465
65522
17
65517
1
47490
65522
17
65517
1
47514
65522
17
65517
1
47540
65522
17
65516
1
47564
65522
17
65516
1
47590
65522
17
65516
1
47614
65522
17
65517
1
47639
65522
17
65517
1
47665
65522
17
65517
1
47689
65522
17
65517
1
47714
65522
17
65517
1
47739
65522
17
65517
1
47764
65522
17
65517
1
47790
65522
17
65517
1
47814
65522
17
65517
1
47839
65522
17
65517
1
47864
65522
17
65517
1
47889
65522
17
65517
1
47913
65522
17
65517
1
47939
65522
17
65517
1
47964
65522
17
65517
1
47989
65522
17
65517
1
48014
65522
17
65517
1
48038
65522
17
65516
1
48064
65522
17
65516
1
48089
65522
17
65517
1
48113
65522
17
65517
1
48139
65522
17
65517
1
48163
65522
16
65517
1
48189
65522
16
65517
1
48214
65522
16
65517
1
48238
65522
17
65516
1
48264
65522
17
65516
1
48288
65522
17
65516
1
48313
65522
16
65517
1
48338
65522
16
65517
1
48363
65522
17
65516
1
48389
65522
17
65516
1
48413
65522
17
65516
1
48438
65522
17
65516
1
48463
65522
17
65516
1
48488
65522
17
65516
1
48513
65522
16
65517
1
48538
65522
16
65517
1
48563
65522
16
65517
1
48588
65523
16
65517
1
48613
65523
16
65517
1
48637
65523
16
65517
1
48663
65523
16
65517
1
48688
65523
16
65517
1
48712
65523
16
65516
1
48738
65523
16
65516
1
48762
65523
16
65516
1
48788
65523
16
65516
1
48813
65523
16
65516
1
48837
65523
16
65516
1
48863
65523
16
65516
1
48887
65523
16
65516
1
48912
65523
16
65516
1
48937
65523
16
65516
1
48962
65523
16
65516
1
48988
65523
16
65516
1
49012
65523
16
65516
1
49037
65523
16
65516
1
49062
65523
16
65516
1
49087
65523
16
65516
1
49112
65523
16
65516
1
49137
65523
16
65516
1
49162
65523
16
65516
1
49187
65523
16
65516
1
49212
65523
16
65516
1
49236
65523
16
65516
1
49262
65523
16
65516
1
49287
65523
16
65516
1
49311
65523
16
65516
1
49337
65523
15
65516
1
49361
65523
15
65516
1
49387
65523
15
65516
1
49412
65523
15
65516
1
49436
65523
15
65516
1
49462
65523
15
65516
1
49486
65523
15
65516
1
49511
65523
15
65516
1
49537
65523
15
65516
1
49561
65523
15
65516
1
49587
65523
15
65516
1
49611
65524
15
65516
1
49636
65524
15
65516
1
49661
65524
14
65516
1
49686
65524
14
65516
1
49711
65524
14
65516
1
49736
65524
15
65515
1
49761
65524
15
65515
1
49786
65524
15
65515
1
49811
65524
14
65516
1
49836
65524
14
65516
1
49861
65525
14
65515
1
49886
65525
14
65515
1
49910
65525
14
65515
1
49936
65525
14
65515
1
49960
65525
14
65515
1
49986
65525
14
65515
1
50011
65525
13
65516
1
50035
65525
13
65516
1
50061
65525
13
65516
1
50085
65526
12
65514
1
50110
65526
12
65514
1
50136
65527
11
65514
1
50160
65527
11
65514
1
50186
65527
11
65514
1
50210
65527
11
65513
1
50235
65527
11
65513
1
50260
65527
11
65513
1
50285
65528
10
65513
1
50310
65528
10
65513
1
50335
65528
10
65513
1
50360
65529
9
65512
1
50385
65529
9
65512
1
50409
65531
8
65509
1
50433
65531
8
65509
1
50457
65531
8
65509
1
50481
65532
7
65506
1
50504
65532
7
65506
1
50529
65532
7
65506
1
50552
65534
8
65502
1
50576
65534
8
65502
1
50600
65534
8
65502
1
50624
0
12
65498
1
50649
0
12
65498
1
50669
0
12
65498
1
50690
0
17
65496
1
50710
0
17
65496
1
50732
0
17
65496
1
50752
0
17
65496
1
50772
0
17
65496
1
50794
0
17
65496
1
50814
0
17
65496
1
50835
65534
26
65500
1
50856
65534
26
65500
1
50881
65534
26
65500
1
50906
65533
27
65505
1
50931
65533
27
65505
1
50956
65532
24
65509
1
50981
65532
24
65509
1
51006
65532
24
65509
1
51031
65531
21
65514
1
51056
65531
21
65514
1
51081
65531
21
65514
1
51105
65531
17
65510
1
51131
65531
17
65510
1
51155
65531
17
65510
1
51181
65530
15
65508
1
51206
65530
15
65508
1
51230
65526
17
65504
1
51256
65526
17
65504
1
51280
65526
17
65504
1
51305
65520
16
65510
1
51331
65520
16
65510
1
51355
65520
16
65510
1
51381
65518
14
65510
1
51405
65518
14
65510
1
51430
65518
14
65510
1
51456
65517
16
65508
1
51480
65517
16
65508
1
51505
65519
16
65508
1
51530
65519
16
65508
1
51555
65519
16
65508
1
51580
65522
18
65510
1
51605
65522
18
65510
1
51630
65522
18
65510
1
51655
65523
21
65513
1
51680
65523
21
65513
1
51704
65526
21
65516
1
51730
65526
21
65516
1
51755
65526
21
65516
1
51780
65528
19
65518
1
51805
65528
19
65518
1
51829
65528
19
65518
1
51855
65529
18
65517
1
51879
65529
18
65517
1
51904
65529
18
65517
1
51930
65530
19
65515
1
51954
65530
19
65515
1
51980
65530
20
65514
1
52004
65530
20
65514
1
52029
65530
20
65514
1
52055
65529
21
65513
1
52079
65529
21
65513
1
52104
65529
21
65513
1
52129
65528
22
65513
1
52154
65528
22
65513
1
52179
65528
22
65513
1
52204
65527
24
65512
1
52229
65527
24
65512
1
52254
65526
24
65513
1
52279
65526
24
65513
1
52303
65526
24
65513
1
52329
65526
24
65513
1
52354
65526
24
65513
1
52379
65526
24
65513
1
52404
65526
24
65513
1
52428
65526
24
65513
1
52454
65526
24
65513
1
52478
65526
24
65513
1
52503
65526
24
65513
1
52529
65525
24
65513
1
52553
65525
24
65513
1
52579
65525
24
65513
1
52603
65525
25
65513
1
52628
65525
25
65513
1
52654
65525
25
65513
1
52678
65524
25
65513
1
52703
65524
25
65513
1
52728
65524
25
65513
1
52753
65524
25
65513
1
52779
65524
25
65513
1
52803
65523
25
65512
1
52828
65523
25
65512
1
52853
65523
25
65512
1
52878
65522
26
65512
1
52902
65522
26
65512
1
52928
65522
26
65512
1
52953
65522
26
65512
1
52978
65522
26
65512
1
53003
65522
26
65511
1
53027
65522
26
65511
1
53053
65522
26
65511
1
53078
65523
26
65510
1
53102
65523
26
65510
1
53128
65523
26
65510
1
53152
65523
28
65510
1
53178
65523
28
65510
1
53202
65523
28
65510
1
53227
65525
29
65510
1
53253
65525
29
65510
1
53277
65526
31
65510
1
53302
65526
31
65510
1
53327
65526
31
65510
1
53352
65526
32
65513
1
53378
65526
32
65513
1
53402
65526
32
65513
1
53427
65526
32
65514
1
53452
65526
32
65514
1
53477
65526
32
65514
1
53501
65525
32
65516
1
53527
65525
32
65516
1
53552
65525
32
65517
1
53577
65525
32
65517
1
53602
65525
32
65517
1
53626
65525
31
65519
1
53652
65525
31
65519
1
53677
65525
31
65519
1
53701
65525
30
65521
1
53727
65525
30
65521
1
53751
65525
30
65521
1
53777
65526
29
65522
1
53801
65526
29
65522
1
53826
65527
28
65524
1
53852
65527
28
65524
1
53876
65527
28
65524
1
53901
65527
27
65523
1
53926
65527
27
65523
1
53951
65527
27
65523
1
53977
65526
25
65524
1
54001
65526
25
65524
1
54026
65525
24
65525
1
54051
65525
24
65525
1
54076
65525
24
65525
1
54100
65524
23
65525
1
54126
65524
23
65525
1
54151
65524
23
65525
1
54176
65523
22
65525
1
54201
65523
22
65525
1
54225
65523
22
65525
1
54251
65523
21
65524
1
54276
65523
21
65524
1
54300
65523
21
65525
1
54326
65523
21
65525
1
54350
65523
21
65525
1
54376
65523
20
65525
1
54401
65523
20
65525
1
54425
65523
20
65525
1
54451
65522
20
65525
1
54475
65522
20
65525
1
54500
65522
20
65525
1
54525
65522
19
65525
1
54550
65522
19
65525
1
54576
65523
20
65525
1
54600
65523
20
65525
1
54625
65523
20
65525
1
54650
65523
19
65526
1
54675
65523
19
65526
1
54700
65523
19
65526
1
54725
65524
19
65526
1
54750
65524
19
65526
1
54775
65524
19
65526
1
54800
65524
19
65526
1
54824
65524
19
65526
1
54850
65525
18
65527
1
54875
65525
18
65527
1
54899
65525
18
65527
1
54925
65525
18
65526
1
54949
65525
18
65526
1
54975
65525
18
65526
1
55000
65525
17
65526
1
55024
65525
17
65526
1
55050
65525
17
65526
1
55074
65526
17
65525
1
55099
65526
17
65525
1
55124
65526
16
65524
1
55149
65526
16
65524
1
55175
65526
16
65524
1
55199
65525
16
65524
1
55224
65525
16
65524
1
55249
65525
16
65524
1
55274
65525
16
65523
1
55299
65525
16
65523
1
55324
65525
16
65523
1
55349
65525
16
65523
1
55374
65525
16
65523
1
55399
65526
16
65522
1
55424
65526
16
65522
1
55449
65526
16
65522
1
55474
65525
15
65521
1
55498
65525
15
65521
1
55524
65525
15
65521
1
55548
65525
15
65521
1
55574
65525
15
65521
1
55599
65525
15
65521
1
55623
65525
15
65521
1
55649
65525
15
65521
1
55673
65525
15
65521
1
55698
65525
15
65521
1
55724
65525
15
65521
1
55748
65524
16
65520
1
55774
65524
16
65520
1
55798
65524
16
65520
1
55823
65524
15
65520
1
55848
65524
15
65520
1
55873
65524
16
65519
1
55898
65524
16
65519
1
55923
65524
16
65519
1
55948
65524
16
65519
1
55973
65524
16
65519
1
55998
65524
16
65519
1
56023
65524
16
65519
1
56048
65524
16
65519
1
56073
65524
16
65519
1
56097
65524
16
65519
1
56123
65524
16
65519
1
56147
65524
16
65519
1
56173
65524
16
65519
1
56198
65524
16
65519
1
56222
65523
16
65518
1
56248
65523
16
65518
1
56272
65523
16
65518
1
56297
65523
16
65518
1
56323
65523
16
65518
1
56347
65523
16
65518
1
56373
65523
16
65518
1
56397
65523
16
65518
1
56422
65523
16
65518
1
56448
65523
16
65518
1
56472
65523
16
65518
1
56497
65523
16
65518
1
56522
65523
16
65518
1
56547
65523
16
65518
1
56572
65523
16
65518
1
56597
65523
16
65518
1
56622
65523
16
65517
1
56647
65523
16
65517
1
56672
65523
16
65517
1
56696
65523
16
65518
1
56722
65523
16
65518
1
56747
65523
16
65518
1
56772
65522
17
65517
1
56797
65522
17
65517
1
56821
65522
17
65517
1
56847
65523
16
65518
1
56871
65523
16
65518
1
56896
65523
17
65517
1
56922
65523
17
65517
1
56946
65523
17
65517
1
56972
65522
16
65517
1
56996
65522
16
65517
1
57021
65522
16
65517
1
57047
65523
16
65517
1
57071
65523
16
65517
1
57096
65523
16
65517
1
57121
65522
16
65517
1
57146
65522
16
65517
1
57171
65522
16
65517
1
57196
65522
16
65517
1
57221
65522
16
65517
1
57246
65523
17
65517
1
57271
65523
17
65517
1
57295
65523
17
65517
1
57321
65522
17
65517
1
57346
65522
17
65517
1
57371
65522
17
65517
1
57396
65522
17
65517
1
57420
65522
17
65517
1
57446
65522
17
65517
1
57470
65522
17
65517
1
57495
65522
17
65517
1
57521
65522
16
65517
1
57545
65522
16
65517
1
57571
65522
16
65517
1
57595
65522
17
65517
1
57620
65522
17
65517
1
57646
65522
17
65517
1
57670
65522
17
65517
1
57695
65522
17
65517
1
57720
65522
17
65517
1
57745
65522
17
65517
1
57771
65522
17
65517
1
57795
65522
17
65517
1
57820
65522
17
65517
1
57845
65522
17
65517
1
57870
65522
17
65517
1
57894
65522
17
65517
1
57920
65522
17
65517
1
57945
65522
17
65517
1
57970
65522
17
65517
1
57995
65522
17
65517
1
58019
65522
17
65517
1
58045
65522
17
65517
1
58070
65522
17
65517
1
58094
65522
17
65517
1
58120
65522
17
65517
1
58144