65527
11
65514
1
24762
65526
12
65515
1
24786
65526
12
65515
1
24812
65526
12
65515
1
24837
65526
12
65515
1
24862
65526
12
65515
1
24887
65525
13
65515
1
24911
65525
13
65515
1
24937
65525
13
65515
1
24962
65524
13
65516
1
24986
65524
13
65516
1
25012
65524
13
65516
1
25036
65524
14
65516
1
25062
65524
14
65516
1
25086
65524
14
65516
1
25111
65524
14
65516
1
25137
65524
14
65516
1
25161
65524
14
65516
1
25186
65524
14
65516
1
25211
65524
14
65516
1
25236
65524
15
65516
1
25262
65524
15
65516
1
25286
65524
15
65516
1
25311
65523
15
65516
1
25336
65523
15
65516
1
25361
65523
15
65516
1
25385
65524
15
65516
1
25411
65524
15
65516
1
25436
65523
15
65516
1
25461
65523
15
65516
1
25486
65523
15
65516
1
25510
65523
15
65516
1
25536
65523
15
65516
1
25561
65523
15
65516
1
25585
65523
16
65516
1
25611
65523
16
65516
1
25635
65523
16
65516
1
25661
65523
15
65516
1
25686
65523
15
65516
1
25710
65523
16
65516
1
25736
65523
16
65516
1
25760
65523
16
65516
1
25785
65523
16
65516
1
25810
65523
16
65516
1
25835
65523
16
65516
1
25861
65523
16
65517
1
25885
65523
16
65517
1
25910
65523
16
65517
1
25935
65523
16
65517
1
25960
65523
16
65517
1
25985
65523
16
65517
1
26010
65523
16
65517
1
26035
65523
16
65517
1
26060
65523
16
65517
1
26085
65523
16
65517
1
26109
65523
16
65517
1
26135
65522
16
65517
1
26160
65522
16
65517
1
26184
65523
16
65517
1
26210
65523
16
65517
1
26234
65523
16
65517
1
26260
65523
16
65517
1
26285
65523
16
65517
1
26309
65523
16
65517
1
26335
65522
16
65517
1
26359
65522
16
65517
1
26384
65522
16
65517
1
26409
65523
16
65516
1
26434
65523
16
65516
1
26460
65522
16
65517
1
26484
65522
16
65517
1
26509
65522
16
65517
1
26534
65522
16
65517
1
26559
65522
16
65517
1
26584
65522
16
65517
1
26609
65523
16
65517
1
26634
65523
16
65517
1
26659
65523
16
65517
1
26684
65523
16
65517
1
26708
65523
16
65517
1
26734
65523
16
65516
1
26759
65523
16
65516
1
26783
65523
16
65516
1
26809
65522
16
65517
1
26833
65522
16
65517
1
26859
65522
16
65517
1
26884
65523
16
65517
1
26908
65523
16
65517
1
26934
65522
16
65516
1
26958
65522
16
65516
1
26983
65522
16
65516
1
27009
65522
16
65517
1
27033
65522
16
65517
1
27059
65522
16
65517
1
27083
65522
16
65517
1
27108
65522
16
65517
1
27133
65522
16
65517
1
27158
65522
16
65517
1
27183
65522
16
65517
1
27208
65522
16
65516
1
27233
65522
16
65516
1
27258
65522
16
65516
1
27283
65522
16
65517
1
27308
65522
16
65517
1
27333
65522
16
65517
1
27358
65522
16
65517
1
27382
65522
16
65517
1
27408
65522
16
65517
1
27432
65522
17
65517
1
27458
65522
17
65517
1
27483
65522
16
65517
1
27507
65522
16
65517
1
27533
65522
16
65517
1
27557
65523
16
65517
1
27582
65523
16
65517
1
27608
65523
16
65517
1
27632
65522
16
65517
1
27658
65522
16
65517
1
27682
65522
16
65517
1
27707
65523
16
65517
1
27732
65523
16
65517
1
27757
65522
16
65516
1
27782
65522
16
65516
1
27807
65522
16
65516
1
27832
65522
17
65517
1
27857
65522
17
65517
1
27882
65522
17
65517
1
27907
65523
17
65516
1
27932
65523
17
65516
1
27957
65523
17
65516
1
27981
65522
16
65517
1
28007
65522
16
65517
1
28032
65523
17
65516
1
28057
65523
17
65516
1
28082
65523
17
65516
1
28106
65522
17
65517
1
28132
65522
17
65517
1
28156
65522
17
65517
1
28181
65522
16
65517
1
28207
65522
16
65517
1
28231
65522
16
65517
1
28257
65522
16
65517
1
28281
65522
16
65517
1
28306
65522
16
65517
1
28332
65522
16
65517
1
28356
65522
16
65517
1
28381
65523
16
65517
1
28406
65523
16
65517
1
28431
65523
16
65517
1
28456
65522
16
65517
1
28481
65522
16
65517
1
28506
65522
17
65517
1
28531
65522
17
65517
1
28556
65522
17
65517
1
28580
65522
16
65516
1
28606
65522
16
65516
1
28631
65522
16
65516
1
28656
65522
16
65517
1
28681
65522
16
65517
1
28705
65522
16
65517
1
28731
65522
17
65517
1
28755
65522
17
65517
1
28780
65522
16
65517
1
28806
65522
16
65517
1
28830
65522
16
65517
1
28856
65522
17
65517
1
28880
65522
17
65517
1
28905
65522
17
65517
1
28931
65522
17
65516
1
28955
65522
17
65516
1
28980
65522
17
65516
1
29005
65522
16
65518
1
29030
65522
16
65518
1
29056
65523
16
65516
1
29080
65523
16
65516
1
29105
65523
16
65516
1
29130
65522
16
65517
1
29155
65522
16
65517
1
29179
65522
16
65517
1
29205
65523
16
65517
1
29230
65523
16
65517
1
29255
65522
17
65516
1
29280
65522
17
65516
1
29304
65522
17
65516
1
29330
65522
16
65517
1
29355
65522
16
65517
1
29379
65522
16
65517
1
29405
65522
16
65517
1
29429
65522
16
65517
1
29455
65522
16
65517
1
29479
65522
17
65517
1
29504
65522
17
65517
1
29530
65522
17
65516
1
29554
65522
17
65516
1
29579
65522
17
65516
1
29604
65522
17
65516
1
29629
65522
17
65516
1
29655
65522
17
65516
1
29679
65522
16
65517
1
29704
65522
16
65517
1
29729
65522
16
65517
1
29754
65522
17
65517
1
29778
65522
17
65517
1
29804
65522
16
65517
1
29829
65522
16
65517
1
29854
65522
16
65517
1
29879
65523
16
65516
1
29903
65523
16
65516
1
29929
65523
16
65516
1
29954
65522
17
65517
1
29978
65522
17
65517
1
30004
65522
17
65517
1
30028
65522
16
65517
1
30054
65522
16
65517
1
30078
65522
17
65516
1
30103
65522
17
65516
1
30129
65522
17
65516
1
30153
65522
16
65517
1
30178
65522
16
65517
1
30203
65522
16
65517
1
30228
65523
16
65517
1
30254
65523
16
65517
1
30278
65523
16
65517
1
30303
65522
16
65517
1
30328
65522
16
65517
1
30353
65522
16
65517
1
30377
65522
16
65517
1
30403
65522
16
65517
1
30428
65522
16
65516
1
30453
65522
16
65516
1
30478
65522
16
65516
1
30502
65522
16
65517
1
30528
65522
16
65517
1
30553
65522
17
65516
1
30577
65522
17
65516
1
30603
65522
17
65516
1
30627
65522
16
65517
1
30653
65522
16
65517
1
30678
65522
16
65517
1
30702
65522
16
65517
1
30728
65522
16
65517
1
30752
65522
16
65517
1
30777
65523
16
65516
1
30802
65523
16
65516
1
30827
65522
16
65517
1
30853
65522
16
65517
1
30877
65522
16
65517
1
30902
65523
17
65517
1
30927
65523
17
65517
1
30952
65523
17
65517
1
30977
65522
16
65517
1
31002
65522
16
65517
1
31027
65522
16
65517
1
31052
65522
16
65517
1
31077
65522
16
65517
1
31101
65522
16
65517
1
31127
65522
16
65517
1
31152
65522
16
65517
1
31176
65522
16
65517
1
31202
65522
16
65517
1
31226
65522
16
65517
1
31252
65522
17
65516
1
31277
65522
17
65516
1
31301
65522
17
65516
1
31327
65522
16
65517
1
31351
65522
16
65517
1
31376
65523
16
65516
1
31401
65523
16
65516
1
31426
65523
16
65516
1
31452
65523
16
65517
1
31476
65523
16
65517
1
31501
65523
16
65517
1
31526
65522
16
65517
1
31551
65522
16
65517
1
31576
65522
17
65516
1
31601
65522
17
65516
1
31626
65522
17
65516
1
31651
65522
16
65517
1
31676
65522
16
65517
1
31700
65522
16
65517
1
31726
65523
16
65516
1
31751
65523
16
65516
1
31775
65523
16
65516
1
31801
65522
16
65517
1
31825
65522
16
65517
1
31851
65523
16
65517
1
31876
65523
16
65517
1
31900
65523
16
65517
1
31926
65522
17
65517
1
31950
65522
17
65517
1
31975
65522
17
65517
1
32001
65522
16
65517
1
32025
65522
16
65517
1
32051
65522
16
65517
1
32075
65522
17
65516
1
32100
65522
17
65516
1
32125
65522
16
65517
1
32150
65522
16
65517
1
32175
65522
16
65517
1
32200
65522
16
65517
1
32225
65522
16
65517
1
32250
65522
16
65517
1
32275
65522
17
65516
1
32300
65522
17
65516
1
32325
65522
17
65516
1
32350
65522
17
65517
1
32374
65522
17
65517
1
32400
65522
17
65516
1
32424
65522
17
65516
1
32450
65522
17
65516
1
32475
65522
16
65517
1
32499
65522
16
65517
1
32525
65522
16
65517
1
32549
65522
17
65516
1
32574
65522
17
65516
1
32600
65522
17
65516
1
32624
65522
17
65516
1
32650
65522
17
65516
1
32674
65522
17
65517
1
32699
65522
17
65517
1
32724
65522
17
65517
1
32749
65522
17
65516
1
32774
65522
17
65516
1
32799
65522
17
65516
1
32824
65522
17
65517
1
32849
65522
17
65517
1
32874
65522
16
65516
1
32899
65522
16
65516
1
32924
65522
16
65516
1
32949
65522
16
65517
1
32973
65522
16
65517
1
32999
65522
16
65517
1
33024
65522
17
65517
1
33049
65522
17
65517
1
33074
65522
17
65517
1
33098
65522
17
65517
1
33124
65522
17
65517
1
33148
65522
16
65517
1
33173
65522
16
65517
1
33199
65522
16
65517
1
33223
65522
17
65516
1
33249
65522
17
65516
1
33273
65522
17
65516
1
33298
65522
16
65517
1
33324
65522
16
65517
1
33348
65522
16
65517
1
33373
65522
16
65516
1
33398
65522
16
65516
1
33423
65523
17
65516
1
33448
65523
17
65516
1
33473
65523
17
65516
1
33498
65522
16
65517
1
33523
65522
16
65517
1
33548
65522
16
65517
1
33572
65522
17
65516
1
33598
65522
17
65516
1
33623
65522
17
65516
1
33648
65522
16
65517
1
33673
65522
16
65517
1
33697
65522
17
65517
1
33723
65522
17
65517
1
33747
65522
17
65517
1
33772
65522
17
65517
1
33798
65522
17
65517
1
33822
65522
17
65517
1
33848
65522
17
65517
1
33872
65522
17
65517
1
33897
65522
17
65517
1
33923
65522
17
65517
1
33947
65522
17
65517
1
33972
65522
16
65517
1
33997
65522
16
65517
1
34022
65522
16
65517
1
34048
65522
17
65517
1
34072
65522
17
65517
1
34097
65522
17
65517
1
34122
65523
17
65517
1
34147
65523
17
65517
1
34171
65522
16
65517
1
34197
65522
16
65517
1
34222
65522
16
65517
1
34247
65522
17
65517
1
34272
65522
17
65517
1
34296
65522
17
65517
1
34322
65522
16
65517
1
34347
65522
16
65517
1
34371
65522
16
65517
1
34397
65522
17
65516
1
34421
65522
17
65516
1
34447
65522
17
65516
1
34471
65522
17
65516
1
34496
65522
17
65516
1
34522
65522
16
65517
1
34546
65522
16
65517
1
34571
65522
16
65517
1
34596
65523
17
65516
1
34621
65523
17
65516
1
34647
65523
17
65516
1
34671
65522
16
65516
1
34696
65522
16
65516
1
34721
65522
17
65516
1
34746
65522
17
65516
1
34770
65522
17
65516
1
34796
65522
17
65517
1
34821
65522
17
65517
1
34846
65522
17
65517
1
34871
65522
16
65517
1
34895
65522
16
65517
1
34921
65522
17
65516
1
34946
65522
17
65516
1
34970
65522
17
65516
1
34996
65522
16
65517
1
35020
65522
16
65517
1
35046
65522
16
65517
1
35070
65522
17
65516
1
35095
65522
17
65516
1
35121
65522
17
65516
1
35145
65522
16
65517
1
35170
65522
16
65517
1
35195
65522
16
65516
1
35220
65522
16
65516
1
35246
65522
16
65516
1
35270
65522
17
65516
1
35295
65522
17
65516
1
35320
65522
17
65516
1
35345
65522
16
65517
1
35369
65522
16
65517
1
35395
65522
16
65517
1
35420
65522
17
65517
1
35445
65522
17
65517
1
35470
65522
17
65517
1
35494
65522
17
65517
1
35520
65522
17
65517
1
35545
65522
17
65517
1
35569
65522
17
65517
1
35595
65522
17
65517
1
35619
65522
16
65517
1
35645
65522
16
65517
1
35670
65522
16
65517
1
35694
65522
16
65517
1
35720
65522
16
65517
1
35744
65522
17
65516
1
35769
65522
17
65516
1
35794
65522
17
65516
1
35819
65522
16
65517
1
35845
65522
16
65517
1
35869
65522
16
65517
1
35894
65522
17
65516
1
35919
65522
17
65516
1
35944
65522
17
65516
1
35969
65523
16
65516
1
35994
65523
16
65516
1
36019
65522
17
65517
1
36044
65522
17
65517
1
36069
65522
17
65517
1
36093
65522
16
65517
1
36119
65522
16
65517
1
36144
65522
16
65517
1
36168
65522
16
65517
1
36194
65522
16
65517
1
36218
65522
17
65516
1
36244
65522
17
65516
1
36269
65522
17
65516
1
36293
65522
17
65516
1
36319
65522
17
65516
1
36343
65522
17
65516
1
36368
65522
16
65517
1
36393
65522
16
65517
1
36418
65522
16
65517
1
36444
65522
17
65516
1
36468
65522
17
65516
1
36493
65522
17
65517
1
36518
65522
17
65517
1
36543
65522
17
65517
1
36568
65522
17
65516
1
36593
65522
17
65516
1
36618
65522
17
65516
1
36643
65522
16
65517
1
36668
65522
16
65517
1
36692
65522
16
65517
1
36718
65522
16
65517
1
36743
65522
16
65517
1
36767
65522
16
65517
1
36793
65522
16
65517
1
36817
65522
16
65517
1
36843
65522
16
65517
1
36868
65522
16
65517
1
36892
65522
16
65517
1
36918
65522
17
65517
1
36942
65522
17
65517
1
36967
65522
17
65517
1
36993
65523
16
65517
1
37017
65523
16
65517
1
37043
65522
16
65516
1
37067
65522
16
65516
1
37092
65522
16
65516
1
37117
65523
16
65516
1
37142
65523
16
65516
1
37167
65523
16
65516
1
37192
65522
16
65517
1
37217
65522
16
65517
1
37242
65522
17
65517
1
37267
65523
17
65517
1
37292
65523
17
65517
1
37317
65522
16
65517
1
37342
65522
16
65517
1
37366
65522
16
65517
1
37392
65522
16
65517
1
37416
65522
16
65517
1
37442
65522
16
65517
1
37467
65522
17
65516
1
37491
65522
17
65516
1
37517
65522
16
65517
1
37541
65522
16
65517
1
37566
65522
16
65517
1
37592
65523
16
65516
1
37616
65523
16
65516
1
37642
65523
16
65516
1
37666
65522
16
65517
1
37691
65522
16
65517
1
37716
65522
16
65517
1
37741
65522
17
65517
1
37766
65522
17
65517
1
37791
65522
16
65517
1
37816
65522
16
65517
1
37841
65522
16
65517
1
37866
65522
17
65517
1
37891
65522
17
65517
1
37916
65522
17
65517
1
37941
65522
17
65517
1
37965
65522
17
65517
1
37991
65522
17
65517
1
38016
65522
16
65517
1
38041
65522
16
65517
1
38066
65522
17
65516
1
38090
65522
17
65516
1
38116
65522
17
65516
1
38140
65522
16
65517
1
38165
65522
16
65517
1
38191
65522
16
65517
1
38215
65522
16
65517
1
38241
65522
16
65517
1
38265
65522
16
65517
1
38290
65522
17
65516
1
38316
65522
17
65516
1
38340
65522
17
65517
1
38365
65522
17
65517
1
38390
65522
17
65517
1
38415
65523
17
65517
1
38440
65523
17
65517
1
38465
65523
17
65517
1
38490
65522
17
65517
1
38515
65522
17
65517
1
38540
65522
16
65517
1
38564
65522
16
65517
1
38590
65522
16
65517
1
38615
65523
17
65516
1
38640
65523
17
65516
1
38665
65523
17
65516
1
38689
65523
17
65517
1
38715
65523
17
65517
1
38739
65523
17
65517
1
38764
65523
17
65517
1
38790
65523
17
65517
1
38814
65522
16
65517
1
38840
65522
16
65517
1
38864
65522
16
65517
1
38889
65523
17
65517
1
38915
65523
17
65517
1
38939
65523
17
65517
1
38964
65523
16
65517
1
38989
65523
16
65517
1
39014
65523
16
65517
1
39040
65522
17
65517
1
39064
65522
17
65517
1
39089
65523
17
65517
1
39114
65523
17
65517
1
39139
65523
17
65517
1
39163
65523
17
65517
1
39189
65523
17
65517
1
39214
65523
17
65517
1
39239
65523
17
65517
1
39264
65523
17
65517
1
39288
65523
17
65517
1
39314
65523
17
65517
1
39339
65523
17
65517
1
39363
65523
16
65517
1
39389
65523
16
65517
1
39413
65523
16
65517
1
39439
65523
17
65517
1
39463
65523
17
65517
1
39488
65523
17
65517
1
39514
65523
16
65517
1
39538
65523
16
65517
1
39563
65523
16
65517
1
39588
65523
16
65517
1
39613
65523
16
65517
1
39639
65523
16
65517
1
39663
65523
16
65517
1
39688
65523
16
65517
1
39713
65523
16
65517
1
39738
65523
16
65517
1
39762
65523
16
65517
1
39788
65523
16
65517
1
39813
65523
16
65517
1
39838
65522
16
65517
1
39863
65522
16
65517
1
39887
65522
16
65517
1
39913
65523
16
65517
1
39938
65523
16
65517
1
39962
65523
16
65517
1
39988
65522
16
65517
1
40012
65522
16
65517
1
40038
65522
16
65517
1
40062
65522
16
65517
1
40087
65522
16
65517
1
40113
65522
16
65517
1
40137
65522
16
65517
1
40162
65522
16
65517
1
40187
65522
16
65517
1
40212
65522
16
65517
1
40238
65522
16
65517
1
40262
65522
16
65517
1
40287
65522
16
65517
1
40312
65522
16
65517
1
40337
65522
16
65518
1
40361
65522
16
65518
1
40387
65522
16
65518
1
40412
65522
16
65518
1
40437
65522
16
65518
1
40462
65522
16
65517
1
40486
65522
16
65517
1
40512
65522
16
65517
1
40537
65522
17
65518
1
40561
65522
17
65518
1
40587
65522
17
65518
1
40611
65522
16
65517
1
40637
65522
16
65517
1
40662
65522
16
65517
1
40686
65522
16
65517
1
40712
65522
16
65517
1
40736
65522
17
65517
1
40761
65522
17
65517
1
40786
65522
17
65517
1
40811
65523
16
65517
1
40837
65523
16
65517
1
40861
65522
17
65517
1
40886
65522
17
65517
1
40911
65522
17
65517
1
40936
65522
17
65517
1
40961
65522
17
65517
1
40986
65522
17
65517
1
41011
65522
17
65518
1
41036
65522
17
65518
1
41061
65522
17
65518
1
41085
65522
17
65517
1
41111
65522
17
65517
1
41136
65522
17
65517
1
41160
65522
17
65517
1
41186
65522
17
65517
1
41210
65522
17
65517
1
41236
65522
17
65517
1
41261
65522
17
65517
1
41285
65522
17
65517
1
41311
65522
17
65517
1
41335
65522
17
65517
1
41360
65522
17
65517
1
41385
65522
17
65517
1
41410
65522
17
65517
1
41436
65522
17
65517
1
41460
65522
17
65517
1
41485
65522
16
65517
1
41510
65522
16
65517
1
41535
65522
16
65517
1
41560
65522
16
65517
1
41585
65522
16
65517
1
41610
65522
16
65517
1
41635
65522
17
65516
1
41660
65522
17
65516
1
41684
65522
17
65517
1
41710
65522
17
65517
1
41735
65522
17
65517
1
41759
65522
17
65516
1
41785
65522
17
65516
1
41809
65522
17
65516
1
41835
65522
17
65517
1
41860
65522
17
65517
1
41884
65522
17
65517
1
41910
65522
17
65517
1
41934
65522
17
65517
1
41959
65522
17
65517
1
41985
65522
17
65517
1
42009
65522
17
65517
1
42035
65522
17
65517
1
42059
65522
17
65517
1
42084
65522
17
65517
1
42109
65522
17
65517
1
42134
65522
17
65517
1
42159
65522
16
65517
1
42184
65522
16
65517
1
42209
65522
16
65517
1
42234
65522
17
65517
1
42259
65522
17
65517
1
42284
65522
17
65517
1
42309
65522
17
65517
1
42334
65522
17
65517
1
42358
65522
17
65517
1
42384
65522
16
65517
1
42408
65522
16
65517
1
42434
65522
17
65517
1
42459
65522
17
65517
1
42483
65522
17
65517
1
42509
65522
17
65517
1
42533
65522
17
65517
1
42558
65522
17
65517
1
42584
65522
17
65517
1
42608
65522
17
65517
1
42634
65522
17
65517
1
42658
65522
17
65517
1
42683
65522
17
65517
1
42708
65522
17
65517
1
42733