65523
17
65518
1
39933
65523
17
65518
1
39958
65523
17
65518
1
39983
65524
17
65518
1
40008
65524
17
65518
1
40033
65524
17
65518
1
40058
65523
17
65518
1
40083
65523
17
65518
1
40108
65523
17
65518
1
40133
65524
17
65518
1
40158
65524
17
65518
1
40182
65524
17
65518
1
40208
65524
17
65518
1
40232
65524
17
65518
1
40258
65524
18
65519
1
40283
65524
18
65519
1
40307
65524
18
65519
1
40333
65524
18
65518
1
40357
65524
18
65518
1
40382
65524
18
65518
1
40408
65524
17
65519
1
40432
65524
17
65519
1
40458
65524
18
65519
1
40482
65524
18
65519
1
40507
65524
18
65519
1
40532
65524
18
65519
1
40557
65524
18
65519
1
40582
65524
18
65519
1
40607
65524
18
65519
1
40632
65524
18
65519
1
40657
65524
18
65519
1
40682
65524
18
65519
1
40707
65524
18
65519
1
40732
65524
18
65520
1
40757
65524
18
65520
1
40781
65524
18
65520
1
40807
65523
19
65520
1
40832
65523
19
65520
1
40857
65523
19
65520
1
40882
65523
19
65520
1
40906
65523
19
65520
1
40932
65523
19
65520
1
40956
65523
19
65520
1
40981
65523
19
65520
1
41007
65523
19
65520
1
41031
65523
19
65520
1
41057
65523
19
65520
1
41081
65523
18
65521
1
41106
65523
18
65521
1
41132
65523
18
65521
1
41156
65523
19
65520
1
41181
65523
19
65520
1
41206
65522
18
65520
1
41231
65522
18
65520
1
41256
65522
18
65520
1
41281
65522
18
65521
1
41306
65522
18
65521
1
41331
65522
18
65521
1
41356
65522
18
65520
1
41380
65522
18
65520
1
41406
65522
18
65520
1
41431
65522
17
65520
1
41456
65522
17
65520
1
41481
65521
17
65520
1
41505
65521
17
65520
1
41531
65521
17
65520
1
41555
65520
17
65520
1
41580
65520
17
65520
1
41606
65520
17
65520
1
41630
65520
17
65520
1
41656
65520
17
65520
1
41680
65520
17
65520
1
41705
65521
16
65519
1
41731
65521
16
65519
1
41755
65520
16
65519
1
41780
65520
16
65519
1
41805
65520
16
65519
1
41830
65521
16
65519
1
41856
65521
16
65519
1
41880
65521
16
65519
1
41905
65521
15
65519
1
41930
65521
15
65519
1
41955
65521
16
65519
1
41979
65521
16
65519
1
42005
65521
16
65519
1
42030
65521
16
65518
1
42055
65521
16
65518
1
42080
65521
16
65518
1
42104
65522
16
65518
1
42130
65522
16
65518
1
42155
65522
16
65518
1
42179
65522
16
65518
1
42205
65522
16
65518
1
42229
65521
16
65518
1
42255
65521
16
65518
1
42279
65521
16
65518
1
42304
65522
16
65517
1
42330
65522
16
65517
1
42354
65522
16
65517
1
42379
65522
16
65517
1
42404
65522
16
65517
1
42429
65522
16
65517
1
42455
65522
16
65518
1
42479
65522
16
65518
1
42504
65522
16
65518
1
42529
65522
16
65518
1
42554
65522
16
65518
1
42578
65522
16
65517
1
42604
65522
16
65517
1
42629
65522
16
65517
1
42654
65522
16
65517
1
42679
65522
16
65517
1
42703
65522
16
65517
1
42729
65522
16
65517
1
42754
65522
16
65517
1
42778
65522
16
65517
1
42804
65522
16
65517
1
42828
65522
16
65517
1
42854
65522
17
65517
1
42878
65522
17
65517
1
42903
65522
17
65517
1
42929
65522
17
65517
1
42953
65522
17
65517
1
42978
65522
17
65517
1
43003
65522
17
65517
1
43028
65522
17
65517
1
43054
65522
17
65517
1
43078
65522
17
65517
1
43103
65522
17
65517
1
43128
65522
17
65517
1
43153
65522
17
65517
1
43177
65522
17
65517
1
43203
65522
17
65517
1
43228
65522
17
65517
1
43253
65522
17
65517
1
43278
65522
17
65517
1
43302
65522
17
65517
1
43328
65522
17
65517
1
43353
65522
17
65517
1
43377
65522
17
65517
1
43403
65522
17
65517
1
43427
65522
17
65517
1
43453
65522
17
65517
1
43478
65522
17
65517
1
43502
65522
17
65517
1
43528
65522
17
65517
1
43552
65522
17
65517
1
43577
65522
17
65517
1
43602
65522
16
65517
1
43627
65522
16
65517
1
43653
65522
16
65517
1
43677
65522
17
65517
1
43702
65522
17
65517
1
43727
65522
17
65517
1
43752
65522
17
65517
1
43777
65522
17
65517
1
43802
65522
17
65517
1
43827
65522
17
65517
1
43852
65522
17
65517
1
43877
65522
17
65517
1
43901
65522
17
65517
1
43927
65522
17
65517
1
43952
65522
17
65517
1
43976
65522
17
65517
1
44002
65522
17
65517
1
44026
65522
17
65516
1
44052
65522
17
65516
1
44077
65522
17
65518
1
44101
65522
17
65518
1
44127
65522
17
65518
1
44151
65522
17
65517
1
44176
65522
17
65517
1
44201
65522
17
65517
1
44226
65522
17
65517
1
44252
65522
17
65517
1
44276
65522
17
65517
1
44301
65522
17
65517
1
44326
65522
17
65517
1
44351
65522
17
65517
1
44376
65522
17
65517
1
44401
65522
17
65517
1
44426
65522
17
65517
1
44451
65522
17
65517
1
44476
65522
17
65517
1
44500
65522
17
65517
1
44526
65522
17
65517
1
44551
65522
17
65517
1
44575
65522
17
65517
1
44601
65522
17
65517
1
44625
65522
17
65517
1
44651
65522
17
65517
1
44676
65522
17
65517
1
44700
65522
17
65517
1
44726
65522
17
65517
1
44750
65522
17
65517
1
44775
65522
17
65517
1
44801
65522
17
65517
1
44825
65522
17
65517
1
44851
65522
17
65517
1
44875
65522
17
65517
1
44900
65522
17
65517
1
44925
65522
17
65517
1
44950
65522
17
65517
1
44975
65522
17
65517
1
45000
65522
17
65517
1
45025
65522
17
65517
1
45050
65522
17
65517
1
45075
65522
17
65517
1
45100
65522
17
65517
1
45125
65522
17
65517
1
45150
65522
17
65517
1
45174
65522
17
65517
1
45200
65522
17
65517
1
45224
65522
17
65517
1
45250
65522
17
65517
1
45275
65522
17
65517
1
45299
65522
17
65517
1
45325
65522
17
65517
1
45349
65522
17
65517
1
45374
65522
17
65517
1
45400
65522
17
65517
1
45424
65522
17
65517
1
45450
65522
17
65517
1
45474
65522
17
65517
1
45499
65522
17
65517
1
45524
65522
17
65517
1
45549
65522
17
65517
1
45574
65522
17
65517
1
45599
65522
17
65517
1
45624
65522
17
65517
1
45649
65522
17
65517
1
45674
65522
17
65517
1
45699
65522
17
65517
1
45724
65522
17
65517
1
45749
65522
17
65517
1
45773
65522
17
65517
1
45799
65522
17
65517
1
45824
65522
17
65517
1
45849
65522
17
65517
1
45874
65522
17
65517
1
45898
65522
17
65517
1
45924
65522
17
65517
1
45948
65522
17
65517
1
45973
65522
17
65517
1
45999
65522
17
65517
1
46023
65522
17
65517
1
46049
65522
17
65517
1
46073
65522
17
65517
1
46098
65522
17
65517
1
46124
65522
17
65517
1
46148
65522
17
65517
1
46173
65522
17
65517
1
46198
65522
17
65517
1
46223
65522
17
65517
1
46248
65522
17
65517
1
46273
65522
17
65517
1
46298
65522
17
65517
1
46323
65522
17
65517
1
46348
65522
17
65517
1
46372
65522
17
65517
1
46398
65522
17
65517
1
46423
65522
17
65517
1
46448
65522
17
65517
1
46473
65522
17
65517
1
46497
65522
17
65517
1
46523
65522
17
65517
1
46547
65522
17
65517
1
46572
65522
17
65517
1
46598
65522
17
65516
1
46622
65522
17
65516
1
46648
65522
17
65516
1
46672
65522
17
65516
1
46697
65522
17
65516
1
46723
65522
17
65516
1
46747
65522
17
65518
1
46772
65522
17
65518
1
46797
65522
17
65518
1
46822
65522
17
65517
1
46848
65522
17
65517
1
46872
65522
17
65517
1
46897
65522
17
65517
1
46922
65522
17
65517
1
46947
65522
17
65517
1
46971
65522
17
65517
1
46997
65522
17
65517
1
47022
65522
17
65517
1
47047
65522
17
65517
1
47072
65522
17
65517
1
47096
65522
17
65517
1
47122
65522
17
65517
1
47147
65522
17
65517
1
47171
65522
17
65517
1
47197
65522
17
65517
1
47221
65522
17
65517
1
47247
65522
17
65517
1
47271
65522
17
65517
1
47296
65522
17
65517
1
47322
65522
17
65517
1
47346
65522
17
65517
1
47371
65522
17
65517
1
47396
65522
17
65517
1
47421
65522
17
65517
1
47447
65522
17
65517
1
47471
65522
17
65517
1
47496
65522
17
65517
1
47521
65522
17
65517
1
47546
65522
17
65517
1
47570
65522
17
65517
1
47596
65522
17
65517
1
47621
65522
17
65517
1
47646
65522
17
65517
1
47671
65522
17
65517
1
47695
65522
17
65517
1
47721
65522
17
65517
1
47746
65522
17
65517
1
47770
65522
17
65517
1
47796
65522
17
65517
1
47820
65522
17
65517
1
47846
65522
17
65517
1
47870
65522
17
65517
1
47895
65522
17
65517
1
47921
65522
17
65517
1
47945
65522
17
65517
1
47970
65522
17
65517
1
47995
65522
17
65517
1
48020
65522
17
65517
1
48046
65522
17
65518
1
48070
65522
17
65518
1
48095
65522
17
65518
1
48120
65522
17
65517
1
48145
65522
17
65517
1
48169
65522
17
65517
1
48195
65522
17
65517
1
48220
65522
17
65517
1
48245
65522
17
65518
1
48270
65522
17
65518
1
48294
65522
17
65518
1
48320
65522
17
65517
1
48345
65522
17
65517
1
48369
65522
17
65517
1
48395
65522
16
65517
1
48419
65522
16
65517
1
48445
65522
17
65517
1
48470
65522
17
65517
1
48494
65522
17
65517
1
48520
65522
17
65517
1
48544
65522
17
65517
1
48569
65522
17
65517
1
48594
65522
17
65518
1
48619
65522
17
65518
1
48645
65522
17
65517
1
48669
65522
17
65517
1
48694
65522
17
65517
1
48719
65522
17
65518
1
48744
65522
17
65518
1
48769
65522
17
65518
1
48794
65522
17
65517
1
48819
65522
17
65517
1
48844
65522
17
65517
1
48869
65522
17
65518
1
48893
65522
17
65518
1
48919
65522
17
65518
1
48944
65522
17
65518
1
48968
65522
17
65518
1
48994
65522
16
65517
1
49018
65522
16
65517
1
49044
65522
16
65517
1
49069
65522
16
65518
1
49093
65522
16
65518
1
49119
65522
16
65518
1
49143
65522
16
65517
1
49168
65522
16
65517
1
49193
65522
16
65517
1
49218
65522
16
65517
1
49244
65522
16
65517
1
49268
65522
16
65518
1
49293
65522
16
65518
1
49318
65522
16
65518
1
49343
65522
16
65518
1
49368
65522
16
65518
1
49393
65522
16
65518
1
49418
65522
16
65518
1
49443
65522
16
65518
1
49468
65522
16
65517
1
49492
65522
16
65517
1
49518
65522
16
65517
1
49543
65522
16
65518
1
49567
65522
16
65518
1
49593
65522
16
65518
1
49617
65522
16
65518
1
49643
65522
16
65518
1
49668
65522
16
65518
1
49692
65522
16
65517
1
49718
65522
16
65517
1
49742
65522
16
65518
1
49767
65522
16
65518
1
49793
65522
16
65518
1
49817
65523
16
65518
1
49843
65523
16
65518
1
49867
65523
16
65518
1
49892
65523
16
65518
1
49917
65523
16
65518
1
49942
65523
16
65517
1
49967
65523
16
65517
1
49992
65523
16
65517
1
50017
65523
16
65518
1
50042
65523
16
65518
1
50067
65523
16
65518
1
50092
65523
16
65518
1
50117
65523
16
65518
1
50142
65523
16
65518
1
50166
65523
16
65518
1
50192
65523
16
65518
1
50216
65523
16
65518
1
50242
65523
16
65518
1
50267
65523
16
65518
1
50291
65523
16
65517
1
50317
65523
16
65517
1
50341
65523
16
65517
1
50366
65523
16
65518
1
50392
65523
16
65518
1
50416
65523
16
65518
1
50442
65523
16
65518
1
50466
65523
16
65518
1
50491
65523
16
65518
1
50516
65523
16
65518
1
50541
65523
16
65518
1
50566
65523
16
65518
1
50591
65523
16
65518
1
50616
65523
16
65518
1
50641
65523
16
65517
1
50666
65523
16
65517
1
50691
65523
16
65517
1
50716
65523
16
65518
1
50741
65523
16
65518
1
50765
65523
16
65517
1
50791
65523
16
65517
1
50816
65523
16
65517
1
50841
65523
16
65517
1
50866
65523
16
65517
1
50890
65523
16
65517
1
50916
65523
16
65518
1
50940
65523
16
65518
1
50965
65523
16
65518
1
50991
65523
16
65518
1
51015
65523
16
65518
1
51041
65523
16
65518
1
51065
65523
16
65518
1
51090
65523
16
65518
1
51116
65523
16
65518
1
51140
65523
16
65518
1
51165
65523
16
65518
1
51190
65523
17
65517
1
51215
65523
17
65517
1
51240
65523
16
65518
1
51265
65523
16
65518
1
51290
65523
16
65518
1
51315
65523
17
65517
1
51340
65523
17
65517
1
51364
65523
17
65517
1
51390
65523
16
65518
1
51415
65523
16
65518
1
51440
65523
16
65518
1
51465
65522
17
65518
1
51489
65522
17
65518
1
51515
65522
16
65517
1
51539
65522
16
65517
1
51564
65522
16
65517
1
51590
65522
16
65518
1
51614
65522
16
65518
1
51640
65522
16
65518
1
51664
65522
17
65517
1
51689
65522
17
65517
1
51715
65522
17
65517
1
51739
65522
16
65518
1
51764
65522
16
65518
1
51789
65523
17
65517
1
51814
65523
17
65517
1
51840
65523
17
65517
1
51864
65522
16
65517
1
51889
65522
16
65517
1
51914
65522
16
65517
1
51939
65522
16
65518
1
51963
65522
16
65518
1
51989
65523
16
65517
1
52014
65523
16
65517
1
52039
65523
16
65517
1
52064
65522
16
65518
1
52088
65522
16
65518
1
52114
65522
16
65518
1
52139
65522
16
65517
1
52163
65522
16
65517
1
52189
65522
16
65517
1
52213
65522
16
65517
1
52239
65522
16
65517
1
52263
65522
16
65517
1
52288
65522
16
65517
1
52314
65522
16
65517
1
52338
65522
16
65517
1
52363
65522
16
65517
1
52388
65522
16
65517
1
52413
65522
16
65518
1
52439
65522
16
65518
1
52463
65522
16
65518
1
52488
65523
16
65517
1
52513
65523
16
65517
1
52538
65522
16
65518
1
52562
65522
16
65518
1
52588
65522
16
65518
1
52613
65522
16
65517
1
52638
65522
16
65517
1
52663
65522
16
65517
1
52687
65522
16
65518
1
52713
65522
16
65518
1
52738
65522
16
65518
1
52762
65522
16
65518
1
52788
65522
16
65518
1
52812
65522
16
65517
1
52838
65522
16
65517
1
52862
65522
16
65517
1
52887
65522
16
65518
1
52913
65522
16
65518
1
52937
65522
16
65518
1
52962
65522
16
65517
1
52987
65522
16
65517
1
53012
65522
16
65518
1
53038
65523
16
65518
1
53062
65523
16
65518
1
53087
65522
16
65518
1
53112
65522
16
65518
1
53137
65522
16
65518
1
53161
65522
16
65518
1
53187
65522
16
65518
1
53212
65522
16
65518
1
53237
65522
15
65518
1
53262
65522
15
65518
1
53286
65523
15
65518
1
53312
65523
15
65518
1
53337
65523
15
65518
1
53361
65523
15
65518
1
53387
65523
15
65518
1
53411
65523
15
65518
1
53437
65523
15
65518
1
53462
65523
15
65518
1
53486
65523
15
65518
1
53512
65523
15
65519
1
53536
65523
15
65519
1
53561
65523
14
65520
1
53586
65523
14
65520
1
53611
65523
14
65520
1
53637
65523
14
65519
1
53661
65523
14
65519
1
53686
65523
14
65519
1
53711
65523
14
65521
1
53736
65523
14
65521
1
53761
65523
14
65521
1
53786
65523
14
65520
1
53811
65523
14
65520
1
53836
65523
13
65522
1
53861
65523
13
65522
1
53885
65523
13
65522
1
53911
65523
14
65522
1
53936
65523
14
65522
1
53960
65523
14
65522
1
53986
65523
14
65523
1
54010
65523
14
65523
1
54036
65523
14
65523
1
54061
65523
15
65524
1
54085
65523
15
65524
1
54111
65524
16
65524
1
54135
65524
16
65524
1
54160
65524
16
65524
1
54185
65523
17
65525
1
54210
65523
17
65525
1
54236
65523
17
65525
1
54260
65524
20
65524
1
54285
65524
20
65524
1
54310
65524
21
65523
1
54335
65524
21
65523
1
54360
65524
21
65523
1
54385
65525
22
65522
1
54410
65525
22
65522
1
54435
65525
22
65522
1
54460
65525
21
65520
1
54484
65525
21
65520
1
54510
65525
21
65520
1
54535
65526
21
65521
1
54559
65526
21
65521
1
54585
65527
20
65520
1
54609
65527
20
65520
1
54635
65527
20
65520
1
54660
65528
21
65520
1
54684
65528
21
65520
1
54710
65528
21
65520
1
54734
65528
22
65520
1
54759
65528
22
65520
1
54785
65528
22
65520
1
54809
65525
24
65519
1
54835
65525
24
65519
1
54859
65521
25
65517
1
54884
65521
25
65517
1
54909
65521
25
65517
1
54934
65518
25
65514
1
54959
65518
25
65514
1
54984
65518
25
65514
1
55009
65518
24
65510
1
55034
65518
24
65510
1
55059
65518
24
65510
1
55084
65521
20
65507
1
55109
65521
20
65507
1
55134
65527
15
65511
1
55158
65527
15
65511
1
55184
65527
15
65511
1
55208
65531
16
65518
1
55234
65531
16
65518
1
55259
65531
16
65518
1
55283
65532
19
65523
1
55309
65532
19
65523
1
55333
65532
19
65523
1
55358
65532
19
65523
1
55384
65532
19
65523
1
55408
65529
23
65526
1
55434
65529
23
65526
1
55458
65529
23
65526
1
55483
65528
24
65525
1
55508
65528
24
65525
1
55533
65528
24
65525
1
55558
65527
25
65524
1
55583
65527
25
65524
1
55608
65527
25
65523
1
55633
65527
25
65523
1
55658
65527
25
65523
1
55683
65526
25
65523
1
55708
65526
25
65523
1
55733
65526
25
65523
1
55757
65525
27
65522
1
55783
65525
27
65522
1
55808
65525
27
65522
1
55833
65525
28
65520
1
55858
65525
28
65520
1
55882
65526
30
65519
1
55908
65526
30
65519
1
55932
65526
30
65519
1
55957
65526
31
65516
1
55983
65526
31
65516
1
56007
65526
31
65516
1
56033
65527
31
65515
1
56057
65527
31
65515
1
56082
65527
31
65515
1
56108
65527
30
65514
1
56132
65527
30
65514
1
56157
65527
30
65513
1
56182
65527
30
65513
1
56207
65527
30
65513
1
56232
65527
30
65512
1
56257
65527
30
65512
1
56282
65527
30
65512
1
56307
65527
29
65511
1
56332
65527
29
65511
1
56356
65526
29
65511
1
56382
65526
29
65511
1
56407
65526
29
65511
1
56432
65526
30
65511
1
56457
65526
30
65511
1
56481
65526
30
65511
1
56507
65526
30
65510
1
56531
65526
30
65510
1
56556
65526
30
65510
1
56582
65526
31
65510
1
56606
65526
31
65510
1
56632
65526
32
65508
1
56656
65526
32
65508
1
56681
65526
32
65508
1
56707
65527
33
65507
1
56731
65527
33
65507
1
56756
65527
33
65507
1
56781
65527
34
65506
1
56806
65527
34
65506
1
56832
65527
34
65506
1
56856
65527
36
65504
1
56881
65527
36
65504
1
56906
65528
36
65503
1
56931
65528
36
65503
1
56955
65528
36
65503
1
56981
65528
37
65499
1
57006
65528
37
65499
1
57031
65528
37
65499
1
57056
65528
37
65497
1
57080
65528
37
65497
1
57106
65528
37
65497
1
57131
65528
36
65493
1
57155
65528
36
65493
1
57181
65528
35
65491
1
57205
65528
35
65491
1
57231
65528
35
65491
1
57255
65530
33
65491
1
57280
65530
33
65491
1
57306
65530
33
65491
1
57330
65532
31
65490
1
57355
65532
31
65490
1
57380
65532
31
65490
1
57405
65532
31
65490
1
57431
65532
31
65490
1
57455
65535
27
65491
1
57480
65535
27
65491
1
57505
65535
27
65491
1
57530
0
26
65493
1
57554
0
26
65493
1
57576
0
26
65493
1
57596
65535
26
65495
1
57617
65535
26
65495
1
57643
65535
26
65495
1
57667
65533
25
65495
1
57692
65533
25
65495
1
57717
65533
25
65495
1
57742
65533
25
65495
1
57767
65533
25
65495
1
57792
65533
24
65495
1
57817
65533
24
65495
1
57842
65533
24
65495
1
57867
65532
23
65495
1
57891
65532
23
65495
1
57917
65532
23
65495
1
57942
65530
22
65495
1
57967
65530
22
65495
1
57992
65530
22
65495
1
58016
65531
21
65495
1
58042
65531
21
65495
1
58066
65531
22
65495
1
58091
65531
22
65495
1
58117
65531
22
65495
1
58141
65530
22
65495
1
58167
65530
22
65495
1
58191
65530
22
65495
1
58216
65529
21
65495
1
58242
65529
21
65495
1
58266
65529
21
65495
1
58291
65529
22
65495
1
58316
65529
22
65495
1
58341
65531
23
65495
1
58366
65531
23
65495
1
58391
65531
23
65495
1
58416
65532
23
65494
1
58441
65532
23
65494
1
58466
65532
23
65494
1
58490
65532
23
65494
1
58516
65532
23
65494
1
58541
65532
24
65494
1
58566
65532
24
65494
1
58591
65532
24
65494
1
58615
65532
24
65494
1
58641
65532
24
65494
1
58665
65532
24
65494
1
58690
65532
24
65494
1
58716
65532
24
65494
1
58740
65532
24
65494
1
58766
65533
25
65494
1
58790
65533
25
65494
1
58815
65533
25
65495
1
58841
65533
25
65495
1
58865
65533
25
65495
1
58890
65533
25
65495
1
58915
65533
25
65495
1
58940
65533
25
65495
1
58966
65534
25
65495
1
58990
65534
25
65495
1
59015
65534
25
65495
1
59040
65535
25
65494
1
59065
65535
25
65494
1
59089
65535
26
65491
1
59115
65535
26
65491
1
59140
65535
26
65491
1
59165
65534
26
65490
1
59190
65534
26
65490
1
59214
65534
26
65490
1
59240
65533
29
65490
1
59265
65533
29
65490
1
59289
65533
29
65490
1
59315
65531
32
65489
1
59339
65531
32
65489
1
59365
65529
33
65490
1
59389
65529
33
65490
1
59414
65529
33
65490
1
59440
65528
36
65491
1
59464
65528
36
65491
1
59489
65528
36
65491
1
59514
65527
37
65493
1
59539
65527
37
65493
1
59565
65527
37
65493
1
59589
65528
38
65496
1
59614
65528
38
65496
1
59639
65527
37
65499
1
59664
65527
37
65499
1
59688
65527
37
65499
1
59714
65527
36
65503
1
59739
65527
36
65503
1
59764
65527
36
65503
1
59789
65527
35
65506
1
59813
65527
35
65506
1
59839
65527
35
65506
1
59864
65527
35
65506
1
59888
65527
35
65506
1
59914
65526
30
65510
1
59938
65526
30
65510
1
59964
65526
30
65510
1
59988
65526
29
65511
1
60013
65526
29
65511
1
60039
65526
29
65511
1
60063
65526
29
65512
1
60088
65526
29
65512
1
60113
65527
30
65512
1
60138
65527
30
65512
1
60164
65527
30
65512
1
60188
65527
30
65514
1
60213
65527
30
65514
1
60238
65527
30
65514
1
60263
65526
31
65516
1
60288
65526
31
65516
1
60313
65526
31
65516
1
60338
65526
29
65520
1
60363
65526
29
65520
1
60388
65525
26
65522
1
60412
65525
26
65522
1
60438
65525
26
65522
1
60463
65526
25
65524
1
60487
65526
25
65524
1
60513
65526
25
65524
1
60537
65526
24
65525
1
60563
65526
24
65525
1
60588
65526
24
65525
1
60612
65528
24
65526
1
60638
65528
24
65526
1
60662
65531
22
65527
1
60687
65531
22
65527
1
60712
65531
22
65527
1
60737
65534
19
65525
1
60763
65534
19
65525
1
60787
65534
19
65525
1
60812
65534
15
65521
1
60837
65534
15
65521
1
60862
65534
14
65515
1
60887
65533
14
65515
1
60912
65533
14
65515
1
60937
65531
14
65510
1
60962
65531
14
65510
1
60987
65531
14
65510
1
61011
65528
15
65507
1
61037
65528
15
65507
1
61062
65528
15
65507
1
61086
65526
17
65505
1
61112
65526
17
65505
1
61136
65524
19
65503
1
61162
65524
19
65503
1
61187
65524
19
65503
1
61211
65522
21
65503
1
61237
65522
21
65503
1
61261
65522
21
65503
1
61286
65520
23
65504
1
61312
65520
23
65504
1
61336
65520
23
65504
1
61362
65519
24
65506
1
61386
65519
24
65506
1
61411
65518
25
65507
1
61436
65518
25
65507
1
61461
65518
25
65507
1
61486
65518
26
65508
1
61511
65518
26
65508
1
61536
65518
26
65508
1
61561
65518
26
65510
1
61586
65518
26
65510
1
61611
65518
26
65510
1
61636
65519
27
65511
1
61661
65519
27
65511
1
61685
65519
27
65513
1
61711
65519
27
65513
1
61735
65519
27
65513
1
61761
65520
27
65513
1
61786
65520
27
65513
1
61810
65520
27
65513
1
61836
65521
27
65513
1
61860
65521
27
65513
1
61885
65521
27
65513
1
61911
65521
27
65513
1
61935
65521
27
65513
1
61961
65520
27
65513
1
61985
65520
27
65513
1
62010
65520
27
65513
1
62035
65520
27
65513
1
62060
65520
27
65513
1
62085
65520
27
65513
1
62110
65519
27
65511
1
62135
65519
27
65511
1
62160
65519
26
65511
1
62185
65519
26
65511
1
62210
65519
26
65511
1
62235
65518
26
65510
1
62260
65518
26
65510
1
62284
65518
26
65510
1
62310
65518
26
65509
1
62334
65518
26
65509
1
62360
65518
26
65509
1
62385
65518
26
65508
1
62409
65518
26
65508
1
62435
65519
25
65506
1
62459
65519
25
65506
1
62484
65519
25
65506
1
62510
65520
23
65505
1
62534
65520
23
65505
1
62560
65520
23
65505
1
62584
65522
21
65503
1
62609
65522
21
65503
1
62635
65522
21
65503
1
62659
65525
18
65504
1
62684
65525
18
65504
1
62709
65529
15
65508
1
62734
65529
15
65508
1
62759
65529
15
65508
1
62784
65532
14
65513
1
62809
65532
14
65513
1
62834
65532
14
65513
1
62859
65534
15
65519
1
62883
65534
15
65519
1
62909
65534
15
65519
1
62934
65533
18
65523
1
62959
65533
18
65523
1
62984
65531
21
65526
1
63008
65531
21
65526
1
63034
65531
21
65526
1
63058
65529
23
65527
1
63083
65529
23
65527
1
63109
65529
23
65527
1
63133
65527
24
65525
1
63159
65527
24
65525
1
63183
65527
24
65524
1
63208
65526
24
65524
1
63234
65526
24
65524
1
63258
65525
25
65523
1
63283
65525
25
65523
1
63308
65525
25
65523
1
63333
65525
26
65521
1
63358
65525
26
65521
1
63383
65525
26
65521
1
63408
65526
29
65519
1
63433
65526
29
65519
1
63458
65527
30
65516
1
63482
65527
30
65516
1
63508
65527
30
65516
1
63533
65527
30
65514
1
63558
65527
30
65514
1
63583
65527
30
65514
1
63607
65526
30
65513
1
63633
65526
30
65513
1
63657
65526
30
65513
1
63682
65526
30
65512
1
63708
65526
30
65512
1
63732
65525
29
65512
1
63758
65525
29
65512
1
63782
65525
29
65512
1
63807
65526
29
65511
1
63833
65526
29
65511
1
63857
65526
29
65511
1
63882
65526
31
65510
1
63907
65526
31
65510
1
63932
65526
31
65510
1
63958
65526
33
65508
1
63982
65526
33
65508
1
64007
65527
34
65506
1
64032
65527
34
65506
1
64057
65527
34
65506
1
64081
65527
37
65503
1
64107
65527
37
65503
1
64132
65527
37
65503
1
64157
65528
37
65499
1
64182
65528
37
65499
1
64206
65528
37
65499
1
64232
65529
37
65496
1
64257
65529
37
65496
1
64281
65529
36
65492
1
64307
65529
36
65492
1
64331
65529
36
65492
1
64357
65531
33
65490
1
64381
65531
33
65490
1
64406
65531
33
65490
1
64432
65534
29
65490
1
64456
65534
29
65490
1
64481
65534
29
65490
1
64506
65534
29
65490
1
64531
65534
29
65490
1
64557
65535
26
65496
1
64581
65535
26
65496
1
64606
65535
26
65496
1
64631
65532
24
65496
1
64656
65532
24
65496
1
64680
65532
24
65496
1
64706
65530
22
65497
1
64731
65530
22
65497
1
64756
65529
21
65496
1
64781
65529
21
65496
1
64805
65529
21
65496
1
64831
65529
20
65495
1
64856
65529
20
65495
1
64880
65529
20
65495
1
64906
65528
15
65496
1
64930
65528
15
65496
1
64956
65528
15
65496
1
64980
65528
13
65499
1
65005
65528
13
65499
1
65031
65527
13
65501
1
65055
65527
13
65501
1
65080
65527
13
65501
1
65105
65527
13
65502
1
65130
65527
13
65502
1
65156
65527
13
65502
1
65180
65527
14
65503
1
65205
65527
14
65503
1
65230
65527
14
65503
1
65255
65527
14
65502
1
65280
65527
14
65502
1
65305
65527
13
65503
1
65330
65527
13
65503
1
65355
65527
13
65503
1
65380
65528
14
65502
1
65404
65528
14
65502
1
65430
65528
14
65502
1
65455
65528
14
65502
1
65479
65528
14
65502
1
65505
65528
15
65501
1
65529
65528
15
65501
1
19
65528
15
65501
1
40
65528
15
65501
1
62
65528
15
65501
1
84
65528
15
65501
1
106
65528
15
65501
1
129
65529
15
65501
1
152
65529
15
65501
1
175
65529
15
65501
1
197
65530
15
65501
1
221
65530
15
65501
1
243
65530
16
65501
1
266
65530
16
65501
1
289
65530
16
65501
1
312
65530
15
65502
1
334
65530
15
65502
1
358
65530
15
65502
1
380
65530
15
65502
1
403
65530
15
65502
1
427
65530
15
65502
1
449
65530
15
65501
1
472
65530
15
65501
1
495
65530
15
65501
1
518
65529
16
65501
1
540
65529
16
65501
1
564
65529
16
65501
1
586
65529
15
65501
1
609
65529
15
65501
1
632
65529
15
65501
1
655
65527
14
65502
1
677
65527
14
65502
1
701
65527
14
65502
1
723
65526
14
65502
1
747
65526
14
65502
1
770
65526
14
65502
1
792
65527
13
65502
1
816
65527
13
65502
1
838
65527
13
65502
1
861
65528
13
65500
1
884
65528
13
65500
1
907
65528
13
65500
1
929
65527
13
65500
1
953
65527
13
65500
1
975
65527
13
65500
1
998
65528
15
65496
1
1021
65528
15
65496
1
1045
65528
15
65496
1
1069
65527
20
65495
1
1093
65527
20
65495
1
1117
65527
20
65495
1
1140
65528
21
65497
1
1165
65528
21
65497
1
1188
65528
21
65497
1
1213
65530
24
65495
1
1236
65530
24
65495
1
1260
65530
24
65495
1
1285
65533
26
65495
1
1308
65533
26
65495
1
1332
65533
26
65495
1
1356
0
27
65491
1
1380
0
27
65491
1
1399
0
27
65491
1
1420
65532
31
65489
1
1439
65532
31
65489
1
1463
65532
31
65489
1
1487
65528
34
65491
1
1511
65528
34
65491
1
1534
65528
34
65491
1
1559
65526
37
65494
1
1583
65526
37
65494
1
1606
65526
37
65494
1
1631
65527
37
65499
1
1654
65527
37
65499
1
1679
65526
36
65504
1
1702
65526
36
65504
1
1726
65526
36
65504
1
1751
65526
32
65508
1
1774
65526
32
65508
1
1798
65526
32
65508
1
1822
65526
30
65510
1
1846
65526
30
65510
1
1869
65526
30
65510
1
1894
65527
29
65511
1
1917
65527
29
65511
1
1941
65527
29
65511
1
1966
65527
30
65513
1
1989
65527
30
65513
1
2014
65527
30
65513
1
2037
65527
31
65514
1
2061
65527
31
65514
1
2085
65526
30
65519
1
2109
65526
30
65519
1
2132
65526
30
65519
1
2157
65526
26
65522
1
2181
65526
26
65522
1
2204
65526
26
65522
1
2229
65527
25
65524
1
2252
65527
25
65524
1
2276
65527
25
65524
1
2300
65530
23
65525
1
2324
65530
23
65525
1
2349
65530
23
65525
1
2372
65532
19
65522
1
2396
65532
19
65522
1
2420
65532
19
65522
1
2444
65527
16
65512
1
2467
65527
16
65512
1
2492
65527
16
65512
1
2515
65519
23
65510
1
2539
65519
23
65510
1
2564
65519
23
65510
1
2587
65519
23
65510
1
2612
65519
23
65510
1
2635
65524
24
65518
1
2659
65524
24
65518
1
2683
65524
24
65518
1
2707
65528
23
65519
1
2731
65528
23
65519
1
2755
65528
23
65519
1
2779
65529
21
65520
1
2802
65529
21
65520
1
2827
65529
21
65520
1
2850
65528
20
65520
1
2874
65528
20
65520
1
2898
65528
20
65520
1
2922
65527
21
65520
1
2947
65527
21
65520
1
2970
65527
21
65520
1
2994
65526
21
65520
1
3018
65526
21
65520
1
3042
65526
22
65520
1
3065
65526
22
65520
1
3090
65526
22
65520
1
3113
65526
22
65520
1
3137
65526
22
65520
1
3162
65526
22
65520
1
3185
65525
22
65520
1
3210
65525
22
65520
1
3233
65525
22
65520
1
3257
65525
22
65521
1
3281
65525
22
65521
1
3305
65525
22
65521
1
3329
65525
22
65521
1
3353
65525
22
65521
1
3377
65525
22
65521
1
3400
65525
22
65521
1
3425
65525
22
65521
1
3448
65525
22
65521
1
3472
65525
22
65522
1
3496
65525
22
65522
1
3520
65525
22
65522
1
3545
65525
22
65522
1
3568
65525
22
65522
1
3592
65525
22
65522
1
3616
65525
22
65522
1
3640
65525
22
65522
1
3663
65524
22
65522
1
3688
65524
22
65522
1
3712
65524
22
65522
1
3735
65525
22
65522
1
3760
65525
22
65522
1
3783
65525
22
65522
1
3807
65525
22
65523
1
3831
65525
22
65523
1
3855
65525
22
65523
1
3879
65525
22
65522
1
3903
65525
22
65522
1
3927
65525
22
65522
1
3951
65524
22
65523
1
3975
65524
22
65523
1
3998
65524
22
65523
1
4023
65524
22
65523
1
4046
65524
22
65523
1
4070
65524
22
65523
1
4094
65524
22
65523
1
4118
65524
22
65523
1
4143
65524
22
65522
1
4166
65524
22
65522
1
4190
65524
22
65522
1
4214
65524
22
65522
1
4238
65524
22
65522
1
4261
65524
22
65522
1
4286
65524
22
65522
1
4310
65524
22
65522
1
4333
65524
22
65522
1
4358
65524
22
65521
1
4381
65524
22
65521
1
4405
65524
22
65521
1
4429
65524
22
65521
1
4453
65524
22
65521
1
4477
65524
22
65521
1
4501
65524
22
65521
1
4525
65524
22
65521
1
4549
65525
22
65520
1
4573
65525
22
65520
1
4596
65525
22
65520
1
4621
65525
22
65521
1
4644
65525
22
65521
1
4668
65525
22
65521
1
4692
65525
22
65520
1
4716
65525
22
65520
1
4741
65525
22
65520
1
4764
65526
21
65520
1
4788
65526
21
65520
1
4812
65526
21
65520
1
4836
65526
21
65520
1
4859
65526
21
65520
1
4884
65527
20
65520
1
4908
65527
20
65520
1
4931
65527
20
65520
1
4956
65528
20
65520
1
4979
65528
20
65520
1
5003
65528
20
65520
1
5027
65528
20
65520
1
5051
65528
20
65520
1
5075
65528
20
65520
1
5099
65528
22
65520
1
5123
65528
22
65520
1
5147
65528
22
65520
1
5171
65526
24
65519
1
5194
65526
24
65519
1
5219
65526
24
65519
1
5242
65523
25
65518
1
5266
65523
25
65518
1
5291
65523
25
65518
1
5314
65519
25
65515
1
5338
65519
25
65515
1
5362
65519
25
65515
1
5386
65519
25
65515
1
5410
65519
25
65515
1
5434
65523
19
65509
1
5457
65523
19
65509
1
5482
65523
19
65509
1
5506
65530
16
65516
1
5529
65530
16
65516
1
5554
65530
16
65516
1
5577
65532
20
65523
1
5601
65532
20
65523
1
5625
65532
20
65523
1
5649
65530
23
65525
1
5673
65530
23
65525
1
5697
65530
23
65525
1
5721
65528
25
65524
1
5745
65528
25
65524
1
5769
65528
25
65524
1
5792
65527
25
65523
1
5817
65527
25
65523
1
5840
65526
26
65522
1
5864
65526
26
65522
1
5889
65526
26
65522
1
5912
65526
29
65520
1
5936
65526
29
65520
1
5960
65526
29
65520
1
5984
65526
31
65516
1
6008
65526
31
65516
1
6032
65526
31
65516
1
6055
65527
31
65514
1
6080
65527
31
65514
1
6104
65527
31
65514
1
6127
65527
30
65513
1
6152
65527
30
65513
1
6175
65527
30
65513
1
6199
65527
30
65512
1
6223
65527
30
65512
1
6247
65527
30
65512
1
6272
65527
29
65511
1
6295
65527
29
65511
1
6319
65526
31
65511
1
6343
65526
31
65511
1
6367
65526
31
65511
1
6390
65525
31
65510
1
6415
65525
31
65510
1
6438
65525
31
65510
1
6462
65526
33
65508
1
6487
65526
33
65508
1
6510
65526
33
65508
1
6534
65526
36
65504
1
6558
65526
36
65504
1
6582
65526
36
65504
1
6606
65527
37
65501
1
6630
65527
37
65501
1
6653
65527
37
65501
1
6678
65527
37
65497
1
6702
65527
37
65497
1
6725
65527
37
65497
1
6750
65527
36
65493
1
6773
65527
36
65493
1
6797
65529
34
65491
1
6821
65529
34
65491
1
6845
65529
34
65491
1
6868
65532
31
65490
1
6893
65532
31
65490
1
6917
65532
31
65490
1
6941
65535
27
65491
1
6965
65535
27
65491
1
6988
65535
27
65491
1
7013
65535
26
65494
1
7036
65535
26
65494
1
7060
65535
26
65494
1
7085
65533
26
65496
1
7108
65533
26
65496
1
7132
65533
26
65496
1
7156
65532
24
65496
1
7180
65532
24
65496
1
7204
65532
24
65496
1
7228
65532
24
65496
1
7251
65532
24
65496
1
7276
65528
21
65497
1
7300
65528
21
65497
1
7323
65528
21
65497
1
7348
65528
16
65495
1
7371
65528
16
65495
1
7395
65528
16
65495
1
7419
65527
13
65501
1
7443
65527
13
65501
1
7467
65527
13
65501
1
7491
65528
13
65502
1
7515
65528
13
65502
1
7539
65528
13
65502
1
7563
65527
14
65503
1
7586
65527
14
65503
1
7611
65527
14
65503
1
7634
65529
15
65502
1
7658
65529
15
65502
1
7683
65531
16
65502
1
7706
65531
16
65502
1
7730
65531
16
65502
1
7754
65534
15
65505
1
7778
65534
15
65505
1
7802
65534
15
65505
1
7826
65534
16
65506
1
7849
65534
16
65506
1
7874
65534
16
65506
1
7898
65534
14
65508
1
7921
65534
14
65508
1
7946
65534
14
65508
1
7969
65533
12
65510
1
7993
65533
12
65510
1
8017
65533
12
65510
1
8041
65531
12
65513
1
8065
65531
12
65513
1
8089
65531
12
65513
1
8113
65529
12
65515
1
8137
65529
12
65515
1
8161
65529
12
65515
1
8184
65529
12
65515
1
8209
65529
12
65515
1
8232
65526
13
65516
1
8256
65526
13
65516
1
8281
65526
13
65516
1
8304
65526
14
65516
1
8328
65526
14
65516
1
8352
65526
14
65516
1
8376
65525
15
65516
1
8399
65525
15
65516
1
8424
65525
15
65516
1
8448
65525
14
65517
1
8472
65525
14
65517
1
8496
65525
14
65517
1
8519
65524
15
65516
1
8544
65524
15
65516
1
8567
65524
15
65516
1
8591
65524
15
65517
1
8615
65524
15
65517
1
8639
65523
16
65516
1
8663
65523
16
65516
1
8687
65523
16
65516
1
8711
65523
16
65516
1
8735
65523
16
65516
1
8759
65523
16
65516
1
8782
65523
16
65517
1
8807
65523
16
65517
1
8830
65523
16
65517
1
8854
65523
16
65516
1
8879
65523
16
65516
1
8902
65523
16
65516
1
8926
65523
16
65517
1
8950
65523
16
65517
1
8974
65523
16
65517
1
8997
65523
16
65517
1
9022
65523
16
65517
1
9046
65523
16
65517
1
9070
65523
16
65517
1
9094
65523
16
65517
1
9117
65522
16
65517
1
9142
65522
16
65517
1
9165
65522
16
65517
1
9189
65522
17
65517
1
9213
65522
17
65517
1
9237
65522
17
65517
1
9261
65522
17
65517
1
9285
65522
17
65517
1
9309
65522
17
65517
1
9333
65522
17
65516
1
9357
65522
17
65516
1
9380
65522
17
65516
1
9405
65522
17
65517
1
9428
65522
17
65517
1
9452
65522
17
65517
1
9477
65522
17
65517
1
9500
65522
17
65517
1
9524
65522
17
65517
1
9548
65522
16
65516
1
9572
65522
16
65516
1
9595
65523
17
65517
1
9620
65523
17
65517
1
9644
65523
17
65517
1
9668
65522
17
65516
1
9692
65522
17
65516
1
9715
65522
17
65516
1
9740
65522
17
65517
1
9763
65522
17
65517
1
9787
65522
17
65517
1
9811
65522
17
65517
1
9835
65522
17
65517
1
9859
65522
17
65517
1
9883
65522
17
65517
1
9907
65522
17
65517
1
9930
65522
17
65517
1
9955
65522
17
65517
1
9978
65522
17
65517
1
10003
65522
17
65516
1
10028
65522
17
65516
1
10052
65522
17
65516
1
10078
65522
17
65517
1
10102
65522
17
65517
1
10127
65522
17
65517
1
10152
65522
17
65517
1
10177
65522
17
65517
1
10203
65522
17
65517
1
10227
65522
17
65517
1
10252
65522
17
65517
1
10277
65522
17
65517
1
10302
65522
17
65517
1
10327
65522
17
65517
1
10352
65522
17
65516
1
10377
65522
17
65516
1
10402
65522
17
65516
1
10427
65522
17
65517
1
10451
65522
17
65517
1
10477
65522
17
65517
1
10502