65522
17
65517
1
39205
65522
17
65517
1
39231
65522
17
65516
1
39256
65522
17
65516
1
39280
65522
17
65516
1
39306
65522
17
65517
1
39330
65522
17
65517
1
39356
65522
17
65516
1
39380
65522
17
65516
1
39405
65522
17
65516
1
39431
65522
17
65517
1
39455
65522
17
65517
1
39480
65522
17
65517
1
39505
65522
17
65517
1
39530
65522
17
65517
1
39556
65522
17
65517
1
39580
65522
17
65516
1
39605
65522
17
65516
1
39630
65522
17
65517
1
39655
65522
17
65517
1
39680
65522
17
65517
1
39705
65522
17
65516
1
39730
65522
17
65516
1
39755
65522
17
65516
1
39780
65522
17
65517
1
39804
65522
17
65517
1
39830
65522
17
65517
1
39855
65522
17
65516
1
39879
65522
17
65516
1
39905
65522
17
65517
1
39929
65522
17
65517
1
39955
65522
17
65517
1
39980
65522
17
65517
1
40004
65522
17
65517
1
40030
65522
17
65517
1
40054
65522
17
65517
1
40079
65522
17
65517
1
40104
65522
17
65517
1
40129
65522
17
65517
1
40155
65522
17
65517
1
40179
65522
17
65516
1
40204
65522
17
65516
1
40229
65522
17
65516
1
40254
65522
17
65517
1
40279
65522
17
65517
1
40304
65522
17
65517
1
40329
65522
17
65517
1
40354
65522
17
65517
1
40379
65522
17
65517
1
40403
65522
17
65517
1
40429
65522
17
65517
1
40454
65522
17
65517
1
40478
65522
17
65517
1
40504
65522
17
65517
1
40528
65522
17
65516
1
40554
65522
17
65516
1
40579
65522
17
65516
1
40603
65522
17
65517
1
40629
65522
17
65517
1
40653
65522
17
65517
1
40678
65522
17
65517
1
40704
65522
17
65517
1
40728
65522
17
65516
1
40754
65522
17
65516
1
40778
65522
17
65516
1
40803
65522
17
65517
1
40828
65522
17
65517
1
40853
65522
17
65517
1
40878
65522
17
65517
1
40903
65522
17
65517
1
40928
65522
17
65517
1
40953
65522
17
65517
1
40978
65522
17
65517
1
41003
65522
17
65517
1
41028
65522
17
65517
1
41053
65522
17
65517
1
41077
65522
17
65516
1
41103
65522
17
65516
1
41127
65522
17
65517
1
41153
65522
17
65517
1
41178
65522
17
65517
1
41202
65522
17
65517
1
41228
65522
17
65517
1
41252
65522
17
65517
1
41277
65522
17
65517
1
41303
65522
17
65517
1
41327
65522
17
65517
1
41353
65522
17
65516
1
41377
65522
17
65516
1
41402
65522
17
65517
1
41427
65522
17
65517
1
41452
65522
17
65517
1
41477
65522
17
65517
1
41502
65522
17
65517
1
41527
65522
17
65517
1
41552
65522
17
65517
1
41577
65522
17
65517
1
41602
1
45870
65522
17
65516
1
45895
65522
17
65516
1
45920
65522
17
65517
1
45945
65522
17
65517
1
45970
65522
17
65517
1
45995
65522
17
65516
1
46020
65522
17
65516
1
46045
65522
17
65517
1
46069
65522
17
65517
1
46095
65522
17
65517
1
46119
65522
17
65517
1
46145
65522
17
65517
1
46170
65522
17
65517
1
46194
65522
17
65516
1
46220
65522
17
65516
1
46244
65522
17
65516
1
46269
65522
17
65517
1
46295
65522
17
65517
1
46319
65522
17
65517
1
46345
65522
17
65517
1
46369
65522
17
65517
1
46394
65522
17
65517
1
46419
65522
17
65517
1
46444
65522
17
65517
1
46469
65522
17
65517
1
46494
65522
17
65517
1
46519
65522
17
65517
1
46544
65522
17
65517
1
46569
65522
17
65517
1
46594
65522
17
65517
1
46619
65522
17
65517
1
46644
65522
17
65517
1
46668
65522
17
65517
1
46694
65522
17
65517
1
46718
65522
17
65517
1
46744
65522
17
65517
1
46769
65522
17
65517
1
46793
65522
17
65516
1
46819
65522
17
65516
1
46843
65522
17
65516
1
46868
65522
17
65517
1
46894
65522
17
65517
1
46918
65522
17
65517
1
46944
65522
17
65517
1
46968
65522
17
65517
1
46993
65522
17
65517
1
47019
65522
17
65517
1
47043
65522
17
65517
1
47068
65522
17
65517
1
47093
65522
17
65517
1
47118
65522
17
65517
1
47143
65522
17
65517
1
47168
65522
17
65517
1
47193
65522
17
65517
1
47218
65522
17
65517
1
47243
65522
17
65517
1
47267
65522
17
65517
1
47293
65522
17
65517
1
47318
65522
17
65517
1
47343
65522
17
65516
1
47368
65522
17
65516
1
47392
65522
17
65516
1
47418
65522
17
65518
1
47442
65522
17
65518
1
47467
65522
17
65518
1
47493
65522
17
65517
1
47517
65522
17
65517
1
47543
65522
17
65517
1
47567
65522
17
65517
1
47592
65522
17
65517
1
47618
65522
17
65517
1
47642
65522
17
65517
1
47667
65522
17
65517
1
47692
65522
17
65517
1
47717
65522
17
65517
1
47742
65522
17
65517
1
47767
65522
17
65517
1
47792
65522
17
65517
1
47817
65522
17
65517
1
47842
65522
17
65517
1
47866
65522
17
65517
1
47892
65522
17
65517
1
47917
65522
17
65517
1
47942
65522
17
65517
1
47967
65522
17
65517
1
47991
65522
17
65517
1
48017
65522
17
65517
1
48041
65522
17
65517
1
48066
65522
17
65517
1
48092
65522
17
65517
1
48116
65522
17
65517
1
48142
65522
17
65517
1
48166
65522
17
65517
1
48191
65522
17
65517
1
48217
65522
17
65517
1
48241
65522
17
65517
1
48266
65522
17
65517
1
48291
65522
17
65517
1
48316
65522
17
65517
1
48342
65522
17
65517
1
48366
65522
17
65518
1
48391
65522
17
65518
1
48416
65522
17
65518
1
48441
65522
17
65517
1
48465
65522
17
65517
1
48491
65522
17
65517
1
48516
65522
17
65517
1
48541
65522
17
65517
1
48566
65522
17
65517
1
48590
65522
17
65517
1
48616
65522
17
65517
1
48641
65522
17
65517
1
48665
65522
17
65517
1
48691
65522
17
65517
1
48715
65522
17
65517
1
48741
65522
17
65517
1
48765
65522
17
65517
1
48790
65522
17
65517
1
48816
65522
17
65517
1
48840
65522
17
65517
1
48865
65522
17
65517
1
48890
65522
17
65517
1
48915
65522
17
65517
1
48941
65522
17
65517
1
48965
65522
17
65517
1
48990
65522
17
65517
1
49015
65522
17
65517
1
49040
65522
17
65517
1
49064
65522
17
65517
1
49090
65522
17
65517
1
49115
65522
17
65517
1
49140
65522
17
65517
1
49165
65522
17
65517
1
49189
65522
17
65517
1
49215
65522
17
65517
1
49240
65522
17
65517
1
49264
65522
17
65517
1
49290
65522
17
65517
1
49314
65522
17
65517
1
49340
65522
17
65517
1
49364
65522
17
65517
1
49389
65522
17
65517
1
49415
65522
17
65517
1
49439
65522
17
65517
1
49464
65522
17
65517
1
49489
65522
17
65517
1
49514
65522
17
65517
1
49540
65522
17
65517
1
49564
65522
17
65517
1
49589
65522
17
65517
1
49614
65522
17
65517
1
49639
65522
17
65517
1
49664
65523
17
65518
1
49689
65523
17
65518
1
49714
65523
17
65518
1
49739
65522
17
65518
1
49764
65522
17
65518
1
49788
65522
17
65518
1
49814
65523
17
65517
1
49839
65523
17
65517
1
49863
65523
17
65517
1
49889
65523
17
65518
1
49913
65523
17
65518
1
49939
65523
17
65518
1
49964
65523
17
65518
1
49988
65523
17
65518
1
50014
65523
17
65517
1
50038
65523
17
65517
1
50063
65523
17
65517
1
50088
65523
17
65518
1
50113
65523
17
65518
1
50139
65523
17
65518
1
50163
65523
17
65517
1
50188
65523
17
65517
1
50213
65523
17
65518
1
50238
65523
17
65518
1
50263
65523
17
65518
1
50288
65523
17
65518
1
50313
65523
17
65518
1
50338
65523
17
65518
1
50363
65523
17
65517
1
50387
65523
17
65517
1
50413
65523
16
65518
1
50438
65523
16
65518
1
50462
65523
16
65518
1
50488
65523
16
65518
1
50512
65523
16
65518
1
50538
65523
16
65518
1
50563
65523
16
65518
1
50587
65523
16
65518
1
50613
65523
16
65518
1
50637
65523
16
65518
1
50662
65523
16
65518
1
50688
65523
16
65518
1
50712
65523
16
65518
1
50738
65523
16
65518
1
50762
65523
16
65518
1
50787
65523
16
65518
1
50812
65523
16
65518
1
50837
65523
16
65517
1
50862
65523
16
65517
1
50887
65523
16
65517
1
50912
65522
16
65518
1
50937
65522
16
65518
1
50962
65522
16
65518
1
50987
65522
16
65518
1
51012
65522
16
65518
1
51037
65522
16
65518
1
51061
65522
16
65518
1
51087
65522
16
65518
1
51111
65522
16
65518
1
51137
65522
16
65518
1
51162
65522
16
65518
1
51186
65522
16
65518
1
51212
65522
16
65518
1
51236
65522
16
65518
1
51261
65522
16
65518
1
51287
65522
16
65518
1
51311
65522
16
65517
1
51337
65522
16
65517
1
51361
65522
16
65517
1
51386
65521
16
65518
1
51411
65521
16
65518
1
51436
65522
16
65517
1
51461
65522
16
65517
1
51486
65522
16
65517
1
51511
65522
16
65518
1
51536
65522
16
65518
1
51561
65522
16
65518
1
51586
65521
16
65518
1
51611
65521
16
65518
1
51636
65521
16
65518
1
51660
65522
16
65517
1
51686
65522
16
65517
1
51710
65521
16
65518
1
51736
65521
16
65518
1
51761
65521
16
65518
1
51785
65522
17
65518
1
51811
65522
17
65518
1
51835
65522
17
65518
1
51860
65521
16
65518
1
51886
65521
16
65518
1
51910
65521
16
65518
1
51936
65522
17
65518
1
51960
65522
17
65518
1
51985
65522
17
65517
1
52011
65522
17
65517
1
52035
65522
17
65517
1
52060
65521
17
65518
1
52085
65521
17
65518
1
52110
65521
17
65518
1
52135
65522
17
65517
1
52160
65522
17
65517
1
52185
65522
17
65517
1
52210
65522
16
65518
1
52235
65522
16
65518
1
52259
65522
17
65517
1
52285
65522
17
65517
1
52310
65522
17
65517
1
52335