65521
17
65517
1
52360
65521
17
65517
1
52384
65521
17
65517
1
52410
65521
16
65518
1
52434
65521
16
65518
1
52459
65521
16
65518
1
52485
65521
17
65517
1
52509
65521
17
65517
1
52535
65521
17
65518
1
52559
65521
17
65518
1
52584
65521
17
65518
1
52610
65522
17
65517
1
52634
65522
17
65517
1
52659
65522
17
65517
1
52684
65522
17
65518
1
52709
65522
17
65518
1
52734
65522
17
65518
1
52759
65522
17
65518
1
52784
65522
17
65518
1
52809
65521
17
65517
1
52834
65521
17
65517
1
52858
65521
17
65517
1
52884
65522
17
65518
1
52909
65522
17
65518
1
52934
65522
17
65518
1
52959
65522
17
65518
1
52983
65522
17
65518
1
53009
65522
16
65518
1
53033
65522
16
65518
1
53058
65522
16
65518
1
53084
65522
17
65518
1
53108
65522
17
65518
1
53134
65522
17
65518
1
53158
65522
17
65517
1
53183
65522
17
65517
1
53209
65522
17
65517
1
53233
65522
17
65517
1
53258
65522
17
65517
1
53283
65522
17
65517
1
53308
65522
17
65517
1
53334
65522
17
65517
1
53358
65522
17
65518
1
53383
65522
17
65518
1
53408
65522
17
65518
1
53433
65522
17
65517
1
53457
65522
17
65517
1
53483
65522
17
65517
1
53508
65522
17
65517
1
53533
65522
17
65517
1
53558
65522
17
65518
1
53582
65522
17
65518
1
53608
65522
17
65518
1
53633
65522
17
65517
1
53657
65522
17
65517
1
53683
65522
17
65517
1
53707
65522
17
65518
1
53733
65522
17
65518
1
53757
65522
17
65517
1
53782
65522
17
65517
1
53808
65522
17
65517
1
53832
65522
17
65518
1
53857
65522
17
65518
1
53882
65522
17
65518
1
53907
65522
17
65518
1
53933
65522
17
65518
1
53957
65522
17
65518
1
53982
65522
17
65517
1
54007
65522
17
65517
1
54032
65522
17
65517
1
54056
65522
17
65517
1
54082
65522
17
65517
1
54107
65522
17
65517
1
54132
65522
17
65517
1
54157
65522
17
65517
1
54181
65522
17
65518
1
54207
65522
17
65518
1
54232
65522
17
65518
1
54256
65522
17
65517
1
54282
65522
17
65517
1
54306
65522
17
65517
1
54332
65522
17
65517
1
54356
65522
17
65517
1
54381
65522
17
65517
1
54407
65522
17
65517
1
54431
65522
17
65517
1
54456
65522
17
65517
1
54481
65522
17
65517
1
54506
65522
17
65517
1
54532
65522
17
65518
1
54556
65522
17
65518
1
54581
65522
17
65517
1
54606
65522
17
65517
1
54631
65522
17
65517
1
54656
65522
17
65517
1
54681
65522
17
65517
1
54706
65522
17
65517
1
54731
65522
17
65517
1
54756
65522
17
65517
1
54780
65522
17
65517
1
54806
65522
17
65517
1
54831
65522
17
65517
1
54855
65522
17
65517
1
54881
65522
17
65517
1
54905
65522
17
65517
1
54931
65522
17
65517
1
54956
65522
17
65517
1
54980
65522
17
65517
1
55006
65522
17
65517
1
55030
65522
17
65517
1
55055
65522
17
65517
1
55080
65522
17
65517
1
55105
65522
17
65517
1
55131
65522
17
65517
1
55155
65522
17
65517
1
55180
65522
17
65517
1
55205
65522
17
65518
1
55230
65522
17
65518
1
55255
65522
17
65518
1
55280
65522
17
65517
1
55305
65522
17
65517
1
55330
65522
17
65518
1
55355
65522
17
65518
1
55379
65522
17
65518
1
55405
65522
17
65517
1
55430
65522
17
65517
1
55454
65522
17
65517
1
55480
65522
17
65518
1
55504
65522
17
65518
1
55530
65522
17
65518
1
55555
65522
17
65518
1
55579
65522
17
65518
1
55605
65523
17
65517
1
55629
65523
17
65517
1
55654
65523
17
65517
1
55680
65522
17
65517
1
55704
65522
17
65517
1
55730
65522
17
65517
1
55754
65522
17
65517
1
55779
65522
17
65517
1
55804
65522
17
65517
1
55829
65522
17
65517
1
55854
65522
17
65517
1
55879
65522
17
65517
1
55904
65522
17
65517
1
55929
65522
17
65517
1
55954
65522
17
65517
1
55979
65522
17
65517
1
56004
65522
17
65517
1
56029
65522
17
65517
1
56053
65522
17
65517
1
56079
65522
17
65517
1
56103
65522
17
65517
1
56129
65522
17
65517
1
56154
65522
16
65518
1
56178
65522
16
65518
1
56204
65522
16
65518
1
56228
65522
17
65517
1
56253
65522
17
65517
1
56279
65522
17
65517
1
56303
65522
17
65517
1
56329
65522
17
65517
1
56353
65522
17
65517
1
56378
65522
17
65517
1
56403
65522
17
65517
1
56428
65522
17
65517
1
56453
65522
17
65517
1
56478
65522
17
65517
1
56503
65522
17
65517
1
56528
65522
17
65517
1
56553
65522
17
65517
1
56578
65522
17
65517
1
56603
65522
17
65517
1
56628
65522
17
65517
1
56652
65522
17
65517
1
56678
65522
17
65517
1
56702
65522
17
65517
1
56728
65522
17
65517
1
56753
65522
17
65517
1
56777
65522
17
65517
1
56803
65522
17
65517
1
56827
65522
17
65517
1
56852
65522
17
65518
1
56878
65522
17
65518
1
56902
65522
17
65517
1
56928
65522
17
65517
1
56952
65522
17
65517
1
56977
65522
17
65517
1
57003
65522
17
65517
1
57027
65522
17
65517
1
57052
65522
17
65517
1
57077
65522
17
65517
1
57102
65522
17
65517
1
57127
65522
17
65516
1
57152
65522
17
65516
1
57177
65522
17
65517
1
57202
65522
17
65517
1
57227
65522
17
65517
1
57251
65522
17
65517
1
57277
65522
17
65517
1
57302
65522
17
65517
1
57327
65522
17
65517
1
57352
65522
17
65517
1
57376
65522
17
65517
1
57402
65522
17
65517
1
57426
65522
17
65517
1
57451
65522
17
65517
1
57477
65522
17
65517
1
57501
65522
17
65517
1
57527
65522
17
65517
1
57551
65522
17
65517
1
57576
65522
17
65517
1
57602
65522
17
65517
1
57626
65522
17
65517
1
57651
65522
17
65517
1
57676
65522
17
65517
1
57701
65522
17
65517
1
57726
65522
17
65517
1
57751
65522
17
65517
1
57776
65522
17
65517
1
57801
65522
17
65517
1
57826
65522
17
65517
1
57850
65522
17
65517
1
57876
65522
17
65517
1
57901
65522
17
65517
1
57926
65522
17
65517
1
57951
65522
17
65517
1
57975
65522
17
65517
1
58001
65522
17
65517
1
58025
65522
17
65517
1
58050
65522
17
65517
1
58076
65522
17
65517
1
58100
65522
17
65517
1
58126
65522
17
65517
1
58150
65522
17
65517
1
58175
65522
17
65517
1
58201
65522
17
65517
1
58225
65522
17
65517
1
58250
65522
17
65517
1
58275
65522
17
65517
1
58300
65522
17
65517
1
58326
65522
17
65517
1
58350
65522
17
65517
1
58375
65522
17
65517
1
58400
65522
17
65517
1
58425
65522
17
65517
1
58449
65522
17
65517
1
58475
65522
17
65517
1
58500
65522
17
65517
1
58525
65522
17
65517
1
58550
65522
17
65517
1
58574
65522
17
65517
1
58600
65522
17
65517
1
58625
65522
17
65517
1
58649
65522
17
65517
1
58675
65522
16
65517
1
58699
65522
16
65517
1
58725
65522
16
65517
1
58749
65523
17
65517
1
58774
65523
17
65517
1
58800
65523
17
65517
1
58824
65522
17
65517
1
58849
65522
17
65517
1
58874
65522
17
65517
1
58899
65522
17
65516
1
58925
65522
17
65516
1
58949
65522
17
65517
1
58974
65522
17
65517
1
58999
65522
17
65517
1
59024
65522
17
65517
1
59048
65522
17
65517
1
59074
65522
17
65517
1
59099
65522
17
65517
1
59124
65522
17
65517
1
59149
65522
17
65517
1
59173
65522
17
65517
1
59199
65522
17
65517
1
59224
65522
17
65516
1
59248
65522
17
65516
1
59274
65522
17
65516
1
59298
65522
17
65517
1
59324
65522
17
65517
1
59348
65522
17
65517
1
59373
65522
17
65517
1
59399
65522
17
65517
1
59423
65522
17
65517
1
59448
65522
17
65517
1
59473
65522
17
65517
1
59498
65522
17
65517
1
59524
65522
17
65517
1
59548
65522
17
65517
1
59573
65522
17
65517
1
59598
65522
17
65517
1
59623
65522
17
65517
1
59648
65522
16
65517
1
59673
65522
16
65517
1
59698
65522
17
65516
1
59723
65522
17
65516
1
59748
65522
17
65516
1
59772
65522
17
65517
1
59798
65522
17
65517
1
59823
65522
17
65517
1
59847
65522
17
65517
1
59873
65522
17
65517
1
59897
65522
17
65517
1
59923
65522
17
65517
1
59948
65522
17
65517
1
59972
65522
17
65517
1
59998
65522
17
65517
1
60022
65522
17
65517
1
60047
65523
17
65516
1
60072
65523
17
65516
1
60097
65523
17
65516
1
60123
65522
16
65517
1
60147
65522
16
65517
1
60172
65522
16
65517
1
60197
65523
16
65517
1
60222
65523
16
65517
1
60247
65522
16
65516
1
60272
65522
16
65516
1
60297
65522
16
65516
1
60322
65522
16
65517
1
60347
65522
16
65517
1
60371
65522
16
65517
1
60397
65522
16
65517
1
60422
65522
16
65517
1
60446
65522
16
65517
1
60472
65523
16
65517
1
60496
65523
16
65517
1
60522
65523
16
65516
1
60547
65523
16
65516
1
60571
65523
16
65516
1
60597
65523
16
65516
1
60621
65523
16
65516
1
60646
65523
16
65516
1
60672
65523
15
65516
1
60696
65523
15
65516
1
60722
65523
15
65516
1
60746
65524
15
65515
1
60771
65524
15
65515
1
60796
65524
15
65516
1
60821
65524
15
65516
1
60846
65524
15
65516
1
60871
65524
15
65516
1
60896
65524
15
65516
1
60921
65524
15
65516
1
60946
65525
14
65516
1
60971
65525
14
65516
1
60996
65525
14
65516
1
61021
65525
14
65516
1
61045
65525
14
65516
1
61071
65527
12
65515
1
61095
65527
12
65515
1
61121
65527
12
65515
1
61146
65529
10
65513
1
61170
65529
10
65513
1
61196
65529
10
65513
1
61220
65532
9
65509
1
61245
65532
9
65509
1
61270
65535
10
65502
1
61293
65535
10
65502
1
61319
65535
10
65502
1
61343
65535
19
65499
1
61368
65535
19
65499
1
61393
65535
19
65499
1
61418
65532
23
65504
1
61443
65532
23
65504
1
61468
65532
23
65504
1
61493
65529
20
65512
1
61518
65529
20
65512
1
61543
65528
10
65509
1
61568
65528
10
65509
1
61593
65528
10
65509
1
61618
65524
13
65498
1
61642
65524
13
65498
1
61668
65524
13
65498
1
61692
65519
18
65493
1
61718
65519
18
65493
1
61743
65519
18
65493
1
61767
65514
24
65495
1
61793
65514
24
65495
1
61817
65509
25
65500
1
61842
65509
25
65500
1
61868
65509
25
65500
1
61892
65506
24
65507
1
61918
65506
24
65507
1
61942
65506
24
65507
1
61967
65509
21
65509
1
61992
65509
21
65509
1
62017
65509
21
65509
1
62042
65512
23
65507
1
62067
65512
23
65507
1
62092
65515
24
65508
1
62117
65515
24
65508
1
62142
65515
24
65508
1
62167
65517
26
65508
1
62192
65517
26
65508
1
62217
65517
26
65508
1
62241
65519
27
65508
1
62267
65519
27
65508
1
62291
65519
27
65508
1
62317
65520
26
65508
1
62342
65520
26
65508
1
62366
65520
27
65507
1
62392
65520
27
65507
1
62416
65520
27
65507
1
62441
65520
27
65506
1
62467
65520
27
65506
1
62491
65520
27
65506
1
62517
65521
29
65505
1
62541
65521
29
65505
1
62566
65521
29
65505
1
62592
65521
29
65505
1
62616
65521
29
65505
1
62641
65523
32
65507
1
62666
65523
32
65507
1
62691
65523
32
65507
1
62716
65524
33
65510
1
62741
65524
33
65510
1
62766
65524
33
65510
1
62791
65526
32
65512
1
62816
65526
32
65512
1
62840
65526
32
65513
1
62866
65526
32
65513
1
62891
65526
32
65513
1
62916
65525
31
65515
1
62941
65525
31
65515
1
62965
65525
31
65515
1
62991
65525
30
65516
1
63015
65525
30
65516
1
63040
65525
30
65516
1
63066
65524
30
65517
1
63090
65524
30
65517
1
63116
65523
30
65520
1
63140
65523
30
65520
1
63165
65523
30
65520
1
63191
65522
29
65522
1
63215
65522
29
65522
1
63240
65522
29
65522
1
63265
65522
27
65524
1
63290
65522
27
65524
1
63315
65522
27
65524
1
63340
65522
25
65526
1
63365
65522
25
65526
1
63390
65522
23
65525
1
63415
65522
23
65525
1
63439
65522
23
65525
1
63465
65522
21
65525
1
63490
65522
21
65525
1
63515
65522
21
65525
1
63540
65522
21
65524
1
63564
65522
21
65524
1
63590
65522
21
65524
1
63614
65522
21
65524
1
63639
65522
21
65524
1
63665
65521
21
65523
1
63689
65521
21
65523
1
63715
65521
21
65523
1
63739
65521
20
65522
1
63764
65521
20
65522
1
63790
65521
20
65522
1
63814
65521
21
65522
1
63839
65521
21
65522
1
63864
65521
21
65522
1
63889
65521
21
65522
1
63915
65521
21
65522
1
63939
65520
21
65522
1
63964
65520
21
65522
1
63989
65520
21
65522
1
64014
65520
21
65521
1
64038
65520
21
65521
1
64064
65520
21
65521
1
64089
65520
20
65522
1
64114
65520
20
65522
1
64139
65520
20
65521
1
64163
65520
20
65521
1
64189
65520
20
65521
1
64214
65520
20
65522
1
64238
65520
20
65522
1
64264
65520
20
65522
1
64288
65520
20
65522
1
64314
65520
20
65522
1
64338
65520
20
65522
1
64363
65520
20
65521
1
64389
65520
20
65521
1
64413
65520
20
65522
1
64438
65520
20
65522
1
64463
65520
20
65522
1
64488
65520
20
65521
1
64514
65520
20
65521
1
64538
65520
20
65521
1
64563
65520
20
65521
1
64588
65520
20
65521
1
64613
65520
20
65521
1
64637
65520
20
65521
1
64663
65520
20
65521
1
64688
65520
20
65521
1
64713
65520
20
65521
1
64738
65520
20
65521
1
64762
65520
20
65521
1
64788
65520
20
65521
1
64813
65520
20
65521
1
64837
65520
20
65521
1
64863
65520
20
65521
1
64887
65520
20
65521
1
64913
65520
20
65521
1
64937
65520
20
65521
1
64962
65520
20
65521
1
64988
65520
20
65521
1
65012
65520
20
65521
1
65037
65520
20
65521
1
65062
65520
20
65521
1
65087
65520
20
65521
1
65113
65520
20
65521
1
65137
65520
20
65521
1
65162
65520
20
65521
1
65187
65520
20
65521
1
65212
65520
20
65521
1
65236
65520
20
65521
1
65262
65520
20
65521
1
65287
65520
20
65521
1
65312
65520
20
65521
1
65337
65520
20
65521
1
65361
65520
20
65521
1
65387
65520
20
65521
1
65412
65520
20
65521
1
65436
65521
21
65521
1
65462
65521
21
65521
1
65486
65521
21
65521
1
65512
65521
21
65521
1
1
65521
21
65521
1
21
65521
21
65521
1
44
65521
20
65521
1
65
65521
20
65521
1
87
65521
20
65521
1
109
65521
21
65521
1
132
65521
21
65521
1
154
65521
21
65521
1
178
65520
21
65522
1
200
65520
21
65522
1
223
65520
21
65522
1
246
65521
21
65522
1
269
65521
21
65522
1
291
65521
21
65522
1
315
65521
21
65522
1
337
65521
21
65522
1
360
65521
21
65522
1
384
65521
20
65523
1
406
65521
20
65523
1
429
65521
20
65523
1
452
65521
21
65523
1
475
65521
21
65523
1
497
65521
21
65523
1
521
65522
21
65524
1
543
65522
21
65524
1
566
65522
21
65524
1
589
65522
22
65524
1
612
65522
22
65524
1
634
65522
22
65524
1
658
65522
23
65525
1
680
65522
23
65525
1
703
65522
23
65525
1
727
65522
25
65526
1
749
65522
25
65526
1
773
65522
25
65526
1
795
65522
27
65524
1
818
65522
27
65524
1
841
65522
27
65524
1
864
65522
29
65522
1
886
65522
29
65522
1
910
65522
29
65522
1
932
65523
30
65519
1
955
65523
30
65519
1
978
65523
30
65519
1
1001
65524
30
65517
1
1025
65524
30
65517
1
1049
65524
30
65517
1
1073
65524
30
65516
1
1096
65524
30
65516
1
1121
65524
30
65516
1
1144
65525
31
65515
1
1168
65525
31
65515
1
1192
65525
31
65515
1
1216
65526
31
65514
1
1241
65526
31
65514
1
1264
65526
31
65514
1
1288
65526
32
65513
1
1312
65526
32
65513
1
1336
65525
32
65511
1
1359
65525
32
65511
1
1384
65525
32
65511
1
1408
65524
33
65509
1
1431
65524
33
65509
1
1456
65524
33
65509
1
1479
65523
33
65506
1
1503
65523
33
65506
1
1527
65523
33
65506
1
1551
65522
31
65505
1
1575
65522
31
65505
1
1599
65522
31
65505
1
1623
65521
29
65504
1
1647
65521
29
65504
1
1671
65521
29
65504
1
1694
65521
27
65506
1
1719
65521
27
65506
1
1742
65521
27
65506
1
1766
65521
27
65506
1
1790
65521
27
65506
1
1814
65521
26
65507
1
1839
65521
26
65507
1
1862
65521
26
65507
1
1886
65521
26
65508
1
1910
65521
26
65508
1
1934
65521
26
65508
1
1957
65520
27
65508
1
1982
65520
27
65508
1
2006
65520
27
65508
1
2029
65519
27
65508
1
2054
65519
27
65508
1
2077
65519
27
65508
1
2101
65519
26
65508
1
2125
65519
26
65508
1
2149
65519
26
65508
1
2173
65519
26
65509
1
2197
65519
26
65509
1
2221
65519
26
65509
1
2245
65519
26
65509
1
2269
65519
26
65509
1
2292
65517
26
65508
1
2317
65517
26
65508
1
2340
65517
26
65508
1
2364
65517
26
65508
1
2388
65517
26
65508
1
2412
65517
26
65508
1
2437
65517
26
65507
1
2460
65517
26
65507
1
2484
65517
26
65507
1
2508
65517
26
65507
1
2532
65517
26
65507
1
2555
65517
26
65507
1
2580
65516
26
65507
1
2604
65516
26
65507
1
2627
65516
26
65507
1
2652
65517
25
65507
1
2675
65517
25
65507
1
2699
65516
25
65507
1
2723
65516
25
65507
1
2747
65516
25
65507
1
2771
65515
25
65507
1
2795
65515
25
65507
1
2819
65515
25
65507
1
2843
65516
26
65507
1
2867
65516
26
65507
1
2890
65516
26
65507
1
2915
65516
25
65507
1
2938
65516
25
65507
1
2962
65516
25
65507
1
2987
65515
25
65507
1
3010
65515
25
65507
1
3035
65515
25
65507
1
3058
65516
25
65507
1
3082
65516
25
65507
1
3106
65516
25
65507
1
3130
65516
25
65507
1
3153
65516
25
65507
1
3178
65516
25
65507
1
3202
65516
25
65507
1
3225
65516
25
65507
1
3250
65517
26
65507
1
3273
65517
26
65507
1
3297
65517
26
65507
1
3321
65517
26
65508
1
3345
65517
26
65508
1
3369
65517
26
65508
1
3393
65519
26
65507
1
3417
65519
26
65507
1
3441
65519
26
65507
1
3465
65519
26
65508
1
3488
65519
26
65508
1
3513
65519
26
65508
1
3536
65519
26
65508
1
3560
65519
26
65508
1
3585
65519
26
65508
1
3608
65520
26
65507
1
3632
65520
26
65507
1
3656
65520
26
65507
1
3680
65520
26
65507
1
3704
65520
26
65507
1
3728
65521
27
65506
1
3751
65521
27
65506
1
3776
65521
27
65506
1
3800
65521
27
65505
1
3823
65521
27
65505
1
3848
65521
27
65505
1
3871
65521
28
65504
1
3895
65521
28
65504
1
3919
65521
28
65504
1
3943
65522
31
65504
1
3968
65522
31
65504
1
3991
65522
31
65504
1
4015
65522
32
65505
1
4039
65522
32
65505
1
4063
65522
32
65505
1
4086
65524
34
65508
1
4111
65524
34
65508
1
4134
65526
32
65512
1
4158
65526
32
65512
1
4183
65526
32
65512
1
4206
65526
32
65513
1
4230
65526
32
65513
1
4254
65526
32
65513
1
4278
65525
30
65517
1
4302
65525
30
65517
1
4326
65525
30
65517
1
4349
65523
30
65518
1
4374
65523
30
65518
1
4398
65523
30
65518
1
4421
65522
29
65523
1
4446
65522
29
65523
1
4469
65522
29
65523
1
4493
65522
24
65526
1
4517
65522
24
65526
1
4541
65522
24
65526
1
4564
65522
21
65524
1
4589
65522
21
65524
1
4613
65521
20
65523
1
4637
65521
20
65523
1
4661
65521
20
65523
1
4684
65520
20
65522
1
4709
65520
20
65522
1
4732
65520
20
65522
1
4756
65520
20
65522
1
4781
65520
20
65522
1
4804
65520
20
65522
1
4828
65520
20
65521
1
4852
65520
20
65521
1
4876
65520
20
65521
1
4900
65520
21
65521
1
4924
65520
21
65521
1
4947
65520
21
65521
1
4972
65520
20
65523
1
4996
65520
20
65523
1
5019
65520
20
65523
1
5044
65520
20
65524
1
5067
65520
20
65524
1
5091
65521
20
65525
1
5115
65521
20
65525
1
5139
65521
20
65525
1
5163
65522
18
65526
1
5187
65522
18
65526
1
5211
65522
18
65526
1
5235
65523
18
65525
1
5259
65523
18
65525
1
5282
65523
18
65525
1
5307
65523
17
65526
1
5330
65523
17
65526
1
5354
65523
17
65526
1
5379
65524
17
65525
1
5402
65524
17
65525
1
5426
65524
17
65525
1
5450
65524
16
65525
1
5474
65524
16
65525
1
5498
65524
16
65525
1
5522
65524
16
65525
1
5545
65524
16
65525
1
5570
65524
16
65525
1
5594
65524
16
65525
1
5617
65524
16
65525
1
5642
65524
16
65525
1
5665
65524
16
65525
1
5689
65524
16
65525
1
5713
65524
16
65525
1
5737
65524
16
65525
1
5761
65524
16
65525
1
5785
65524
16
65526
1
5809
65524
16
65526
1
5833
65524
16
65526
1
5857
65524
16
65525
1
5880
65524
16
65525
1
5905
65524
16
65525
1
5928
65524
16
65525
1
5952
65524
16
65525
1
5977
65524
16
65525
1
6000
65524
16
65525
1
6024
65524
16
65525
1
6048
65524
16
65525
1
6072
65524
16
65525
1
6095
65524
16
65525
1
6120
65524
16
65525
1
6144
65524
16
65525
1
6168
65524
16
65525
1
6192
65524
16
65525
1
6215
65524
16
65525
1
6240
65524
16
65525
1
6263
65524
16
65525
1
6287
65524
16
65525
1
6311
65524
16
65525
1
6335
65524
16
65525
1
6359
65524
16
65525
1
6383
65524
16
65525
1
6407
65524
16
65525
1
6431
65524
16
65525
1
6455
65524
16
65525
1
6478
65524
15
65526
1
6503
65524
15
65526
1
6526
65524
16
65525
1
6550
65524
16
65525
1
6575
65524
16
65525
1
6598
65524
16
65525
1
6622
65524
16
65525
1
6646
65524
16
65525
1
6670
65524
16
65525
1
6693
65524
16
65525
1
6718
65524
16
65525
1
6742
65524
16
65525
1
6766
65524
16
65525
1
6790
65524
16
65525
1
6813
65524
16
65525
1
6838
65524
16
65525
1
6861
65524
16
65525
1
6885
65524
16
65525
1
6909
65524
16
65525
1
6933
65524
16
65525
1
6957
65523
16
65525
1
6981
65523
16
65525
1
7005
65524
17
65525
1
7029
65524
17
65525
1
7053
65524
17
65525
1
7076
65524
17
65526
1
7101
65524
17
65526
1
7124
65524
17
65526
1
7148
65523
17
65525
1
7173
65523
17
65525
1
7196
65523
17
65525
1
7220
65523
17
65525
1
7244
65523
17
65525
1
7268
65523
17
65525
1
7291
65523
18
65526
1
7316
65523
18
65526
1
7340
65523
18
65526
1
7364
65522
18
65525
1
7388
65522
18
65525
1
7411
65522
18
65525
1
7436
65522
18
65525
1
7459
65522
18
65525
1
7483
65522
19
65525
1
7507
65522
19
65525
1
7531
65522
19
65525
1
7555
65521
19
65525
1
7579
65521
19
65525
1
7603
65521
19
65525
1
7626
65521
20
65525
1
7651
65521
20
65525
1
7674
65521
20
65525
1
7699
65521
20
65524
1
7723
65521
20
65524
1
7746
65521
20
65524
1
7771
65520
20
65524
1
7794
65520
20
65524
1
7818
65520
20
65524
1
7842
65520
20
65523
1
7866
65520
20
65523
1
7889
65520
20
65523
1
7914
65520
20
65523
1
7938
65520
20
65523
1
7962
65520
20
65522
1
7986
65520
20
65522
1
8009
65520
20
65522
1
8034
65520
21
65521
1
8057
65520
21
65521
1
8081
65520
21
65521
1
8105
65520
20
65521
1
8129
65520
20
65521
1
8153
65520
20
65521
1
8177
65520
20
65521
1
8201
65520
20
65521
1
8224
65520
20
65521
1
8249
65521
20
65522
1
8272
65521
20
65522
1
8297
65521
20
65522
1
8321
65521
20
65522
1
8344
65521
20
65522
1
8369
65521
21
65522
1
8392
65521
21
65522
1
8416
65521
21
65522
1
8440
65522
21
65524
1
8464
65522
21
65524
1
8487
65522
21
65524
1
8512
65522
23
65525
1
8536
65522
23
65525
1
8560
65522
23
65525
1
8584
65522
26
65524
1
8607
65522
26
65524
1
8632
65522
26
65524
1
8655
65523
29
65521
1
8679
65523
29
65521
1
8704
65523
29
65521
1
8727
65524
30
65517
1
8751
65524
30
65517
1
8775
65524
30
65517
1
8799
65525
31
65516
1
8822
65525
31
65516
1
8847
65526
31
65514
1
8870
65526
31
65514
1
8895
65526
31
65514
1
8919
65526
32
65512
1
8942
65526
32
65512
1
8967
65526
32
65512
1
8990
65523
33
65509
1
9014
65523
33
65509
1
9038
65523
33
65509
1
9062
65522
31
65506
1
9085
65522
31
65506
1
9110
65522
31
65506
1
9134
65521
29
65506
1
9157
65521
29
65506
1
9182
65521
29
65506
1
9205
65521
27
65506
1
9230
65521
27
65506
1
9253
65521
27
65506
1
9277
65520
26
65508
1
9302
65520
26
65508
1
9325
65520
27
65508
1
9349
65520
27
65508
1
9373
65520
27
65508
1
9397
65519
26
65508
1
9420
65519
26
65508
1
9445
65519
26
65508
1
9468
65517
26
65508
1
9493
65517
26
65508
1
9517
65517
26
65508
1
9540
65516
26
65507
1
9565
65516
26
65507
1
9588
65516
26
65507
1
9612
65514
24
65507
1
9636
65514
24
65507
1
9660
65514
24
65507
1
9683
65513
23
65506
1
9708
65513
23
65506
1
9732
65513
23
65506
1
9755
65511
22
65506
1
9780
65511
22
65506
1
9803
65509
23
65506
1
9828
65509
23
65506
1
9851
65509
23
65506
1
9875
65509
25
65505
1
9900
65509
25
65505
1
9923
65509
25
65505
1
9947
65509
26
65501
1
9971
65509
26
65501
1
9995
65509
26
65501
1
10018
65511
25
65498
1
10044
65511
25
65498
1
10068
65511
25
65498
1
10094
65513
25
65496
1
10119
65513
25
65496
1
10143
65515
24
65495
1
10169
65515
24
65495
1
10193
65515
24
65495
1
10218
65517
21
65494
1
10244
65517
21
65494
1
10268
65517
21
65494
1
10294
65519
20
65493
1
10318
65519
20
65493
1
10343
65519
20
65493
1
10369
65521
17
65494
1
10393
65521
17
65494
1
10418
65522
16
65496
1
10443
65522
16
65496
1
10468
65522
16
65496
1
10493
65522
16
65497
1
10518
65522
16
65497
1
10543
65522
16
65497
1
10568
65521
15
65499
1
10593
65521
15
65499
1
10617
65521
15
65499
1
10643
65522
14
65499
1
10668
65522
14
65499
1
10693
65522
12
65499
1
10718
65522
12
65499
1
10742
65522
12
65499
1
10768
65523
11
65501
1
10792
65523
11
65501
1
10817
65523
11
65501
1
10843
65523
9
65503
1
10867
65523
9
65503
1
10892
65523
9
65503
1
10915
65524
9
65505
1
10939
65524
9
65505
1
10963
65525
10
65504
1
10987
65525
10
65504
1
11012
65525
10
65504
1
11037
65525
10
65505
1
11062
65525
10
65505
1
11086
65525
10
65505
1
11112
65524
11
65506
1
11137
65524
11
65506
1
11162
65524
11
65506
1
11187
65524
11
65504
1
11211
65524
11
65504
1
11237
65524
12
65505
1
11261
65524
12
65505
1
11286
65524
12
65505
1
11312
65524
13
65501
1
11336
65524
13
65501
1
11362
65524
13
65501
1
11386
65523
13
65500
1
11411
65523
13
65500
1
11437
65523
13
65500
1
11461
65523
14
65498
1
11486
65523
14
65498
1
11511
65522
16
65498
1
11536
65522
16
65498
1
11561
65522
16
65498
1
11586
65520
17
65497
1
11611
65520
17
65497
1
11636
65520
17
65497
1
11661
65519
19
65493
1
11685
65519
19
65493
1
11711
65519
19
65493
1
11736
65517
22
65494
1
11761
65517
22
65494
1
11786
65514
25
65495
1
11810
65514
25
65495
1
11836
65514
25
65495
1
11860
65511
25
65497
1
11885
65511
25
65497
1
11911
65511
25
65497
1
11935
65509
26
65501
1
11961
65509
26
65501
1
11985
65508
24
65506
1
12010
65508
24
65506
1
12036
65508
24
65506
1
12060
65511
22
65507
1
12085
65511
22
65507
1
12110
65511
22
65507
1
12135
65513
23
65506
1
12161
65513
23
65506
1
12185
65513
23
65506
1
12210
65515
24
65507
1
12235
65515
24
65507
1
12260
65517
26
65507
1
12284
65517
26
65507
1
12310
65517
26
65507
1
12335
65519
26
65508
1
12360
65519
26
65508
1
12385
65519
26
65508
1
12409
65520
26
65507
1
12435
65520
26
65507
1
12460
65520
26
65507
1
12484
65521
28
65505
1
12510
65521
28
65505
1
12534
65521
30
65504
1
12560
65521
30
65504
1
12584
65521
30
65504
1
12609
65524
34
65508
1
12635
65524
34
65508
1
12659
65524
34
65508
1
12684
65525
32
65512
1
12709
65525
32
65512
1
12734
65525
32
65512
1
12760
65524
31
65516
1
12784
65524
31
65516
1
12809
65522
29
65524
1
12834
65522
29
65524
1
12859
65522
29
65524
1
12883
65522
21
65524
1
12909
65522
21
65524
1
12934
65522
21
65524
1
12959
65520
21
65521
1
12984
65520
21
65521
1
13008
65520
21
65521
1
13034
65519
20
65521
1
13059
65519
20
65521
1
13083
65519
21
65523
1
13109
65519
21
65523
1
13133
65519
21
65523
1
13159
65522
18
65526
1
13184
65522
18
65526
1
13208
65522
18
65526
1
13234
65525
15
65524
1
13258
65525
15
65524
1
13283
65525
15
65522
1
13308
65525
15
65522
1
13333
65525
15
65522
1
13359
65524
14
65521
1
13383
65524
14
65521
1
13408
65524
14
65521
1
13433
65524
15
65519
1
13458
65524
15
65519
1
13483
65524
15
65519
1
13508
65523
15
65519
1
13533
65523
15
65519
1
13558
65523
16
65518
1
13583
65523
16
65518
1
13607
65523
16
65518
1
13633
65523
16
65517
1
13658
65523
16
65517
1
13682
65523
16
65517
1
13708
65523
16
65518
1
13732
65523
16
65518
1
13758
65523
16
65518
1
13783
65523
17
65517
1
13807
65523
17
65517
1
13833
65522
16
65518
1
13857
65522
16
65518
1
13882
65522
16
65518
1
13907
65522
16
65517
1
13932
65522
16
65517
1
13958
65522
16
65517
1
13982
65522
17
65517
1
14007
65522
17
65517
1
14032
65522
17
65517
1
14057
65522
17
65518
1
14082
65522
17
65518
1
14107
65522
17
65517
1
14132
65522
17
65517
1
14157
65522
17
65517
1
14182
65522
17
65517
1
14206
65522
17
65517
1
14232
65522
17
65517
1
14257
65522
17
65516
1
14281
65522
17
65516
1
14307
65522
17
65516
1
14331
65522
17
65517
1
14357
65522
17
65517
1
14382
65522
17
65517
1
14406
65522
17
65517
1
14432
65522
17
65517
1
14456
65522
17
65517
1
14481
65522
17
65517
1
14507
65522
17
65517
1
14531
65522
17
65517
1
14557
65522
17
65517
1
14581
65522
17
65517
1
14606
65522
17
65517
1
14631
65522
17
65517
1
14656
65522
17
65517
1
14681
65522
17
65517
1
14706
65522
17
65517
1
14731
65522
17
65517
1
14756
65522
17
65517
1
14781
65522
17
65517
1
14806
65522
17
65517
1
14831
65522
17
65517
1
14856
65522
17
65517
1
14880
65522
17
65517
1
14906
65522
17
65517
1
14930
65522
17
65517
1
14956
65522
17
65517
1
14981
65522
17
65517
1
15005
65522
17
65517
1
15031