65522
17
65517
1
38842
65522
17
65517
1
38867
65522
17
65517
1
38892
65522
17
65517
1
38918
65522
17
65517
1
38942
65522
17
65517
1
38967
65522
16
65517
1
38992
65522
16
65517
1
39017
65522
16
65517
1
39042
65522
17
65517
1
39067
65522
17
65517
1
39092
65522
17
65517
1
39117
65522
17
65517
1
39142
65522
17
65517
1
39166
65522
17
65517
1
39192
65522
17
65517
1
39217
65522
17
65517
1
39241
65522
17
65517
1
39267
65522
17
65517
1
39291
65522
17
65517
1
39317
65522
17
65517
1
39342
65522
17
65517
1
39366
65522
17
65517
1
39392
65522
17
65517
1
39416
65522
17
65517
1
39441
65522
17
65517
1
39467
65522
17
65517
1
39491
65522
17
65517
1
39517
65522
17
65517
1
39541
65522
17
65517
1
39566
65522
17
65517
1
39591
65523
17
65517
1
39616
65523
17
65517
1
39641
65523
17
65517
1
39666
65522
17
65517
1
39691
65522
17
65517
1
39716
65522
17
65517
1
39741
65522
17
65517
1
39766
65522
17
65517
1
39791
65522
17
65517
1
39816
65522
17
65517
1
39840
65522
17
65517
1
39866
65522
17
65517
1
39890
65522
17
65517
1
39916
65522
17
65517
1
39941
65522
17
65517
1
39965
65522
17
65517
1
39991
65522
17
65517
1
40015
65522
17
65517
1
40040
65522
17
65517
1
40066
65522
17
65516
1
40090
65522
17
65516
1
40116
65522
17
65516
1
40140
65522
17
65517
1
40165
65522
17
65517
1
40190
65522
17
65516
1
40215
65522
17
65516
1
40240
65522
17
65516
1
40265
65522
17
65518
1
40290
65522
17
65518
1
40315
65522
17
65518
1
40340
65522
17
65517
1
40365
65522
17
65517
1
40390
65522
17
65517
1
40415
65522
17
65517
1
40439
65522
17
65517
1
40465
65522
17
65517
1
40489
65522
17
65517
1
40515
65522
17
65517
1
40540
65522
17
65517
1
40564
65522
17
65517
1
40590
65522
17
65517
1
40614
65522
17
65517
1
40639
65522
17
65517
1
40665
65522
17
65517
1
40689
65522
17
65517
1
40715
65522
17
65517
1
40739
65522
17
65517
1
40764
65522
17
65517
1
65517
1
45058
65522
17
5522
17
6522
17
65517
1
53618
65522
17
65517
1
53644
65522
17
65517
1
53668
65522
17
65517
1
53694
65522
17
65517
1
53719
65522
17
65517
1
53743
65522
17
65517
1
53769
65522
17
65517
1
53793
65522
16
65517
1
53818
65522
16
65517
1
53843
65522
16
65517
1
53868
65522
17
65517
1
53894
65522
17
65517
1
53918
65522
17
65517
1
53943
65522
17
65517
1
53968
65522
17
65517
1
53993
65522
17
65517
1
54018
65522
17
65517
1
54043
65522
17
65517
1
54068
65522
17
65517
1
54093
65522
17
65517
1
54118
65522
17
65517
1
54142
65522
17
65517
1
54168
65522
17
65517
1
54193
65522
17
65517
1
54217
65522
17
65517
1
54243
65522
17
65517
1
54267
65522
17
65517
1
54293
65522
17
65517
1
54318
65522
17
65517
1
54342
65522
17
65517
1
54368
65522
17
65517
1
54392
65522
17
65517
1
54417
65522
17
65517
1
54443
65522
17
65517
1
54467
65522
17
65517
1
54493
65522
17
65517
1
54517
65522
17
65517
1
54542
65522
17
65517
1
54567
65522
17
65517
1
54592
65522
17
65517
1
54617
65522
17
65517
1
54642
65522
17
65517
1
54667
65522
17
65517
1
54692
65522
17
65517
1
54717
65522
17
65517
1
54742
65522
17
65517
1
54767
65522
17
65517
1
54792
65522
17
65517
1
54816
65522
17
65517
1
54842
65522
17
65517
1
54866
65522
17
65517
1
54892
65522
17
65517
1
54917
65522
17
65517
1
54941
65522
17
65517
117
1
10734
65523
16
65517
1
10759
65523
16
65517
1
10784
65522
16
65517
1
10809
65522
16
65517
1
10833
65522
16
65517
1
10859
65523
16
65517
1
10884
65523
16
65517
1
10908
65523
16
65517
1
10934
65522
16
65517
1
10958
65522
16
65517
1
10984
65523
16
65517
1
11009
65523
16
65517
1
11033
65523
16
65517
1
11059
65523
16
65518
1
11083
65523
16
65518
1
11108
65523
16
65518
1
11133
65523
16
65517
1
11158
65523
16
65517
1
11184
65523
16
65518
1
11208
65523
16
65518
1
11233
65523
16
65518
1
11258
65523
16
65518
1
11283
65523
16
65518
1
11308
65523
16
65518
1
11333
65523
16
65518
1
11358
65523
16
65518
1
11383
65523
16
65518
1
11408
65523
16
65519
1
11432
65523
16
65519
1
11458
65523
16
65518
1
11483
65523
16
65518
1
11507
65523
16
65518
1
11533
65523
15
65519
1
11557
65523
15
65519
1
11583
65523
15
65519
1
11608
65523
15
65519
1
11632
65523
15
65519
1
11658
65523
15
65519
1
11682
65524
15
65519
1
11707
65524
15
65519
1
11732
65524
15
65520
1
11757
65524
15
65520
1
11783
65524
15
65520
1
11807
65525
15
65520
1
11832
65525
15
65520
1
11857
65525
15
65520
1
11882
65524
14
65521
1
11907
65524
14
65521
1
11932
65524
14
65521
1
11957
65525
14
65521
1
11982
65525
14
65521
1
12007
65525
15
65521
1
12032
65525
15
65521
1
12057
65525
15
65521
1
12082
65525
14
65522
1
12106
65525
14
65522
1
12132
65525
14
65522
1
12156
65525
14
65521
1
12182
65525
14
65521
1
12207
65525
14
65521
1
12231
65525
14
65521
1
12257
65525
14
65521
1
12281
65525
14
65522
1
12306
65525
14
65522
1
12332
65525
14
65522
1
12356
65525
14
65521
1
12382
65525
14
65521
1
12406
65525
14
65521
1
12431
65525
14
65522
1
12456
65525
14
65522
1
12481
65525
14
65522
1
12506
65525
14
65522
1
12531
65525
14
65522
1
12556
65525
14
65522
1
12581
65525
14
65522
1
12606
65525
14
65522
1
12631
65525
15
65521
1
12656
65525
15
65521
1
12681
65525
15
65521
1
12705
65525
14
65522
1
12731
65525
14
65522
1
12755
65525
15
65521
1
12781
65525
15
65521
1
12806
65525
15
65521
1
12830
65525
14
65521
1
12856
65525
14
65521
1
12880
65525
14
65521
1
12905
65525
14
65522
1
12931
65525
14
65522
1
12955
65525
14
65522
1
12981
65525
15
65521
1
13005
65525
15
65521
1
13030
65525
14
65522
1
13056
65525
14
65522
1
13080
65525
14
65522
1
65522
1
17374
65525
14
65522
1
17398
65525
15
65521
1
17423
65525
15
65521
1
17448
65525
15
65521
1
17473
65525
15
65521
1
17498
65525
15
65521
1
17523
65525
15
65521
1
17548
65525
14
65521
1
17573
65525
14
65521
1
17598
65525
14
65521
1
17623
65525
15
65521
1
17648
65525
15
65521
1
17673
65525
14
65521
1
17697
65525
14
65521
1
17723
65525
14
65521
1
17747
65525
14
65521
1
17773
65525
14
65521
1
17798
65525
14
65521
1
17822
65525
14
65522
1
17848
65525
14
65522
1
17872
65525
14
65522
1
17897
65525
14
65522
1
17923
65525
14
65522
1
17947
65525
14
65521
1
17973
65525
14
65521
1
17997
65525
14
65521
1
18022
65525
14
65522
1
18048
65525
14
65522
1
18072
65525
14
65522
1
18097
65525
15
65521
1
18122
65525
15
65521
1
18147
65525
15
65521
1
18172
65525
15
65521
1
18197
65525
15
65521
1
18222
65525
15
65521
1
18247
65525
15
65521
1
18272
65525
15
65521
1
18296
65525
15
65521
1
18322
65525
15
65521
1
18347
65525
15
65521
1
18372
65525
14
65522
1
18397
65525
14
65522
1
18421
65525
15
65521
1
18447
65525
15
65521
1
18471
65525
15
65521
1
18496
65525
14
65522
1
18522
65525
14
65522
1
18546
65525
14
65522
1
18572
65525
15
65521
1
18596
65525
15
65521
1
18621
65525
15
65521
1
18647
65525
15
65522
1
18671
65525
15
65522
1
18696
65525
15
65522
1
18721
65525
15
65522
1
18746
65525
15
65522
1
18771
65525
15
65522
1
18796
65525
15
65522
1
18821
65525
15
65522
1
18846
65525
15
65522
1
18871
65525
15
65522
1
18895
65525
15
65521
1
18921
65525
15
65521
1
18946
65525
15
65521
1
18971
65525
15
65522
1
18996
65525
15
65522
1
19020
65525
15
65522
1
19046
65525
15
65522
1
19070
65525
15
65522
1
19095
65525
15
65522
1
19121
65525
15
65522
1
19145
65525
15
65522
1
19171
65525
15
65523
1
19195
65525
15
65523
1
19220
65525
15
65523
1
19246
65525
15
65523
1
19270
65525
15
65523
1
19295
65525
15
65523
1
19320
65525
15
65523
1
19345
65525
15
65523
1
19371
65525
15
65523
1
19395
65525
15
65523
1
19420
65525
15
65523
1
19445
65525
15
65524
1
19470
65525
15
65524
1
19494
65525
15
65524
1
19520
65525
16
65524
1
19545
65525
16
65524
1
19570
65525
16
65524
1
19595
65524
16
65525
1
19619
65524
16
65525
1
19645
65524
16
65525
1
19670
65524
17
65525
1
19694
65524
17
65525
1
19720
65523
17
65526
1
19744
65523
17
65526
1
19770
65523
17
65526
1
19794
65522
18
65526
1
19819
65522
18
65526
1
19845
65522
18
65526
1
19869
65522
19
65525
1
19894
65522
19
65525
1
19919
65522
20
65525
1
19944
65521
20
65525
1
19970
65521
20
65525
1
19994
65520
20
65524
1
20019
65520
20
65524
1
20044
65520
20
65524
1
20069
65520
20
65523
1
20093
65520
20
65523
1
20119
65520
20
65523
1
20144
65520
20
65522
1
20169
65520
20
65522
1
20194
65520
20
65522
1
20218
65520
20
65522
1
20244
65520
20
65522
1
20269
65521
20
65522
1
20293
65521
20
65522
1
20319
65521
20
65522
1
20343
65520
20
65522
1
20369
65520
20
65522
1
20393
65520
20
65522
1
20418
65521
20
65523
1
20444
65521
20
65523
1
20468
65521
20
65523
1
20493
65521
20
65523
1
20518
65521
20
65523
1
20543
65522
21
65524
1
20569
65522
21
65524
1
20593
65522
21
65524
1
20618
65522
22
65525
1
20643
65522
22
65525
1
20668
65522
22
65525
1
20692
65522
25
65525
1
20718
65522
25
65525
1
20743
65522
28
65523
1
20768
65522
28
65523
1
20793
65522
28
65523
1
20817
65522
30
65520
1
20843
65522
30
65520
1
20868
65522
30
65520
1
20892
65523
30
65518
1
20918
65523
30
65518
1
20942
65523
30
65518
1
20968
65524
30
65516
1
20993
65524
30
65516
1
21017
65525
31
65515
1
21043
65525
31
65515
1
21067
65525
31
65515
1
21092
65525
31
65513
1
21117
65525
31
65513
1
21142
65525
31
65513
1
21168
65524
32
65512
1
21192
65524
32
65512
1
21217
65523
32
65509
1
21242
65523
32
65509
1
21267
65523
32
65509
1
21292
65521
30
65508
1
21317
65521
30
65508
1
21342
65521
30
65508
1
21367
65521
29
65507
1
21392
65521
29
65507
1
21416
65521
29
65507
1
21442
65520
28
65506
1
21467
65520
28
65506
1
21491
65520
27
65507
1
21517
65520
27
65507
1
21541
65520
27
65507
1
21567
65520
26
65508
1
21592
65520
26
65508
1
21616
65520
26
65508
1
21642
65520
26
65509
1
21666
65520
26
65509
1
21691
65520
26
65509
1
21716
65520
26
65509
1
21741
65520
26
65509
1
21767
65519
26
65510
1
21791
65519
26
65510
1
21816
65519
26
65510
1
21841
65518
26
65510
1
21866
65518
26
65510
1
21891
65518
26
65510
1
21916
65518
25
65509
1
21941
65518
25
65509
1
21966
65518
25
65509
1
21991
65516
24
65509
1
22016
65516
24
65509
1
22041
65515
24
65509
1
22066
65515
24
65509
1
22090
65515
24
65509
1
22116
65514
23
65509
1
22140
65514
23
65509
1
22166
65514
23
65509
1
22191
65513
22
65508
1
22215
65513
22
65508
1
22241
65512
21
65508
1
22265
65512
21
65508
1
22290
65512
21
65508
1
22316
65510
21
65509
1
22340
65510
21
65509
1
22366
65510
21
65509
1
22390
65509
23
65509
1
22415
65509
23
65509
1
22440
65509
23
65509
1
22465
65508
24
65507
1
22490
65508
24
65507
1
22515
65508
25
65505
1
22540
65508
25
65505
1
22565
65508
25
65505
1
22590
65509
25
65502
1
22615
65509
25
65502
1
22640
65509
25
65502
1
22665
65510
26
65500
1
22689
65510
26
65500
1
22715
65510
26
65500
1
22739
65511
25
65498
1
22765
65511
25
65498
1
22790
65512
25
65497
1
22814
65512
25
65497
1
22840
65512
25
65497
1
22864
65514
25
65495
1
22889
65514
25
65495
1
22915
65514
25
65495
1
22939
65516
22
65495
1
22965
65516
22
65495
1
22989
65516
22
65495
1
23014
65516
22
65493
1
23040
65516
22
65493
1
23064
65519
21
65491
1
23089
65519
21
65491
1
23114
65519
21
65491
1
23139
65519
18
65493
1
23164
65519
18
65493
1
23189
65519
18
65493
1
23214
65520
17
65493
1
23239
65520
17
65493
1
23264
65520
17
65494
1
23288
65522
17
65494
1
23314
65522
17
65494
1
23339
65521
16
65495
1
23364
65521
16
65495
1
23389
65521
16
65495
1
23413
65520
15
65497
1
23439
65520
15
65497
1
23463
65520
15
65497
1
23488
65521
15
65498
1
23514
65521
15
65498
1
23538
65521
15
65497
1
23564
65521
15
65497
1
23588
65521
15
65497
1
23613
65521
14
65498
1
23639
65521
14
65498
1
23663
65521
14
65498
1
23688
65521
15
65497
1
23713
65521
15
65497
1
23738
65521
15
65497
1
23763
65521
14
65497
1
23788
65521
14
65497
1
23813
65521
15
65498
1
23838
65521
15
65498
1
23863
65521
15
65498
1
23887
65521
15
65497
1
23913
65521
15
65497
1
23938
65521
15
65497
1
23963
65522
16
65496
1
23988
65522
16
65496
1
24012
65522
16
65496
1
24038
65521
17
65496
1
24062
65521
17
65496
1
24087
65521
16
65496
1
24113
65521
16
65496
1
24137
65521
16
65496
1
24163
65521
17
65494
1
24187
65521
17
65494
1
24212
65521
17
65494
1
24238
65521
18
65493
1
24262
65521
18
65493
1
24287
65521
18
65493
1
24312
65519
19
65493
1
24337
65519
19
65493
1
24363
65517
21
65493
1
24387
65517
21
65493
1
24412
65517
21
65493
1
24437
65515
22
65494
1
24462
65515
22
65494
1
24486
65515
22
65494
1
24512
65514
24
65495
1
24537
65514
24
65495
1
24562
65512
25
65497
1
24587
65512
25
65497
1
24611
65512
25
65497
1
24637
65510
25
65500
1
24662
65510
25
65500
1
24686
65510
25
65500
1
24712
65509
25
65502
1
24736
65509
25
65502
1
24762
65509
25
65502
1
24786
65507
24
65506
1
24811
65507
24
65506
1
24837
65508
22
65508
1
24861
65508
22
65508
1
24886
65508
22
65508
1
24911
65511
20
65508
1
24936
65511
20
65508
1
24962
65511
20
65508
1
24986
65512
21
65507
1
25011
65512
21
65507
1
25036
65512
21
65507
1
25061
65514
23
65509
1
25085
65514
23
65509
1
25111
65516
24
65509
1
25136
65516
24
65509
1
25161
65516
24
65509
1
25186
65517
26
65509
1
25210
65517
26
65509
1
25236
65517
26
65509
1
25261
65518
26
65509
1
25285
65518
26
65509
1
25311
65518
26
65509
1
25335
65519
26
65509
1
25361
65519
26
65509
1
25385
65520
26
65508
1
25410
65520
26
65508
1
25436
65520
26
65508
1
25460
65520
26
65507
1
25485
65520
26
65507
1
25510
65520
26
65507
1
25535
65520
27
65506
1
25561
65520
27
65506
1
25585
65520
27
65506
1
25610
65520
27
65506
1
25635
65520
27
65506
1
25660
65521
30
65506
1
25684
65521
30
65506
1
25710
65521
30
65506
1
25735
65521
32
65507
1
25760
65521
32
65507
1
25785
65521
32
65507
1
25809
65523
32
65509
1
25835
65523
32
65509
1
25860
65524
32
65511
1
25884
65524
32
65511
1
25910
65524
32
65511
1
25934
65525
32
65512
1
25960
65525
32
65512
1
25985
65525
32
65512
1
26009
65525
32
65513
1
26035
65525
32
65513
1
26059
65525
32
65513
1
26084
65524
31
65514
1
26109
65524
31
65514
1
26134
65524
32
65515
1
26160
65524
32
65515
1
26184
65524
32
65515
1
26209
65524
31
65516
1
26234
65524
31
65516
1
26259
65524
31
65516
1
26284
65524
30
65516
1
26309
65524
30
65516
1
26334
65524
30
65516
1
26359
65524
31
65516
1
26384
65524
31
65516
1
26408
65524
31
65516
1
26434
65524
31
65516
1
26459
65524
31
65516
1
26483
65524
31
65516
1
26509
65524
31
65516
1
26533
65524
31
65516
1
26559
65524
31
65516
1
26584
65524
31
65516
1
26608
65524
31
65516
1
26634
65524
31
65516
1
26658
65524
31
65516
1
26683
65524
31
65516
1
26708
65524
31
65516
1
26733
65524
31
65516
1
26759
65524
31
65516
1
26783
65524
31
65516
1
26808
65524
31
65516
1
26833
65524
31
65516
1
26858
65524
31
65516
1
26883
65524
30
65516
1
26908
65524
30
65516
1
26933
65524
30
65516
1
26958
65524
31
65516
1
26983
65524
31
65516
1
27008
65524
31
65516
1
27033
65523
31
65516
1
27058
65523
31
65516
1
27082
65523
31
65516
1
27108
65524
30
65516
1
27132
65524
30
65516
1
27158
65524
31
65516
1
27183
65524
31
65516
1
27207
65524
31
65516
1
27233
65524
31
65516
1
27257
65524
31
65516
1
27282
65524
31
65516
1
27308
65524
31
65515
1
27332
65524
31
65515
1
27358
65524
31
65515
1
27382
65524
31
65515
1
27407
65524
31
65515
1
27432
65524
31
65515
1
27457
65524
31
65515
1
27482
65524
31
65515
1
27507
65524
32
65514
1
27532
65524
32
65514
1
27557
65524
32
65514
1
27582
65524
31
65514
1
27607
65524
31
65514
1
27632
65525
32
65512
1
27657
65525
32
65512
1
27681
65525
32
65512
1
27707
65525
32
65512
1
27731
65525
32
65512
1
27757
65525
32
65512
1
27782
65525
32
65512
1
27806
65525
32
65512
1
27832
65525
32
65512
1
27856
65524
32
65511
1
27881
65524
32
65511
1
27907
65523
32
65510
1
27931
65523
32
65510
1
27957
65523
32
65510
1
27981
65522
32
65509
1
28006
65522
32
65509
1
28032
65522
32
65509
1
28056
65522
32
65508
1
28081
65522
32
65508
1
28106
65522
32
65508
1
28131
65521
31
65507
1
28156
65521
31
65507
1
28181
65520
29
65506
1
28206
65520
29
65506
1
28231
65520
29
65506
1
28256
65520
29
65506
1
28280
65520
29
65506
1
28306
65520
29
65506
1
28331
65520
28
65506
1
28356
65520
28
65506
1
28381
65520
28
65506
1
28405
65520
27
65507
1
28431
65520
27
65507
1
28455
65520
26
65507
1
28480
65520
26
65507
1
28506
65520
26
65507
1
28530
65520
26
65509
1
28556
65520
26
65509
1
28580
65520
26
65509
1
28605
65519
26
65509
1
28631
65519
26
65509
1
28655
65519
26
65508
1
28680
65519
26
65508
1
28705
65519
26
65508
1
28730
65517
25
65509
1
28755
65517
25
65509
1
28780
65517
25
65509
1
28805
65516
25
65509
1
28830
65516
25
65509
1
28855
65516
25
65509
1
28879
65515
24
65509
1
28905
65515
24
65509
1
28930
65514
23
65508
1
28955
65514
23
65508
1
28980
65514
23
65508
1
29004
65512
22
65509
1
29030
65512
22
65509
1
29054
65512
22
65509
1
29079
65509
21
65509
1
29105
65509
21
65509
1
29129
65509
21
65509
1
29155
65508
24
65508
1
29179
65508
24
65508
1
29204
65508
26
65503
1
29230
65508
26
65503
1
29254
65508
26
65503
1
29279
65511
26
65499
1
29304
65511
26
65499
1
29329
65511
26
65499
1
29355
65513
25
65496
1
29379
65513
25
65496
1
29404
65513
25
65496
1
29429
65515
23
65494
1
29454
65515
23
65494
1
29478
65519
20
65492
1
29504
65519
20
65492
1
29529
65519
20
65492
1
29554
65521
16
65495
1
29579
65521
16
65495
1
29603
65521
16
65495
1
29629
65522
15
65497
1
29654
65522
15
65497
1
29678
65522
15
65497
1
29704
65522
15
65497
1
29728
65522
15
65497
1
29754
65523
12
65501
1
29778
65523
12
65501
1
29803
65523
12
65501
1
29829
65526
11
65501
1
29853
65526
11
65501
1
29878
65526
11
65501
1
29903
65526
10
65504
1
29928
65526
10
65504
1
29954
65526
10
65505
1
29978
65526
10
65505
1
30003
65526
10
65505
1
30028
65526
9
65506
1
30053
65526
9
65506
1
30076
65526
9
65506
1
30101
65527
9
65507
1
30125
65527
9
65507
1
30148
65527
9
65507
1
30173
65526
9
65509
1
30196
65526
9
65509
1
30221
65526
9
65509
1
30244
65526
9
65510
1
30268
65526
9
65510
1
30292
65526
9
65510
1
30316
65527
10
65510
1
30340
65527
10
65510
1
30365
65527
10
65512
1
30390
65527
10
65512
1
30414
65527
10
65512
1
30440
65527
11
65510
1
30465
65527
11
65510
1
30490
65527
11
65510
1
30515
65527
11
65508
1
30539
65527
11
65508
1
30565
65527
11
65508
1
30589
65527
11
65509
1
30614
65527
11
65509
1
30640
65525
11
65508
1
30664
65525
11
65508
1
30690
65525
11
65508
1
30714
65525
11
65507
1
30739
65525
11
65507
1
30765
65525
11
65507
1
30789
65525
11
65504
1
30814
65525
11
65504
1
30839
65525
12
65501
1
30864
65525
12
65501
1
30889
65525
12
65501
1
30914
65524
14
65499
1
30939
65524
14
65499
1
30964
65524
14
65499
1
30989
65523
15
65497
1
31013
65523
15
65497
1
31039
65523
15
65497
1
31064
65521
16
65498
1
31089
65521
16
65498
1
31114
65518
19
65494
1
31138
65518
19
65494
1
31164
65518
19
65494
1
31188
65516
21
65494
1
31213
65516
21
65494
1
31239
65516
21
65494
1
31263
65513
25
65495
1
31289
65513
25
65495
1
31313
65513
25
65495
1
31338
65511
25
65499
1
31364
65511
25
65499
1
31388
65508
25
65503
1
31413
65508
25
65503
1
31438
65508
25
65503
1
31463
65508
23
65508
1
31489
65508
23
65508
1
31513
65508
23
65508
1
31538
65511
20
65508
1
31563
65511
20
65508
1
31588
65511
20
65508
1
31612
65513
22
65509
1
31638
65513
22
65509
1
31663
65515
23
65509
1
31688
65515
23
65509
1
31713
65515
23
65509
1
31737
65517
25
65509
1
31763
65517
25
65509
1
31788
65517
25
65509
1
31812
65518
25
65509
1
31838
65518
25
65509
1
31862
65518
26
65509
1
31888
65519
26
65509
1
31912
65519
26
65509
1
31937
65520
26
65508
1
31963
65520
26
65508
1
31987
65520
26
65508
1
32012
65519
26
65507
1
32037
65519
26
65507
1
32062
65519
26
65507
1
32088
65520
27
65506
1
32112
65520
27
65506
1
32137
65520
29
65506
1
32162
65520
29
65506
1
32187
65520
29
65506
1
32211
65521
31
65507
1
32237
65521
31
65507
1
32262
65521
31
65507
1
32287
65523
32
65509
1
32312
65523
32
65509
1
32336
65523
32
65509
1
32362
65524
32
65511
1
32387
65524
32
65511
1
32411
65525
32
65513
1
32437
65525
32
65513
1
32461
65525
32
65513
1
32487
65524
31
65515
1
32512
65524
31
65515
1
32536
65524
31
65515
1
32562
65523
31
65516
1
32586
65523
31
65516
1
32611
65523
31
65516
1
32636
65523
30
65517
1
32661
65523
30
65517
1
32687
65523
30
65518
1
32711
65523
30
65518
1
32736
65523
30
65518
1
32761
65522
30
65519
1
32786
65522
30
65519
1
32811
65522
30
65519
1
32836
65522
30
65520
1
32861
65522
30
65520
1
32886
65522
30
65520
1
32911
65522
30
65521
1
32935
65522
30
65521
1
32961
65522
29
65523
1
32986
65522
29
65523
1
33010
65522
29
65523
1
33036
65521
29
65523
1
33060
65521
29
65523
1
33086
65521
29
65523
1
33111
65522
29
65523
1
33135
65522
29
65523
1
33161
65522
28
65524
1
33185
65522
28
65524
1
33210
65522
28
65524
1
33235
65522
28
65524
1
33260
65522
28
65524
1
33286
65522
28
65524
1
33310
65522
28
65524
1
33335
65522
28
65524
1
33360
65522
28
65524
1
33385
65522
28
65524
1
33410
65522
28
65524
1
33435
65522
29
65523
1
33460
65522
29
65523
1
33485
65522
29
65523
1
33510
65522
28
65524
1
33534
65522
28
65524
1
33560
65522
28
65524
1
33585
65522
28
65523
1
33609
65522
28
65523
1
33635
65522
28
65523
1
33659
65522
28
65524
1
33685
65522
28
65524
1
33710
65522
29
65523
1
33734
65522
29
65523
1
33760
65522
29
65523
1
33784
65522
29
65523
1
33809
65522
29
65523
1
33835
65522
29
65523
1
33859
65522
29
65524
1
33885
65522
29
65524
1
33909
65522
29
65524
1
33934
65522
28
65524
1
33959
65522
28
65524
1
33984
65522
28
65524
1
34009
65522
28
65524
1
34034
65522
28
65524
1
34059
65522
27
65524
1
34084
65522
27
65524
1
34109
65522
27
65524
1
34134
65522
27
65525
1
34159
65522
27
65525
1
34184
65522
27
65525
1
34208
65522
27
65525
1
34234
65522
27
65525
1
34258
65522
27
65525
1
34284
65522
27
65525
1
34309
65522
27
65525
1
34333
65522
27
65525
1
34359
65522
27
65525
1
34383
65522
27
65525
1
34408
65522
27
65524
1
34434
65522
27
65524
1
34458
65522
27
65525
1
34484
65522
27
65525
1
34508
65522
27
65525
1
34533
65522
27
65525
1
34558
65522
27
65525
1
34583
65522
27
65525
1
34608
65522
27
65525
1
34633
65522
27
65525
1
34658
65522
27
65525
1
34683
65522
27
65525
1
34708
65522
27
65525
1
34733
65522
27
65525
1
34758
65522
27
65525
1
34783
65522
27
65525
1
34807
65522
27
65525
1
34833
65522
27
65525
1
34857
65522
27
65525
1
34883
65522
27
65524
1
34908
65522
27
65524
1
34932
65522
27
65524
1
34958
65522
27
65525
1
34982
65522
27
65525
1
35007
65522
27
65525
1
35033
65522
27
65525
1
35057
65522
27
65525
1
35083
65522
27
65525
1
35107
65522
27
65525
1
35132
65522
27
65525
1
35158
65522
27
65525
1
35182
65522
27
65525
1
35207
65522
27
65525
1
35232
65522
27
65525
1
35257
65522
27
65525
1
35282
65522
27
65525
1
35307
65522
27
65525
1
35332
65522
27
65525
1
35357
65522
26
65526
1
35382
65522
26
65526
1
35406
65522
26
65526
1
35432
65522
25
65526
1
35457
65522
25
65526
1
35482
65522
25
65526
1
35507
65522
25
65526
1
35531
65522
25
65526
1
35557
65522
24
65525
1
35581
65522
24
65525
1
35606
65522
24
65525
1
35632
65523
23
65526
1
35656
65523
23
65526
1
35682
65523
23
65526
1
35706
65522
22
65525
1
35731
65522
22
65525
1
35757
65522
22
65525
1
35781
65522
22
65525
1
35806
65522
22
65525
1
35831
65522
21
65524
1
35856
65522
21
65524
1
35881
65522
21
65524
1
35906
65522
21
65524
1
35931
65522
21
65524
1
35956
65522
21
65524
1
35981
65521
20
65524
1
36005
65521
20
65524
1
36031
65521
21
65523
1
36056
65521
21
65523
1
36081
65521
21
65523
1
36106
65520
21
65523
1
36130
65520
21
65523
1
36156
65520
21
65523
1
36180
65520
20
65523
1
36205
65520
20
65523
1
36231
65520
20
65522
1
36255
65520
20
65522
1
36281
65520
20
65522
1
36305
65520
20
65522
1
36330
65520
20
65522
1
36356
65520
20
65522
1
36380
65520
20
65522
1
36405
65520
20
65522
1
36430
65520
20
65522
1
36455
65520
20
65522
1
36481
65520
20
65522
1
36505
65519
20
65522
1
36530
65519
20
65522
1
36555
65519
20
65522
1
36580
65519
20
65522
1
36604
65519
20
65522
1
36630
65519
20
65522
1
36655
65519
20
65524
1
36680
65519
20
65524
1
36705
65519
20
65524
1
36729
65520
20
65525
1
36755
65520
20
65525
1
36780
65521
19
65527
1
36804
65521
19
65527
1
36830
65521
19
65527
1
36854
65523
17
65526
1
36880
65523
17
65526
1
36904
65523
17
65526
1
36929
65524
16
65526
1
36955
65524
16
65526
1
36979
65524
16
65526
1
37004
65525
15
65525
1
37029
65525
15
65525
1
37054
65525
15
65523
1
37080
65525
15
65523
1
37104
65525
15
65523
1
37129
65525
15
65522
1
37154
65525
15
65522
1
37179
65525
15
65522
1
37203
65525
15
65521
1
37229
65525
15
65521
1
37254
65525
15
65521
1
37279
65525
15
65521
1
37304
65525
15
65521
1
37328
65524
15
65519
1
37354
65524
15
65519
1
37379
65524
15
65519
1
37403
65524
15
65519
1
37429
65524
15
65519
1
37453
65524
15
65519
1
37479
65523
15
65519
1
37504
65523
15
65519
1
37528
65523
16
65517
1
37554
65523
16
65517
1
37578
65523
16
65517
1
37603
65523
16
65518
1
37628
65523
16
65518
1
37653
65523
16
65518
1
37679
65523
16
65517
1
37703
65523
16
65517
1
37728
65523
16
65517
1
37753
65523
16
65517
1
37778
65523
16
65517
1
37803
65522
16
65518
1
37828
65522
16
65518
1
37853
65522
16
65518
1
37878
65523
16
65517
1
37903
65523
16
65517
1
37927
65523
16
65517
1
37953
65522
16
65517
1
37978
65522
16
65517
1
38002
65522
16
65517
1
38028
65523
16
65517
1
38052
65523
16
65517
1
38078
65522
17
65517
1
38103
65522
17
65517
1
38127
65522
17
65517
1
38153
65522
16
65518
1
38177
65522
16
65518
1
38202
65522
16
65518
1
38227
65522
17
65517
1
38252
65522
17
65517
1
38278
65522
17
65517
1
38302
65522
16
65517
1
38327
65522
16
65517
1
38352
65522
17
65517
1
38377
65522
17
65517
1
38402
65522
17
65517
1
38427
65522
16
65517
1
38452
65522
16
65517
1
38477
65522
16
65517
1
38502
65522
17
65517
1
38526
65522
17
65517
1
38552
65522
17
65517
1
38577
65522
17
65517
1
38601
65522
17
65517
1
38627
65522
17
65517
1
38651
65522
17
65517
1
38677
65522
17
65517
1
38702
65522
17
65517
1
38726
65522
17
65517
1
38752
65522
17
65517
1
38776
65522
17
65517
1
38801
65522
17
65517
1
38827
65522
17
65516
1
38851
65522
17
65516
1
38877
65522
17
65516
1
38901
65522
17
65517
1
38926
65522
17
65517
1
38951
65522
17
65517
1
38976
65522
17
65517
1
39001
65522
17
65517
1
39026
65522
17
65517
1
39051
65522
17
65517
1
39076
65522
17
65517
1
39101
65522
17
65517
1
39126
65522
17
65517
1
39151
65522
17
65517
1
39176
65522
17
65517
1
39200
65522
17
65517
1
39226
65522
17
65517
1
39250
65522
17
65517
1
39276
65522
17
65517
1
39301
65522
17
65517
1
39325
65522
17
65517
1
39351
65522
17
65517
1
39375
65522
17
65517
1
39400
65522
17
65517
1
39426
65522
17
65517
1
39450
65522
17
65517
1
39476
65522
17
65517
1
39500
65522
17
65517
1
39525
65522
17
65517
1
39550
65522
17
65517
1
39575
65522
17
65517
1
39600
65522
17
65517
1
39625
65522
17
65517
1
39650
65522
17
65517
1
39675
65522
17
65517
1
39700
65522
17
65517
1
39725
65522
17
65517
1
39750
65522
17
65517
1
39775
65522
17
65517
1
39799
65522
17
65517
1
39825
65522
17
65517
1
39849
65522
17
65517
1
39875
65522
17
65517
1
39900
65522
17
65517
1
39924
65522
17
65517
1
39950
65522
17
65517
1
39974
65522
17
65517
1
39999
65522
17
65517
1
40025
65522
17
65517
1
40049
65522
17
65517
1
40075
65522
17
65517
1
40099
65522
17
65517
1
40124
65522
17
65517
1
40150
65522
17
65517
1
40174