65522
16
65517
1
45001
65522
16
65517
1
45027
65522
17
65517
1
45051
65522
17
65517
1
45076
65522
17
65517
1
45102
65522
17
65517
1
45126
65522
17
65517
1
45151
65522
17
65517
1
45176
65522
17
65517
1
45201
65522
17
65517
1
45227
65522
17
65517
1
45251
65522
17
65517
1
45276
65522
17
65517
1
45301
65522
17
65517
1
45326
65522
17
65517
1
45350
65522
17
65517
1
45376
65522
17
65518
1
45401
65522
17
65518
1
45426
65522
17
65517
1
45451
65522
17
65517
1
45475
65522
17
65517
1
45501
65522
17
65517
1
45526
65522
17
65517
1
45550
65522
17
65517
1
45576
65522
17
65518
1
45600
65522
17
65518
1
45626
65522
17
65518
1
45650
65522
17
65517
1
45675
65522
17
65517
1
45701
65522
17
65517
1
45725
65522
17
65517
1
45750
65522
17
65517
1
45775
65522
17
65517
1
45800
65522
17
65517
1
45826
65522
17
65517
1
45850
65522
17
65517
1
45875
65522
17
65517
1
45900
65522
17
65517
1
45925
65522
17
65517
1
45949
65522
17
65517
1
45975
65522
17
65517
1
46000
65522
17
65517
1
46025
65522
17
65517
1
46050
65522
17
65517
1
46074
65522
17
65517
1
46100
65522
17
65517
1
46125
65522
17
65517
1
46149
65522
17
65517
1
46175
65522
17
65517
1
46199
65522
17
65517
1
46225
65522
17
65517
1
46249
65522
16
65517
1
46274
65522
16
65517
1
46300
65522
16
65517
1
46324
65522
17
65517
1
46349
65522
17
65517
1
46374
65522
17
65517
1
46399
65522
17
65517
1
46425
65522
17
65517
1
46449
65522
16
65517
1
46474
65522
16
65517
1
46499
65522
16
65517
1
46524
65522
17
65517
1
46548
65522
17
65517
1
46574
65522
17
65517
1
46599
65522
16
65517
1
46624
65522
16
65517
1
46649
65522
16
65517
1
46673
65522
17
65518
1
46699
65522
17
65518
1
46724
65522
17
65517
1
46748
65522
17
65517
1
46774
65522
17
65517
1
46798
65522
17
65517
1
46824
65522
17
65517
1
46849
65522
17
65517
1
46873
65522
17
65518
1
46899
65522
17
65518
1
46923
65522
17
65518
1
46948
65522
16
65517
1
46973
65522
16
65517
1
46998
65522
17
65517
1
47024
65522
17
65517
1
47048
65522
17
65517
1
47073
65522
17
65517
1
47098
65522
17
65517
1
47123
65522
17
65517
1
47148
65522
17
65516
1
47173
65522
17
65516
1
47198
65522
17
65517
1
47223
65522
17
65517
1
47248
65522
17
65517
1
47272
65522
17
65517
1
47298
65522
17
65517
1
47323
65522
17
65517
1
47347
65522
17
65517
1
47373
65522
17
65517
1
47397
65522
17
65517
1
47423
65522
16
65517
1
47448
65522
16
65517
1
47472
65522
17
65516
1
47498
65522
17
65516
1
47522
65522
17
65516
1
47547
65522
17
65517
1
47572
65522
17
65517
1
47597
65522
17
65517
1
47623
65522
17
65516
1
47647
65522
17
65516
1
47672
65522
17
65516
1
47697
65522
16
65517
1
47722
65522
16
65517
1
47747
65522
17
65517
1
47772
65522
17
65517
1
47797
65522
17
65517
1
47822
65522
17
65517
1
47847
65522
17
65517
1
47872
65522
17
65517
1
47897
65522
17
65517
1
47922
65522
17
65517
1
47946
65522
17
65517
1
47972
65522
17
65517
1
47996
65522
17
65517
1
48022
65522
16
65517
1
48047
65522
16
65517
1
48071
65522
16
65517
1
48097
65522
17
65518
1
48121
65522
17
65518
1
48146
65522
17
65518
1
48172
65522
17
65517
1
48196
65522
17
65517
1
48222
65522
17
65517
1
48246
65522
17
65517
1
48271
65522
17
65517
1
48296
65522
17
65517
1
48321
65522
17
65517
1
48346
65522
17
65517
1
48371
65522
17
65517
1
48396
65522
17
65517
1
48421
65522
17
65517
1
48446
65522
17
65517
1
48471
65522
17
65517
1
48496
65522
17
65517
1
48521
65522
17
65517
1
48545
65522
17
65517
1
48571
65522
17
65517
1
48595
65522
17
65517
1
48621
65522
17
65517
1
48646
65522
17
65517
1
48670
65522
17
65517
1
48696
65522
17
65517
1
48720
65522
16
65517
1
48745
65522
16
65517
1
48771
65522
17
65517
1
48795
65522
17
65517
1
48821
65522
17
65517
1
48845
65522
17
65517
1
48870
65522
17
65517
1
48896
65522
17
65517
1
48920
65522
17
65518
1
48945
65522
17
65518
1
48970
65522
17
65518
1
48995
65523
17
65517
1
49020
65523
17
65517
1
49045
65522
17
65518
1
49070
65522
17
65518
1
49095
65522
17
65518
1
49120
65522
17
65517
1
49144
65522
17
65517
1
49170
65522
17
65517
1
49195
65522
17
65517
1
49220
65522
17
65517
1
49245
65522
17
65517
1
49269
65522
17
65517
1
49295
65522
17
65517
1
49319
65522
17
65517
1
49344
65522
17
65517
1
49370
65522
17
65517
1
49394
65522
16
65517
1
49420
65522
16
65517
1
49444
65522
16
65517
1
49469
65522
17
65517
1
49495
65522
17
65517
1
49519
65522
16
65517
1
49544
65522
16
65517
1
49569
65522
16
65517
1
49594
65522
17
65517
1
49619
65522
17
65517
1
49644
65522
17
65517
1
49669
65522
17
65517
1
49694
65522
17
65517
1
49719
65522
17
65517
1
49743
65522
16
65517
1
49769
65522
16
65517
1
49794
65522
17
65517
1
49819
65522
17
65517
1
49844
65522
17
65517
1
49868
65522
17
65518
1
49894
65522
17
65518
1
49918
65522
17
65518
1
49943
65522
17
65517
1
49969
65522
17
65517
1
49993
65522
17
65517
1
50019
65522
16
65517
1
50043
65522
16
65517
1
50068
65522
17
65517
1
50094
65522
17
65517
1
50118
65522
17
65517
1
50143
65522
17
65517
1
50168
65522
17
65517
1
50193
65522
17
65517
1
50219
65522
17
65517
1
50243
65522
17
65517
1
50268
65522
17
65517
1
50293
65522
17
65517
1
50318
65522
17
65517
1
50342
65522
17
65517
1
50368
65522
17
65517
1
50393
65522
17
65517
1
50418
65522
17
65517
1
50443
65522
17
65517
1
50467
65522
17
65517
1
50493
65522
17
65517
1
50518
65522
17
65517
1
50542
65522
17
65517
1
50568
65522
17
65517
1
50592
65522
17
65517
1
50618
65522
17
65517
1
50642
65522
17
65517
1
50667
65522
17
65517
1
50693
65522
17
65517
1
50717
65522
17
65517
1
50742
65522
17
65517
1
50767
65522
17
65517
1
50792
65522
17
65517
1
50818
65522
17
65517
1
50842
65522
17
65517
1
50867
65522
17
65517
1
50892
65522
17
65517
1
50917
65522
17
65517
1
50941
65522
17
65517
1
50967
65522
17
65517
1
50992
65522
17
65517
1
51017
65522
17
65517
1
51042
65522
17
65517
1
51066
65522
17
65517
1
51092
65522
17
65516
1
51117
65522
17
65516
1
51141
65522
17
65516
1
51167
65522
17
65518
1
51191
65522
17
65518
1
51217
65522
17
65518
1
51241
65522
17
65517
1
51266
65522
17
65517
1
51292
65522
17
65517
1
51316
65522
17
65517
1
51341
65522
17
65517
1
51366
65522
16
65517
1
51391
65522
16
65517
1
51417
65522
16
65517
1
51441
65522
17
65516
1
51466
65522
17
65516
1
51491
65522
17
65516
1
51516
65522
16
65517
1
51540
65522
16
65517
1
51566
65522
17
65517
1
51591
65522
17
65517
1
51616
65522
17
65517
1
51641
65522
17
65517
1
51665
65522
17
65517
1
51691
65522
17
65517
1
51716
65522
17
65517
1
51740
65522
17
65517
1
51766
65522
17
65517
1
51790
65522
17
65517
1
51816
65522
17
65517
1
51841
65522
17
65517
1
51865
65522
17
65517
1
51891
65522
17
65517
1
51915
65522
17
65517
1
51940
65522
17
65517
1
51965
65522
17
65517
1
51990
65522
17
65517
1
52016
65522
17
65517
1
52040
65522
17
65517
1
52065
65522
17
65517
1
52090
65522
17
65517
1
52115
65522
17
65517
1
52140
65522
17
65517
1
52165
65522
17
65517
1
52190
65523
17
65517
1
52215
65523
17
65517
1
52240
65523
17
65517
1
52264
65522
17
65517
1
52290
65522
17
65517
1
52315
65522
17
65517
1
52339
65522
16
65517
1
52365
65522
16
65517
1
52389
65522
17
65517
1
52415
65522
17
65517
1
52440
65522
17
65517
1
52464
65522
17
65517
1
52490
65522
17
65517
1
52514
65522
17
65517
1
52539
65522
17
65517
1
52564
65522
17
65517
1
52589
65522
17
65517
1
52615
65522
17
65517
1
52639
65522
17
65517
1
52664
65522
17
65517
1
52689
65522
17
65517
1
52714
65522
17
65517
1
52739
65522
17
65517
1
52764
65522
17
65517
1
52789
65522
17
65517
1
52814
65522
17
65517
1
52839
65522
17
65517
1
52864
65522
17
65517
1
52889
65522
17
65517
1
52914
65522
17
65517
1
52938
65522
17
65517
1
52964
65522
17
65517
1
52988
65522
17
65517
1
53014
65522
17
65517
1
53039
65522
17
65517
1
53063
65522
17
65517
1
53089
65522
17
65517
1
53113
65522
17
65517
1
53138
65522
17
65518
1
53164
65522
17
65518
1
53188
65522
17
65518
1
53214
65522
17
65517
1
53238
65522
17
65517
1
53263
65522
17
65517
1
53288
65522
17
65517
1
53313
65522
17
65517
1
53338
65522
17
65517
1
53363
65522
16
65517
1
53388
65522
16
65517
1
53413
65522
17
65517
1
53438
65522
17
65517
1
53463
65522
17
65517
1
53488
65522
17
65517
1
53513
65522
17
65517
1
53537
65522
17
65517
1
53563
65522
17
65517
1
53587
65522
17
65517
1
53613
65522
17
65517
1
53638
65522
17
65517
1
53662
65522
17
65517
1
53688
65522
16
65517
1
53712
65522
16
65517
1
53737
65522
16
65517
1
53763
65522
17
65517
1
53787
65522
17
65517
1
53813
65522
17
65517
1
53837
65522
17
65517
1
53862
65522
17
65517
1
53888
65522
17
65517
1
53912
65522
17
65517
1
53937
65522
17
65517
1
53962
65522
16
65517
1
53987
65522
16
65517
1
54012
65522
16
65517
1
54037
65522
17
65517
1
54062
65522
17
65517
1
54087
65522
17
65517
1
54112
65522
17
65517
1
54136
65522
17
65517
1
54162
65522
17
65517
1
54187
65522
17
65517
1
54212
65522
17
65517
1
54237
65522
17
65517
1
54261
65522
17
65517
1
54287
65522
17
65517
1
54311
65522
17
65517
1
54336
65522
17
65517
1
54362
65522
17
65517
1
54386
65522
17
65517
1
54412
65522
17
65517
1
54436
65522
17
65517
1
54461
65522
17
65517
1
54487
65522
17
65517
1
54511
65522
17
65517
1
54536
65522
17
65517
1
54561
65522
17
65517
1
54586
65522
17
65517
1
54611
65522
17
65517
1
54636
65522
17
65517
1
54661
65522
17
65517
1
54686
65522
17
65517
1
54711
65522
17
65517
1
54735
65522
17
65517
1
54761
65522
17
65517
1
54786
65522
17
65517
1
54811
65522
17
65517
1
54836
65522
17
65517
1
54860
65522
17
65518
1
54886
65522
17
65518
1
54910
65522
17
65517
1
54935
65522
17
65517
1
54961
65522
17
65517
1
54985
65522
17
65517
1
55011
65522
17
65517
1
55035
65522
17
65517
1
55060
65522
17
65516
1
55086
65522
17
65516
1
55110
65522
17
65516
1
55135
65522
17
65517
1
55160
65522
17
65517
1
55185
65522
16
65517
1
55211
65522
16
65517
1
55235
65522
16
65517
1
55260
65522
17
65517
1
55285
65522
17
65517
1
55310
65522
17
65517
1
55334
65522
17
65517
1
55360
65522
17
65517
1
55385
65522
17
65517
1
55410
65522
17
65516
1
55435
65522
17
65516
1
55459
65522
17
65517
1
55485
65522
17
65517
1
55510
65522
17
65517
1
55534
65522
17
65517
1
55560
65522
17
65517
1
55584
65522
17
65517
1
55610
65522
17
65517
1
55634
65522
17
65517
1
55659
65522
17
65517
1
55685
65522
17
65517
1
55709
65522
17
65517
1
55734
65522
17
65517
1
55759
65522
17
65517
1
55784
65522
17
65517
1
55810
65522
16
65517
1
55834
65522
16
65517
1
55859
65522
16
65517
1
55884
65522
17
65517
1
55909
65522
17
65517
1
55933
65522
17
65517
1
55959
65522
17
65517
1
55984
65522
17
65517
1
56009
65522
17
65517
1
56034
65522
17
65517
1
56058
65522
17
65517
1
56084
65522
17
65517
1
56109
65522
17
65517
1
56133
65522
17
65517
1
56159
65522
17
65517
1
56183
65522
17
65517
1
56209
65522
17
65517
1
56233
65522
17
65517
1
56258
65522
17
65517
1
56284
65522
16
65517
1
56308
65522
16
65517
1
56333
65522
16
65517
1
56358
65522
17
65517
1
56383
65522
17
65517
1
56409
65522
17
65517
1
56433
65522
17
65516
1
56458
65522
17
65516
1
56483
65522
17
65517
1
56508
65522
17
65517
1
56532
65522
17
65517
1
56558
65522
17
65517
1
56583
65522
17
65517
1
56608
65522
17
65517
1
56633
65522
17
65517
1
56657
65522
17
65517
1
56683
65522
17
65517
1
56708
65522
17
65517
1
56732
65522
17
65517
1
56758
65522
17
65517
1
56782
65522
17
65517
1
56808
65522
17
65517
1
56833
65522
16
65517
1
56857
65522
16
65517
1
56883
65522
16
65517
1
56907
65522
17
65517
1
56932
65522
17
65517
1
56957
65522
16
65517
1
56982
65522
16
65517
1
57008
65522
16
65517
1
57032
65522
17
65517
1
57057
65522
17
65517
1
57082
65522
17
65517
1
57107
65522
17
65517
1
57132
65522
17
65517
1
57157
65522
17
65517
1
57182
65522
17
65517
1
57207
65522
17
65517
1
57232
65522
17
65517
1
57256
65522
17
65517
1
57282
65522
17
65517
1
57307
65522
16
65517
1
57331
65522
16
65517
1
57357
65522
16
65517
1
57381
65522
17
65517
1
57407
65522
17
65517
1
57432
65522
17
65517
1
57456
65523
17
65517
1
57482
65523
17
65517
1
57506
65522
17
65517
1
57531
65522
17
65517
1
57556
65522
17
65517
1
57581
65522
17
65517
1
57607
65522
17
65517
1
57631
65522
17
65517
1
57656
65522
16
65518
1
57681
65522
16
65518
1
57706
65522
16
65517
1
57731
65522
16
65517
1
57756
65522
16
65517
1
57781
65522
16
65517
1
57806
65522
16
65517
1
57831
65522
16
65517
1
57856
65522
17
65517
1
57881
65522
17
65517
1
57906
65522
17
65517
1
57930
65522
17
65517
1
57956
65522
17
65517
1
57980
65522
16
65517
1
58006
65522
16
65517
1
58031
65522
16
65517
1
58055
65522
16
65517
1
58081
65522
16
65517
1
58105
65522
16
65517
1
58130
65521
16
65518
1
58156
65521
16
65518
1
58180
65521
16
65518
1
58206
65522
17
65517
1
58230
65522
17
65517
1
58255
65522
16
65518
1
58280
65522
16
65518
1
58305
65522
16
65518
1
58330
65522
17
65518
1
58355
65522
17
65518
1
58380
65522
17
65518
1
58405
65522
17
65518
1
58430
65522
17
65518
1
58455
65522
17
65518
1
58480
65522
17
65519
1
58505
65522
17
65519
1
58529
65522
17
65518
1
58555
65522
17
65518
1
58579
65522
17
65518
1
58605
65523
18
65519
1
58630
65523
18
65519
1
58654
65523
18
65519
1
58680
65523
17
65519
1
58704
65523
17
65519
1
58729
65523
18
65519
1
58755
65523
18
65519
1
58779
65523
18
65519
1
58805
65524
17
65518
1
58829
65524
17
65518
1
58854
65524
17
65518
1
58880
65524
18
65518
1
58904
65524
18
65518
1
58929
65524
18
65518
1
58954
65524
17
65518
1
58979
65524
17
65518
1
59004
65524
17
65517
1
59029
65524
17
65517
1
59054
65524
17
65517
1
59079
65524
17
65517
1
59104
65524
17
65517
1
59128
65524
17
65517
1
59154
65524
17
65517
1
59179
65524
17
65517
1
59204
65524
17
65517
1
59229
65524
17
65517
1
59253
65524
17
65517
1
59279
65523
17
65517
1
59303
65523
17
65517
1
59328
65523
17
65517
1
59354
65524
17
65517
1
59378
65524
17
65517
1
59404
65524
17
65517
1
59428
65523
17
65517
1
59453
65523
17
65517
1
59479
65523
17
65517
1
59503
65523
17
65517
1
59528
65523
17
65517
1
59553
65523
17
65517
1
59578
65523
17
65517
1
59603
65523
17
65517
1
59628
65523
17
65517
1
59653
65523
17
65517
1
59678
65523
17
65517
1
59703
65523
17
65517
1
59727
65523
17
65517
1
59753
65523
16
65517
1
59778
65523
16
65517
1
59803
65523
16
65517
1
59828
65523
16
65517
1
59852
65523
16
65517
1
59878
65523
16
65517
1
59902
65523
17
65517
1
59927
65523
17
65517
1
59953
65523
17
65517
1
59977
65522
16
65517
1
60003
65522
16
65517
1
60027
65523
17
65517
1
60052
65523
17
65517
1
60078
65523
17
65517
1
60102
65523
16
65517
1
60127
65523
16
65517
1
60152
65523
16
65517
1
60177
65523
17
65516
1
60203
65523
17
65516
1
60227
65523
17
65516
1
60252
65522
17
65517
1
60277
65522
17
65517
1
60302
65522
17
65517
1
60326
65522
17
65517
1
60352
65522
17
65517
1
60377
65523
16
65517
1
60402
65523
16
65517
1
60427
65523
16
65517
1
60451
65522
16
65517
1
60477
65522
16
65517
1
60502
65522
16
65517
1
60526
65522
17
65517
1
60552
65522
17
65517
1
60576
65522
17
65517
1
60602
65522
17
65517
1
60626
65522
17
65517
1
60651
65522
17
65517
1
60677
65522
17
65517
1
60701
65522
17
65517
1
60726
65523
17
65517
1
60751
65523
17
65517
1
60776
65522
17
65517
1
60802
65522
17
65517
1
60826
65522
17
65517
1
60851
65522
17
65516
1
60876
65522
17
65516
1
60901
65522
17
65516
1
60925
65522
16
65517
1
60951
65522
17
65517
1
26201
65522
17
65517
1
26226
65522
17
65517
1
26251
65522
17
65517
1
26276
65522
17
65517
1
26301
65522
17
65517
1
26326
65522
17
65517
1
26351
65522
17
65517
1
26376
65522
17
65517
1
26400
65522
17
65517
1
26426
65522
17
65517
1
26450
65522
17
65517
1
26476
65522
17
65517
1
26501
65522
17
65517
1
26525
65522
17
65517
1
26551
65522
17
65517
1
26575
65522
17
65517
1
26600
65522
17
65517
1
26626
65522
17
65517
1
26650
65522
17
65517
1
26676
65522
17
65517
1
26700
65522
17
65517
1
26725
65522
17
65517
1
26750
65522
17
65517
1
26775
65522
17
65517
1
26800
65522
17
65517
1
26825
65522
17
65517
1
26850
65522
17
65517
1
26875
65522
17
65517
1
26900
65522
17
65517
1
26925
65522
17
65517
1
26950
65522
17
65517
1
26975
65522
17
65516
1
26999
65522
17
65516
1
27025
65522
17
65516
1
27049
65522
16
65517
1
27075
65522
16
65517
1
27100
65522
16
65517
1
27124
65522
17
65517
1
27150
65522
17
65517
1
27174
65522
17
65517
1
27199
65522
17
65517
1
27225
65522
17
65517
1
27249
65522
17
65517
1
27275
65522
17
65517
1
27299
65522
17
65517
1
27324
65522
17
65517
1
27350
65522
17
65517
1
27374
65522
17
65517
1
27399
65522
17
65517
1
27424
65522
17
65517
1
27449
65523
17
65517
1
27474
65523
17
65517
1
27499
65523
17
65517
1
27524
65522
17
65517
1
27549
65522
17
65517
1
27574
65522
17
65517
1
27598
65522
17
65517
1
27624
65522
17
65517
1
27649
65522
17
65517
1
27674
65522
17
65517
1
27699
65522
17
65517
1
27723
65522
17
65517
1
27749
65522
17
65517
1
27773
65522
17
65517
1
27798
65522
17
65517
1
27824
65522
17
65517
1
27848
65522
17
65517
1
27874
65522
16
65517
1
27898
65522
16
65517
1
27923
65522
16
65517
1
27949
65522
17
65516
1
27973
65522
17
65516
1
27998
65522
17
65517
1
28023
65522
17
65517
1
28048
65522
17
65517
1
28073
65522
16
65517
1
28098
65522
16
65517
1
28123
65522
16
65517
1
28148
65522
17
65516
1
28173
65522
17
65516
1
28197
65522
17
65516
1
28223
65522
17
65516
1
28248
65522
17
65516
1
28273
65522
17
65516
1
28298
65522
17
65516
1
28322
65522
17
65516
1
28348
65522
17
65517
1
28372
65522
17
65517
1
28397
65522
17
65517
1
28423
65522
17
65517
1
28447
65522
17
65517
1
28473
65522
17
65517
1
28497
65522
17
65517
1
28522
65522
17
65517
1
28548
65522
17
65517
1
28572
65522
17
65517
1
28597
65522
17
65517
1
28622
65522
17
65517
1
28647
65522
17
65517
1
28673
65522
17
65517
1
28697
65522
17
65517
1
28722
65522
17
65517
1
28747
65522
17
65517
1
28772
65522
17
65517
1
28796
65522
17
65517
1
28822
65522
17
65517
1
28847
65522
17
65517
1
28872
65522
17
65517
1
28897
65522
17
65517
1
28921
65522
17
65517
1
28947
65522
17
65517
1
28972
65522
17
65516
1
28996
65522
17
65516
1
29022
65522
17
65517
1
29046
65522
17
65517
1
29072
65522
17
65517
1
29096
65522
17
65516
1
29121
65522
17
65516
1
29147
65522
17
65516
1
29171
65522
16
65517
1
29196
65522
16
65517
1
29221
65522
16
65517
1
29246
65522
16
65517
1
29272
65522
16
65517
1
29296
65522
17
65516
1
29321
65522
17
65516
1
29346
65522
17
65516
1
29371
65522
17
65517
1
29395
65522
17
65517
1
29421
65522
17
65517
1
29446
65522
17
65517
1
29471
65522
17
65517
1
29496
65522
17
65517
1
29520
65522
17
65517
1
29546
65522
17
65517
1
29571
65522
17
65516
1
29595
65522
17
65516
1
29621
65522
17
65516
1
29645
65522
17
65517
1
29671
65522
17
65517
1
29696
65522
17
65517
1
29720
65522
17
65517
1
29746
65522
17
65517
1
29770
65522
17
65517
1
29795
65522
17
65517
1
29820
65522
17
65517
1
29845
65522
16
65517
1
29871
65522
16
65517
1
29895
65522
16
65517
1
29920
65522
17
65516
1
29945
65522
17
65516
1
29970
65522
17
65516
1
29995
65522
17
65517
1
30020
65522
17
65517
1
30045
65522
17
65517
1
30070
65522
17
65517
1
30095
65522
17
65517
1
30119
65522
17
65517
1
30145
65522
17
65517
1
30170
65522
17
65517
1
30194
65522
17
65517
1
30220
65522
17
65517
1
30244
65522
17
65517
1
30270
65522
17
65517
1
30295
65522
17
65517
1
30319
65522
16
65517
1
30345
65522
16
65517
1
30369
65522
16
65517
1
30394
65522
17
65516
1
30419
65522
17
65516
1
30444
65522
17
65516
1
30470
65522
17
65517
1
30494
65522
17
65517
1
30519
65522
17
65517
1
30544
65522
17
65517
1
30569
65522
17
65517
1
30594
65522
17
65517
1
30619
65522
17
65517
1
30644
65522
17
65517
1
30669
65522
17
65517
1
30694
65522
17
65517
1
30718
65522
17
65517
1
30744
65522
17
65517
1
30769
65522
17
65517
1
30793
65522
17
65517
1
30819
65522
17
65517
1
30843
65522
17
65517
1
30869
65522
17
65517
1
30894
65522
17
65517
1
30918
65522
17
65517
1
30944
65522
17
65517
1
30968
65522
17
65517
1
30993
65522
17
65517
1
31019
65522
17
65517
1
31043
65522
17
65517
1
31069
65522
17
65517
1
31093
65522
17
65517
1
31118
65522
17
65517
1
31143
65522
17
65517
1
31168
65522
17
65517
1
31193
65522
17
65517
1
31218
65522
17
65517
1
31243
65522
17
65517
1
31268
65522
17
65516
1
31293
65522
17
65516
1
31318
65522
17
65516
1
31343
65522
17
65517
1
31368
65522
17
65517
1
31392
65522
17
65517
1
31418
65522
17
65516
1
31442
65522
17
65516
1
31468
65522
17
65516
1
31493
65522
16
65517
1
31517
65522
16
65517
1
31543
65522
17
65517
1
31567
65522
17
65517
1
31592
65522
17
65517
1
31618
65522
17
65517
1
31642
65522
17
65517
1
31668
65522
17
65517
1
31692
65522
17
65517
1
31717
65522
17
65517
1
31742
65522
17
65517
1
31767
65522
17
65516
1
31792
65522
17
65516
1
31817
65522
17
65517
1
31842
65522
17
65517
1
31867
65522
17
65517
1
31892
65522
17
65516
1
31917
65522
17
65516
1
31942
65522
17
65516
1
31967
65522
17
65517
1
31991
65522
17
65517
1
32017
65522
17
65517
1
32041
65522
16
65517
1
32067
65522
16
65517
1
32092
65522
17
65517
1
32116
65522
17
65517
1
32142
65522
17
65517
1
32166
65522
17
65517
1
32191
65522
17
65517
1
32217
65522
17
65517
1
32241
65522
17
65517
1
32267
65522
17
65517
1
32291
65523
16
65517
1
32316
65523
16
65517
1
32342
65523
16
65517
1
32366
65522
16
65517
1
32391
65522
16
65517
1
32416
65522
16
65517
1
32441
65522
17
65517
1
32466
65522
17
65517
1
32491
65522
17
65517
1
32516
65522
16
65517
1
32541
65522
16
65517
1
32566
65522
17
65516
1
32590
65522
17
65516
1
32616
65522
17
65516
1
32641
65522
16
65517
1
32666
65522
16
65517
1
32691
65522
16
65517
1
32715
65522
17
65517
1
32741
65522
17
65517
1
32765
65522
17
65517
1
32790
65522
16
65517
1
32816
65522
16
65517
1
32840
65522
17
65517
1
32866
65522
17
65517
1
32890
65522
17
65517
1
32915
65522
17
65517
1
32941
65522
17
65517
1
32965
65522
17
65517
1
32990
65522
17
65517
1
33015
65522
17
65517
1
33040
65522
17
65517
1
33065
65522
17
65516
1
33090
65522
17
65516
1
33115
65522
16
65517
1
33140
65522
16
65517
1
33165
65522
16
65517
1
33189
65522
17
65517
1
33215
65522
17
65517
1
33240
65522
17
65517
1
33265
65522
17
65517
1
33290
65522
17
65517
1
33314
65522
16
65517
1
33340
65522
16
65517
1
33364
65522
16
65517
1
33389
65522
17
65517
1
33415
65522
17
65517
1
33439
65522
17
65517
1
33465
65522
17
65517
1
33489
65522
17
65517
1
33514
65522
17
65517
1
33540
65522
17
65517
1
33564
65522
17
65517
1
33589
65522
17
65517
1
33614
65522
17
65517
1
33639
65522
17
65517
1
33665
65522
17
65517
1
33689
65522
17
65517
1
33714
65522
17
65517
1
33739
65522
17
65517
1
33764
65522
17
65517
1
33788
65522
17
65517
1
33814
65522
17
65517
1
33839
65522
17
65517
1
33864
65522
17
65517
1
33889
65522
17
65517
1
33913
65522
17
65517
1
33939
65522
17
65518
1
33964
65522
17
65518
1
33988
65522
17
65518
1
34014
65522
17
65517
1
34038
65522
17
65517
1
34064
65522
17
65517
1
34088
65522
17
65517
1
34113
65522
17
65517
1
34139
65522
17
65517
1
34163
65522
17
65517
1
34188
65522
17
65517
1
34213
65522
17
65517
1
34238
65522
17
65517
1
34264
65522
17
65517
1
34288
65522
17
65518
1
34313
65522
17
65518
1
34338
65522
17
65518
1
34363
65523
17
65517
1
34387
65523
17
65517
1
34413
65522
17
65517
1
34438
65522
17
65517
1
34463
65522
17
65517
1
34488
65522
17
65518
1
34512
65522
17
65518
1
34538
65522
17
65518
1
34563
65523
17
65517
1
34587
65523
17
65517
1
34613
65522
16
65518
1
34637
65522
16
65518
1
34663
65522
16
65518
1
34688
65523
17
65517
1
34712
65523
17
65517
1
34738
65523
17
65517
1
34762
65523
16
65517
1
34787
65523
16
65517
1
34812
65523
16
65517
1
34837
65523
17
65518
1
34863
65523
17
65518
1
34887
65523
17
65517
1
34912
65523
17
65517
1
34937
65523
17
65517
1
34962
65523
16
65517
1
34987
65523
16
65517
1
35012
65523
16
65517
1
35037
65523
16
65517
1
35062
65523
16
65517
1
35087
65523
16
65517
1
35111
65523
16
65518
1
35137
65523
16
65518
1
35162
65523
17
65517
1
35186
65523
17
65517
1
35212
65523
17
65517
1
35236
65523
16
65517
1
35262
65523
16
65517
1
35287
65523
16
65517
1
35311
65522
16
65518
1
35337
65522
16
65518
1
35361
65522
16
65518
1
35386
65522
16
65517
1
35411
65522
16
65517
1
35436
65523
16
65518
1
35462
65523
16
65518
1
35486
65523
16
65518
1
35511
65522
16
65517
1
35536
65522
16
65517
1
35561
65522
16
65517
1
35586
65522
16
65517
1
35611
65522
16
65517
1
35636
65522
16
65517
1
35661
65522
16
65517
1
35686
65522
16
65517
1
35710
65522
16
65517
1
35736
65522
16
65517
1
35761
65522
16
65517
1
35785
65522
16
65518
1
35811
65522
16
65518
1
35835
65522
16
65518
1
35861
65522
16
65517
1
35886
65522
16
65517
1
35910
65522
16
65518
1
35936
65522
16
65518
1
35960
65522
16
65518
1
35985
65522
16
65517
1
36011
65522
16
65517
1
36035
65522
16
65517
1
36061
65522
17
65517
1
36085
65522
17
65517
1
36110
65522
17
65517
1
36135
65522
16
65517
1
36160
65522
16
65517
1
36185
65522
17
65517
1
36210
65522
17
65517
1
36235
65522
17
65517
1
36260