65522
17
65517
1
56153
65522
17
65517
1
56178
65522
17
65517
1
56203
65522
17
65517
1
56228
65522
17
65517
1
56253
65522
17
65517
1
56278
65522
17
65517
1
56303
65522
17
65517
1
56328
65522
17
65517
1
56352
65522
17
65517
1
56378
65522
17
65517
1
56402
65522
17
65517
1
56428
65522
17
65517
1
56453
65522
17
65517
1
56477
65522
17
65517
1
56503
65522
17
65517
1
56527
65522
17
65518
1
56552
65522
17
65518
1
56578
65522
17
65518
1
56602
65522
17
65517
1
56628
65522
17
65517
1
56652
65522
17
65517
1
56677
65522
17
65517
1
56702
65522
17
65517
1
56727
65522
17
65517
1
56752
65522
17
65517
1
56777
65522
17
65517
1
56802
65522
17
65517
1
56827
65522
17
65517
1
56852
65522
17
65517
1
56877
65522
17
65518
1
56902
65522
17
65518
1
56927
65522
17
65517
1
56951
65522
17
65517
1
56977
65522
17
65517
1
57001
65522
17
65517
1
57027
65522
17
65517
1
57052
65522
17
65517
1
57076
65522
17
65517
1
57102
65522
17
65517
1
57126
65522
17
65517
1
57151
65522
17
65517
1
57177
65522
17
65517
1
57201
65522
17
65517
1
57227
65522
17
65517
1
57251
65522
17
65517
1
57276
65522
17
65517
1
57302
65522
17
65517
1
57326
65522
17
65517
1
57351
65522
17
65517
1
57376
65522
17
65517
1
57401
65522
17
65517
1
57426
65522
17
65517
1
57451
65522
17
65517
1
57476
65522
17
65517
1
57501
65522
17
65517
1
57526
65522
17
65517
1
57550
65522
17
65517
1
57576
65522
17
65517
1
57601
65522
17
65517
1
57626
65522
17
65517
1
57651
65522
17
65517
1
57675
65522
17
65517
1
57701
65522
17
65517
1
57725
65522
17
65517
1
57750
65522
17
65517
1
57776
65522
17
65517
1
57800
65522
17
65517
1
57826
65522
17
65517
1
57850
65522
17
65517
1
57875
65522
17
65517
1
57901
65522
17
65517
1
57925
65522
17
65517
1
57950
65522
17
65516
1
57975
65522
17
65516
1
58000
65522
17
65516
1
58025
65522
17
65517
1
58050
65522
17
65517
1
58075
65522
17
65517
1
58100
65522
17
65517
1
58125
65522
17
65517
1
58149
65522
17
65517
1
58175
65522
17
65517
1
58200
65522
17
65517
1
58225
65522
17
65517
1
58250
65522
17
65517
1
58274
65522
17
65517
1
58300
65522
17
65516
1
58324
65522
17
65516
1
58349
65522
17
65516
1
58375
65522
17
65517
1
58399
65522
17
65517
1
58425
65522
17
65517
1
58449
65522
17
65516
1
58474
65522
17
65516
1
58500
65522
17
65517
1
58524
65522
17
65517
1
58549
65522
17
65517
1
58574
65522
17
65516
1
58599
65522
17
65516
1
58625
65522
17
65516
1
58649
65522
17
65517
1
58674
65522
17
65517
1
58699
65522
17
65517
1
58724
65522
17
65517
1
58748
65522
17
65517
1
58774
65522
17
65516
1
58799
65522
17
65516
1
58824
65522
17
65516
1
58849
65522
17
65517
1
58873
65522
17
65517
1
58899
65522
17
65517
1
58924
65522
17
65516
1
58948
65522
17
65516
1
58974
65522
17
65517
1
58998
65522
17
65517
1
59024
65522
17
65517
1
59048
65522
17
65516
1
59073
65522
17
65516
1
59099
65522
17
65516
1
59123
65522
17
65516
1
59148
65522
17
65516
1
59173
65522
17
65516
1
59198
65522
17
65517
1
59224
65522
17
65517
1
59248
65522
17
65516
1
59273
65522
17
65516
1
59298
65522
17
65516
1
59323
65522
17
65517
1
59347
65522
17
65517
1
59373
65522
17
65517
1
59398
65522
17
65516
1
59423
65522
17
65516
1
59448
65522
17
65516
1
59472
65522
17
65517
1
59498
65522
17
65517
1
59523
65522
17
65516
1
59547
65522
17
65516
1
59573
65522
17
65516
1
59597
65522
17
65517
1
59623
65522
17
65517
1
59648
65522
17
65517
1
59672
65522
17
65517
1
59698
65522
17
65517
1
59722
65522
17
65517
1
59747
65522
17
65517
1
59772
65522
17
65517
1
59797
65522
17
65517
1
59823
65522
17
65517
1
59847
65522
17
65517
1
59872
65522
17
65516
1
59897
65522
17
65516
1
59922
65522
17
65516
1
59947
65522
17
65517
1
59972
65522
17
65517
1
59997
65522
17
65517
1
60022
65522
17
65517
1
60047
65522
17
65517
1
60071
65522
17
65516
1
60097
65522
17
65516
1
60122
65522
17
65516
1
60146
65522
17
65517
1
60172
65522
17
65517
1
60196
65522
17
65517
1
60222
65522
17
65517
1
60247
65522
17
65517
1
60271
65522
17
65517
1
60297
65522
17
65517
1
60321
65522
17
65517
1
60346
65522
17
65517
1
60371
65522
17
65517
1
60396
65522
17
65517
1
60422
65522
17
65516
1
60446
65522
17
65516
1
60471
65522
17
65516
1
60496
65522
17
65517
1
60521
65522
17
65517
1
60546
65522
17
65516
1
60571
65522
17
65516
1
60596
65522
17
65516
1
60621
65522
17
65517
1
60646
65522
17
65517
1
60670
65522
17
65517
1
60696
65522
17
65517
1
60721
65522
17
65517
1
60745
65522
17
65516
1
60771
65522
17
65516
1
60795
65522
17
65516
1
60821
65522
17
65517
1
60846
65522
17
65517
1
60870
65522
17
65517
1
60896
65522
17
65517
1
60920
65522
17
65517
1
60945
65522
17
65517
1
60971
65522
17
65517
1
60995
65522
17
65517
1
61021
65522
17
65516
1
61045
65522
17
65516
1
61070
65522
17
65516
1
61095
65522
17
65517
1
61120
65522
17
65517
1
61145
65522
17
65517
1
61170
65522
17
65517
1
61195
65522
17
65517
1
61220
65522
17
65517
1
61245
65522
17
65516
1
61270
65522
17
65516
1
61295
65522
17
65517
1
61320
65522
17
65517
1
61344
65522
17
65517
1
61370
65522
17
65517
1
61394
65522
17
65517
1
61420
65522
17
65517
1
61445
65522
17
65517
1
61469
65522
17
65517
1
61495
65522
17
65517
1
61519
65522
17
65517
1
61544
65522
17
65517
1
61570
65522
17
65517
1
61594
65522
17
65517
1
61620
65522
17
65517
1
61644
65522
17
65517
1
61669
65522
17
65517
1
61694
65522
17
65517
1
61719
65522
17
65517
1
61744
65522
17
65517
1
61769
65522
17
65517
1
61794
65522
17
65517
1
61819
65522
17
65517
1
61844
65522
18
65517
1
61869
65522
18
65517
1
61894
65522
18
65517
1
61919
65522
17
65517
1
61943
65522
17
65517
1
61969
65522
17
65517
1
61993
65522
17
65517
1
62019
65522
17
65517
1
62044
65522
17
65516
1
62068
65522
17
65516
1
62094
65522
17
65516
1
62118
65522
17
65517
1
62143
65522
17
65517
1
62169
65522
17
65517
1
62193
65522
17
65517
1
62219
65522
17
65517
1
62243
65522
17
65517
1
62268
65522
17
65517
1
62294
65522
17
65517
1
62318
65522
17
65517
1
62343
65522
17
65517
1
62368
65522
17
65517
1
62393
65522
17
65517
1
62418
65522
17
65517
1
62443
65522
17
65517
1
62468
65522
17
65517
1
62493
65522
17
65517
1
62518
65522
17
65517
1
62542
65522
17
65516
1
62568
65522
17
65516
1
62593
65522
17
65517
1
62618
65522
17
65517
1
62643
65522
17
65517
1
62667
65522
17
65516
1
62693
65522
17
65516
1
62717
65522
17
65516
1
62742
65522
17
65517
1
62768
65522
17
65517
1
62792
65522
17
65517
1
62818
65522
17
65517
1
62842
65522
17
65517
1
62867
65522
17
65516
1
62893
65522
17
65516
1
62917
65522
17
65516
1
62942
65522
17
65517
1
62967
65522
17
65517
1
62992
65522
17
65517
1
63017
65522
17
65517
1
63042
65522
17
65517
1
63067
65522
17
65517
1
63092
65522
17
65517
1
63117
65522
17
65517
1
63141
65523
17
65517
1
63167
65523
17
65517
1
63192
65523
17
65517
1
63217
65522
17
65517
1
63242
65522
17
65517
1
63266
65522
17
65517
1
63292
65522
17
65517
1
63316
65522
17
65517
1
63341
65523
17
65517
1
63367
65523
17
65517
1
63391
65523
17
65517
1
63417
65522
17
65517
1
63441
65522
17
65517
1
63466
65522
17
65517
1
63492
65523
17
65517
1
63516
65523
17
65517
1
63541
65523
17
65517
1
63566
65522
17
65517
1
63591
65522
17
65517
1
63617
65523
17
65517
1
63641
65523
17
65517
1
63666
65523
17
65517
1
63691
65523
17
65517
1
63716
65523
17
65517
1
63740
65523
17
65517
1
63766
65523
17
65517
1
63791
65523
17
65517
1
63816
65523
17
65517
1
63841
65523
17
65517
1
63865
65523
17
65517
1
63891
65523
17
65517
1
63916
65523
17
65517
1
63940
65523
17
65517
1
63966
65523
17
65517
1
63990
65523
17
65517
1
64016
65523
17
65517
1
64040
65523
17
65517
1
64065
65523
17
65517
1
64091
65523
17
65517
1
64115
65523
17
65517
1
64140
65523
17
65517
1
64165
65523
17
65517
1
64190
65523
17
65517
1
64216
65523
17
65517
1
64240
65523
17
65517
1
64265
65523
17
65517
1
64290
65523
17
65517
1
64315
65523
17
65517
1
64339
65523
17
65517
1
64365
65523
17
65517
1
64390
65523
17
65517
1
64415
65523
17
65517
1
64440
65523
17
65518
1
64464
65523
17
65518
1
64490
65523
17
65518
1
64515
65523
17
65517
1
64539
65523
17
65517
1
64565
65523
17
65517
1
64589
65524
17
65518
1
64615
65524
17
65518
1
64640
65523
17
65518
1
64664
65523
17
65518
1
64690
65523
17
65518
1
64714
65523
17
65518
1
64739
65523
17
65518
1
64764
65524
18
65519
1
3514
65524
18
65519
1
3538
65524
18
65519
1
3562
65524
18
65519
1
3586
65524
18
65519
1
3610
65524
18
65519
1
3634
65524
18
65519
1
3657
65524
18
65519
1
3682
65524
18
65519
1
3705
65524
18
65519
1
3729
65524
18
65519
1
3753
65524
18
65519
1
3777
65524
18
65519
1
3801
65524
18
65519
1
3825
65524
18
65519
1
3849
65524
18
65519
1
3873
65524
18
65519
1
3897
65524
18
65519
1
3920
65524
18
65519
1
3945
65524
18
65519
1
3969
65524
18
65520
1
3992
65524
18
65520
1
4017
65524
18
65519
1
4040
65524
18
65519
1
4064
65524
18
65519
1
4088
65524
18
65519
1
4112
65524
18
65519
1
4136
65524
18
65519
1
4160
65524
17
65519
1
4184
65524
17
65519
1
4208
65524
17
65519
1
4232
65524
18
65519
1
4255
65524
18
65519
1
4280
65524
18
65519
1
4303
65524
18
65520
1
4327
65524
18
65520
1
4352
65524
18
65520
1
4375
65524
18
65519
1
4399
65524
18
65519
1
4423
65524
18
65519
1
4447
65524
18
65519
1
4471
65524
18
65519
1
4495
65524
17
65519
1
4518
65524
17
65519
1
4543
65524
17
65519
1
4567
65524
18
65519
1
4590
65524
18
65519
1
4615
65524
18
65519
1
4638
65524
18
65520
1
4662
65524
18
65520
1
4686
65524
18
65520
1
4710
65524
18
65519
1
4733
65524
165520
1
9016
65524
18
65519
1
9039
65524
18
65519
1
9064
65524
18
65519
1
9088
65524
18
65519
1
9111
65524
18
65519
1
9136
65524
18
65519
1
9159
65524
18
65519
1
9183
65524
18
65519
1
9207
65524
18
65519
1
9231
65524
18
65519
1
9254
65524
18
65519
1
9279
65524
18
65519
1
9303
65524
18
65519
1
9326
65524
18
65519
1
9351
65524
18
65519
1
9374
65524
18
65519
1
9399
65524
18
65519
1
9422
65524
18
65520
1
9446
65524
18
65520
1
9470
65524
18
65520
1
9494
65524
18
65519
1
9518
65524
18
65519
1
9542
65524
18
65519
1
9566
65524
18
65519
1
9589
65524
18
65519
1
9614
65524
18
65519
1
9637
65524
18
65519
1
9662
65524
18
65519
1
9686
65524
18
65519
1
9709
65524
18
65519
1
9734
65524
18
65519
1
9757
65524
18
65520
1
9781
65524
18
65520
1
9805
65524
18
65520
1
9829
65524
18
65519
1
9852
65524
18
65519
1
9877
65524
18
65519
1
9901
65524
18
65519
1
9924
65524
18
65519
1
9949
65524
18
65519
1
9972
65524
18
65519
1
9997
65524
18
65519
1
10020
65524
18
65519
1
10045
65524
18
65519
1
10071
65524
18
65519
1
10095
65524
18
65519
1
10120
65524
18
65519
1
10145
65524
18
65519
1
10170
65524
18
65519
1
10195
65524
18
65519
1
10220
65524
18
65519
1
10245
65524
18
65520
1
10270
65524
18
65520
1
10295
65524
18
65519
1
10319
65524
18
65519
1
10345
65524
18
65519
1
10370
65524
18
65520
1
10395
65524
18
65520
1
10420
65524
18
65520
1
10444
65524
18
65520
1
10470
65524
18
65520
1
10494
65524
18
65520
1
10519
65524
18
65519
1
10545
65524
18
65519
1
10569
65524
18
65520
1
10595
65524
18
65520
1
10619
65524
18
65520
1
10644
65523
18
65519
1
10670
65523
18
65519
1
10694
65523
18
65519
1
10719
65523
18
65520
1
10744
65523
18
65520
1
10769
65523
18
65520
1
10795
65523
18
65520
1
10819
65523
18
65520
1
10844
65524
18
65520
1
10869
65524
18
65520
1
10894
65524
18
65520
1
10918
65523
18
65520
1
10944
65523
18
65520
1
10969
65523
18
65520
1
10994
65523
18
65520
1
11019
65523
18
65520
1
11043
65523
18
65520
1
11069
65523
18
65520
1
11094
65523
18
65520
1
11118
65523
18
65520
1
11144
65523
18
65520
1
11168
65523
18
65520
1
11194
65522
18
65520
1
11218
65522
18
65520
1
11243
65522
18
65520
1
11269
65522
18
65520
1
11293
65522
18
65520
1
11318
65522
18
65520
1
11343
65522
18
65520
1
11368
65522
18
65520
1
11394
65522
18
65520
1
11418
65522
18
65520
1
11443
65522
18
65520
1
11468
65522
18
65520
1
11493
65522
18
65520
1
11517
65522
18
65520
1
11543
65521
17
65520
1
11568
65521
17
65520
1
11593
65521
17
65520
1
11618
65521
17
65520
1
11642
65521
17
65520
1
11668
65521
17
65520
1
11693
65521
17
65520
1
11717
65521
17
65520
1
11743
65521
17
65520
1
11767
65521
17
65520
1
11793
65521
17
65519
1
11817
65521
17
65519
1
11842
65521
17
65519
1
11868
65520
16
65519
1
11892
65520
16
65519
1
11917
65520
16
65519
1
11942
65521
16
65519
1
11967
65521
16
65519
1
11993
65521
16
65519
1
12017
65521
16
65519
1
12042
65521
16
65519
1
12067
65521
16
65519
1
12092
65521
16
65519
1
12116
65521
16
65519
1
12142
65521
16
65519
1
12167
65521
16
65519
1
12192
65521
16
65519
1
12217
65521
16
65519
1
12241
65521
16
65519
1
12267
65521
16
65519
1
12292
65521
16
65518
1
12316
65521
16
65518
1
12342
65521
16
65518
1
12366
65521
16
65518
1
12392
65521
16
65518
1
12417
65521
16
65518
1
12441
65521
16
65518
1
12467
65521
16
65518
1
12491
65521
16
65517
1
12516
65521
16
65517
1
12541
65521
16
65517
1
12566
65521
16
65518
1
12592
65521
16
65518
1
12616
65522
16
65517
1
12641
65522
16
65517
1
12666
65522
16
65517
1
12691
65522
16
65517
1
12716
65522
16
65517
1
12741
65522
16
65517
1
12766
65522
16
65517
1
12791
65522
16
65517
1
12816
65522
16
65517
1
12840
65522
16
65517
1
12866
65522
16
65517
1
12891
65522
16
65518
1
12915
65522
16
65518
1
12941
65522
16
65518
1
12965
65522
16
65517
1
12991
65522
16
65517
1
13016
65522
16
65517
1
13040
65522
16
65517
1
13066
65522
16
65517
1
13090
65522
17
65517
1
13115
65522
17
65517
1
13140
65522
17
65517
1
13165
65522
16
65517
1
13191
65522
16
65517
1
13215
65522
16
65517
1
13240
65522
17
65517
1
13265
65522
17
65517
1
13290
65522
17
65517
1
13315
65522
16
65517
1
13340
65522
16
65517
1
13365
65522
17
65517
1
13390
65522
17
65517
1
13415
65522
17
65517
1
13440
65522
17
65516
1
13465
65522
17
65516
1
13490
65522
17
65516
1
13514
65522
16
65517
1
13540
65522
16
65517
1
13564
65522
16
65517
1
13590
65522
17
65516
1
13615
65522
17
65516
1
13639
65522
17
65517
1
13665
65522
17
65517
1
13689
65522
17
65517
1
13714
65522
17
65517
1
13740
65522
17
65517
1
13764
65522
17
65517
1
13790
65522
17
65517
1
13814
65522
17
65517
1
13839
65522
16
65517
1
13864
65522
16
65517
1
13889
65522
16
65517
1
13914
65522
17
65516
1
13939
65522
17
65516
1
13964
65522
17
65516
1
13989
65522
17
65517
1
14014
65522
17
65517
1
14039
65522
17
65517
1
14064
65522
17
65517
1
14089
65522
17
65517
1
14113
65522
17
65517
1
14139
65522
17
65517
1
14163
65522
17
65517
1
14189
65522
17
65517
1
14214
65522
17
65517
1
14238
65522
17
65517
1
14264
65522
17
65517
1
14288
65522
17
65517
1
14313
65522
17
65517
1
14339
65522
17
65517
1
14363
65522
17
65517
1
14389
65522
17
65517
1
14413
65522
17
65517
1
14438
65522
17
65517
1
14464
65522
17
65517
1
14488
65522
17
65517
1
14513
65522
17
65517
1
14538
65522
17
65518
1
14563
65522
17
65518
1
14588
65522
17
65518
1
14613
65522
17
65517
1
14638
65522
17
65517
1
14663
65522
17
65517
1
14688
65522
17
65517
1
14712
65522
17
65517
1
14738
65522
17
65517
1
14763
65522
17
65517
1
14788
65522
17
65517
1
14813
65522
17
65517
1
14837
65522
17
65517
1
14863
65522
17
65518
1
14887
65522
17
65518
1
14912
65522
17
65518
1
14938
65522
17
65517
1
14962
65522
17
65517
1
14988
65522
17
65517
1
15012
65522
17
65517
1
15037
65522
17
65517
1
15063
65522
17
65517
1
15087
65522
17
65516
1
15112
65522
17
65516
1
15137
65522
17
65517
1
15162
65522
17
65517
1
15187
65522
17
65517
1
15212
65522
17
65517
1
15237
65522
17
65517
1
15262
65522
17
65517
1
15287
65522
17
65517
1
15311
65522
17
65517
1
15337
65522
17
65517
1
15362
65522
17
65517
1
15387
65522
17
65517
1
15412