8
65515
65495
1
22335
8
65515
65495
1
22359
8
65515
65495
1
22382
8
65515
65495
1
22407
8
65515
65495
1
22430
8
65516
65495
1
22455
8
65516
65495
1
22478
8
65516
65495
1
22502
8
65516
65494
1
22526
8
65516
65494
1
22550
8
65516
65494
1
22574
8
65515
65495
1
22598
8
65515
65495
1
22622
8
65515
65495
1
22645
8
65516
65495
1
22670
8
65516
65495
1
22693
8
65515
65495
1
22718
8
65515
65495
1
22742
8
65515
65495
1
22765
7
65515
65495
1
22790
7
65515
65495
1
22813
7
65515
65495
1
22837
8
65516
65494
1
22861
8
65516
65494
1
22885
8
65516
65494
1
22908
8
65515
65495
1
22933
8
65515
65495
1
22957
8
65515
65495
1
22980
8
65516
65495
1
23005
8
65516
65495
1
23028
8
65516
65495
1
23053
8
65516
65495
1
23076
8
65516
65495
1
23100
8
65515
65495
1
23124
7
65515
65494
1
23148
7
65515
65494
1
23172
8
65516
65494
1
23196
8
65516
65494
1
23220
8
65516
65494
1
23243
8
65516
65495
1
23268
8
65516
65495
1
23291
8
65516
65495
1
23316
8
65516
65494
1
23340
8
65516
65494
1
23363
8
65516
65494
1
23388
8
65516
65495
1
23411
8
65516
65495
1
23435
8
65516
65495
1
23459
7
65516
65494
1
23483
7
65516
65494
1
23506
7
65516
65494
1
23531
8
65515
65495
1
23555
8
65515
65495
1
23578
8
65515
65495
1
23603
8
65515
65495
1
23626
8
65515
65495
1
23651
8
65516
65494
1
23674
8
65516
65494
1
23698
8
65516
65494
1
23723
8
65515
65495
1
23746
8
65515
65495
1
23770
8
65515
65495
1
23794
8
65516
65495
1
23818
8
65516
65495
1
23841
8
65516
65495
1
23866
8
65515
65495
1
23889
8
65515
65495
1
23913
8
65515
65495
1
23938
8
65515
65495
1
23961
8
65515
65495
1
23986
8
65515
65495
1
24009
8
65516
65494
1
24033
8
65516
65494
1
24057
7
65516
65495
1
24081
7
65516
65495
1
24104
7
65516
65495
1
24129
8
65516
65494
1
24153
8
65516
65494
1
24176
8
65516
65494
1
24201
7
65516
65495
1
24224
7
65516
65495
1
24249
7
65516
65495
1
24272
7
65516
65495
1
24296
7
65516
65495
1
24321
7
65516
65495
1
24344
8
65516
65495
1
24368
8
65516
65495
1
24392
8
65516
65495
1
24416
8
65515
65495
1
24439
8
65515
65495
1
24464
8
65515
65495
1
24487
8
65516
65495
1
24511
8
65516
65495
1
24536
8
65515
65495
1
24559
8
65515
65495
1
24584
8
65515
65495
1
24607
8
65516
65494
1
24631
8
65516
65494
1
24655
8
65516
65494
1
24679
8
65516
65495
1
24702
8
65516
65495
1
24727
8
65516
65495
1
24751
8
65515
65495
1
24774
8
65515
65495
1
24799
8
65515
65495
1
24822
8
65516
65494
1
24847
8
65516
65494
1
24870
8
65516
65494
1
24894
7
65516
65495
1
24919
7
65516
65495
1
24942
7
65516
65495
1
24966
7
65516
65495
1
24990
7
65516
65495
1
25014
8
65515
65495
1
25037
8
65515
65495
1
25062
8
65515
65495
1
25085
8
65515
65495
1
25109
8
65515
65495
1
25134
8
65515
65495
1
25157
7
65516
65495
1
25182
7
65516
65495
1
25205
7
65516
65495
1
25229
8
65515
65495
1
25253
8
65515
65495
1
25277
8
65515
65495
1
25300
8
65515
65495
1
25325
8
65515
65495
1
25349
8
65515
65495
1
25372
8
65515
65495
1
25397
8
65515
65495
1
25420
8
65516
65494
1
25444
8
65516
65494
1
25468
8
65516
65494
1
25492
8
65516
65494
1
25517
8
65516
65494
1
25540
8
65516
65494
1
25564
8
65516
65495
1
25588
8
65516
65495
1
25612
8
65516
65495
1
25635
8
65516
65495
1
25660
8
65516
65495
1
25683
8
65516
65495
1
25707
8
65516
65495
1
25732
8
65516
65495
1
25755
8
65516
65495
1
25780
8
65516
65495
1
25803
8
65516
65495
1
25827
8
65516
65495
1
25851
8
65515
65495
1
25875
8
65515
65495
1
25899
7
65515
65495
1
25923
7
65515
65495
1
25947
7
65515
65495
1
25970
8
65516
65495
1
25995
8
65516
65495
1
26018
8
65516
65495
1
26042
8
65515
65495
1
26066
8
65515
65495
1
26090
8
65515
65495
1
26115
8
65516
65495
1
26138
8
65516
65495
1
26162
8
65516
65495
1
26186
8
65516
65495
1
26210
8
65516
65495
1
26233
8
65516
65495
1
26258
7
65516
65495
1
26281
7
65516
65495
1
26305
7
65516
65495
1
26330
8
65516
65495
1
26353
8
65516
65495
1
26378
7
65515
65495
1
26401
7
65515
65495
1
26425
7
65515
65495
1
26449
7
65516
65495
1
26473
7
65516
65495
1
26497
7
65516
65495
1
26521
8
65515
65495
1
26545
8
65515
65495
1
26568
8
65515
65495
1
26593
7
65516
65495
1
26616
7
65516
65495
1
26640
7
65516
65495
1
26664
8
65516
65495
1
26688
8
65516
65495
1
26713
8
65516
65495
1
26736
7
65515
65495
1
26760
7
65515
65495
1
26784
7
65515
65495
1
26808
7
65516
65495
1
26831
7
65516
65495
1
26856
7
65516
65495
1
26880
7
65516
65495
1
26903
7
65516
65495
1
26928
8
65516
65495
1
26951
8
65516
65495
1
26975
8
65516
65495
1
26999
7
65515
65495
1
27023
7
65515
65495
1
27047
7
65515
65495
1
27071
7
65515
65495
1
27095
7
65515
65495
1
27119
7
65515
65495
1
27143
8
65516
65494
1
27166
8
65516
65494
1
27191
8
65516
65494
1
27214
7
65516
65495
1
27238
7
65516
65495
1
27262
8
65516
65494
1
27286
8
65516
65494
1
27311
8
65516
65494
1
27334
7
65515
65495
1
27358
7
65515
65495
1
27382
7
65515
65495
1
27406
7
65516
65495
1
27429
7
65516
65495
1
27454
7
65516
65495
1
27478
7
65516
65495
1
27501
7
65516
65495
1
27526
7
65516
65495
1
27549
7
65516
65495
1
27573
7
65516
65495
1
27597
7
65516
65495
1
27621
7
65516
65495
1
27645
7
65516
65495
1
27669
7
65516
65495
1
27693
7
65515
65495
1
27717
7
65515
65495
1
27741
7
65515
65495
1
27764
7
65515
65495
1
27789
7
65515
65495
1
27812
7
65516
65495
1
27836
7
65516
65495
1
27860
7
65516
65495
1
27884
6
65516
65496
1
27909
6
65516
65496
1
27932
6
65516
65496
1
27956
7
65516
65495
1
27980
7
65516
65495
1
28004
7
65516
65495
1
28027
6
65516
65496
1
28052
6
65516
65496
1
28076
6
65516
65496
1
28099
6
65516
65495
1
28124
6
65516
65495
1
28147
6
65516
65495
1
28171
6
65516
65496
1
28195
6
65516
65496
1
28219
5
65516
65495
1
28243
5
65516
65495
1
28267
5
65516
65495
1
28291
5
65516
65495
1
28315
5
65516
65495
1
28339
5
65516
65495
1
28362
5
65516
65496
1
28387
5
65516
65496
1
28410
5
65516
65496
1
28434
5
65516
65495
1
28459
5
65516
65495
1
28482
5
65516
65495
1
28506
4
65516
65496
1
28530
4
65516
65496
1
28554
4
65516
65496
1
28578
3
65516
65496
1
28602
3
65516
65496
1
28625
3
65516
65496
1
28650
3
65516
65496
1
28674
3
65516
65496
1
28697
1
65517
65497
1
28722
1
65517
65497
1
28745
1
65517
65497
1
28769
0
65517
65496
1
28793
0
65517
65496
1
28817
0
65517
65496
1
28841
65535
65517
65497
1
28865
65535
65517
65497
1
28893
65535
65517
65497
1
28921
65533
65518
65496
1
28949
65533
65518
65496
1
28978
65531
65519
65494
1
29005
65531
65519
65494
1
29033
65531
65521
65490
1
29062
65531
65521
65490
1
29089
65531
65521
65490
1
29118
0
65521
65484
1
29146
0
65521
65484
1
29169
0
65521
65484
1
29194
5
65518
65486
1
29217
5
65518
65486
1
29242
8
65517
65492
1
29265
8
65517
65492
1
29289
8
65517
65492
1
29314
3
65516
65497
1
29337
3
65516
65497
1
29361
3
65516
65497
1
29385
2
65518
65496
1
29409
2
65518
65496
1
29432
2
65518
65496
1
29457
1
65520
65494
1
29480
1
65520
65494
1
29504
1
65520
65494
1
29529
3
65525
65490
1
29552
3
65525
65490
1
29577
3
65525
65490
1
29600
7
65523
65489
1
29624
7
65523
65489
1
29648
7
65523
65489
1
29672
7
65517
65493
1
29696
7
65517
65493
1
29720
4
65520
65495
1
29744
4
65520
65495
1
29767
4
65520
65495
1
29792
0
65523
65491
1
29815
0
65523
65491
1
29840
0
65523
65491
1
29863
1
65523
65484
1
29887
1
65523
65484
1
29912
1
65523
65484
1
29935
3
65521
65480
1
29959
3
65521
65480
1
29983
3
65521
65480
1
30007
4
65518
65478
1
30030
4
65518
65478
1
30055
4
65518
65478
1
30078
7
65516
65476
1
30102
7
65516
65476
1
30127
7
65516
65476
1
30150
7
65516
65476
1
30175
7
65516
65476
1
30198
9
65514
65477
1
30222
9
65514
65477
1
30246
9
65514
65477
1
30270
10
65514
65478
1
30294
10
65514
65478
1
30319
10
65514
65478
1
30344
11
65514
65479
1
30368
11
65514
65479
1
30394
11
65514
65479
1
30418
11
65514
65480
1
30444
11
65514
65480
1
30469
11
65515
65481
1
30493
11
65515
65481
1
30519
11
65515
65481
1
30543
12
65514
65481
1
30568
12
65514
65481
1
30594
12
65514
65481
1
30618
12
65515
65482
1
30644
12
65515
65482
1
30668
12
65515
65482
1
30693
12
65515
65482
1
30718
12
65515
65482
1
30743
13
65515
65482
1
30768
13
65515
65482
1
30793
13
65515
65482
1
30818
13
65516
65482
1
30843
13
65516
65482
1
30868
13
65516
65482
1
30893
13
65516
65483
1
30918
13
65516
65483
1
30943
13
65516
65483
1
30967
13
65516
65482
1
30993
13
65516
65482
1
31017
13
65516
65483
1
31043
13
65516
65483
1
31068
13
65516
65483
1
31092
13
65516
65483
1
31118
13
65516
65483
1
31142
13
65516
65483
1
31167
12
65516
65483
1
31193
12
65516
65483
1
31217
13
65516
65483
1
31243
13
65516
65483
1
31267
13
65516
65483
1
31292
13
65516
65483
1
31318
13
65516
65483
1
31342
13
65516
65483
1
31367
12
65516
65483
1
31392
12
65516
65483
1
31417
12
65516
65483
1
31442
13
65516
65482
1
31467
13
65516
65482
1
31492
13
65516
65483
1
31517
13
65516
65483
1
31542
13
65516
65483
1
31566
13
65516
65483
1
31592
13
65516
65483
1
31617
13
65516
65483
1
31642
13
65516
65483
1
31667
13
65516
65483
1
31691
13
65516
65483
1
31717
12
65516
65483
1
31741
12
65516
65483
1
31766
13
65516
65483
1
31792
13
65516
65483
1
31816
13
65516
65483
1
31842
13
65516
65483
1
31866
13
65516
65483
1
31891
13
65516
65483
1
31917
13
65516
65483
1
31941
13
65516
65483
1
31966
13
65516
65483
1
31991
13
65516
65483
1
32016
13
65516
65483
1
32041
12
65516
65483
1
32066
12
65516
65483
1
32091
12
65516
65483
1
32116
12
65516
65483
1
32141
12
65516
65483
1
32165
12
65516
65483
1
32191
13
65516
65483
1
32216
13
65516
65483
1
32241
13
65516
65482
1
32266
13
65516
65482
1
32290
13
65516
65482
1
32316
12
65516
65483
1
32340
12
65516
65483
1
32365
12
65516
65483
1
32391
13
65516
65483
1
32415
13
65516
65483
1
32441
13
65516
65483
1
32465
13
65516
65483
1
32490
13
65516
65483
1
32516
12
65516
65483
1
32540
12
65516
65483
1
32565
12
65516
65483
1
32590
13
65516
65483
1
32615
13
65516
65483
1
32641
13
65516
65483
1
32665
13
65516
65483
1
32690
13
65516
65483
1
32715
13
65516
65483
1
32740
13
65516
65483
1
32764
13
65516
65483
1
32790
12
65516
65483
1
32815
12
65516
65483
1
32840
12
65516
65483
1
32865
12
65516
65483
1
32889
12
65516
65483
1
32915
12
65516
65483
1
32940
13
65516
65483
1
32964
13
65516
65483
1
32990
13
65516
65483
1
33014
12
65516
65483
1
33040
12
65516
65483
1
33064
13
65516
65482
1
33089
13
65516
65482
1
33115
13
65516
65482
1
33139
13
65516
65483
1
33164
13
65516
65483
1
33189
13
65516
65483
1
33214
12
65516
65483
1
33240
12
65516
65483
1
33264
13
65516
65483
1
33289
13
65516
65483
1
33314
13
65516
65483
1
33339
12
65516
65483
1
33363
12
65516
65483
1
33389
12
65516
65483
1
33414
13
65516
65482
1
33439
13
65516
65482
1
33464
13
65516
65482
1
33488
12
65516
65483
1
33514
12
65516
65483
1
33539
12
65516
65483
1
33563
12
65516
65483
1
33589
12
65516
65483
1
33613
13
65516
65483
1
33639
13
65516
65483
1
33664
13
65516
65483
1
33688
13
65516
65483
1
33714
13
65516
65483
1
33738
13
65516
65483
1
33763
13
65516
65482
1
33788
13
65516
65482
1
33813
13
65516
65483
1
33839
13
65516
65483
1
33863
13
65516
65483
1
33888
12
65516
65483
1
33913
12
65516
65483
1
33938
12
65516
65483
1
33963
12
65516
65483
1
33988
12
65516
65483
1
34013
12
65516
65483
1
34038
13
65516
65483
1
34063
13
65516
65483
1
34087
13
65516
65482
1
34113
13
65516
65482
1
34138
13
65516
65482
1
34162
13
65516
65483
1
34188
13
65516
65483
1
34212
13
65516
65483
1
34238
13
65516
65483
1
34263
13
65516
65483
1
34287
13
65516
65482
1
34313
13
65516
65482
1
34337
13
65516
65482
1
34362
13
65516
65483
1
34387
13
65516
65483
1
34412
13
65516
65483
1
34438
13
65516
65483
1
34462
13
65516
65483
1
34487
13
65516
65483
1
34512
13
65516
65483
1
34537
13
65516
65483
1
34562
13
65516
65482
1
34587
13
65516
65482
1
34612
13
65516
65482
1
34637
13
65516
65483
1
34662
13
65516
65483
1
34686
13
65516
65483
1
34712
13
65516
65483
1
34737
13
65516
65483
1
34761
13
65516
65483
1
34787
13
65516
65483
1
34811
13
65516
65483
1
34837
12
65516
65483
1
34862
12
65516
65483
1
34886
12
65516
65483
1
34912
13
65516
65483
1
34936
13
65516
65483
1
34961
13
65516
65483
1
34987
13
65516
65483
1
35011
13
65516
65483
1
35037
13
65516
65483
1
35061
13
65516
65483
1
35086
13
65516
65483
1
35111
13
65516
65483
1
35136
13
65516
65483
1
35161
13
65516
65483
1
35186
13
65516
65483
1
35211
13
65516
65483
1
35236
13
65516
65483
1
35261
13
65515
65483
1
35286
13
65515
65483
1
35311
13
65515
65483
1
35336
13
65515
65483
1
35360
13
65515
65483
1
35386
13
65515
65483
1
35410
13
65515
65483
1
35436
13
65515
65483
1
35461
13
65515
65483
1
35485
13
65515
65483
1
35511
13
65515
65483
1
35535
14
65515
65483
1
35560
14
65515
65483
1
35586
13
65516
65483
1
35610
13
65516
65483
1
35636
13
65516
65483
1
35660
13
65516
65483
1
35685
13
65516
65483
1
35710
13
65516
65483
1
35735
13
65516
65483
1
35760
13
65516
65483
1
35785
13
65516
65483
1
35810
13
65515
65483
1
35835
13
65515
65483
1
35860
13
65516
65483
1
35885
13
65516
65483
1
35910
13
65516
65483
1
35935
13
65516
65483
1
35959
13
65516
65483
1
35985
13
65516
65483
1
36009
13
65516
65483
1
36035
13
65516
65483
1
36060
13
65516
65483
1
36084
13
65516
65483
1
36110
13
65516
65483
1
36134
13
65515
65483
1
36159
13
65515
65483
1
36185
13
65515
65483
1
36209
13
65516
65483
1
36235
13
65516
65483
1
36259
13
65516
65483
1
36284
13
65516
65483
1
36310
13
65516
65483
1
36334
13
65516
65483
1
36359
13
65516
65483
1
36384
13
65516
65483
1
36409
13
65516
65482
1
36434
13
65516
65482
1
36459
13
65516
65482
1
36484
13
65516
65482
1
36509
13
65516
65482
1
36534
13
65516
65482
1
36558
13
65516
65482
1
36584
13
65516
65482
1
36609
13
65516
65482
1
36634
13
65516
65482
1
36659
13
65516
65482
1
36683
12
65515
65481
1
36709
12
65515
65481
1
36733
12
65515
65481
1
36758
12
65515
65481
1
36784
12
65515
65481
1
36808
12
65515
65481
1
36834
12
65515
65481
1
36858
12
65515
65481
1
36883
12
65515
65480
1
36909
12
65515
65480
1
36933
12
65515
65480
1
36958
12
65515
65480
1
36983
12
65515
65480
1
37008
12
65515
65480
1
37033
11
65515
65479
1
37058
11
65515
65479
1
37083
11
65515
65479
1
37108
11
65515
65479
1
37133
11
65515
65479
1
37157
10
65515
65477
1
37183
10
65515
65477
1
37208
10
65515
65477
1
37233
10
65515
65476
1
37258
10
65515
65476
1
37282
10
65515
65476
1
37308
9
65516
65476
1
37332
9
65516
65476
1
37356
9
65516
65476
1
37381
8
65517
65475
1
37404
8
65517
65475
1
37429
7
65518
65476
1
37452
7
65518
65476
1
37476
7
65518
65476
1
37500
5
65519
65477
1
37524
5
65519
65477
1
37548
5
65519
65477
1
37572
3
65521
65478
1
37596
3
65521
65478
1
37619
3
65521
65478
1
37644
2
65522
65481
1
37667
2
65522
65481
1
37691
2
65522
65481
1
37715
1
65524
65483
1
37739
1
65524
65483
1
37764
1
65524
65483
1
37787
65534
65523
65488
1
37811
65534
65523
65488
1
37839
65535
65520
65493
1
37867
65535
65520
65493
1
37896
65535
65520
65493
1
37923
2
65517
65494
1
37951
2
65517
65494
1
37976
5
65516
65490
1
37999
5
65516
65490
1
38023
5
65516
65490
1
38047
6
65516
65486
1
38071
6
65516
65486
1
38095
6
65516
65486
1
38119
3
65519
65487
1
38142
3
65519
65487
1
38167
3
65519
65487
1
38191
2
65519
65489
1
38214
2
65519
65489
1
38239
2
65519
65489
1
38262
4
65517
65491
1
38286
4
65517
65491
1
38310
4
65517
65491
1
38334
3
65516
65491
1
38359
3
65516
65491
1
38382
3
65513
65492
1
38406
2
65513
65492
1
38430
2
65513
65492
1
38454
4
65510
65494
1
38477
4
65510
65494
1
38502
4
65510
65494
1
38525
4
65508
65489
1
38549
4
65508
65489
1
38574
4
65508
65489
1
38597
3
65504
65486
1
38621
3
65504
65486
1
38645
3
65504
65486
1
38669
3
65501
65485
1
38693
3
65501
65485
1
38717
3
65501
65485
1
38740
3
65500
65486
1
38765
3
65500
65486
1
38789
3
65500
65486
1
38812
4
65502
65479
1
38837
4
65502
65479
1
38860
4
65502
65479
1
38884
4
65502
65479
1
38908
4
65502
65479
1
38932
65530
65512
65470
1
38956
65530
65512
65470
1
38984
65530
65512
65470
1
39012
65525
65515
65473
1
39041
65525
65515
65473
1
39068
65523
65515
65479
1
39097
65523
65515
65479
1
39124
65523
65515
65479
1
39152
65523
65515
65484
1
39181
65523
65515
65484
1
39208
65524
65516
65488
1
39237
65524
65516
65488
1
39265
65526
65516
65491
1
39293
65526
65516
65491
1
39321
65526
65516
65491
1
39349
65529
65516
65492
1
39377
65529
65516
65492
1
39405
65532
65516
65494
1
39434
65532
65516
65494
1
39461
65532
65516
65494
1
39490
65534
65516
65494
1
39518
65534
65516
65494
1
39545
65535
65516
65494
1
39574
65535
65516
65494
1
39602
65535
65516
65494
1
39630
0
65516
65495
1
39658
0
65516
65495
1
39682
0
65517
65495
1
39706
0
65517
65495
1
39730
0
65517
65495
1
39753
1
65516
65496
1
39778
1
65516
65496
1
39801
1
65516
65496
1
39826
2
65516
65495
1
39849
2
65516
65495
1
39873
2
65516
65495
1
39898
2
65517
65495
1
39921
2
65517
65495
1
39945
2
65517
65495
1
39969
3
65516
65495
1
39993
3
65516
65495
1
40016
3
65516
65495
1
40041
3
65516
65495
1
40065
3
65516
65495
1
40089
3
65516
65496
1
40113
3
65516
65496
1
40136
3
65516
65496
1
40161
4
65516
65495
1
40184
4
65516
65495
1
40208
4
65516
65495
1
40232
4
65516
65496
1
40256
4
65516
65496
1
40280
4
65516
65496
1
40304
4
65516
65495
1
40328
4
65516
65495
1
40351
4
65516
65495
1
40376
5
65516
65495
1
40399
5
65516
65495
1
40424
5
65516
65495
1
40448
5
65517
65496
1
40471
5
65517
65496
1
40496
5
65517
65496
1
40519
5
65516
65495
1
40543
5
65516
65495
1
40567
5
65516
65496
1
40591
5
65516
65496
1
40614
5
65516
65496
1
40639
6
65516
65495
1
40663
6
65516
65495
1
40686
6
65516
65495
1
40711
6
65516
65495
1
40734
6
65516
65495
1
40759
6
65516
65495
1
40782
6
65516
65496
1
40806
6
65516
65496
1
40830
6
65516
65496
1
40854
6
65516
65495
1
40878
6
65516
65495
1
40902
6
65516
65495
1
40926
6
65516
65495
1
40949
6
65516
65495
1
40974
6
65516
65495
1
40997
6
65516
65495
1
41022
6
65516
65495
1
41046
6
65516
65495
1
41069
6
65516
65495
1
41094
6
65516
65495
1
41117
7
65516
65495
1
41141
7
65516
65495
1
41165
7
65516
65495
1
41189
6
65516
65495
1
41212
6
65516
65495
1
41237
6
65516
65495
1
41261
7
65516
65495
1
41284
7
65516
65495
1
41309
7
65516
65495
1
41332
7
65516
65495
1
41357
7
65516
65495
1
41380
7
65516
65495
1
41404
7
65516
65495
1
41428
7
65516
65495
1
41452
7
65516
65495
1
41476
6
65516
65495
1
41500
6
65516
65495
1
41524
7
65516
65495
1
41547
7
65516
65495
1
41572
7
65516
65495
1
41595
7
65516
65495
1
41620
7
65516
65495
1
41644
7
65516
65495
1
41667
7
65516
65495
1
41692
7
65516
65495
1
41715
7
65516
65495
1
41739
7
65516
65495
1
41763
7
65516
65495
1
41787
7
65516
65495
1
41810
7
65516
65495
1
41835
7
65516
65495
1
41859
7
65516
65495
1
41882
7
65516
65495
1
41907
7
65516
65495
1
41930
7
65516
65495
1
41955
7
65516
65495
1
41978
7
65516
65495
1
42002
7
65516
65495
1
42027
7
65516
65495
1
42050
7
65516
65495
1
42074
7
65516
65495
1
42098
7
65516
65495
1
42122
7
65516
65495
1
42145
7
65515
65495
1
42170
7
65515
65495
1
42193
7
65515
65495
1
42217
7
65516
65495
1
42242
7
65516
65495
1
42265
7
65516
65495
1
42290
7
65516
65494
1
42313
7
65516
65494
1
42337
7
65516
65494
1
42361
7
65516
65495
1
42385
7
65516
65495
1
42408
7
65516
65495
1
42433
7
65516
65495
1
42457
7
65516
65495
1
42480
7
65516
65495
1
42505
7
65516
65495
1
42528
7
65516
65495
1
42553
7
65516
65495
1
42576
7
65516
65495
1
42600
7
65516
65495
1
42625
7
65516
65495
1
42648
7
65516
65495
1
42672
7
65516
65495
1
42696
7
65516
65495
1
42720
7
65516
65495
1
42743
7
65516
65495
1
42768
7
65515
65495
1
42791
7
65515
65495
1
42815
7
65515
65495
1
42840
7
65516
65494
1
42863
7
65516
65494
1
42888
8
65515
65495
1
42911
8
65515
65495
1
42935
8
65515
65495
1
42959
7
65516
65494
1
42983
7
65516
65494
1
43006
7
65516
65494
1
43031
7
65516
65495
1
43055
7
65516
65495
1
43078
7
65516
65495
1
43103
7
65516
65495
1
43126
7
65516
65495
1
43151
7
65516
65495
1
43174
7
65516
65494
1
43198
7
65516
65494
1
43223
7
65516
65494
1
43246
7
65516
65495
1
43270
7
65516
65495
1
43294
8
65515
65495
1
43318
8
65515
65495
1
43341
8
65515
65495
1
43366
7
65516
65495
1
43389
7
65516
65495
1
43413
7
65516
65495
1
43438
7
65516
65495
1
43461
7
65516
65495
1
43486
7
65516
65495
1
43509
8
65515
65494
1
43533
8
65515
65494
1
43557
8
65515
65494
1
43581
7
65516
65495
1
43604
7
65516
65495
1
43629
7
65516
65495
1
43653
8
65516
65494
1
43676
8
65516
65494
1
43701
8
65516
65494
1
43724
7
65515
65495
1
43748
7
65515
65495
1
43772
8
65516
65495
1
43796
8
65516
65495
1
43821
8
65516
65495
1
43844
7
65515
65495
1
43868
7
65515
65495
1
43892