8
65516
65496
1
11787
8
65516
65496
1
11810
8
65516
65496
1
11834
8
65516
65496
1
11858
8
65516
65495
1
11882
8
65516
65495
1
11906
8
65516
65495
1
11930
8
65516
65496
1
11954
8
65516
65496
1
11977
8
65516
65496
1
12002
8
65516
65495
1
12025
8
65516
65495
1
12049
8
65515
65496
1
12073
8
65515
65496
1
12097
8
65515
65496
1
12122
8
65516
65496
1
12145
8
65516
65496
1
12169
8
65516
65496
1
12193
8
65516
65496
1
12217
8
65516
65496
1
12240
8
65516
65496
1
12265
8
65515
65496
1
12289
8
65515
65496
1
12312
8
65515
65496
1
12337
8
65516
65495
1
12360
8
65516
65495
1
12385
8
65516
65495
1
12408
8
65516
65496
1
12432
8
65516
65496
1
12456
8
65516
65496
1
12480
8
65515
65495
1
12504
8
65515
65495
1
12528
8
65516
65495
1
12552
8
65516
65495
1
12575
8
65516
65495
1
12600
8
65516
65496
1
12623
8
65516
65496
1
12647
8
65516
65496
1
12672
8
65516
65495
1
12695
8
65516
65495
1
12720
8
65516
65495
1
12743
8
65516
65496
1
12767
8
65516
65496
1
12791
8
65516
65496
1
12815
8
65516
65495
1
12838
8
65516
65495
1
12863
8
65516
65495
1
12887
8
65516
65496
1
12910
8
65516
65496
1
12935
8
65515
65495
1
12958
8
65515
65495
1
12982
8
65515
65495
1
13006
8
65516
65495
1
13030
8
65516
65495
1
13054
8
65516
65495
1
13078
8
65516
65496
1
13102
8
65516
65496
1
13126
8
65516
65496
1
13150
8
65516
65495
1
13173
8
65516
65495
1
13198
8
65516
65495
1
13221
9
65516
65496
1
13245
9
65516
65496
1
13270
9
65516
65496
1
13293
8
65516
65495
1
13318
8
65516
65495
1
13341
8
65516
65495
1
13365
8
65516
65495
1
13389
8
65516
65495
1
13413
8
65516
65496
1
13436
8
65516
65496
1
13461
8
65516
65496
1
13485
8
65515
65495
1
13508
8
65515
65495
1
13533
8
65515
65495
1
13556
8
65515
65496
1
13580
8
65515
65496
1
13604
8
65515
65496
1
13628
8
65516
65495
1
13652
8
65516
65495
1
13676
8
65516
65495
1
13700
8
65516
65496
1
13724
8
65516
65496
1
13748
8
65516
65496
1
13771
8
65515
65496
1
13796
8
65515
65496
1
13819
8
65515
65496
1
13843
8
65515
65495
1
13868
8
65515
65495
1
13891
8
65516
65495
1
13916
8
65516
65495
1
13939
8
65516
65495
1
13963
8
65516
65495
1
13987
8
65516
65495
1
14011
8
65516
65495
1
14034
8
65516
65495
1
14059
8
65516
65495
1
14083
8
65516
65495
1
14106
8
65515
65496
1
14131
8
65515
65496
1
14154
8
65515
65496
1
14178
9
65516
65495
1
14202
9
65516
65495
1
14226
9
65516
65495
1
14251
8
65515
65496
1
14274
8
65515
65496
1
14298
8
65515
65495
1
14322
8
65515
65495
1
14346
8
65515
65495
1
14369
8
65515
65496
1
14394
8
65515
65496
1
14417
8
65515
65496
1
14441
8
65515
65495
1
14466
8
65515
65495
1
14489
8
65515
65495
1
14513
8
65516
65495
1
14537
8
65516
65495
1
14561
8
65516
65495
1
14585
8
65515
65496
1
14609
8
65515
65496
1
14632
8
65515
65496
1
14657
8
65515
65496
1
14681
8
65515
65496
1
14704
8
65515
65496
1
14729
9
65515
65496
1
14752
9
65515
65496
1
14776
8
65516
65496
1
14800
8
65516
65496
1
14824
8
65516
65496
1
14849
9
65515
65496
1
14872
9
65515
65496
1
14896
9
65515
65496
1
14920
8
65515
65496
1
14944
8
65515
65496
1
14967
8
65515
65496
1
14992
9
65515
65496
1
15015
9
65515
65496
1
15039
9
65515
65496
1
15064
9
65515
65496
1
15087
9
65515
65496
1
15111
9
65515
65496
1
15135
9
65516
65496
1
15159
9
65516
65496
1
15183
9
65516
65496
1
15207
9
65515
65496
1
15230
9
65515
65496
1
15255
9
65515
65496
1
15279
9
65515
65496
1
15302
9
65515
65496
1
15327
9
65516
65496
1
15350
9
65516
65496
1
15374
9
65516
65496
1
15398
9
65515
65496
1
15422
9
65515
65496
1
15447
9
65515
65496
1
15470
9
65515
65496
1
15494
9
65515
65496
1
15518
9
65515
65496
1
15542
9
65515
65497
1
15565
9
65515
65497
1
15590
9
65515
65497
1
15613
9
65515
65497
1
15637
9
65515
65497
1
15662
9
65515
65497
1
15685
10
65515
65496
1
15709
10
65515
65496
1
15734
9
65515
65498
1
15759
9
65515
65498
1
15783
9
65515
65498
1
15807
10
65515
65498
1
15831
10
65515
65498
1
15856
10
65515
65498
1
15881
10
65515
65499
1
15905
10
65515
65499
1
15931
10
65515
65499
1
15955
10
65515
65498
1
15981
10
65515
65498
1
16006
10
65515
65499
1
16030
10
65515
65499
1
16056
10
65515
65499
1
16080
10
65514
65500
1
16105
10
65514
65500
1
16131
10
65514
65500
1
16155
10
65514
65500
1
16181
10
65514
65500
1
16205
10
65514
65500
1
16230
10
65514
65501
1
16256
10
65514
65501
1
16280
10
65514
65502
1
16305
10
65514
65502
1
16330
10
65514
65502
1
16355
10
65513
65503
1
16380
10
65513
65503
1
16405
10
65513
65503
1
16430
9
65513
65504
1
16455
9
65513
65504
1
16479
9
65513
65504
1
16502
8
65513
65504
1
16527
8
65513
65504
1
16550
7
65513
65505
1
16574
7
65513
65505
1
16599
7
65513
65505
1
16622
5
65513
65505
1
16647
5
65513
65505
1
16670
5
65513
65505
1
16694
3
65513
65505
1
16718
3
65513
65505
1
16742
3
65513
65505
1
16765
1
65514
65503
1
16790
1
65514
65503
1
16814
1
65514
65503
1
16837
1
65515
65501
1
16862
1
65515
65501
1
16885
1
65515
65501
1
16909
1
65516
65500
1
16933
1
65516
65500
1
16957
1
65518
65498
1
16982
2
65518
65498
1
17005
2
65518
65498
1
17029
2
65518
65499
1
17053
2
65518
65499
1
17077
2
65518
65499
1
17100
2
65519
65498
1
17125
2
65519
65498
1
17148
2
65519
65498
1
17172
2
65520
65498
1
17197
2
65520
65498
1
17220
2
65520
65498
1
17245
2
65520
65498
1
17268
2
65520
65498
1
17292
2
65520
65498
1
17316
2
65521
65498
1
17340
2
65521
65498
1
17363
2
65521
65498
1
17388
2
65521
65498
1
17412
2
65521
65498
1
17435
2
65520
65499
1
17460
2
65520
65499
1
17483
2
65520
65499
1
17507
2
65520
65499
1
17531
2
65520
65499
1
17555
2
65520
65499
1
17580
2
65519
65500
1
17603
2
65519
65500
1
17627
2
65519
65500
1
17651
1
65519
65500
1
17675
1
65519
65500
1
17698
1
65519
65500
1
17723
1
65519
65501
1
17746
1
65519
65501
1
17770
1
65519
65501
1
17795
0
65520
65501
1
17818
0
65520
65501
1
17843
0
65520
65501
1
17866
0
65519
65502
1
17890
0
65519
65502
1
17914
65535
65520
65502
1
17938
65535
65520
65502
1
17966
65535
65520
65502
1
17994
65535
65520
65501
1
18022
65535
65520
65501
1
18051
65534
65521
65500
1
18078
65534
65521
65500
1
18106
65534
65521
65500
1
18135
65533
65522
65499
1
18162
65533
65522
65499
1
18191
65533
65523
65499
1
18219
65533
65523
65499
1
18247
65533
65523
65499
1
18275
65533
65523
65498
1
18302
65533
65523
65498
1
18331
65533
65524
65498
1
18359
65533
65524
65498
1
18387
65534
65525
65498
1
18415
65534
65525
65498
1
18444
65534
65525
65498
1
18471
65534
65526
65496
1
18499
65534
65526
65496
1
18528
65534
65526
65496
1
18555
65534
65526
65496
1
18584
65534
65526
65496
1
18612
65535
65526
65496
1
18639
65535
65526
65496
1
18668
65535
65527
65496
1
18696
65535
65527
65496
1
18724
65535
65527
65496
1
18752
65535
65527
65496
1
18781
65535
65527
65496
1
18808
0
65527
65496
1
18836
0
65527
65496
1
18861
0
65527
65496
1
18884
0
65527
65496
1
18909
0
65527
65496
1
18932
0
65527
65496
1
18956
0
65528
65496
1
18980
0
65528
65496
1
19004
0
65528
65496
1
19027
0
65528
65496
1
19052
0
65528
65496
1
19076
0
65528
65496
1
19099
0
65528
65496
1
19124
0
65528
65496
1
19147
0
65528
65496
1
19171
0
65528
65496
1
19195
0
65528
65496
1
19219
0
65528
65496
1
19244
0
65528
65496
1
19267
0
65528
65496
1
19291
0
65528
65496
1
19315
0
65528
65496
1
19339
0
65528
65496
1
19362
0
65528
65496
1
19387
0
65528
65496
1
19410
0
65528
65496
1
19434
0
65528
65497
1
19459
0
65528
65497
1
19482
0
65529
65496
1
19507
0
65529
65496
1
19530
0
65529
65496
1
19554
65535
65528
65496
1
19578
65535
65528
65496
1
19606
65535
65528
65496
1
19634
65535
65528
65495
1
19662
65535
65528
65495
1
19690
65535
65529
65495
1
19719
65535
65529
65495
1
19746
65535
65529
65495
1
19775
65535
65529
65494
1
19803
65535
65529
65494
1
19830
65535
65530
65494
1
19859
65535
65530
65494
1
19887
65535
65529
65493
1
19915
65535
65529
65493
1
19943
65535
65529
65493
1
19971
65535
65530
65492
1
19999
65535
65530
65492
1
20027
65535
65530
65492
1
20056
65535
65530
65492
1
20083
65535
65530
65492
1
20112
65535
65530
65491
1
20140
65535
65530
65491
1
20167
65535
65530
65491
1
20196
65535
65530
65491
1
20224
65535
65530
65491
1
20252
0
65530
65490
1
20280
0
65530
65490
1
20303
0
65530
65490
1
20328
0
65530
65490
1
20352
0
65530
65490
1
20376
0
65530
65490
1
20400
0
65530
65490
1
20423
0
65530
65490
1
20448
0
65531
65489
1
20471
0
65531
65489
1
20495
0
65531
65489
1
20519
0
65531
65489
1
20543
0
65531
65489
1
20567
0
65531
65489
1
20591
0
65531
65489
1
20615
0
65531
65489
1
20639
0
65531
65489
1
20663
0
65531
65489
1
20686
0
65531
65489
1
20711
0
65531
65489
1
20734
0
65531
65489
1
20758
0
65531
65489
1
20783
0
65530
65488
1
20806
0
65530
65488
1
20830
0
65530
65488
1
20854
0
65530
65489
1
20878
0
65530
65489
1
20901
0
65530
65489
1
20926
0
65530
65489
1
20950
0
65530
65489
1
20974
0
65530
65489
1
20998
0
65530
65488
1
21021
0
65530
65488
1
21046
0
65530
65488
1
21069
0
65530
65489
1
21093
0
65530
65489
1
21117
0
65530
65488
1
21141
0
65530
65488
1
21165
0
65530
65488
1
21189
0
65530
65489
1
21213
0
65530
65489
1
21237
0
65530
65489
1
21261
0
65530
65488
1
21284
0
65530
65488
1
21309
0
65530
65488
1
21332
0
65530
65488
1
21356
0
65530
65488
1
21381
0
65530
65488
1
21404
0
65530
65488
1
21428
0
65530
65488
1
21452
0
65530
65488
1
21476
1
65530
65488
1
21499
1
65530
65488
1
21524
1
65530
65488
1
21548
0
65530
65488
1
21572
0
65530
65488
1
21596
0
65530
65487
1
21619
0
65530
65487
1
21644
0
65530
65487
1
21667
1
65530
65487
1
21691
1
65530
65487
1
21715
1
65530
65487
1
21739
1
65530
65488
1
21763
1
65530
65488
1
21787
1
65530
65488
1
21811
1
65530
65487
1
21834
1
65530
65487
1
21859
1
65530
65487
1
21882
1
65530
65488
1
21907
1
65530
65488
1
21931
1
65530
65488
1
21954
1
65530
65487
1
21979
1
65530
65487
1
22002
1
65530
65487
1
22026
1
65530
65487
1
22050
1
65530
65487
1
22074
1
65530
65488
1
22097
1
65530
65488
1
22122
1
65530
65488
1
22146
1
65531
65487
1
22170
1
65531
65487
1
22194
1
65531
65487
1
22217
1
65530
65488
1
22242
1
65530
65488
1
22265
1
65530
65488
1
22289
1
65530
65488
1
22313
1
65530
65488
1
22337
1
65530
65488
1
22361
1
65530
65488
1
22385
1
65530
65488
1
22409
1
65530
65488
1
22432
1
65530
65487
1
22457
1
65530
65487
1
22480
1
65530
65487
1
22505
1
65530
65487
1
22529
1
65530
65487
1
22552
0
65530
65488
1
22577
0
65530
65488
1
22600
0
65530
65488
1
22624
1
65531
65486
1
22648
1
65531
65486
1
22672
1
65531
65486
1
22695
1
65531
65487
1
22720
1
65531
65487
1
22744
1
65531
65487
1
22768
1
65531
65487
1
22792
1
65531
65487
1
22815
1
65531
65487
1
22840
1
65531
65486
1
22863
1
65531
65486
1
22887
1
65531
65486
1
22912
0
65531
65486
1
22935
0
65531
65486
1
22959
1
65531
65486
1
22983
1
65531
65486
1
23007
1
65531
65486
1
23030
1
65531
65487
1
23055
1
65531
65487
1
23078
1
65531
65487
1
23103
1
65531
65487
1
23127
1
65531
65487
1
23150
1
65531
65487
1
23175
1
65531
65487
1
23198
1
65531
65487
1
23222
1
65531
65487
1
23246
1
65531
65487
1
23270
1
65531
65487
1
23293
1
65531
65487
1
23318
1
65531
65486
1
23342
1
65531
65486
1
23365
1
65531
65486
1
23390
1
65531
65487
1
23413
1
65531
65487
1
23438
1
65531
65487
1
23461
1
65531
65487
1
23485
1
65531
65487
1
23510
0
65531
65487
1
23533
0
65531
65487
1
23557
0
65531
65487
1
23581
1
65531
65487
1
23605
1
65531
65487
1
23628
1
65531
65487
1
23653
1
65531
65487
1
23676
1
65531
65487
1
23701
1
65531
65487
1
23725
1
65531
65487
1
23748
1
65531
65487
1
23773
1
65531
65487
1
23796
1
65531
65487
1
23820
1
65531
65487
1
23844
1
65531
65486
1
23868
1
65531
65486
1
23891
1
65531
65486
1
23916
1
65531
65487
1
23940
1
65531
65487
1
23963
1
65531
65487
1
23988
1
65531
65486
1
24011
1
65531
65486
1
24036
1
65531
65486
1
24059
0
65531
65487
1
24083
0
65531
65487
1
24108
0
65531
65487
1
24131
1
65531
65487
1
24155
1
65531
65487
1
24179
1
65531
65487
1
24203
1
65531
65487
1
24226
1
65531
65487
1
24251
1
65531
65487
1
24274
1
65531
65486
1
24299
1
65531
65486
1
24323
1
65531
65486
1
24346
1
65531
65486
1
24371
1
65531
65486
1
24394
1
65531
65487
1
24418
1
65531
65487
1
24442
1
65531
65487
1
24466
1
65531
65486
1
24489
1
65531
65486
1
24514
1
65531
65486
1
24538
1
65531
65487
1
24561
1
65531
65487
1
24586
1
65531
65487
1
24609
1
65531
65486
1
24634
1
65531
65486
1
24657
1
65531
65486
1
24681
1
65531
65486
1
24706
1
65531
65486
1
24729
1
65531
65486
1
24753
1
65531
65487
1
24777
1
65531
65487
1
24801
1
65531
65486
1
24824
1
65531
65486
1
24849
1
65531
65486
1
24872
1
65531
65487
1
24896
1
65531
65487
1
24921
1
65531
65487
1
24944
1
65531
65486
1
24969
1
65531
65486
1
24992
1
65531
65486
1
25016
1
65531
65486
1
25040
1
65531
65486
1
25064
1
65531
65486
1
25088
1
65531
65486
1
25112
1
65531
65486
1
25136
1
65531
65486
1
25159
1
65532
65486
1
25184
1
65532
65486
1
25207
1
65531
65486
1
25232
0
65531
65486
1
25255
0
65531
65486
1
25279
1
65531
65486
1
25304
1
65531
65486
1
25327
1
65531
65486
1
25351
1
65532
65486
1
25375
1
65532
65486
1
25399
1
65532
65486
1
25422
1
65532
65486
1
25447
1
65532
65486
1
25470
1
65532
65486
1
25494
0
65532
65486
1
25519
0
65532
65486
1
25542
0
65532
65486
1
25567
0
65532
65487
1
25590
0
65532
65487
1
25614
0
65532
65487
1
25638
0
65532
65486
1
25662
0
65532
65486
1
25686
0
65532
65486
1
25710
0
65532
65486
1
25734
0
65532
65486
1
25757
0
65532
65487
1
25782
0
65532
65487
1
25805
0
65532
65487
1
25830
0
65532
65488
1
25853
0
65532
65488
1
25877
0
65532
65488
1
25902
65535
65532
65489
1
25925
65535
65532
65489
1
25953
65535
65532
65489
1
25981
65535
65532
65489
1
26009
65535
65532
65489
1
26038
65534
65531
65491
1
26065
65534
65531
65491
1
26093
65534
65531
65492
1
26122
65534
65531
65492
1
26149
65534
65531
65492
1
26178
65534
65530
65494
1
26206
65534
65530
65494
1
26234
65535
65530
65495
1
26262
65535
65530
65495
1
26290
65535
65530
65495
1
26318
0
65530
65495
1
26346
0
65530
65495
1
26371
0
65530
65495
1
26394
0
65530
65495
1
26418
0
65530
65495
1
26442
0
65529
65495
1
26466
0
65529
65495
1
26489
0
65529
65495
1
26514
0
65529
65495
1
26537
0
65529
65495
1
26562
0
65529
65495
1
26586
65535
65528
65494
1
26609
65535
65528
65494
1
26638
65535
65527
65495
1
26665
65535
65527
65495
1
26693
65535
65527
65495
1
26722
65533
65526
65496
1
26749
65533
65526
65496
1
26778
65533
65525
65497
1
26806
65533
65525
65497
1
26834
65533
65525
65497
1
26862
65533
65522
65500
1
26890
65533
65522
65500
1
26918
65535
65520
65501
1
26946
65535
65520
65501
1
26975
65535
65520
65501
1
27002
1
65520
65501
1
27031
1
65520
65501
1
27055
2
65520
65500
1
27078
2
65520
65500
1
27103
2
65520
65500
1
27126
2
65521
65498
1
27150
2
65521
65498
1
27174
2
65521
65498
1
27198
2
65522
65498
1
27222
2
65522
65498
1
27246
2
65522
65498
1
27270
2
65522
65498
1
27294
2
65522
65498
1
27318
2
65522
65498
1
27341
2
65521
65498
1
27366
2
65521
65498
1
27389
2
65521
65498
1
27413
2
65520
65498
1
27438
2
65520
65498
1
27461
2
65519
65498
1
27485
2
65519
65498
1
27509
2
65519
65498
1
27533
1
65518
65499
1
27556
1
65518
65499
1
27581
1
65518
65499
1
27604
0
65517
65500
1
27629
0
65517
65500
1
27653
0
65517
65500
1
27676
0
65515
65502
1
27701
0
65515
65502
1
27724
0
65515
65502
1
27748
1
65514
65503
1
27772
1
65514
65503
1
27796
1
65514
65503
1
27820
2
65513
65505
1
27844
2
65513
65505
1
27868
5
65512
65506
1
27891
5
65512
65506
1
27916
5
65512
65506
1
27939
7
65512
65506
1
27964
7
65512
65506
1
27987
7
65512
65506
1
28011
8
65512
65506
1
28036
8
65512
65506
1
28059
8
65512
65506
1
28083
9
65513
65504
1
28107
9
65513
65504
1
28131
9
65513
65504
1
28154
10
65513
65504
1
28179
10
65513
65504
1
28204
10
65513
65504
1
28229
11
65513
65502
1
28254
11
65513
65502
1
28278
11
65514
65501
1
28304
11
65514
65501
1
28328
11
65514
65501
1
28353
11
65514
65501
1
28379
11
65514
65501
1
28403
11
65514
65501
1
28429
11
65514
65500
1
28453
11
65514
65500
1
28478
11
65514
65500
1
28504
11
65514
65500
1
28528
11
65514
65500
1
28553
10
65515
65498
1
28578
10
65515
65498
1
28603
10
65515
65498
1
28628
10
65515
65498
1
28653
10
65515
65498
1
28678
10
65515
65498
1
28703
10
65514
65498
1
28728
10
65514
65498
1
28752
10
65515
65497
1
28778
10
65515
65497
1
28803
10
65515
65497
1
28828
10
65515
65497
1
28853
10
65515
65497
1
28877
10
65515
65497
1
28903
9
65515
65496
1
28928
9
65515
65496
1
28951
9
65515
65496
1
28976
10
65515
65496
1
28999
10
65515
65496
1
29025
10
65515
65496
1
29049
9
65515
65496
1
29074
9
65515
65496
1
29099
9
65515
65496
1
29122
9
65515
65496
1
29146
9
65515
65496
1
29170
9
65515
65496
1
29194
9
65515
65496
1
29217
9
65515
65496
1
29242
9
65516
65495
1
29265
9
65516
65495
1
29289
9
65516
65495
1
29314
9
65515
65496
1
29337
9
65515
65496
1
29362
9
65515
65496
1
29385
9
65515
65496
1
29409
9
65515
65496
1
29433
9
65515
65496
1
29457
9
65516
65495
1
29480
9
65516
65495
1
29505
9
65516
65495
1
29529
9
65516
65495
1
29552
9
65516
65495
1
29577
9
65515
65495
1
29600
9
65515
65495
1
29625
9
65515
65495
1
29648
8
65515
65495
1
29672
8
65515
65495
1
29697
8
65515
65495
1
29720
8
65515
65495
1
29744