13
65517
65495
1
16466
13
65517
65495
1
16492
13
65517
65495
1
16517
12
65517
65495
1
16542
12
65517
65495
1
16567
12
65517
65496
1
16591
12
65517
65496
1
16617
12
65517
65496
1
16642
12
65517
65495
1
16666
12
65517
65495
1
16692
12
65517
65495
1
16716
12
65517
65495
1
16742
12
65517
65495
1
16766
12
65517
65495
1
16791
12
65517
65495
1
16817
12
65517
65495
1
16841
13
65517
65496
1
16866
13
65517
65496
1
16891
13
65517
65496
1
16916
12
65517
65495
1
16942
12
65517
65495
1
16966
12
65517
65495
1
16991
12
65517
65495
1
17016
12
65517
65495
1
17041
12
65516
65496
1
17065
12
65516
65496
1
17091
12
65516
65496
1
17116
12
65517
65495
1
17141
12
65517
65495
1
17166
12
65517
65495
1
17190
12
65517
65496
1
17216
12
65517
65496
1
17241
12
65517
65496
1
17265
12
65517
65496
1
17291
12
65517
65496
1
17315
12
65517
65495
1
17341
12
65517
65495
1
17366
12
65517
65495
1
17390
12
65517
65495
1
17416
12
65517
65495
1
17440
12
65517
65495
1
17465
12
65517
65496
1
17490
12
65517
65496
1
17515
12
65517
65496
1
17541
12
65517
65496
1
17565
12
65517
65496
1
17590
12
65517
65496
1
17615
12
65517
65496
1
17640
12
65517
65496
1
17665
12
65517
65495
1
17690
12
65517
65495
1
17715
12
65517
65495
1
17740
12
65517
65495
1
17765
12
65517
65495
1
17789
12
65517
65495
1
17815
12
65517
65496
1
17840
12
65517
65496
1
17864
12
65517
65496
1
17890
12
65517
65496
1
17914
12
65517
65496
1
17940
12
65517
65496
1
17965
12
65517
65496
1
17989
12
65517
65496
1
18015
12
65517
65495
1
18039
12
65517
65495
1
18064
12
65517
65496
1
18089
12
65517
65496
1
18114
12
65517
65496
1
18140
12
65517
65495
1
18164
12
65517
65495
1
18189
12
65517
65495
1
18214
12
65517
65496
1
18239
12
65517
65496
1
18264
12
65517
65496
1
18289
12
65517
65495
1
18314
12
65517
65495
1
18339
12
65517
65496
1
18364
12
65517
65496
1
18388
12
65517
65496
1
18414
12
65517
65496
1
18439
12
65517
65496
1
18463
12
65517
65496
1
18489
12
65517
65495
1
18513
12
65517
65495
1
18539
12
65517
65495
1
18564
12
65517
65496
1
18588
12
65517
65496
1
18614
13
65517
65496
1
18638
13
65517
65496
1
18663
13
65517
65496
1
18689
12
65517
65496
1
18713
12
65517
65496
1
18739
12
65517
65496
1
18763
12
65517
65496
1
18788
12
65517
65496
1
18813
12
65517
65495
1
18838
12
65517
65495
1
18863
12
65517
65495
1
18888
12
65517
65496
1
18913
12
65517
65496
1
18938
12
65517
65496
1
18963
12
65517
65495
1
18988
12
65517
65495
1
19013
12
65517
65495
1
19038
12
65517
65495
1
19062
12
65517
65495
1
19088
12
65517
65496
1
19112
12
65517
65496
1
19138
12
65517
65496
1
19163
12
65517
65495
1
19187
12
65517
65495
1
19213
12
65517
65495
1
19237
12
65517
65496
1
19262
12
65517
65496
1
19288
12
65517
65496
1
19312
12
65517
65496
1
19338
12
65517
65496
1
19362
12
65517
65496
1
19387
12
65517
65496
1
19412
12
65517
65496
1
19437
12
65517
65496
1
19462
12
65517
65496
1
19487
12
65517
65496
1
19512
12
65517
65496
1
19537
12
65517
65496
1
19562
12
65517
65496
1
19587
12
65516
65496
1
19612
12
65516
65496
1
19637
12
65517
65495
1
19661
12
65517
65495
1
19687
12
65517
65495
1
19712
12
65516
65496
1
19737
12
65516
65496
1
19762
12
65516
65496
1
19786
12
65517
65495
1
19812
12
65517
65495
1
19836
12
65517
65495
1
19861
12
65517
65495
1
19887
12
65517
65495
1
19911
12
65517
65496
1
19937
12
65517
65496
1
19961
12
65517
65496
1
19986
12
65517
65495
1
20012
12
65517
65495
1
20036
12
65517
65495
1
20061
12
65517
65496
1
20086
12
65517
65496
1
20111
12
65517
65496
1
20136
12
65517
65496
1
20161
12
65517
65496
1
20186
12
65517
65496
1
20211
12
65517
65496
1
20236
12
65517
65496
1
20260
12
65517
65496
1
20286
12
65517
65496
1
20311
12
65517
65496
1
20336
12
65517
65496
1
20361
12
65517
65496
1
20385
12
65517
65496
1
20411
12
65517
65496
1
20435
12
65517
65496
1
20460
12
65517
65495
1
20486
12
65517
65495
1
20510
12
65517
65495
1
20536
12
65517
65496
1
20560
12
65517
65496
1
20585
12
65517
65496
1
20611
12
65517
65496
1
20635
12
65517
65496
1
20660
12
65517
65495
1
20685
12
65517
65495
1
20710
12
65517
65495
1
20736
12
65517
65496
1
20760
12
65517
65496
1
20785
12
65517
65496
1
20810
12
65517
65496
1
20835
12
65517
65496
1
20859
12
65517
65496
1
20885
12
65517
65496
1
20910
12
65517
65496
1
20935
12
65516
65496
1
20960
12
65516
65496
1
20984
12
65516
65496
1
21010
12
65517
65496
1
21035
12
65517
65496
1
21059
12
65517
65496
1
21085
12
65516
65496
1
21109
12
65516
65496
1
21135
12
65517
65496
1
21159
12
65517
65496
1
21184
12
65517
65496
1
21210
12
65517
65496
1
21234
12
65517
65496
1
21259
12
65517
65496
1
21284
12
65517
65496
1
21309
12
65517
65496
1
21335
12
65517
65496
1
21359
12
65517
65496
1
21384
12
65517
65496
1
21409
12
65516
65496
1
21434
12
65516
65496
1
21458
12
65516
65496
1
21484
12
65517
65496
1
21509
12
65517
65496
1
21534
12
65517
65496
1
21559
12
65517
65496
1
21583
12
65517
65496
1
21609
12
65517
65496
1
21634
12
65517
65496
1
21658
12
65517
65496
1
21684
12
65517
65496
1
21708
12
65517
65496
1
21734
12
65517
65496
1
21758
12
65517
65496
1
21783
12
65517
65496
1
21809
12
65517
65496
1
21833
12
65516
65496
1
21858
12
65516
65496
1
21883
11
65516
65497
1
21908
11
65516
65497
1
21934
11
65516
65497
1
21958
12
65516
65496
1
21983
12
65516
65496
1
22008
12
65516
65496
1
22033
12
65516
65496
1
22057
12
65516
65496
1
22083
12
65516
65496
1
22108
11
65516
65497
1
22133
11
65516
65497
1
22158
12
65517
65497
1
22182
12
65517
65497
1
22208
12
65517
65497
1
22233
11
65516
65497
1
22257
11
65516
65497
1
22283
11
65516
65497
1
22307
12
65516
65497
1
22333
12
65516
65497
1
22358
11
65516
65497
1
22382
11
65516
65497
1
22408
11
65516
65497
1
22432
11
65516
65497
1
22457
11
65516
65497
1
22482
11
65516
65497
1
22507
11
65516
65497
1
22533
11
65516
65497
1
22557
11
65516
65497
1
22582
11
65516
65497
1
22607
11
65516
65497
1
22632
11
65516
65497
1
22657
11
65516
65497
1
22682
11
65516
65497
1
22707
11
65516
65497
1
22732
11
65516
65497
1
22757
11
65516
65497
1
22781
11
65515
65498
1
22807
11
65515
65498
1
22832
11
65515
65498
1
22856
11
65516
65498
1
22882
11
65516
65498
1
22906
11
65515
65498
1
22932
11
65515
65498
1
22957
11
65515
65498
1
22981
11
65515
65498
1
23007
11
65515
65498
1
23031
11
65515
65498
1
23056
11
65515
65498
1
23081
11
65515
65498
1
23106
11
65515
65498
1
23132
11
65515
65498
1
23156
11
65515
65498
1
23181
11
65515
65498
1
23206
11
65515
65498
1
23231
11
65515
65498
1
23256
11
65514
65499
1
23281
11
65514
65499
1
23306
11
65514
65499
1
23331
11
65515
65499
1
23356
11
65515
65499
1
23380
11
65514
65499
1
23406
11
65514
65499
1
23431
11
65514
65499
1
23455
11
65514
65500
1
23481
11
65514
65500
1
23505
11
65514
65500
1
23531
11
65514
65499
1
23556
11
65514
65499
1
23580
11
65514
65499
1
23606
11
65513
65499
1
23630
11
65513
65499
1
23655
12
65513
65499
1
23681
12
65513
65499
1
23705
12
65513
65499
1
23731
11
65513
65500
1
23755
11
65513
65500
1
23780
11
65513
65500
1
23805
12
65513
65500
1
23830
12
65513
65500
1
23855
12
65513
65500
1
23880
12
65513
65499
1
23905
12
65513
65499
1
23930
12
65512
65500
1
23955
12
65512
65500
1
23980
12
65512
65500
1
24005
12
65512
65500
1
24030
12
65512
65500
1
24054
12
65512
65500
1
24080
12
65512
65500
1
24104
12
65512
65500
1
24130
12
65512
65500
1
24155
12
65512
65500
1
24179
12
65512
65500
1
24205
12
65512
65500
1
24229
12
65512
65500
1
24254
12
65512
65500
1
24280
13
65512
65500
1
24304
13
65512
65500
1
24330
13
65512
65500
1
24354
13
65512
65500
1
24379
13
65512
65500
1
24404
13
65512
65500
1
24429
13
65512
65500
1
24454
13
65512
65500
1
24479
13
65512
65500
1
24504
13
65512
65500
1
24529
13
65512
65500
1
24554
13
65512
65500
1
24579
13
65512
65500
1
24604
13
65512
65500
1
24629
13
65512
65501
1
24653
13
65512
65501
1
24679
13
65512
65501
1
24704
13
65512
65501
1
24729
13
65512
65501
1
24754
13
65512
65501
1
24778
13
65512
65501
1
24804
13
65512
65501
1
24828
14
65512
65501
1
24853
14
65512
65501
1
24879
14
65512
65500
1
24903
14
65512
65500
1
24929
14
65512
65500
1
24953
13
65511
65501
1
24978
13
65511
65501
1
25004
13
65511
65501
1
25028
14
65511
65501
1
25053
14
65511
65501
1
25078
14
65511
65501
1
25103
14
65511
65501
1
25128
14
65511
65501
1
25153
14
65511
65501
1
25178
14
65511
65501
1
25203
14
65511
65501
1
25228
15
65511
65501
1
25252
15
65511
65501
1
25278
15
65511
65501
1
25303
15
65510
65501
1
25328
15
65510
65501
1
25353
15
65510
65501
1
25377
16
65511
65501
1
25403
16
65511
65501
1
25427
16
65510
65501
1
25452
16
65510
65501
1
25478
16
65510
65501
1
25502
16
65510
65500
1
25528
16
65510
65500
1
25552
16
65510
65500
1
25577
17
65509
65500
1
25603
17
65509
65500
1
25627
17
65509
65500
1
25652
17
65509
65500
1
25677
17
65509
65500
1
25702
17
65509
65499
1
25728
17
65509
65499
1
25752
17
65509
65499
1
25777
17
65509
65499
1
25802
17
65509
65499
1
25827
17
65509
65499
1
25851
18
65508
65499
1
25877
18
65508
65499
1
25902
18
65508
65498
1
25927
18
65508
65498
1
25952
18
65508
65498
1
25976
19
65508
65498
1
26002
19
65508
65498
1
26027
19
65508
65498
1
26051
19
65509
65497
1
26077
19
65509
65497
1
26101
19
65509
65497
1
26127
19
65509
65497
1
26151
19
65509
65497
1
26176
20
65509
65496
1
26202
20
65509
65496
1
26226
20
65509
65496
1
26251
20
65509
65495
1
26276
20
65509
65495
1
26301
20
65509
65495
1
26327
21
65509
65494
1
26351
21
65509
65494
1
26376
21
65509
65494
1
26401
21
65510
65493
1
26426
21
65510
65493
1
26450
21
65510
65492
1
26476
21
65510
65492
1
26501
21
65510
65492
1
26526
22
65511
65492
1
26551
22
65511
65492
1
26575
22
65511
65492
1
26601
22
65511
65491
1
26626
22
65511
65491
1
26650
22
65512
65491
1
26676
22
65512
65491
1
26700
22
65512
65491
1
26726
22
65513
65491
1
26750
22
65513
65491
1
26775
22
65513
65491
1
26801
22
65512
65490
1
26825
22
65512
65490
1
26850
22
65512
65490
1
26875
22
65513
65490
1
26900
22
65513
65490
1
26926
21
65513
65490
1
26950
21
65513
65490
1
26975
21
65513
65490
1
27000
21
65514
65490
1
27025
21
65514
65490
1
27049
21
65514
65490
1
27075
21
65514
65490
1
27100
21
65514
65490
1
27125
21
65514
65490
1
27150
20
65514
65490
1
27174
20
65514
65490
1
27200
21
65514
65490
1
27225
21
65514
65490
1
27249
21
65514
65490
1
27275
20
65514
65490
1
27299
20
65514
65490
1
27325
20
65514
65490
1
27350
20
65514
65490
1
27374
20
65514
65490
1
27400
20
65514
65490
1
27424
20
65514
65490
1
27449
20
65514
65490
1
27474
21
65514
65490
1
27499
21
65514
65490
1
27525
21
65514
65490
1
27549
21
65515
65489
1
27574
21
65515
65489
1
27599
21
65515
65489
1
27624
22
65515
65489
1
27649
22
65515
65489
1
27674
22
65515
65489
1
27699
22
65515
65489
1
27724
22
65515
65489
1
27749
22
65516
65489
1
27773
22
65516
65489
1
27799
22
65516
65489
1
27824
23
65517
65489
1
27848
23
65517
65489
1
27874
23
65517
65489
1
27898
23
65517
65489
1
27924
23
65517
65489
1
27949
23
65517
65489
1
27973
23
65517
65489
1
27999
23
65517
65489
1
28023
24
65517
65488
1
28048
24
65517
65488
1
28073
24
65517
65488
1
28098
24
65518
65488
1
28124
24
65518
65488
1
28148
24
65518
65488
1
28173
25
65518
65488
1
28198
25
65518
65488
1
28223
25
65519
65488
1
28248
25
65519
65488
1
28273
25
65519
65488
1
28298
25
65519
65488
1
28323
25
65519
65488
1
28348
25
65519
65488
1
28372
26
65519
65487
1
28398
26
65519
65487
1
28423
26
65519
65487
1
28447
26
65519
65487
1
28473
26
65519
65487
1
28497
25
65520
65486
1
28523
25
65520
65486
1
28548
25
65520
65486
1
28572
25
65521
65485
1
28598
25
65521
65485
1
28622
25
65521
65485
1
28647
24
65520
65484
1
28673
24
65520
65484
1
28697
24
65521
65484
1
28723
24
65521
65484
1
28747
24
65521
65484
1
28772
22
65521
65484
1
28797
22
65521
65484
1
28822
22
65521
65484
1
28847
21
65521
65483
1
28872
21
65521
65483
1
28897
21
65521
65483
1
28922
20
65520
65484
1
28947
20
65520
65484
1
28972
19
65520
65484
1
28997
19
65520
65484
1
29022
19
65520
65484
1
29046
18
65520
65484
1
29072
18
65520
65484
1
29096
18
65520
65484
1
29122
17
65519
65485
1
29147
17
65519
65485
1
29171
17
65519
65485
1
29197
17
65519
65485
1
29221
17
65519
65485
1
29246
16
65518
65486
1
29272
16
65518
65486
1
29296
16
65518
65486
1
29322
16
65518
65486
1
29346
16
65518
65486
1
29371
16
65518
65486
1
29396
16
65518
65487
1
29421
16
65518
65487
1
29446
16
65517
65488
1
29471
16
65517
65488
1
29496
16
65517
65488
1
29521
16
65517
65488
1
29546
16
65517
65488
1
29571
16
65517
65488
1
29596
16
65516
65488
1
29621
16
65516
65488
1
29645
16
65516
65488
1
29671
16
65515
65489
1
29696
16
65515
65489
1
29721
17
65515
65488
1
29746
17
65515
65488
1
29770
17
65515
65488
1
29796
17
65515
65488
1
29820
17
65515
65488
1
29845
17
65515
65488
1
29871
17
65514
65488
1
29895
17
65514
65488
1
29921
17
65514
65488
1
29945
18
65514
65488
1
29970
18
65514
65488
1
29996
18
65514
65487
1
30020
18
65514
65487
1
30045
18
65514
65487
1
30070
18
65514
65486
1
30095
18
65514
65486
1
30120
18
65514
65486
1
30145
17
65514
65486
1
30170
17
65514
65486
1
30195
17
65514
65486
1
30220
17
65514
65486
1
30244
17
65514
65486
1
30270
17
65515
65485
1
30295
17
65515
65485
1
30320
17
65515
65485
1
30345
16
65515
65485
1
30369
16
65515
65485
1
30395
16
65515
65485
1
30419
16
65515
65485
1
30444
16
65515
65485
1
30470
16
65515
65485
1
30494
16
65515
65485
1
30520
16
65515
65485
1
30544
16
65516
65485
1
30569
16
65516
65485
1
30595
16
65516
65485
1
30619
15
65515
65485
1
30644
15
65515
65485
1
30669
15
65515
65485
1
30694
15
65516
65486
1
30720
15
65516
65486
1
30744
15
65516
65486
1
30769
15
65516
65486
1
30794
15
65516
65486
1
30819
15
65516
65486
1
30843
15
65516
65486
1
30869
15
65516
65486
1
30894
15
65516
65486
1
30919
15
65516
65486
1
30944
15
65516
65486
1
30968
15
65516
65486
1
30994
15
65516
65486
1
31019
16
65516
65487
1
31043
16
65516
65487
1
31069
16
65516
65487
1
31093
15
65516
65487
1
31119
15
65516
65487
1
31143
15
65516
65487
1
31168
16
65516
65487
1
31194
16
65516
65487
1
31218
15
65516
65487
1
31243
15
65516
65487
1
31268
15
65516
65487
1
31293
15
65516
65487
1
31319
15
65516
65487
1
31343
15
65516
65487
1
31368
15
65516
65487
1
31393
15
65516
65487
1
31418
15
65516
65487
1
31442
15
65514
65489
1
31468
15
65514
65489
1
31493
15
65515
65489
1
31518
15
65515
65489
1
31543
15
65515
65489
1
31567
15
65515
65489
1
31593
15
65515
65489
1
31618
15
65515
65489
1
31642
15
65515
65489
1
31668
15
65515
65489
1
31692
15
65515
65489
1
31718
15
65515
65490
1
31742
15
65515
65490
1
31767
15
65515
65490
1
31793
15
65515
65490
1
31817
15
65515
65490
1
31842
16
65515
65490
1
31867
16
65515
65490
1
31892
16
65515
65490
1
31918
15
65515
65490
1
31942
15
65515
65490
1
31967
15
65515
65490
1
31992
15
65515
65490
1
32017
15
65515
65490
1
32041
15
65515
65490
1
32067
15
65515
65490
1
32092
15
65515
65490
1
32117
15
65515
65490
1
32142
15
65515
65490
1
32166
15
65515
65490
1
32192
15
65515
65490
1
32217
15
65515
65490
1
32241
15
65515
65490
1
32267
15
65515
65490
1
32291
15
65515
65490
1
32317
15
65515
65490
1
32342
15
65515
65490
1
32366
15
65515
65490
1
32392
15
65515
65490
1
32416
15
65515
65490
1
32441
15
65515
65490
1
32466
15
65515
65490
1
32491
15
65515
65490
1
32517
15
65515
65490
1
32541
15
65515
65490
1
32566
15
65515
65490
1
32591
15
65515
65490
1
32616
15
65515
65490
1
32641
15
65515
65490
1
32666
14
65515
65490
1
32691
14
65515
65490
1
32716
14
65515
65490
1
32741
15
65515
65490
1
32765
15
65515
65490
1
32791
15
65515
65489
1
32816
15
65515
65489
1
32840
15
65515
65489
1
32866
15
65515
65490
1
32890
15
65515
65490
1
32916
15
65515
65490
1
32941
15
65516
65490
1
32965
15
65516
65490
1
32991
15
65515
65489
1
33015
15
65515
65489
1
33040
15
65515
65489
1
33065
15
65515
65489
1
33090
15
65515
65489
1
33116
15
65515
65489
1
33140
15
65515
65490
1
33165
15
65515
65490
1
33190
15
65515
65490
1
33215
15
65515
65490
1
33240
15
65515
65490
1
33265
15
65515
65490
1
33290
15
65515
65490
1
33315
15
65515
65490
1
33340
15
65515
65489
1
33364
15
65515
65489
1
33390
15
65515
65489
1
33415
15
65515
65489
1
33439
15
65515
65489
1
33465
15
65515
65489
1
33489
15
65515
65490
1
33515
15
65515
65490
1
33540
15
65516
65490
1
33564
15
65516
65490
1
33590
15
65516
65490
1
33614
15
65515
65489
1
33639
15
65515
65489
1
33665
15
65515
65489
1
33689
15
65515
65489
1
33715
15
65515
65489
1
33739
15
65516
65489
1
33764
15
65516
65489
1
33789
15
65516
65489
1
33814
15
65516
65490
1
33839
15
65516
65490
1
33864
15
65516
65490
1
33889
15
65515
65489
1
33914
15
65515
65489
1
33939
15
65515
65489
1
33964
15
65515
65489
1
33989
15
65515
65489
1
34014
15
65516
65489
1
34038
15
65516
65489
1
34064
15
65516
65489
1
34088
15
65516
65490
1
34114
15
65516
65490
1
34139
15
65516
65490
1
34163
15
65515
65489
1
34189
15
65515
65489
1
34213
15
65515
65489
1
34238
15
65515
65489
1
34264
15
65515
65489
1
34288
15
65515
65490
1
34314
15
65515
65490
1
34338
15
65515
65490
1
34363
15
65516
65489
1
34388
15
65516
65489
1
34413
15
65516
65489
1
34438
15
65515
65490
1
34463
15
65515
65490
1
34488
15
65515
65490
1
34513
15
65515
65489
1
34538
15
65515
65489
1
34563
15
65516
65490
1
34588
15
65516
65490
1
34613
15
65516
65490
1
34637
15
65515
65490
1
34663
15
65515
65490
1
34688
15
65515
65490
1
34713
15
65516
65489
1
34738
15
65516
65489
1
34762
15
65515
65489
1
34788
15
65515
65489
1
34812
15
65515
65489
1
34837
15
65516
65490
1
34863
15
65516
65490
1
34887
15
65516
65490
1
34913
15
65516
65489
1
34937
15
65516
65489
1
34962
15
65516
65489
1
34988
15
65516
65489
1
35012
15
65516
65489
1
35037
15
65515
65489
1
35062
15
65515
65489
1
35087
15
65515
65489
1
35112
15
65516
65490
1
35137
15
65516
65490
1
35162
15
65516
65490
1
35187
15
65515
65489
1
35212
15
65515
65489
1
35236
15
65515
65489
1
35262
15
65516
65489
1
35287
15
65516
65489
1
35312
15
65515
65489
1
35337
15
65515
65489
1
35361
15
65515
65489
1
35387
15
65516
65489
1
35411
15
65516
65489
1
35436
15
65516
65489
1
35462
15
65515
65489
1
35486
15
65515
65489
1
35512
15
65515
65490
1
35536
15
65515
65490
1
35561
15
65515
65490
1
35587
15
65516
65489
1
35611
15
65516
65489
1
35636
15
65516
65489
1
35661
15
65515
65489
1
35686
15
65515
65489
1
35712
15
65515
65489
1
35736
15
65516
65489
1
35761
15
65516
65489
1
35786
15
65516
65489
1
35811
15
65516
65489
1
35835
15
65516
65489
1
35861
15
65516
65489
1
35886
15
65516
65489
1
35911
15
65516
65489
1
35936
15
65516
65490
1
35960
15
65516
65490
1
35986
15
65516
65490
1
36011
15
65515
65489
1
36035
15
65515
65489
1
36061
15
65515
65489
1
36085
15
65515
65489
1
36111
15
65515
65489
1
36135
15
65515
65489
1
36160
15
65515
65489
1
36186
15
65515
65489
1
36210
15
65516
65490
1
36235
15
65516
65490
1
36260
15
65516
65490
1
36285
15
65516
65490
1
36311
15
65516
65490
1
36335
15
65515
65489
1
36360
15
65515
65489
1
36385
15
65515
65489
1
36410
15
65516
65489
1
36434
15
65516
65489
1
36460
15
65516
65489
1
36485
15
65516
65489
1
36510
15
65516
65489
1
36535
15
65516
65489
1
36559
15
65516
65489
1
36585
15
65516
65489
1
36610
15
65516
65489
1
36634
15
65516
65489
1
36660
15
65516
65489
1
36684
15
65515
65489
1
36710
15
65515
65489
1
36734
15
65515
65489
1
36759
15
65516
65489
1
36785
15
65516
65489
1
36809
15
65516
65489
1
36834
15
65516
65489
1
36859
15
65516
65489
1
36884
15
65516
65489
1
36910
15
65516
65489
1
36934
15
65516
65489
1
36959
15
65515
65489
1
36984
15
65515
65489
1
37009
15
65515
65489
1
37033
15
65516
65489
1
37059
15
65516
65489
1
37084
15
65516
65489
1
37109
15
65516
65489
1
37134
15
65516
65489
1
37158
15
65516
65489
1
37184
15
65516
65489
1
37209
15
65516
65489
1
37233
15
65516
65489
1
37259
15
65516
65489
1
37283
15
65516
65489
1
37309
15
65516
65489
1
37334
15
65516
65489
1
37358
15
65516
65489
1
37384
15
65516
65489
1
37408
15
65516
65489
1
37433
15
65516
65489
1
37458
15
65516
65489
1
37483
15
65516
65489
1
37509
15
65516
65489
1
37533
15
65516
65489
1
37558
15
65516
65489
1
37583
15
65516
65489
1
37608
15
65516
65489
1
37633
15
65516
65489
1
37658
15
65516
65489
1
37683
15
65516
65489
1
37708
15
65515
65489
1
37733
15
65515
65489
1
37757
15
65515
65489
1
37783
15
65516
65489
1
37808
15
65516
65489
1
37832
15
65515
65489
1
37858
15
65515
65489
1
37882
15
65515
65489
1
37908
15
65516
65489
1
37933
15
65516
65489
1
37957
15
65516
65489
1
37983
15
65515
65489
1
38007
15
65515
65489
1
38032
15
65515
65489
1
38057
15
65516
65489
1
38082
15
65516
65489
1
38108
15
65516
65489
1
38132
15
65516
65489
1
38157
15
65516
65489
1
38182
15
65515
65489
1
38207
15
65515
65489
1
38232
15
65515
65489
1
38257
15
65515
65489
1
38282
15
65515
65489
1
38307
15
65516
65489
1
38332
15
65516
65489
1
38356
15
65516
65489
1
38382
15
65516
65489
1
38407
15
65516
65489
1
38431
15
65516
65489
1
38457
15
65517
65489
1
38481
15
65517
65489
1
38507
15
65517
65489
1
38532
15
65517
65488
1
38556
15
65517
65488
1
38582
15
65516
65488
1
38606
15
65516
65488
1
38631
15
65516
65488
1
38657
15
65516
65489
1
38681
15
65516
65489
1
38707
15
65516
65489
1
38731
15
65516
65489
1
38756
15
65516
65489
1
38781
15
65516
65489
1
38806
15
65517
65488
1
38831
15
65517
65488
1
38856
15
65517
65488
1
38881
15
65517
65488
1
38906
15
65517
65488
1
38931
15
65516
65488
1
38956
15
65516
65488
1
38981
15
65516
65488
1
39006
15
65516
65488
1
39030
15
65516
65488
1
39056
15
65516
65488
1
39080
15
65516
65488
1
39106
15
65516
65488
1
39131
15
65516
65487
1
39155
15
65516
65487
1
39181
15
65516
65487
1
39205
15
65516
65487
1
39230
15
65516
65487
1
39256
15
65516
65487
1
39280
15
65516
65487
1
39306
15
65516
65487
1
39330
15
65516
65486
1
39355
15
65516
65486
1
39380
15
65516
65486
1
39405
15
65516
65486
1
39430
15
65516
65486
1
39455
15
65516
65486
1
39480
15
65516
65486
1
39505
15
65516
65486
1
39530
15
65516
65486
1
39555
15
65516
65485
1
39580
15
65516
65485
1
39605
16
65516
65485
1
39629
16
65516
65485
1
39655
16
65516
65485
1
39680
16
65515
65485
1
39705
16
65515
65485
1
39730
16
65515
65485
1
39754
18
65515
65485
1
39780
18
65515
65485
1
39804
18
65515
65485
1
39829
18
65514
65487
1
39855
18
65514
65487
1
39879
18
65515
65488
1
39905
18
65515
65488
1
39929
18
65515
65488
1
39954
16
65516
65488
1
39980
16
65516
65488
1
40004
16
65516
65488
1
40029
16
65518
65486
1
40054
16
65518
65486
1
40079
18
65520
65483
1
40104
18
65520
65483
1
40129
18
65520
65483
1
40154
21
65521
65482
1
40179
21
65521
65482
1
40204
21
65521
65482
1
40228
25
65521
65483
1
40254
25
65521
65483
1
40279
25
65521
65483
1
40304
26
65519
65486
1
40329
26
65519
65486
1
40353
24
65516
65488
1
40379
24
65516
65488
1
40403
24
65516
65488
1
40428
22
65514
65489
1
40454
22
65514
65489
1
40478
22
65514
65489
1
40504
21
65513
65489
1
40528
21
65513
65489
1
40553
21
65513
65489
1
40579
21
65513
65489
1
40603
21
65513
65489
1
40628
23
65510
65491
1
40653
23
65510
65491
1
40678
23
65510
65491
1
40704
21
65508
65495
1
40728
21
65508
65495
1
40753
21
65508
65495
1
40778
19
65508
65497
1
40803
19
65508
65497
1
40827
19
65508
65497
1
40853
18
65508
65499
1
40878
18
65508
65499
1
40903
17
65509
65500
1
40928
17
65509
65500
1
40952
17
65509
65500
1
40978
16
65510
65501
1
41003
16
65510
65501
1
41027
16
65510
65501
1
41053
14
65511
65501
1
41077
14
65511
65501
1
41103
14
65512
65501
1
41127
14
65512
65501
1
41152
14
65512
65501
1
41178
14
65512
65500
1
41202
14
65512
65500
1
41227
14
65512
65500
1
41252
13
65512
65500
1
41277
13
65512
65500
1
41303
13
65512
65500
1
41327
13
65512
65500
1
41352
13
65512
65500
1
41377
12
65512
65499
1
41402
12
65512
65499
1
41426
12
65512
65499
1
41452
12
65513
65499
1
41477
12
65513
65499
1
41502
12
65513
65499
1
41527
11
65513
65499
1
41551
11
65513
65499
1
41577
11
65513
65499
1
41602
11
65514
65499
1
41626
11
65514
65499
1
41652
11
65514
65499
1
41676
11
65514
65499
1
41702
11
65514
65499
1
41726
11
65515
65498
1
41751
11
65515
65498
1
41777
11
65515
65498
1
41801
11
65515
65498
1
41826
11
65515
65498
1
41851
11
65515
65498
1
41876
11
65515
65498
1
41902
11
65515
65498
1
41926
11
65516
65497
1
41951
11
65516
65497
1
41976
11
65516
65497
1
42001
11
65516
65497
1
42025
11
65516
65497
1
42051
11
65516
65497
1
42076
11
65516
65496
1
42101
11
65516
65496
1
42126
12
65516
65497
1
42150
12
65516
65497
1
42176
12
65516
65497
1
42201
12
65516
65496
1
42225
12
65516
65496
1
42251
12
65516
65496
1
42275
12
65516
65496
1
42301
12
65516
65496
1
42326
12
65516
65496
1
42350
11
65516
65496
1
42376
11
65516
65496
1
42400
12
65516
65496
1
42425
12
65516
65496
1
42450
12
65516
65496
1
42475
12
65517
65496
1
42501
12
65517
65496
1
42525
12
65517
65496
1
42550
12
65517
65496
1
42575
12
65517
65496
1
42600
12
65517
65496
1
42625
12
65517
65496
1
42650
12
65517
65496
1
42675
12
65517
65496
1
42700
12
65517
65496
1
42725
12
65517
65496
1
42749
12
65517
65496
1
42775
12
65517
65496
1
42800
12
65517
65496
1
42824
12
65517
65496
1
42850
12
65517
65496
1
42874
12
65517
65495
1
42900
12
65517
65495
1
42925
12
65517
65495
1
42949
12
65517
65496
1
42975
12
65517
65496
1
42999
12
65517
65496
1
43024
12
65517
65496
1
43049
12
65517
65496
1
43074
12
65517
65496
1
43100
12
65517
65495
1
43124
12
65517
65495
1
43149
12
65517
65496
1
43174
12
65517
65496
1
43199
12
65517
65496
1
43224
12
65517
65496
1
43249
12
65517
65496
1
43274
12
65517
65496
1
43299
12
65517
65495
1
43324
12
65517
65495
1
43348
12
65517
65495
1
43374
12
65517
65496
1
43399
12
65517
65496
1
43423
12
65517
65495
1
43449
12
65517
65495
1
43473
12
65517
65495
1
43499
12
65517
65496
1
43524
12
65517
65496
1
43548
12
65517
65496
1
43574
12
65517
65495
1
43598
12
65517
65495
1
43623
12
65516
65495
1
43649
12
65516
65495
1
43673
12
65516
65495
1
43699
12
65517
65496
1
43723
12
65517
65496
1
43748
12
65517
65496
1
43773
12
65517
65495
1
43798
12
65517
65495
1
43823
12
65517
65495
1
43848
12
65517
65496
1
43873
12
65517
65496
1
43898
13
65517
65495
1
43923
13
65517
65495
1
43948
13
65517
65495
1
43973
12
65517
65496
1
43998
12
65517
65496
1
44022
12
65517
65496
1
44048
12
65517
65496
1
44072
12
65517
65496
1
44098
12
65517
65496
1
44123
12
65517
65496
1
44147
12
65517
65496
1
44173
12
65516
65496
1
44197
12
65516
65496
1
44222
12
65516
65496
1
44248
12
65517
65495
1
44272
12
65517
65495
1
44298
12
65517
65495
1
44322
12
65517
65496
1
44347
12
65517
65496
1
44372
12
65517
65496
1
44397
13
65517
65495
1
44422
13
65517
65495
1
44447
12
65517
65495
1
44472
12
65517
65495
1
44497
12
65517
65495
1
44522
12
65517
65496
1
44547
12
65517
65496
1
44572
12
65517
65496
1
44597
12
65517
65496
1
44621
12
65517
65496
1
44647
12
65517
65495
1
44672
12
65517
65495
1
44697
12
65517
65495
1
44722
12
65517
65495
1
44746
12
65517
65495
1
44772