12
65517
65496
1
934
12
65516
65496
1
957
12
65516
65496
1
979
12
65516
65496
1
1003
12
65517
65496
1
1027
12
65517
65496
1
1050
12
65517
65496
1
1075
12
65516
65496
1
1098
12
65516
65496
1
1122
12
65516
65496
1
1146
12
65517
65496
1
1170
12
65517
65496
1
1195
12
65517
65496
1
1218
12
65517
65496
1
1242
12
65517
65496
1
1266
12
65517
65496
1
1290
12
65517
65496
1
1313
12
65517
65496
1
1338
12
65517
65496
1
1361
12
65517
65496
1
1385
12
65517
65496
1
1410
12
65516
65496
1
1433
12
65516
65496
1
1458
12
65516
65496
1
1481
12
65517
65496
1
1505
12
65517
65496
1
1529
12
65517
65496
1
1553
12
65517
65496
1
1576
12
65517
65496
1
1601
12
65517
65496
1
1625
12
65517
65496
1
1648
12
65517
65496
1
1673
12
65517
65496
1
1696
12
65517
65496
1
1720
12
65517
65496
1
1744
12
65517
65496
1
1768
12
65517
65496
1
1793
12
65517
65496
1
1816
12
65517
65496
1
1840
12
65517
65496
1
1864
12
65517
65496
1
1888
12
65517
65496
1
1911
12
65517
65496
1
1936
12
65517
65496
1
1959
12
65517
65496
1
1983
12
65517
65496
1
2008
12
65517
65496
1
2031
12
65517
65496
1
2055
12
65517
65496
1
2079
12
65517
65496
1
2103
12
65517
65496
1
2127
12
65517
65496
1
2151
12
65517
65496
1
2174
12
65517
65496
1
2199
12
65517
65496
1
2223
12
65516
65496
1
2246
12
65516
65496
1
2271
12
65516
65496
1
2294
12
65517
65496
1
2318
12
65517
65496
1
2342
12
65517
65496
1
2366
13
65517
65496
1
2391
13
65517
65496
1
2414
13
65517
65496
1
2438
12
65517
65496
1
2462
12
65517
65496
1
2486
12
65517
65496
1
2509
12
65517
65496
1
2534
12
65517
65496
1
2557
12
65517
65496
1
2581
12
65517
65496
1
2606
12
65517
65496
1
2629
12
65517
65496
1
2653
12
65517
65496
1
2677
12
65517
65496
1
2701
12
65517
65496
1
2725
12
65517
65496
1
2749
12
65517
65496
1
2772
12
65517
65496
1
2797
12
65517
65496
1
2821
12
65517
65496
1
2844
12
65517
65496
1
2869
12
65517
65496
1
2892
12
65517
65496
1
2916
12
65516
65496
1
2940
12
65516
65496
1
2964
12
65517
65496
1
2989
12
65517
65496
1
3012
12
65517
65496
1
3036
12
65517
65496
1
3060
12
65517
65496
1
3084
12
65517
65496
1
3107
12
65517
65496
1
3132
12
65517
65496
1
3155
12
65517
65496
1
3179
12
65517
65496
1
3204
12
65517
65496
1
3227
12
65517
65496
1
3251
12
65516
65496
1
3275
12
65516
65496
1
3299
12
65516
65496
1
3323
13
65517
65496
1
3347
13
65517
65496
1
3371
13
65517
65496
1
3395
12
65517
65496
1
3419
12
65517
65496
1
3442
12
65516
65496
1
3467
12
65516
65496
1
3490
12
65516
65496
1
3514
12
65517
65496
1
3538
12
65517
65496
1
3562
12
65517
65496
1
3586
12
65517
65496
1
3610
12
65517
65496
1
3634
12
65517
65496
1
3658
12
65517
65496
1
3682
12
65517
65496
1
3705
12
65517
65496
1
3730
12
65517
65496
1
3753
12
65517
65496
1
3777
12
65517
65496
1
3802
12
65516
65496
1
3825
12
65516
65496
1
3849
12
65516
65496
1
3873
12
65517
65496
1
3897
12
65517
65496
1
3921
12
65516
65496
1
3945
12
65516
65496
1
3969
12
65516
65496
1
3993
12
65517
65496
1
4017
12
65517
65496
1
4040
12
65517
65496
1
4065
12
65517
65496
1
4088
12
65517
65496
1
4112
12
65517
65496
1
4136
12
65516
65496
1
4160
12
65516
65496
1
4184
12
65516
65496
1
4208
12
65517
65496
1
4232
12
65517
65496
1
4256
12
65517
65496
1
4280
12
65516
65496
1
4303
12
65516
65496
1
4328
12
65517
65496
1
4352
12
65517
65496
1
4375
12
65517
65496
1
4400
12
65516
65496
1
4423
12
65516
65496
1
4447
12
65516
65496
1
4471
12
65516
65496
1
4495
12
65516
65496
1
4519
12
65516
65496
1
4543
12
65517
65496
1
4567
12
65517
65496
1
4591
12
65517
65496
1
4615
12
65517
65496
1
4638
12
65517
65496
1
4663
12
65517
65496
1
4686
12
65517
65496
1
4710
12
65517
65496
1
4734
12
65517
65496
1
4758
12
65517
65496
1
4782
12
65517
65496
1
4806
12
65517
65496
1
4830
12
65517
65496
1
4854
12
65517
65496
1
4878
12
65517
65496
1
4901
12
65517
65496
1
4926
12
65517
65496
1
4950
12
65516
65496
1
4973
12
65516
65496
1
4998
12
65516
65496
1
5021
12
65517
65496
1
5045
12
65517
65496
1
5069
12
65517
65496
1
5093
12
65516
65496
1
5116
12
65516
65496
1
5141
12
65516
65496
1
5165
12
65517
65496
1
5189
12
65517
65496
1
5213
12
65517
65496
1
5236
12
65517
65496
1
5261
12
65517
65496
1
5284
12
65516
65496
1
5308
12
65516
65496
1
5332
12
65516
65496
1
5356
12
65517
65496
1
5380
12
65517
65496
1
5404
12
65517
65496
1
5428
12
65516
65496
1
5452
12
65516
65496
1
5476
12
65516
65496
1
5499
12
65517
65496
1
5524
12
65517
65496
1
5548
12
65517
65496
1
5571
12
65516
65496
1
5596
12
65516
65496
1
5619
12
65516
65496
1
5643
12
65517
65496
1
5667
12
65517
65496
1
5691
12
65517
65496
1
5714
12
65517
65496
1
5739
12
65517
65496
1
5763
12
65516
65496
1
5787
12
65516
65496
1
5811
12
65516
65496
1
5834
12
65517
65496
1
5859
12
65517
65496
1
5882
12
65517
65496
1
5906
12
65517
65496
1
5931
12
65517
65496
1
5954
12
65517
65496
1
5978
12
65517
65496
1
6002
12
65517
65496
1
6026
12
65517
65496
1
6050
12
65517
65496
1
6074
12
65517
65496
1
6097
12
65517
65496
1
6122
12
65517
65496
1
6146
12
65517
65496
1
6169
12
65517
65496
1
6194
12
65517
65496
1
6217
12
65517
65496
1
6241
12
65517
65496
1
6265
12
65517
65496
1
6289
12
65517
65496
1
6312
12
65517
65496
1
6337
12
65517
65496
1
6361
12
65517
65496
1
6385
12
65517
65496
1
6409
12
65517
65496
1
6432
12
65517
65496
1
6457
12
65517
65496
1
6480
12
65517
65496
1
6504
12
65517
65496
1
6529
12
65517
65496
1
6552
12
65517
65496
1
6576
12
65517
65496
1
6600
12
65517
65496
1
6624
12
65517
65496
1
6647
12
65517
65496
1
6672
12
65517
65496
1
6695
12
65517
65496
1
6720
12
65517
65496
1
6744
12
65517
65496
1
6767
12
65517
65496
1
6792
12
65516
65496
1
6815
12
65516
65496
1
6839
12
65516
65496
1
6863
12
65517
65496
1
6887
12
65517
65496
1
6910
12
65517
65496
1
6935
12
65516
65496
1
6959
12
65516
65496
1
6983
12
65516
65496
1
7007
12
65517
65496
1
7030
12
65517
65496
1
7055
12
65517
65496
1
7078
12
65517
65496
1
7102
12
65517
65496
1
7127
12
65517
65496
1
7150
12
65517
65496
1
7174
12
65517
65496
1
7198
12
65517
65496
1
7222
12
65517
65496
1
7245
12
65517
65496
1
7270
12
65517
65496
1
7293
12
65517
65496
1
7318
12
65517
65496
1
7342
12
65516
65496
1
7365
12
65516
65496
1
7390
12
65516
65496
1
7413
12
65517
65496
1
7437
12
65517
65496
1
7461
12
65517
65496
1
7485
12
65517
65496
1
7508
12
65517
65496
1
7533
12
65517
65496
1
7557
12
65517
65496
1
7581
12
65517
65496
1
7605
12
65517
65496
1
7628
12
65517
65496
1
7653
12
65517
65496
1
7676
12
65517
65496
1
7700
12
65517
65496
1
7725
12
65517
65496
1
7748
12
65517
65496
1
7772
12
65517
65496
1
7796
12
65517
65496
1
7820
12
65517
65496
1
7843
12
65517
65496
1
7868
12
65517
65496
1
7891
12
65517
65496
1
7916
12
65517
65496
1
7940
12
65517
65496
1
7963
12
65517
65496
1
7988
12
65517
65496
1
8011
12
65517
65496
1
8035
12
65517
65496
1
8059
12
65517
65496
1
8083
12
65517
65496
1
8107
12
65517
65496
1
8131
12
65517
65496
1
8155
12
65516
65496
1
8178
12
65516
65496
1
8203
12
65516
65496
1
8226
12
65517
65496
1
8251
12
65517
65496
1
8274
12
65517
65496
1
8298
12
65516
65496
1
8323
12
65516
65496
1
8346
12
65516
65496
1
8370
12
65517
65496
1
8394
12
65517
65496
1
8418
12
65516
65496
1
8441
12
65516
65496
1
8466
12
65516
65496
1
8489
12
65517
65496
1
8514
12
65517
65496
1
8538
12
65517
65496
1
8561
13
65517
65496
1
8586
13
65517
65496
1
8609
13
65517
65496
1
8633
12
65517
65496
1
8657
12
65517
65496
1
8681
12
65517
65496
1
8705
12
65517
65496
1
8729
12
65517
65496
1
8753
12
65517
65496
1
8776
12
65516
65496
1
8801
12
65516
65496
1
8824
12
65516
65496
1
8849
12
65517
65496
1
8872
12
65517
65496
1
8896
12
65517
65496
1
8921
12
65517
65496
1
8944
12
65517
65496
1
8968
12
65517
65496
1
8992
12
65517
65496
1
9016
12
65517
65496
1
9039
12
65517
65496
1
9064
12
65517
65496
1
9088
12
65517
65496
1
9112
12
65517
65496
1
9136
12
65517
65496
1
9159
12
65517
65496
1
9184
12
65517
65496
1
9207
12
65517
65496
1
9231
12
65517
65496
1
9255
12
65517
65496
1
9279
12
65517
65496
1
9303
12
65516
65496
1
9327
12
65516
65496
1
9351
12
65516
65496
1
9374
12
65517
65496
1
9399
12
65517
65496
1
9422
12
65517
65496
1
9447
12
65517
65496
1
9470
12
65517
65496
1
9494
12
65517
65496
1
9519
12
65517
65496
1
9542
12
65517
65496
1
9566
12
65517
65496
1
9590
12
65517
65496
1
9614
12
65517
65496
1
9637
12
65517
65496
1
9662
12
65517
65496
1
9686
12
65517
65496
1
9709
12
65517
65496
1
9734
12
65517
65496
1
9757
12
65517
65496
1
9782
12
65517
65496
1
9805
12
65517
65496
1
9829
12
65517
65496
1
9853
12
65517
65496
1
9877
12
65517
65496
1
9901
12
65517
65496
1
9925
12
65517
65496
1
9949
12
65517
65496
1
9972
12
65517
65496
1
9997
12
65517
65496
1
10020
12
65517
65496
1
10046
12
65517
65496
1
10071
12
65517
65496
1
10095
12
65517
65496
1
10121
12
65516
65496
1
10145
12
65516
65496
1
10170
12
65516
65496
1
10195
12
65517
65496
1
10220
12
65517
65496
1
10246
12
65517
65496
1
10270
12
65517
65496
1
10295
12
65517
65496
1
10320
12
65517
65496
1
10345
12
65517
65496
1
10370
12
65517
65496
1
10395
12
65517
65496
1
10420
12
65517
65496
1
10445
12
65517
65496
1
10470
12
65517
65496
1
10494
12
65517
65496
1
10520
12
65517
65496
1
10545
12
65517
65496
1
10569
12
65517
65496
1
10595
12
65517
65496
1
10619
12
65517
65496
1
10645
12
65517
65496
1
10670
12
65517
65496
1
10694
12
65517
65496
1
10720
12
65517
65496
1
10744
12
65517
65496
1
10769
12
65517
65496
1
10795
12
65517
65496
1
10819
12
65517
65496
1
10845
12
65517
65496
1
10869
12
65517
65496
1
10894
12
65517
65496
1
10919
12
65517
65496
1
10944
12
65517
65496
1
10969
12
65517
65496
1
10994
12
65517
65496
1
11019
12
65517
65496
1
11044
12
65517
65496
1
11069
12
65517
65496
1
11094
12
65517
65496
1
11119
12
65517
65496
1
11144
12
65517
65496
1
11168
12
65517
65496
1
11194
12
65517
65496
1
11218
12
65517
65496
1
11244
12
65517
65496
1
11269
12
65517
65496
1
11293
12
65517
65496
1
11319
12
65517
65496
1
11343
12
65517
65496
1
11368
12
65517
65496
1
11394
12
65517
65496
1
11418
12
65517
65496
1
11444
12
65517
65496
1
11468
12
65517
65496
1
11493
12
65517
65496
1
11518
12
65517
65496
1
11543
12
65517
65496
1
11568
12
65517
65496
1
11593
12
65517
65496
1
11618
12
65517
65496
1
11643
12
65516
65496
1
11668
12
65516
65496
1
11693
12
65517
65496
1
11718
12
65517
65496
1
11743
12
65517
65496
1
11767
11
65516
65496
1
11793
11
65516
65496
1
11817
11
65516
65496
1
11843
11
65517
65496
1
11868
11
65517
65496
1
11892
12
65517
65496
1
11918
12
65517
65496
1
11942
12
65517
65496
1
11967
12
65517
65497
1
11993
12
65517
65497
1
12017
12
65517
65497
1
12043
11
65517
65496
1
12067
11
65517
65496
1
12092
11
65517
65496
1
12118
11
65516
65496
1
12142
11
65516
65496
1
12167
11
65517
65497
1
12192
11
65517
65497
1
12217
11
65517
65497
1
12242
12
65517
65497
1
12267
12
65517
65497
1
12292
12
65517
65497
1
12317
11
65516
65497
1
12342
11
65516
65497
1
12366
11
65516
65497
1
12392
11
65516
65497
1
12417
11
65516
65497
1
12442
11
65516
65497
1
12467
11
65516
65497
1
12491
11
65516
65497
1
12517
11
65516
65497
1
12541
11
65516
65497
1
12566
11
65516
65497
1
12592
11
65516
65497
1
12616
11
65516
65497
1
12642
11
65516
65497
1
12666
11
65516
65497
1
12691
11
65516
65497
1
12717
11
65516
65497
1
12741
11
65516
65497
1
12766
11
65516
65497
1
12791
11
65516
65497
1
12816
11
65516
65497
1
12841
11
65516
65497
1
12866
11
65516
65497
1
12891
11
65516
65497
1
12916
11
65516
65498
1
12941
11
65516
65498
1
12965
11
65516
65498
1
12991
11
65515
65498
1
13016
11
65515
65498
1
13041
11
65515
65498
1
13066
11
65516
65498
1
13090
11
65516
65498
1
13116
11
65516
65498
1
13140
11
65515
65498
1
13165
11
65515
65498
1
13191
11
65516
65498
1
13215
11
65516
65498
1
13241
11
65516
65498
1
13265
11
65516
65498
1
13290
11
65516
65498
1
13316
11
65516
65498
1
13340
11
65515
65499
1
13365
11
65515
65499
1
13390
11
65515
65499
1
13415
11
65515
65498
1
13441
11
65515
65498
1
13465
11
65515
65499
1
13490
11
65515
65499
1
13515
11
65515
65499
1
13540
11
65515
65499
1
13564
11
65515
65499
1
13590
11
65515
65499
1
13615
11
65515
65499
1
13640
11
65515
65499
1
13665
11
65515
65500
1
13689
11
65515
65500
1
13715
11
65515
65500
1
13740
11
65515
65500
1
13764
11
65515
65500
1
13790
11
65515
65500
1
13814
11
65514
65500
1
13840
11
65514
65500
1
13864
11
65514
65500
1
13889
12
65514
65500
1
13915
12
65514
65500
1
13939
12
65514
65500
1
13964
12
65514
65500
1
13989
12
65514
65500
1
14014
12
65514
65501
1
14040
12
65514
65501
1
14064
12
65514
65501
1
14089
12
65514
65501
1
14114
12
65514
65501
1
14139
12
65514
65501
1
14163
12
65513
65501
1
14189
12
65513
65501
1
14214
13
65513
65501
1
14239
13
65513
65501
1
14264
13
65513
65501
1
14288
13
65513
65502
1
14314
13
65513
65502
1
14339
13
65513
65502
1
14363
13
65513
65502
1
14389
13
65513
65502
1
14413
14
65512
65502
1
14439
14
65512
65502
1
14464
14
65512
65502
1
14488
14
65512
65502
1
14514
14
65512
65502
1
14538
14
65512
65502
1
14563
15
65513
65502
1
14588
15
65513
65502
1
14613
15
65513
65502
1
14639
15
65512
65502
1
14663
15
65512
65502
1
14688
15
65513
65503
1
14713
15
65513
65503
1
14738
15
65513
65503
1
14763
16
65513
65502
1
14788
16
65513
65502
1
14813
16
65513
65502
1
14838
17
65513
65502
1
14863
17
65513
65502
1
14887
17
65513
65502
1
14913
17
65513
65502
1
14938
17
65513
65502
1
14962
18
65513
65502
1
14988
18
65513
65502
1
15012
18
65513
65502
1
15038
18
65514
65502
1
15063
18
65514
65502
1
15087
18
65514
65502
1
15113
18
65514
65501
1
15137
18
65514
65501
1
15162
18
65514
65501
1
15187
18
65513
65501
1
15212
18
65513
65501
1
15238
19
65514
65501
1
15262
19
65514
65501
1
15287
19
65514
65501
1
15312
19
65513
65501
1
15337
19
65513
65501
1
15362
19
65513
65501
1
15387
19
65513
65501
1
15412
19
65513
65501
1
15437
20
65512
65500
1
15462
20
65512
65500
1
15486
20
65512
65500
1
15512
20
65511
65500
1
15537
20
65511
65500
1
15561
20
65511
65500
1
15587
21
65511
65499
1
15611
21
65511
65499
1
15637
21
65511
65499
1
15662
21
65510
65498
1
15686
21
65510
65498
1
15712
22
65510
65496
1
15736
22
65510
65496
1
15761
22
65510
65496
1
15787
22
65510
65495
1
15811
22
65510
65495
1
15837
22
65510
65495
1
15861
22
65510
65494
1
15886
22
65510
65494
1
15911
22
65510
65494
1
15936
22
65510
65492
1
15961
22
65510
65492
1
15986
21
65511
65491
1
16011
21
65511
65491
1
16036
21
65511
65491
1
16061
21
65511
65490
1
16086
21
65511
65490
1
16111
21
65511
65490
1
16136
21
65511
65490
1
16160
21
65511
65490
1
16186
21
65511
65490
1
16210
21
65511
65490
1
16236
21
65511
65490
1
16261
22
65512
65489
1
16285
22
65512
65489
1
16311
22
65512
65489
1
16335
22
65512
65489
1
16360
22
65512
65489
1
16386
22
65512
65489
1
16410
23
65512
65488
1
16436
23
65512
65488
1
16460
23
65513
65487
1
16485
23
65513
65487
1
16510
23
65513
65487
1
16535
22
65513
65487
1
16560
22
65513
65487
1
16585
22
65513
65487
1
16610
22
65514
65486
1
16635
22
65514
65486
1
16660
22
65514
65486
1
16685
22
65514
65485
1
16710
22
65514
65485
1
16735
21
65515
65485
1
16759
21
65515
65485
1
16785
21
65515
65485
1
16809
21
65515
65484
1
16835
21
65515
65484
1
16860
21
65515
65484
1
16884
20
65516
65484
1
16910
20
65516
65484
1
16934
20
65516
65484
1
16959
20
65516
65484
1
16985
20
65516
65484
1
17009
20
65517
65485
1
17035
20
65517
65485
1
17059
20
65517
65485
1
17084
19
65518
65485
1
17110
19
65518
65485
1
17134
19
65518
65485
1
17159
19
65518
65486
1
17184
19
65518
65486
1
17209
20
65519
65486
1
17234
20
65519
65486
1
17259
20
65519
65486
1
17284
19
65519
65487
1
17309
19
65519
65487
1
17334
19
65519
65487
1
17358
20
65519
65488
1
17384
20
65519
65488
1
17409
20
65519
65488
1
17434
20
65520
65488
1
17459
20
65520
65488
1
17483
21
65520
65489
1
17509
21
65520
65489
1
17533
21
65520
65489
1
17558
21
65520
65489
1
17584
21
65520
65489
1
17608
21
65520
65489
1
17634
21
65520
65489
1
17658
21
65520
65489
1
17683
21
65520
65489
1
17709
22
65521
65489
1
17733
22
65521
65489
1
17758
22
65521
65489
1
17783
22
65521
65489
1
17808
22
65521
65489
1
17833
22
65521
65489
1
17858
22
65521
65489
1
17883
22
65521
65489
1
17908
23
65522
65488
1
17933
23
65522
65488
1
17957
22
65522
65488
1
17983
22
65522
65488
1
18008
22
65522
65488
1
18033
23
65522
65488
1
18058
23
65522
65488
1
18082
23
65522
65488
1
18108
23
65523
65488
1
18132
23
65523
65488
1
18157
23
65523
65488
1
18183
22
65523
65488
1
18207
22
65523
65488
1
18233
23
65523
65487
1
18257
23
65523
65487
1
18282
23
65523
65487
1
18308
22
65523
65487
1
18332
22
65523
65487
1
18357
22
65523
65487
1
18382
22
65523
65487
1
18407
22
65523
65487
1
18433
22
65523
65487
1
18457
22
65523
65488
1
18482
22
65523
65488
1
18507
21
65523
65488
1
18532
21
65523
65488
1
18556
21
65523
65488
1
18582
22
65524
65487
1
18607
22
65524
65487
1
18632
22
65524
65487
1
18657
22
65523
65487
1
18681
22
65523
65487
1
18707
22
65523
65487
1
18732
22
65523
65487
1
18756
22
65523
65487
1
18782
21
65523
65486
1
18806
21
65523
65486
1
18832
21
65523
65486
1
18856
21
65523
65486
1
18881
21
65523
65486
1
18907
21
65523
65486
1
18931
22
65523
65485
1
18956
22
65523
65485
1
18981
21
65524
65484
1
19006
21
65524
65484
1
19032
21
65524
65484
1
19056
21
65524
65484
1
19081
21
65524
65484
1
19106
21
65524
65484
1
19131
22
65524
65484
1
19155
22
65524
65484
1
19181
22
65524
65484
1
19206
21
65523
65483
1
19231
21
65523
65483
1
19256
21
65523
65483
1
19280
21
65523
65483
1
19306
21
65523
65483
1
19331
21
65523
65483
1
19355
21
65523
65483
1
19381
21
65523
65483
1
19405
22
65523
65483
1
19431
22
65523
65483
1
19456
22
65523
65483
1
19480
21
65523
65483
1
19506
21
65523
65483
1
19530
21
65523
65483
1
19555
21
65523
65483
1
19580
21
65523
65483
1
19605
22
65524
65483
1
19631
22
65524
65483
1
19655
22
65524
65483
1
19680
21
65523
65484
1
19705
21
65523
65484
1
19730
21
65523
65484
1
19755
21
65523
65484
1
19780
21
65523
65484
1
19805
21
65523
65483
1
19830
21
65523
65483
1
19855
21
65523
65483
1
19879
21
65523
65483
1
19905
21
65523
65483
1
19930
21
65523
65483
1
19954
22
65523
65483
1
19980
22
65523
65483
1
20004
21
65523
65483
1
20030
21
65523
65483
1
20055
21
65523
65483
1
20079
21
65523
65483
1
20105
21
65523
65483
1
20129
21
65523
65483
1
20154
21
65523
65483
1
20179
21
65523
65483
1
20204
21
65523
65483
1
20230
21
65523
65484
1
20254
21
65523
65484
1
20279
21
65523
65483
1
20304
21
65523
65483
1
20329
21
65523
65483
1
20354
21
65523
65483
1
20379
21
65523
65483
1
20404
21
65523
65483
1
20429
21
65523
65483
1
20454
21
65523
65483
1
20478
21
65523
65483
1
20504
21
65523
65483
1
20529
21
65523
65483
1
20553
21
65523
65483
1
20579
21
65523
65483
1
20603
21
65523
65483
1
20629
22
65524
65483
1
20654
22
65524
65483
1
20678
22
65524
65483
1
20704
21
65523
65483
1
20728
21
65523
65483
1
20753
21
65524
65483
1
20779
21
65524
65483
1
20803
21
65524
65483
1
20829
21
65524
65483
1
20853
21
65524
65483
1
20878
21
65524
65483
1
20903
21
65524
65483
1
20928
21
65524
65483
1
20953
21
65524
65483
1
20978
21
65525
65483
1
21003
21
65525
65483
1
21028
21
65525
65484
1
21053
21
65525
65484
1
21078
21
65525
65484
1
21103
21
65525
65483
1
21128
21
65525
65483
1
21152
21
65525
65483
1
21178
21
65525
65484
1
21202
21
65525
65484
1
21228
21
65525
65484
1
21253
21
65525
65484
1
21277
21
65525
65484
1
21303
21
65525
65484
1
21327
21
65525
65484
1
21352
21
65525
65484
1
21378
21
65525
65483
1
21402
21
65525
65483
1
21428
21
65525
65483
1
21452
22
65525
65484
1
21477
22
65525
65484
1
21502
22
65525
65484
1
21527
22
65525
65484
1
21552
22
65525
65484
1
21577
22
65525
65483
1
21602
22
65525
65483
1
21627
22
65525
65483
1
21652
21
65525
65483
1
21677
21
65525
65483
1
21702
21
65525
65483
1
21727
22
65525
65484
1
21751
22
65525
65484
1
21777
22
65525
65483
1
21801
22
65525
65483
1
21827
22
65525
65483
1
21852
22
65525
65484
1
21876
22
65525
65484
1
21902
22
65525
65484
1
21926
22
65525
65484
1
21951
22
65525
65484
1
21977
22
65525
65484
1
22001
22
65525
65483
1
22027
22
65525
65483
1
22051
21
65525
65483
1
22076
21
65525
65483
1
22102
21
65525
65483
1
22126
22
65525
65483
1
22151
22
65525
65483
1
22176
22
65525
65483
1
22201
22
65525
65483
1
22226
22
65525
65483
1
22251
22
65525
65483
1
22276
22
65525
65483
1
22301
22
65525
65483
1
22326
22
65525
65483
1
22350
22
65525
65483
1
22376
22
65525
65483
1
22401
22
65525
65484
1
22426
22
65525
65484
1
22451
22
65525
65484
1
22475
22
65525
65483
1
22501
22
65525
65483
1
22525
22
65525
65484
1
22550
22
65525
65484
1
22576
22
65525
65484
1
22600
22
65525
65484
1
22626
22
65525
65484
1
22650
22
65525
65484
1
22675
21
65525
65483
1
22701
21
65525
65483
1
22725
21
65525
65483
1
22750
22
65525
65483
1
22775
22
65525
65483
1
22800
22
65525
65484
1
22825
22
65525
65484
1
22850
22
65525
65484
1
22875
21
65525
65483
1
22900
21
65525
65483
1
22925
21
65525
65483
1
22949
22
65525
65483
1
22975
22
65525
65483
1
23000
22
65525
65483
1
23025
22
65525
65483
1
23050
22
65525
65483
1
23074
22
65525
65484
1
23100
22
65525
65484
1
23124
22
65525
65484
1
23149
22
65525
65483
1
23175
22
65525
65483
1
23199
22
65525
65483
1
23225
22
65525
65483
1
23249
22
65525
65483
1
23274
22
65525
65483
1
23300
22
65525
65483
1
23324
22
65525
65483
1
23349
22
65525
65484
1
23374
22
65525
65484
1
23399
22
65525
65484
1
23425
22
65525
65484
1
23449
22
65525
65484
1
23474
22
65525
65484
1
23499
22
65525
65484
1
23524
22
65525
65484
1
23548
21
65525
65484
1
23574
21
65525
65484
1
23599
21
65525
65484
1
23624
22
65526
65484
1
23649
22
65526
65484
1
23673
22
65526
65484
1
23699
22
65525
65484
1
23724
22
65525
65484
1
23748
22
65525
65484
1
23774
22
65525
65484
1
23798
22
65525
65484
1
23824
22
65525
65484
1
23848
22
65525
65484
1
23873
22
65525
65484
1
23899
22
65526
65484
1
23923
22
65526
65484
1
23948
22
65526
65484
1
23973
22
65526
65484
1
23998
22
65526
65484
1
24024
22
65525
65484
1
24048
22
65525
65484
1
24073
22
65525
65484
1
24098
22
65526
65484
1
24123
22
65526
65484
1
24147
22
65526
65484
1
24173
22
65525
65484
1
24198
22
65525
65484
1
24223
22
65525
65484
1
24248
22
65525
65484
1
24272
22
65525
65484
1
24298
22
65525
65484
1
24323
22
65525
65484
1
24347
22
65525
65484
1
24373
22
65525
65484
1
24397
22
65525
65484
1
24423
22
65525
65484
1
24448
22
65525
65484
1
24472
22
65525
65484
1
24498
22
65525
65484
1
24522
22
65525
65484
1
24547
22
65525
65484
1
24572
22
65525
65484
1
24597
22
65525
65484
1
24623
22
65525
65484
1
24647
22
65526
65484
1
24672
22
65526
65484
1
24697
22
65526
65484
1
24722
22
65525
65483
1
24747
22
65525
65483
1
24772
22
65525
65483
1
24797
22
65525
65483
1
24822
22
65525
65483
1
24847
22
65525
65484
1
24871
22
65525
65484
1
24897
22
65525
65484
1
24922
22
65526
65484
1
24946
22
65526
65484
1
24972
22
65526
65484
1
24996
22
65525
65484
1
25022
22
65525
65484
1
25047
22
65525
65483
1
25071
22
65525
65483
1
25097
22
65525
65483
1
25121
22
65525
65484
1
25146
22
65525
65484
1
25171
22
65525
65484
1
25196
22
65525
65484
1
25222
22
65525
65484
1
25246
22
65525
65484
1
25271
22
65525
65483
1
25296
22
65525
65483
1
25321
22
65525
65484
1
25346
22
65525
65484
1
25371
22
65525
65484
1
25396
22
65525
65484
1
25421
22
65525
65484
1
25446
22
65525
65484
1
25470
22
65525
65484
1
25496
22
65525
65484
1
25521
22
65525
65484
1
25545
22
65525
65484
1
25571
22
65525
65484
1
25595
22
65526
65484
1
25621
22
65526
65484
1
25646
22
65526
65484
1
25670
22
65526
65484
1
25696
22
65526
65484
1
25720
22
65526
65484
1
25745
22
65525
65484
1
25771
22
65525
65484
1
25795
22
65525
65483
1
25821
22
65525
65483
1
25845
22
65525
65483
1
25870
22
65525
65484
1
25895
22
65525
65484
1
25920
22
65525
65484
1
25945
22
65525
65484
1
25970
22
65525
65484
1
25995
22
65525
65484
1
26020
22
65526
65484
1
26045
22
65526
65484
1
26070
22
65525
65484
1
26095
22
65525
65484
1
26120
22
65525
65484
1
26144
22
65526
65484
1
26170
22
65526
65484
1
26194
22
65526
65484
1
26220
22
65525
65484
1
26245
22
65525
65484
1
26269
22
65525
65484
1
26295
22
65525
65484
1
26319
22
65525
65484
1
26344
22
65525
65483
1
26370
22
65525
65483
1
26394
22
65525
65483
1
26420
22
65525
65484
1
26444
22
65525
65484
1
26469
22
65525
65484
1
26494
22
65526
65483
1
26519
22
65526
65483
1
26544
22
65525
65483
1
26569
22
65525
65483
1
26594
22
65525
65483
1
26619
22
65526
65484
1
26644
22
65526
65484
1
26669
22
65526
65484
1
26694
22
65525
65483
1
26719
22
65525
65483
1
26743
22
65525
65483
1
26769
22
65526
65484
1
26793
22
65526
65484
1
26819
22
65525
65484
1
26844
22
65525
65484
1
26868
22
65525
65484
1
26894
22
65525
65484
1
26918
22
65525
65484
1
26943
22
65525
65484
1
26969
22
65525
65483
1
26993
22
65525
65483
1
27019
22
65525
65483
1
27043
22
65525
65484
1
27068
22
65525
65484
1
27094
22
65525
65484
1
27118
22
65525
65484
1
27143
22
65525
65484
1
27168
22
65525
65483
1
27193
22
65525
65483
1
27218
22
65525
65483
1
27243
22
65525
65484
1
27268
22
65525
65484
1
27293
22
65525
65484
1
27318
22
65525
65483
1
27342
22
65525
65483
1
27368

65483
1
35904
22
65524
65483
1
35929
22
65524
65483
1
35954
23
65524
65483
1
35979
23
65524
65483
1
36004
23
65524
65483
1
36029
22
65524
65483
1
36054
22
65524
65483
1
36079
22
65524
65483
1
36104
22
65524
65483
1
36128
22
65524
65483
1
36154
22
65524
65484
1
36178
22
65524
65484
1
36204
22
65524
65484
1
36229
22
65524
65483
1
36253
22
65524
65483
1
36279
22
65524
65483
1
36303
22
65524
65483
1
36328
22
65524
65483
1
36354
22
65524
65483
1
36378
22
65524
65483
1
36404
22
65524
65483
1
36428
22
65524
65483
1
36453
22
65524
65483
1
36478
22
65524
65483
1
36503
22
65524
65483
1
36528
22
65524
65483
1
36553
22
65524
65483
1
36578
22
65523
65485
1
36603
22
65523
65485
1
36628
22
65523
65485
1
36653
22
65524
65484
1
36678
22
65524
65484
1
36703
22
65524
65484
1
36727
22
65524
65484
1
36753
22
65524
65484
1
36777
22
65524
65484
1
36803
22
65524
65484
1
36828
22
65524
65484
1
36852
22
65524
65484
1
36878
22
65524
65484
1
36902
22
65524
65484
1
36927
22
65524
65484
1
36953
22
65524
65484
1
36977
22
65524
65483
1
37003
22
65524
65483
1
37027
22
65524
65483
1
37052
22
65524
65484
1
37078
22
65524
65484
1
37102
22
65524
65484
1
37127
22
65524
65484
1
37152
22
65524
65484
1
37177
22
65524
65484
1
37202
22
65524
65484
1
37227
22
65524
65484
1
37252
22
65523
65485
1
37277
22
65523
65485
1
37302
22
65523
65485
1
37326
22
65524
65484
1
37352
22
65524
65484
1
37377
22
65524
65484
1
37402
21
65524
65484
1
37427
21
65524
65484
1
37451
22
65524
65484
1
37477
22
65524
65484
1
37501
22
65524
65484
1
37526
22
65524
65484
1
37552
22
65524
65484
1
37576
22
65524
65484
1
37602
22
65524
65484
1
37626
22
65524
65484
1
37651
22
65524
65484
1
37677
22
65524
65484
1
37701
22
65524
65484
1
37726
22
65524
65484
1
37751
22
65524
65484
1
37776
22
65524
65484
1
37801
22
65524
65484
1
37826
22
65524
65484
1
37851
22
65524
65484
1
37876
22
65524
65485
1
37901
22
65524
65485
1
37925
22
65524
65485
1
37951
22
65524
65485
1
37976
22
65524
65485
1
38001
22
65524
65484
1
38026
22
65524
65484
1
38050
22
65524
65484
1
38076
22
65524
65484
1
38100
22
65524
65484
1
38125
22
65524
65484
1
38151
22
65524
65484
1
38175
22
65524
65484
1
38201
22
65524
65484
1
38225
22
65524
65484
1
38250
22
65524
65484
1
38276
22
65524
65485
1
38300
22
65524
65485
1
38325
22
65524
65485
1
38350
22
65524
65485
1
38375
22
65524
65485
1
38401
22
65524
65485
1
38425
22
65524
65485
1
38450
22
65524
65485
1
38475
22
65524
65485
1
38500
22
65524
65485
1
38524
22
65524
65485
1
38550
22
65524
65485
1
38575
22
65524
65485
1
38600
22
65524
65485
1
38625
22
65524
65485
1
38649
22
65524
65485
1
38675
22
65524
65486
1
38700
22
65524
65486
1
38724
22
65524
65486
1
38750
22
65524
65487
1
38774
22
65524
65487
1
38800
22
65524
65487
1
38824
22
65524
65487
1
38849
22
65524
65487
1
38875
22
65524
65487
1
38899
22
65524
65487
1
38924
22
65524
65487
1
38949
22
65524
65487
1
38974
22
65524
65487
1
39000
22
65524
65487
1
39024
22
65524
65488
1
39049
22
65524
65488
1
39074
22
65524
65488
1
39099
22
65524
65488
1
39123
22
65524
65488
1
39149
22
65524
65488
1
39174
23
65523
65488
1
39199
23
65523
65488
1
39224
23
65523
65489
1
39248
23
65523
65489
1
39274
23
65523
65489
1
39299
23
65523
65489
1
39323
23
65523
65489
1
39349
23
65523
65489
1
39373
23
65522
65489
1
39399
23
65522
65489
1
39424
23
65522
65489
1
39448
22
65521
65489
1
39474
22
65521
65489
1
39498
21
65520
65489
1
39523
21
65520
65489
1
39548
21
65520
65489
1
39573
20
65519
65488
1
39599
20
65519
65488
1
39623
20
65519
65488
1
39648
20
65518
65486
1
39673
20
65518
65486
1
39698
20
65517
65485
1
39723
20
65517
65485
1
39748
20
65517
65485
1
39773
22
65515
65485
1
39798
22
65515
65485
1
39823
22
65515
65485
1
39847
22
65514
65486
1
39873
22
65514
65486
1
39898
22
65514
65486
1
39922
23
65513
65487
1
39948
23
65513
65487
1
39972
23
65512
65488
1
39998
23
65512
65488
1
40023
23
65512
65488
1
40047
22
65511
65490
1
40073
22
65511
65490
1
40097
22
65511
65490
1
40122
22
65510
65490
1
40147
22
65510
65490
1
40172
22
65510
65490
1
40198
21
65509
65492
1
40222
21
65509
65492
1
40247
22
65510
65495
1
40272
22
65510
65495
1
40297
22
65510
65495
1
40322
22
65511
65498
1
40347
22
65511
65498
1
40372
22
65511
65498
1
40397
21
65512
65501
1
40422
21
65512
65501
1
40446
21
65514
65501
1
40472
20
65514
65501
1
40497
20
65514
65501
1
40521
20
65514
65502
1
40547
20
65514
65502
1
40571
20
65514
65502
1
40597
19
65514
65502
1
40622
19
65514
65502
1
40646
19
65514
65502
1
40672
19
65513
65503
1
40696
19
65513
65503
1
40721
17
65512
65503
1
40747
17
65512
65503
1
40771
17
65512
65503
1
40797
16
65512
65503
1
40821
16
65512
65503
1
40846
16
65512
65503
1
40871
14
65512
65503
1
40896
14
65512
65503
1
40921
14
65512
65503
1
40946
13
65513
65502
1
40971
13
65513
65502
1
40996
12
65513
65502
1
41021
12
65513
65502
1
41046
12
65513
65502
1
41071
11
65514
65500
1
41096
11
65514
65500
1
41120
11
65514
65500
1
41146
11
65515
65500
1
41170
11
65515
65500
1
41196
11
65515
65500
1
41221
11
65515
65499
1
41245
11
65515
65499
1
41271
11
65516
65498
1
41295
11
65516
65498
1
41320
11
65516
65498
1
41346
11
65516
65498
1
41370
11
65516
65498
1
41396
11
65516
65498
1
41420
11
65516
65498
1
41445
11
65516
65498
1
41470
11
65516
65498
1
41495
11
65516
65498
1
41520
11
65516
65498
1
41545
11
65516
65497
1
41570
11
65516
65497
1
41595
11
65516
65497
1
41620
12
65516
65497
1
41645
12
65516
65497
1
41670
12
65516
65497
1
41695
11
65516
65497
1
41719
11
65516
65497
1
41745
12
65517
65497
1
41769
12
65517
65497
1
41795
12
65517
65497
1
41820
12
65516
65496
1
41844
12
65516
65496
1
41870
12
65516
65496
1
41894
12
65516
65497
1
41919
12
65516
65497
1
41945
12
65516
65497
1
41969
12
65517
65496
1
41995
12
65517
65496
1
42019
12
65516
65497
1
42044
12
65516
65497
1
42070
12
65516
65497
1
42094
12
65517
65496
1
42119
12
65517
65496
1
42144
12
65517
65496
1
42169
12
65517
65496
1
42194
12
65517
65496
1
42219
12
65516
65496
1
42244
12
65516
65496
1
42269
12
65516
65496
1
42294
12
65517
65496
1
42318
12
65517
65496
1
42344
12
65517
65496
1
42369
12
65517
65496
1
42394
12
65517
65496
1
42419
12
65517
65496
1
42443
12
65517
65496
1
42469
12
65517
65496
1
42493
12
65517
65496
1
42518
12
65517
65496
1
42544
12
65517
65496
1
42568
12
65516
65496
1
42594
12
65516
65496
1
42618
12
65516
65496
1
42643
13
65517
65496
1
42669
13
65517
65496
1
42693
13
65517
65496
1
42718
12
65516
65496
1
42743
12
65516
65496
1
42768
12
65517
65496
1
42793
12
65517
65496
1
42818
12
65517
65496
1
42843
12
65516
65496
1
42868
12
65516
65496
1
42893
12
65516
65496
1
42917
12
65517
65496
1
42943
12
65517
65496
1
42968
12
65517
65496
1
42993
12
65517
65496
1
43018
12
65517
65496
1
43042
12
65516
65496
1
43068
12
65516
65496
1
43092
12
65516
65496
1
43117
12
65517
65496
1
43143
12
65517
65496
1
43167
12
65517
65496
1
43193
12
65516
65496
1
43217
12
65516
65496
1
43242
12
65517
65496
1
43268
12
65517
65496
1
43292
12
65517
65496
1
43317
12
65517
65496
1
43342
12
65517
65496
1
43367
12
65517
65496
1
43393
12
65516
65496
1
43417
12
65516
65496
1
43442
12
65516
65496
1
43467
13
65517
65496
1
43492
13
65517
65496
1
43516
12
65517
65496
1
43542
12
65517
65496
1
43567
12
65517
65496
1
43592
12
65517
65496
1
43617
12
65517
65496
1
43641
12
65517
65496
1
43667
12
65517
65496
1
43692
12
65517
65496
1
43716
12
65517
65496
1
43742
12
65517
65496
1
43766
12
65517
65496
1
43792
12
65517
65496
1
43816