13
65517
65495
1
63046
13
65517
65495
1
63072
13
65517
65495
1
63096
12
65517
65496
1
63122
12
65517
65496
1
63147
12
65517
65496
1
63171
12
65517
65496
1
63197
12
65517
65496
1
63221
13
65517
65496
1
63246
13
65517
65496
1
63271
13
65517
65496
1
63296
12
65517
65496
1
63322
12
65517
65496
1
63346
12
65517
65496
1
63371
12
65517
65495
1
63396
12
65517
65495
1
63421
12
65517
65495
1
63446
12
65517
65495
1
63471
12
65517
65495
1
63496
12
65517
65495
1
63521
12
65517
65495
1
63546
12
65517
65495
1
63570
12
65517
65496
1
63596
12
65517
65496
1
63621
12
65517
65496
1
63645
12
65517
65496
1
63671
12
65517
65496
1
63695
12
65517
65496
1
63721
12
65517
65496
1
63746
12
65517
65496
1
63770
12
65517
65496
1
63796
12
65517
65496
1
63820
12
65517
65496
1
63845
12
65517
65495
1
63870
12
65517
65495
1
63895
12
65517
65495
1
63921
12
65517
65496
1
63945
12
65517
65496
1
63970
12
65517
65496
1
63995
12
65517
65496
1
64020
12
65517
65496
1
64045
12
65517
65495
1
64070
12
65517
65495
1
64095
12
65517
65495
1
64120
12
65517
65496
1
64145
12
65517
65496
1
64169
12
65517
65496
1
64195
12
65517
65495
1
64220
12
65517
65495
1
64244
12
65517
65496
1
64270
12
65517
65496
1
64294
12
65517
65496
1
64320
12
65517
65496
1
64345
12
65517
65496
1
64369
12
65517
65496
1
64395
12
65517
65495
1
64419
12
65517
65495
1
64444
12
65517
65495
1
64470
12
65517
65495
1
64494
12
65517
65495
1
64520
12
65517
65495
1
64544
12
65517
65495
1
64569
12
65517
65495
1
64594
12
65517
65495
1
64619
12
65517
65495
1
64644
12
65517
65495
1
64669
13
65517
65495
1
64694
13
65517
65495
1
64719
13
65517
65495
1
64744
12
65517
65496
1
64769
12
65517
65496
1
64794
12
65517
65496
1
64819
12
65517
65496
1
64843
12
65517
65496
1
64869
12
65517
65495
1
64893
12
65517
65495
1
64919
12
65517
65495
1
64944
12
65517
65496
1
64968
12
65517
65496
1
64994
12
65517
65495
1
65018
12
65517
65495
1
65043
12
65517
65495
1
65069
12
65517
65495
1
65093
12
65517
65495
1
65119
12
65517
65495
1
65143
12
65517
65495
1
65168
12
65517
65495
1
65193
12
65517
65495
1
65218
13
65517
65495
1
65243
13
65517
65495
1
65268
12
65517
65496
1
65293
12
65517
65496
1
65318
12
65517
65496
1
65343
12
65517
65495
1
65368
12
65517
65495
1
65393
12
65517
65495
1
65418
12
65517
65496
1
65442
12
65517
65496
1
65468
12
65517
65496
1
65492
13
65517
65495
1
65518
13
65517
65495
1
7
12
65517
65496
1
27
12
65517
65496
1
50
12
65517
65496
1
71
12
65517
65496
1
93
12
65517
65495
1
115
12
65517
65495
1
138
12
65517
65495
1
160
13
65517
65495
1
184
13
65517
65495
1
206
13
65517
65495
1
229
12
65517
65495
1
252
12
65517
65495
1
275
12
65517
65495
1
297
12
65517
65496
1
321
12
65517
65496
1
344
12
65517
65496
1
366
12
65517
65496
1
390
12
65517
65496
1
412
12
65517
65496
1
435
12
65517
65496
1
458
12
65517
65496
1
481
12
65517
65495
1
503
12
65517
65495
1
527
12
65517
65495
1
549
12
65517
65496
1
572
12
65517
65496
1
595
12
65517
65496
1
618
12
65517
65495
1
641
12
65517
65495
1
664
12
65517
65495
1
687
12
65517
65496
1
710
12
65517
65496
1
733
12
65517
65496
1
755
12
65517
65495
1
779
12
65517
65495
1
801
12
65517
65495
1
824
12
65517
65496
1
847
12
65517
65496
1
870
12
65517
65496
1
892
12
65517
65496
1
916
12
65517
65496
1
939
12
65517
65496
1
961
12
65517
65496
1
985
12
65517
65496
1
1007
12
65517
65496
1
1031
12
65517
65495
1
1055
12
65517
65495
1
1079
12
65517
65495
1
1102
12
65517
65496
1
1127
12
65517
65496
1
1150
12
65517
65496
1
1174
12
65517
65495
1
1199
12
65517
65495
1
1222
12
65517
65495
1
1247
12
65517
65495
1
1270
12
65517
65495
1
1294
12
65517
65495
1
1318
12
65517
65495
1
1342
12
65517
65495
1
1366
12
65517
65496
1
1390
12
65517
65496
1
1414
12
65517
65496
1
1437
12
65517
65496
1
1462
12
65517
65496
1
1485
12
65517
65496
1
1510
12
65517
65495
1
1533
12
65517
65495
1
1557
12
65517
65495
1
1582
12
65517
65496
1
1605
12
65517
65496
1
1629
12
65517
65496
1
1653
12
65517
65495
1
1677
12
65517
65495
1
1700
12
65517
65495
1
1725
12
65517
65496
1
1748
12
65517
65496
1
1772
12
65517
65496
1
1797
12
65517
65496
1
1820
12
65517
65496
1
1845
12
65517
65495
1
1868
12
65517
65495
1
1892
12
65517
65495
1
1916
12
65517
65496
1
1940
12
65517
65496
1
1964
12
65517
65496
1
1988
12
65517
65495
1
2012
12
65517
65495
1
2035
12
65517
65495
1
2060
12
65517
65496
1
2083
12
65517
65496
1
2108
12
65517
65496
1
2131
12
65517
65496
1
2155
12
65517
65496
1
2180
12
65517
65496
1
2203
12
65517
65495
1
2227
12
65517
65495
1
2251
12
65517
65496
1
2275
12
65517
65496
1
2298
12
65517
65496
1
2323
12
65517
65496
1
2347
12
65517
65496
1
2370
12
65517
65496
1
2395
12
65517
65496
1
2418
12
65517
65496
1
2443
12
65517
65496
1
2466
12
65517
65496
1
2490
12
65517
65496
1
2514
12
65517
65496
1
2538
12
65517
65495
1
2562
12
65517
65495
1
2586
12
65517
65495
1
2610
12
65517
65496
1
2633
12
65517
65496
1
2658
12
65517
65496
1
2681
12
65516
65496
1
2705
12
65516
65496
1
2729
12
65517
65496
1
2753
12
65517
65496
1
2778
12
65517
65496
1
2801
12
65517
65495
1
2825
12
65517
65495
1
2849
12
65517
65495
1
2873
12
65516
65496
1
2896
12
65516
65496
1
2921
12
65516
65496
1
2945
12
65516
65496
1
2968
12
65516
65496
1
2993
12
65516
65496
1
3016
13
65517
65495
1
3041
13
65517
65495
1
3064
13
65517
65495
1
3088
12
65516
65496
1
3112
12
65516
65496
1
3136
12
65516
65496
1
3160
12
65516
65496
1
3184
12
65516
65496
1
3208
13
65516
65497
1
3231
13
65516
65497
1
3256
13
65516
65497
1
3279
12
65516
65496
1
3303
12
65516
65496
1
3328
12
65516
65496
1
3351
13
65516
65496
1
3376
13
65516
65496
1
3399
13
65516
65496
1
3423
13
65516
65497
1
3447
13
65516
65497
1
3471
13
65516
65497
1
3494
13
65516
65496
1
3519
13
65516
65496
1
3543
13
65516
65496
1
3566
13
65516
65496
1
3591
13
65516
65496
1
3614
13
65516
65496
1
3639
13
65516
65496
1
3662
13
65516
65496
1
3686
13
65516
65496
1
3710
13
65516
65496
1
3734
13
65516
65496
1
3758
13
65516
65497
1
3782
13
65516
65497
1
3806
13
65516
65497
1
3829
13
65516
65497
1
3854
13
65516
65497
1
3877
13
65516
65497
1
3901
13
65516
65497
1
3926
13
65516
65497
1
3949
13
65516
65497
1
3974
14
65516
65497
1
3997
14
65516
65497
1
4021
14
65516
65497
1
4045
14
65516
65497
1
4069
14
65516
65497
1
4092
13
65516
65497
1
4117
13
65516
65497
1
4141
13
65516
65497
1
4164
14
65517
65497
1
4189
14
65517
65497
1
4212
14
65517
65497
1
4236
13
65516
65497
1
4260
13
65516
65497
1
4284
13
65516
65497
1
4308
14
65516
65497
1
4332
14
65516
65497
1
4356
14
65516
65497
1
4380
14
65516
65497
1
4404
14
65516
65497
1
4427
14
65516
65497
1
4452
13
65516
65497
1
4475
13
65516
65497
1
4499
14
65516
65497
1
4524
14
65516
65497
1
4547
14
65516
65497
1
4572
14
65516
65497
1
4595
14
65516
65497
1
4619
14
65516
65497
1
4643
14
65517
65497
1
4667
14
65517
65497
1
4690
14
65517
65497
1
4715
14
65517
65497
1
4739
14
65517
65497
1
4762
14
65517
65497
1
4787
14
65516
65498
1
4810
14
65516
65498
1
4834
14
65516
65498
1
4858
15
65517
65497
1
4882
15
65517
65497
1
4907
15
65517
65497
1
4930
14
65517
65497
1
4954
14
65517
65497
1
4978
14
65517
65497
1
5002
14
65517
65497
1
5025
14
65517
65497
1
5050
14
65517
65497
1
5073
14
65517
65497
1
5097
14
65517
65497
1
5122
15
65517
65497
1
5145
15
65517
65497
1
5170
15
65517
65497
1
5193
14
65517
65497
1
5217
14
65517
65497
1
5241
14
65517
65497
1
5265
14
65517
65497
1
5288
14
65517
65497
1
5313
14
65517
65497
1
5337
14
65517
65497
1
5360
14
65517
65497
1
5385
14
65517
65497
1
5408
14
65517
65497
1
5432
14
65517
65497
1
5456
14
65517
65497
1
5480
14
65517
65497
1
5505
14
65517
65497
1
5528
14
65518
65497
1
5552
14
65518
65497
1
5576
14
65518
65497
1
5600
14
65517
65497
1
5623
14
65517
65497
1
5648
14
65517
65497
1
5671
14
65518
65497
1
5695
14
65518
65497
1
5720
14
65518
65497
1
5743
14
65517
65497
1
5767
14
65517
65497
1
5791
14
65517
65497
1
5815
14
65518
65497
1
5839
14
65518
65497
1
5863
14
65518
65497
1
5886
14
65518
65497
1
5911
14
65518
65497
1
5935
14
65518
65497
1
5958
14
65518
65497
1
5983
14
65518
65497
1
6006
13
65518
65497
1
6030
13
65518
65497
1
6054
13
65518
65497
1
6078
13
65518
65497
1
6103
13
65518
65497
1
6126
13
65518
65497
1
6150
13
65518
65497
1
6174
13
65518
65497
1
6198
13
65518
65497
1
6221
13
65518
65497
1
6246
13
65518
65497
1
6269
13
65518
65497
1
6293
13
65518
65497
1
6318
13
65518
65497
1
6341
13
65518
65496
1
6365
13
65518
65496
1
6389
13
65518
65496
1
6413
13
65518
65497
1
6437
13
65518
65497
1
6461
13
65518
65497
1
6484
13
65518
65496
1
6509
13
65518
65496
1
6533
13
65518
65496
1
6556
13
65518
65496
1
6581
13
65518
65496
1
6604
13
65518
65496
1
6628
13
65518
65497
1
6652
13
65518
65497
1
6676
13
65518
65497
1
6701
13
65518
65496
1
6724
13
65518
65496
1
6748
13
65518
65496
1
6772
13
65518
65496
1
6796
13
65518
65496
1
6819
13
65518
65496
1
6844
13
65518
65496
1
6867
13
65518
65496
1
6891
13
65518
65496
1
6916
13
65518
65496
1
6939
13
65518
65496
1
6963
13
65518
65496
1
6987
13
65518
65496
1
7011
13
65518
65496
1
7035
13
65518
65496
1
7059
13
65518
65496
1
7083
13
65518
65496
1
7107
12
65517
65496
1
7131
12
65517
65496
1
7154
12
65517
65496
1
7179
12
65517
65496
1
7202
12
65517
65496
1
7226
12
65517
65496
1
7250
12
65517
65496
1
7274
12
65517
65496
1
7298
12
65518
65496
1
7322
12
65518
65496
1
7346
12
65518
65496
1
7370
12
65518
65496
1
7394
12
65518
65496
1
7417
12
65518
65496
1
7442
13
65517
65496
1
7465
13
65517
65496
1
7489
13
65517
65496
1
7514
13
65518
65496
1
7537
13
65518
65496
1
7561
13
65518
65496
1
7585
13
65517
65496
1
7609
13
65517
65496
1
7633
13
65517
65496
1
7657
12
65517
65496
1
7681
12
65517
65496
1
7705
13
65518
65496
1
7729
13
65518
65496
1
7752
13
65518
65496
1
7777
13
65517
65496
1
7800
13
65517
65496
1
7824
13
65517
65496
1
7848
12
65518
65496
1
7872
12
65518
65496
1
7896
12
65518
65496
1
7920
12
65517
65496
1
7944
12
65517
65496
1
7968
12
65517
65496
1
7992
13
65517
65496
1
8015
13
65517
65496
1
8040
13
65517
65496
1
8064
12
65517
65496
1
8087
12
65517
65496
1
8112
12
65517
65496
1
8135
12
65517
65496
1
8159
12
65517
65496
1
8183
12
65517
65496
1
8207
12
65517
65496
1
8231
12
65517
65496
1
8255
12
65517
65496
1
8279
12
65517
65496
1
8303
12
65517
65496
1
8327
12
65517
65496
1
8350
12
65517
65496
1
8375
12
65517
65496
1
8398
12
65517
65496
1
8422
12
65517
65496
1
8446
12
65517
65496
1
8470
12
65517
65496
1
8494
12
65517
65496
1
8518
12
65517
65496
1
8542
12
65517
65496
1
8566
12
65517
65496
1
8590
12
65517
65496
1
8613
12
65517
65496
1
8638
12
65517
65496
1
8662
12
65517
65496
1
8685
12
65517
65496
1
8710
12
65517
65496
1
8733
12
65517
65496
1
8757
12
65517
65496
1
8781
12
65517
65496
1
8805
12
65517
65496
1
8828
12
65517
65496
1
8853
12
65517
65496
1
8877
13
65518
65496
1
8901
13
65518
65496
1
8925
13
65518
65496
1
8948
12
65517
65496
1
8973
12
65517
65496
1
8996
12
65517
65496
1
9020
12
65517
65496
1
9044
12
65517
65496
1
9068
12
65517
65496
1
9092
12
65517
65496
1
9116
12
65517
65496
1
9140
12
65517
65496
1
9164
12
65517
65496
1
9188
12
65517
65496
1
9211
12
65517
65496
1
9236
12
65517
65496
1
9260
12
65517
65496
1
9283
13
65517
65496
1
9308
13
65517
65496
1
9331
13
65517
65496
1
9355
12
65517
65496
1
9379
12
65517
65496
1
9403
12
65517
65496
1
9426
12
65517
65496
1
9451
12
65517
65496
1
9475
12
65517
65496
1
9499
12
65517
65496
1
9523
12
65517
65496
1
9546
12
65517
65496
1
9571
12
65517
65496
1
9594
12
65517
65496
1
9618
12
65517
65496
1
9643
12
65517
65496
1
9666
12
65517
65496
1
9690
12
65518
65496
1
9714
12
65518
65496
1
9738
12
65518
65496
1
9762
12
65517
65496
1
9786
12
65517
65496
1
9809
12
65517
65496
1
9834
12
65517
65496
1
9858
12
65517
65496
1
9881
12
65518
65496
1
9906
12
65518
65496
1
9929
12
65518
65496
1
9953
12
65517
65496
1
9977
12
65517
65496
1
10001
12
65517
65496
1
10025
12
65517
65496
1
10051
12
65517
65496
1
10076
12
65517
65496
1
10101
12
65517
65496
1
10126
12
65517
65496
1
10150
12
65517
65496
1
10176
12
65517
65496
1
10201
12
65517
65496
1
10225
13
65517
65496
1
10251
13
65517
65496
1
10275
13
65517
65496
1
10301
12
65517
65496
1
10326
12
65517
65496
1
10350
12
65517
65496
1
10376
12
65517
65496
1
10400
12
65517
65496
1
10425
12
65517
65496
1
10450
12
65517
65496
1
10475
12
65517
65496
1
10501
13
65517
65496
1
10525
13
65517
65496
1
10550
13
65517
65496
1
10575
12
65517
65496
1
10600
12
65517
65496
1
10625
12
65517
65496
1
10650
12
65517
65496
1
10675
12
65517
65496
1
10700
12
65517
65496
1
10725
12
65517
65496
1
10749
12
65517
65496
1
10775
12
65517
65496
1
10800
12
65517
65496
1
10824
12
65517
65496
1
10850
13
65517
65496
1
10874
13
65517
65496
1
10900
13
65517
65496
1
10925
13
65517
65496
1
10949
13
65517
65496
1
10975
12
65517
65496
1
10999
12
65517
65496
1
11024
12
65517
65496
1
11049
12
65517
65496
1
11074
12
65517
65496
1
11100
12
65517
65496
1
11124
12
65517
65496
1
11149
12
65517
65496
1
11174
12
65517
65496
1
11199
12
65517
65496
1
11224
12
65517
65496
1
11249
12
65517
65496
1
11274
12
65517
65496
1
11299
12
65517
65496
1
11324
12
65517
65496
1
11348
12
65517
65496
1
11374
12
65517
65496
1
11399
12
65517
65496
1
11423
12
65517
65496
1
11449
12
65517
65496
1
11473
12
65517
65496
1
11499
12
65517
65496
1
11524
12
65517
65496
1
11548
12
65517
65496
1
11574
12
65517
65496
1
11598
12
65517
65496
1
11623
12
65517
65496
1
11649
12
65517
65496
1
11673
12
65517
65496
1
11699
12
65517
65496
1
11723
12
65517
65496
1
11748
12
65517
65496
1
11773
12
65517
65496
1
11798
12
65517
65496
1
11823
12
65517
65496
1
11848
12
65517
65496
1
11873
12
65517
65496
1
11898
12
65517
65496
1
11923
12
65517
65496
1
11948
12
65517
65496
1
11973
12
65517
65496
1
11998
12
65517
65496
1
12022
12
65517
65496
1
12048
12
65517
65496
1
12072
12
65517
65496
1
12098
12
65517
65496
1
12123
12
65517
65496
1
12147
12
65517
65496
1
12173
12
65517
65496
1
12197
12
65517
65496
1
12222
12
65517
65496
1
12248
12
65517
65496
1
12272
12
65517
65496
1
12298
12
65517
65496
1
12322
12
65517
65496
1
12347
12
65517
65496
1
12372
12
65517
65496
1
12397
12
65517
65496
1
12422
12
65517
65496
1
12447
12
65517
65496
1
12472
13
65517
65496
1
12497
13
65517
65496
1
12522
13
65517
65496
1
12547
12
65517
65496
1
12572
12
65517
65496
1
12597
12
65517
65496
1
12621
12
65517
65496
1
12647
12
65517
65496
1
12672
12
65517
65496
1
12697
13
65517
65496
1
12722
13
65517
65496
1
12746
12
65517
65496
1
12772
12
65517
65496
1
12796
12
65517
65496
1
12821
12
65517
65496
1
12847
12
65517
65496
1
12871
12
65517
65496
1
12897
13
65517
65495
1
12921
13
65517
65495
1
12946
13
65517
65495
1
12972
13
65517
65495
1
12996
13
65517
65495
1
13021
12
65517
65495
1
13046
12
65517
65495
1
13071
12
65517
65495
1
13096
12
65517
65496
1
13121
12
65517
65496
1
13146
12
65517
65496
1
13171
13
65517
65496
1
13196
13
65517
65496
1
13220
12
65517
65496
1
13246
12
65517
65496
1
13271
12
65517
65496
1
13296
12
65517
65496
1
13321
12
65517
65496
1
13345
12
65517
65496
1
13371
13
65517
65496
1
13395
13
65517
65496
1
13420
13
65517
65496
1
13446
12
65517
65496
1
13470
12
65517
65496
1
13496
12
65517
65496
1
13520
12
65517
65496
1
13545
12
65517
65496
1
13571
13
65517
65496
1
13595
13
65517
65496
1
13620
13
65517
65496
1
13645
12
65517
65496
1
13670
12
65517
65496
1
13696
12
65517
65495
1
13720
12
65517
65495
1
13745
12
65517
65495
1
13770
12
65517
65496
1
13795
12
65517
65496
1
13819
12
65517
65496
1
13845
12
65517
65496
1
13870
12
65517
65496
1
13895
12
65517
65496
1
13920
12
65517
65496
1
13944
12
65517
65496
1
13970
12
65517
65496
1
13995
12
65517
65496
1
14019
12
65517
65496
1
14045
12
65517
65496
1
14069
12
65517
65496
1
14095
12
65517
65496
1
14119
12
65517
65496
1
14144
12
65517
65496
1
14170
12
65517
65496
1
14194
12
65517
65496
1
14219
12
65517
65496
1
14244
12
65517
65496
1
14269
12
65517
65496
1
14295
12
65517
65496
1
14319
12
65517
65496
1
14344
12
65517
65496
1
14369
12
65517
65496
1
14394
12
65517
65495
1
14418
12
65517
65495
1
14444
12
65517
65495
1
14469
12
65517
65496
1
14494
12
65517
65496
1
14519
13
65517
65496
1
14543
13
65517
65496
1
14569
13
65517
65496
1
14594
12
65517
65496
1
14618
12
65517
65496
1
14644
12
65517
65496
1
14668
12
65517
65496
1
14694
12
65517
65496
1
14718
12
65517
65496
1
14743
12
65517
65496
1
14769
12
65517
65496
1
14793
13
65517
65496
1
14818
13
65517
65496
1
14843
13
65517
65496
1
14868
12
65517
65496
1
14894
12
65517
65496
1
14918
12
65517
65496
1
14943
12
65517
65496
1
14968
12
65517
65496
1
14993
12
65517
65496
1
15017
12
65517
65496
1
15043
12
65517
65496
1
15068
13
65517
65496
1
15093
13
65517
65496
1
15118
13
65517
65496
1
15142
12
65517
65496
1
15168
12
65517
65496
1
15193
12
65517
65496
1
15217
12
65517
65496
1
15243
12
65517
65496
1
15267
12
65517
65496
1
15293
12
65517
65496
1
15318
12
65517
65496
1
15342
12
65517
65496
1
15368
12
65517
65496
1
15392
12
65517
65496
1
15417
12
65517
65496
1
15442
12
65517
65496
1
15467
12
65517
65496
1
15493
12
65517
65496
1
15517
12
65517
65496
1
15542
12
65517
65496
1
15567
12
65517
65496
1
15592
12
65517
65496
1
15617
13
65517
65496
1
15642
13
65517
65496
1
15667
13
65517
65496
1
15692
12
65517
65496
1
15717
12
65517
65496
1
15741
12
65517
65496
1
15767
12
65517
65496
1
15792
12
65517
65496
1
15816
12
65517
65496
1
15842
12
65517
65496
1
15866
12
65517
65496
1
15892
12
65517
65496
1
15917
12
65517
65496
1
15941
12
65517
65496
1
15967
12
65517
65496
1
15991
12
65517
65496
1
16016
12
65517
65496
1
16041
12
65517
65496
1
16066
12
65517
65496
1
16092
12
65517
65496
1
16116
12
65517
65496
1
16141
12
65517
65496
1
16166
12
65517
65496
1
16191
12
65517
65496
1
16216
12
65517
65496
1
16241
13
65517
65495
1
16266
13
65517
65495
1
16291
12
65517
65496
1
16316
12
65517
65496
1
16340
12
65517
65496
1
16366
13
65517
65496
1
16391
13
65517
65496
1
16415
13
65517
65496
1
16441
12
65517
65496
1
16465
12
65517
65496
1
16491
12
65517
65496
1
16516
12
65517
65496
1
16540
12
65517
65496
1
16566
12
65517
65496
1
16590
12
65517
65496
1
16615
12
65517
65496
1
16641
12
65517
65496
1
16665
12
65517
65496
1
16691
12
65517
65496
1
16715
13
65517
65496
1
16740
13
65517
65496
1
16765
12
65517
65496
1
16790
12
65517
65496
1
16815
12
65517
65496
1
16840
12
65517
65496
1
16865
12
65517
65496
1
16890
12
65517
65496
1
16915
12
65517
65496
1
16940
12
65517
65496
1
16965
12
65517
65496
1
16990
12
65517
65496
1
17014
12
65517
65496
1
17040
12
65517
65496
1
17064
12
65517
65496
1
17090
12
65517
65496
1
17115
12
65517
65496
1
17139
12
65517
65496
1
17165
12
65517
65496
1
17189
12
65517
65496
1
17214
12
65517
65496
1
17240
12
65517
65496
1
17264
12
65517
65496
1
17290
12
65517
65496
1
17314
12
65517
65496
1
17339
12
65517
65496
1
17364
12
65517
65496
1
17389
12
65517
65496
1
17414
12
65517
65496
1
17439
12
65517
65496
1
17464
12
65517
65496
1
17489
12
65517
65496
1
17514
12
65517
65496
1
17539
12
65517
65496
1
17564
12
65517
65496
1
17589
12
65517
65496
1
17613
12
65517
65496
1
17639
12
65517
65496
1
17664
12
65517
65496
1
17689
12
65517
65496
1
17714
12
65517
65496
1
17738
12
65517
65496
1
17764
12
65517
65496
1
17788
12
65517
65496
1
17813
12
65517
65496
1
17839
12
65517
65496
1
17863
12
65517
65496
1
17889
12
65517
65496
1
17913
12
65517
65496
1
17938
12
65517
65495
1
17964
12
65517
65495
1
17988
12
65517
65495
1
18013
12
65517
65495
1
18038
12
65517
65495
1
18063
13
65517
65496
1
18088
13
65517
65496
1
18113
13
65517
65496
1
18138
12
65517
65496
1
18163
12
65517
65496
1
18188
12
65517
65496
1
18212
13
65517
65496
1
18238
13
65517
65496
1
18263
12
65517
65496
1
18288
12
65517
65496
1
18313
12
65517
65496
1
18337
12
65517
65496
1
18363
12
65517
65496
1
18387
12
65517
65496
1
18412
12
65517
65496
1
18438
12
65517
65496
1
18462
12
65517
65496
1
18488
12
65517
65496
1
18512
12
65517
65496
1
18537
13
65517
65496
1
18563
13
65517
65496
1
18587
13
65517
65496
1
18612
12
65517
65496
1
18637
12
65517
65496
1
18662
12
65517
65496
1
18688
13
65517
65496
1
18712
13
65517
65496
1
18737
13
65517
65496
1
18762
13
65517
65496
1
18787
13
65517
65496
1
18811
12
65517
65496
1
18837
12
65517
65496
1
18862
12
65517
65496
1
18887
12
65517
65495
1
18912
12
65517
65495
1
18936
12
65517
65495
1
18962
12
65517
65496
1
18987
12
65517
65496
1
19011
12
65517
65496
1
19037
12
65517
65496
1
19061
12
65517
65496
1
19087
12
65517
65496
1
19111
12
65517
65496
1
19136
12
65517
65496
1
19162
12
65517
65496
1
19186
12
65517
65496
1
19211
12
65517
65496
1
19236
12
65517
65496
1
19261
12
65517
65496
1
19287
12
65517
65496
1
19311
12
65517
65496
1
19336
12
65517
65496
1
19361
12
65517
65496
1
19386
12
65517
65496
1
19410
12
65517
65496
1
19436
12
65517
65496
1
19461
12
65517
65496
1
19486
12
65517
65496
1
19511
12
65517
65496
1
19535
12
65517
65496
1
19561
13
65517
65495
1
19586
13
65517
65495
1
19610
13
65517
65495
1
19636
12
65517
65496
1
19660
12
65517
65496
1
19686
12
65517
65496
1
19710
13
65517
65495
1
19735
13
65517
65495
1
19761
13
65517
65495
1
19785
13
65517
65495
1
19810
13
65517
65495
1
19835
12
65517
65496
1
19860
12
65517
65496
1
19886
12
65517
65496
1
19910
13
65517
65495
1
19935
13
65517
65495
1
19960
13
65517
65495
1
19985
12
65517
65496
1
20009
12
65517
65496
1
20035
13
65517
65496
1
20060
13
65517
65496
1
20085
13
65517
65496
1
20110
12
65517
65496
1
20134
12
65517
65496
1
20160
12
65517
65496
1
20185
12
65517
65495
1
20209
12
65517
65495
1
20235
12
65517
65495
1
20259
12
65517
65495
1
20285
12
65517
65495
1
20310
12
65517
65496
1
20334
12
65517
65496
1
20360
12
65517
65496
1
20384
12
65517
65496
1
20409
12
65517
65496
1
20434
12
65517
65496
1
20459
12
65517
65495
1
20485
12
65517
65495
1
20509
12
65517
65495
1
20534
12
65517
65495
1
20559
12
65517
65495
1
20584
12
65517
65495
1
20609
12
65517
65495
1
20634
12
65517
65495
1
20659
12
65517
65496
1
20684
12
65517
65496
1
20709
12
65517
65496
1
20733
12
65517
65495
1
20759
12
65517
65495
1
20784
12
65517
65496
1
20808
12
65517
65496
1
20834
12
65517
65496
1
20858
12
65517
65495
1
20884
12
65517
65495
1
20909
12
65517
65495
1
20933
12
65518
65495
1
20959
12
65518
65495
1
20983
12
65518
65495
1
21008
12
65517
65495
1
21033
12
65517
65495
1
21058
12
65517
65495
1
21084
12
65517
65495
1
21108
12
65517
65495
1
21133
13
65517
65496
1
21158
13
65517
65496
1
21183
13
65517
65496
1
21208
12
65517
65495
1
21233
12
65517
65495
1
21258
12
65517
65495
1
21283
12
65517
65495
1
21308
12
65517
65495
1
21332
12
65517
65495
1
21358
12
65517
65495
1
21383
12
65517
65495
1
21407
13
65517
65496
1
21433
13
65517
65496
1
21457
13
65517
65496
1
21483
13
65517
65495
1
21508
13
65517
65495
1
21532
13
65517
65495
1
21558
13
65517
65495
1
21582
13
65517
65495
1
21607
12
65517
65495
1
21633
12
65517
65495
1
21657
12
65517
65495
1
21683
12
65517
65496
1
21707
12
65517
65496
1
21732
12
65517
65496
1
21757
12
65518
65496
1
21782
12
65518
65496
1
21807
12
65517
65495
1
21832
12
65517
65495
1
21857
12
65517
65495
1
21882
12
65517
65495
1
21907
12
65517
65495
1
21932
12
65517
65495
1
21957
12
65517
65496
1
21982
12
65517
65496
1
22006
12
65517
65496
1
22032
12
65517
65495
1
22056
12
65517
65495
1
22082