12
65517
65495
1
23454
12
65517
65496
1
23480
12
65517
65496
1
23504
12
65517
65496
1
23529
12
65517
65495
1
23555
12
65517
65495
1
23579
12
65517
65495
1
23604
12
65517
65495
1
23629
12
65517
65495
1
23654
12
65517
65495
1
23680
12
65517
65495
1
23704
12
65517
65495
1
23729
13
65517
65495
1
23754
13
65517
65495
1
23779
13
65517
65495
1
23803
12
65517
65495
1
23829
12
65517
65495
1
23854
13
65517
65495
1
23879
13
65517
65495
1
23904
13
65517
65495
1
23928
12
65517
65495
1
23954
12
65517
65495
1
23979
12
65517
65495
1
24003
12
65517
65495
1
24029
12
65517
65495
1
24053
13
65517
65495
1
24079
13
65517
65495
1
24103
13
65517
65495
1
24128
12
65517
65495
1
24154
12
65517
65495
1
24178
12
65517
65495
1
24203
12
65517
65495
1
24228
12
65517
65495
1
24253
12
65517
65495
1
24279
13
65517
65495
1
24303
13
65517
65495
1
24328
12
65517
65496
1
24353
12
65517
65496
1
24378
12
65517
65496
1
24402
12
65517
65495
1
24428
12
65517
65495
1
24453
12
65517
65495
1
24478
12
65517
65496
1
24503
12
65517
65496
1
24527
12
65517
65496
1
24553
12
65517
65495
1
24578
12
65517
65495
1
24602
12
65517
65496
1
24628
12
65517
65496
1
24652
12
65517
65496
1
24678
12
65517
65495
1
24702
12
65517
65495
1
24727
12
65517
65495
1
24753
13
65517
65495
1
24777
13
65517
65495
1
24802
12
65517
65496
1
24827
12
65517
65496
1
24852
12
65517
65496
1
24878
13
65517
65496
1
24902
13
65517
65496
1
24927
13
65517
65496
1
24952
12
65517
65496
1
24977
12
65517
65496
1
25001
12
65517
65496
1
25027
12
65517
65496
1
25052
12
65517
65496
1
25077
12
65517
65495
1
25102
12
65517
65495
1
25126
12
65517
65495
1
25152
12
65517
65495
1
25177
12
65517
65495
1
25201
12
65517
65495
1
25227
12
65517
65495
1
25251
12
65517
65495
1
25277
12
65517
65495
1
25302
12
65517
65495
1
25326
12
65517
65495
1
25352
12
65517
65495
1
25376
12
65517
65495
1
25401
12
65517
65495
1
25426
12
65517
65495
1
25451
12
65517
65495
1
25477
12
65517
65495
1
25501
12
65517
65496
1
25526
12
65517
65496
1
25551
12
65517
65496
1
25576
12
65517
65496
1
25601
12
65517
65496
1
25626
12
65517
65496
1
25651
12
65517
65496
1
25676
12
65517
65496
1
25701
12
65517
65495
1
25725
12
65517
65495
1
25751
12
65517
65495
1
25776
12
65517
65495
1
25800
12
65517
65495
1
25826
12
65517
65496
1
25850
12
65517
65496
1
25876
12
65517
65496
1
25901
12
65517
65495
1
25925
12
65517
65495
1
25951
12
65517
65495
1
25975
12
65517
65495
1
26000
12
65517
65495
1
26025
12
65517
65495
1
26050
12
65517
65495
1
26076
12
65517
65495
1
26100
13
65517
65496
1
26125
13
65517
65496
1
26150
13
65517
65496
1
26175
12
65517
65496
1
26200
12
65517
65496
1
26225
12
65517
65496
1
26250
13
65517
65495
1
26275
13
65517
65495
1
26300
13
65517
65495
1
26324
12
65517
65496
1
26350
12
65517
65496
1
26375
12
65517
65496
1
26399
12
65517
65496
1
26425
12
65517
65496
1
26449
12
65517
65495
1
26475
12
65517
65495
1
26500
12
65517
65495
1
26524
12
65517
65495
1
26550
12
65517
65495
1
26574
13
65517
65495
1
26599
13
65517
65495
1
26625
13
65517
65495
1
26649
12
65517
65495
1
26675
12
65517
65495
1
26699
12
65517
65495
1
26724
12
65517
65495
1
26749
12
65517
65495
1
26774
12
65517
65495
1
26799
12
65517
65496
1
26824
12
65517
65496
1
26849
12
65517
65496
1
26874
12
65517
65496
1
26899
12
65517
65496
1
26924
12
65517
65495
1
26949
12
65517
65495
1
26974
12
65517
65495
1
26998
12
65517
65496
1
27024
12
65517
65496
1
27048
12
65517
65496
1
27074
12
65517
65495
1
27099
12
65517
65495
1
27123
13
65517
65496
1
27149
13
65517
65496
1
27173
13
65517
65496
1
27198
12
65517
65495
1
27224
12
65517
65495
1
27248
12
65517
65495
1
27274
13
65517
65496
1
27298
13
65517
65496
1
27323
12
65517
65496
1
27348
12
65517
65496
1
27373
12
65517
65496
1
27398
12
65517
65496
1
27423
12
65517
65496
1
27448
12
65517
65496
1
27473
12
65517
65496
1
27498
12
65517
65496
1
27523
12
65517
65496
1
27548
13
65517
65496
1
27573
13
65517
65496
1
27597
12
65517
65496
1
27623
12
65517
65496
1
27648
12
65517
65496
1
27673
12
65517
65496
1
27698
12
65517
65496
1
27722
12
65517
65496
1
27748
12
65517
65496
1
27772
12
65517
65496
1
27797
12
65517
65496
1
27823
12
65517
65496
1
27847
12
65517
65496
1
27873
13
65517
65496
1
27897
13
65517
65496
1
27922
13
65517
65496
1
27948
13
65517
65496
1
27972
13
65517
65496
1
27997
13
65517
65496
1
28022
12
65517
65496
1
28047
12
65517
65496
1
28072
12
65517
65496
1
28097
12
65517
65496
1
28122
12
65517
65496
1
28147
12
65517
65496
1
28172
12
65517
65496
1
28196
12
65517
65496
1
28222
12
65517
65496
1
28247
12
65517
65496
1
28272
12
65517
65496
1
28297
12
65517
65496
1
28321
12
65517
65496
1
28347
12
65517
65496
1
28371
12
65517
65496
1
28396
12
65517
65496
1
28422
12
65517
65496
1
28446
12
65517
65496
1
28472
12
65517
65496
1
28496
12
65517
65496
1
28521
12
65517
65496
1
28547
12
65517
65496
1
28571
13
65517
65496
1
28596
13
65517
65496
1
28621
12
65517
65496
1
28646
12
65517
65496
1
28672
12
65517
65496
1
28696
12
65517
65496
1
28721
12
65517
65496
1
28746
12
65517
65496
1
28771
12
65517
65496
1
28795
12
65517
65496
1
28821
12
65517
65496
1
28846
12
65517
65497
1
28871
12
65517
65497
1
28896
12
65517
65496
1
28920
12
65517
65496
1
28946
12
65517
65496
1
28971
12
65517
65496
1
28995
12
65517
65496
1
29021
12
65517
65496
1
29045
12
65517
65496
1
29071
12
65517
65496
1
29095
12
65517
65496
1
29120
12
65517
65496
1
29146
12
65517
65496
1
29170
12
65516
65496
1
29195
12
65516
65496
1
29220
12
65516
65496
1
29245
12
65517
65496
1
29271
12
65517
65496
1
29295
12
65517
65496
1
29320
12
65517
65496
1
29345
12
65517
65496
1
29370
12
65517
65496
1
29394
12
65517
65496
1
29420
12
65517
65496
1
29445
13
65517
65496
1
29470
13
65517
65496
1
29495
13
65517
65496
1
29519
12
65517
65496
1
29545
12
65517
65496
1
29570
12
65517
65496
1
29594
12
65517
65496
1
29620
12
65517
65496
1
29644
12
65517
65496
1
29670
12
65517
65496
1
29694
12
65517
65496
1
29719
12
65517
65496
1
29745
12
65517
65496
1
29769
12
65517
65496
1
29794
12
65517
65496
1
29819
12
65517
65496
1
29844
12
65517
65496
1
29870
12
65517
65496
1
29894
12
65517
65496
1
29919
13
65517
65496
1
29944
13
65517
65496
1
29969
13
65517
65496
1
29993
12
65517
65496
1
30019
12
65517
65496
1
30044
12
65517
65496
1
30069
12
65517
65496
1
30094
12
65517
65496
1
30118
12
65517
65496
1
30144
12
65517
65496
1
30169
12
65517
65496
1
30193
12
65517
65496
1
30219
12
65517
65496
1
30243
12
65517
65496
1
30269
12
65517
65496
1
30294
12
65517
65496
1
30318
12
65517
65496
1
30344
12
65517
65496
1
30368
12
65517
65496
1
30393
13
65517
65496
1
30418
13
65517
65496
1
30443
13
65517
65496
1
30469
12
65517
65496
1
30493
12
65517
65496
1
30518
12
65517
65496
1
30543
12
65517
65496
1
30568
12
65517
65496
1
30593
12
65517
65496
1
30618
12
65517
65496
1
30643
12
65517
65496
1
30668
12
65517
65496
1
30693
12
65517
65496
1
30717
12
65517
65496
1
30743
12
65517
65496
1
30768
12
65517
65496
1
30792
12
65517
65496
1
30818
12
65517
65496
1
30842
12
65517
65496
1
30868
13
65517
65496
1
30893
13
65517
65496
1
30917
13
65517
65496
1
30943
12
65517
65496
1
30967
12
65517
65496
1
30992
12
65517
65496
1
31017
12
65517
65496
1
31042
12
65517
65496
1
31068
12
65517
65496
1
31092
12
65517
65496
1
31117
12
65517
65496
1
31142
12
65517
65496
1
31167
12
65517
65496
1
31192
12
65517
65496
1
31217
13
65517
65496
1
31242
13
65517
65496
1
31267
13
65517
65496
1
31292
12
65517
65496
1
31316
12
65517
65496
1
31342
12
65517
65496
1
31367
12
65517
65496
1
31391
12
65517
65496
1
31417
12
65517
65496
1
31441
12
65517
65496
1
31467
12
65517
65496
1
31492
12
65517
65496
1
31516
12
65517
65496
1
31542
12
65517
65496
1
31566
12
65517
65496
1
31591
12
65517
65496
1
31617
12
65517
65496
1
31641
12
65517
65496
1
31667
12
65517
65496
1
31691
12
65517
65496
1
31716
12
65517
65496
1
31741
12
65517
65496
1
31766
12
65517
65496
1
31791
12
65517
65496
1
31816
12
65517
65496
1
31841
12
65517
65496
1
31866
12
65517
65496
1
31891
12
65517
65496
1
31916
12
65517
65496
1
31941
12
65517
65496
1
31966
12
65517
65496
1
31990
12
65517
65496
1
32016
12
65517
65496
1
32040
13
65517
65497
1
32066
13
65517
65497
1
32091
13
65517
65497
1
32115
12
65517
65496
1
32141
12
65517
65496
1
32165
12
65517
65496
1
32190
12
65517
65496
1
32216
12
65517
65496
1
32240
12
65517
65496
1
32266
12
65517
65496
1
32290
12
65517
65496
1
32315
12
65517
65497
1
32340
12
65517
65497
1
32365
12
65517
65496
1
32390
12
65517
65496
1
32415
12
65517
65496
1
32440
12
65517
65496
1
32465
12
65517
65496
1
32490
12
65517
65496
1
32515
12
65517
65496
1
32540
12
65517
65496
1
32565
12
65517
65496
1
32589
12
65517
65496
1
32615
12
65517
65496
1
32640
12
65517
65496
1
32665
12
65517
65496
1
32690
12
65517
65496
1
32714
12
65517
65496
1
32740
12
65517
65496
1
32764
12
65517
65496
1
32789
12
65517
65496
1
32815
12
65517
65496
1
32839
12
65517
65496
1
32865
12
65517
65496
1
32889
12
65517
65496
1
32914
12
65517
65496
1
32940
12
65517
65496
1
32964
12
65517
65496
1
32989
12
65517
65496
1
33014
12
65517
65496
1
33039
12
65517
65496
1
33064
13
65517
65496
1
33089
13
65517
65496
1
33114
12
65517
65496
1
33139
12
65517
65496
1
33164
12
65517
65496
1
33188
12
65517
65496
1
33214
12
65517
65496
1
33239
12
65517
65496
1
33264
12
65517
65496
1
33289
12
65517
65496
1
33313
12
65517
65496
1
33339
12
65517
65496
1
33363
12
65517
65496
1
33388
12
65517
65496
1
33414
12
65517
65496
1
33438
12
65517
65496
1
33464
12
65517
65496
1
33488
12
65517
65496
1
33513
12
65517
65496
1
33539
12
65517
65496
1
33563
12
65517
65496
1
33588
12
65517
65496
1
33613
12
65517
65496
1
33638
12
65517
65496
1
33664
12
65517
65496
1
33688
12
65517
65496
1
33713
12
65517
65496
1
33738
12
65517
65496
1
33763
12
65517
65496
1
33787
12
65517
65496
1
33813
12
65516
65496
1
33838
12
65516
65496
1
33863
12
65517
65497
1
33888
12
65517
65497
1
33912
12
65517
65497
1
33938
12
65517
65496
1
33963
12
65517
65496
1
33987
12
65517
65496
1
34013
12
65517
65496
1
34037
12
65517
65496
1
34063
12
65517
65496
1
34087
13
65517
65496
1
34112
13
65517
65496
1
34138
12
65517
65496
1
34162
12
65517
65496
1
34187
12
65517
65496
1
34212
12
65517
65496
1
34237
12
65517
65496
1
34263
12
65517
65496
1
34287
12
65517
65496
1
34312
12
65517
65496
1
34337
12
65517
65496
1
34362
12
65517
65497
1
34386
12
65517
65497
1
34412
12
65517
65496
1
34437
12
65517
65496
1
34462
12
65517
65496
1
34487
12
65517
65496
1
34511
12
65517
65496
1
34537
12
65517
65496
1
34562
12
65517
65496
1
34586
12
65517
65496
1
34612
12
65517
65496
1
34636
13
65517
65496
1
34662
13
65517
65496
1
34686
12
65517
65496
1
34711
12
65517
65496
1
34737
12
65517
65496
1
34761
12
65517
65496
1
34786
12
65517
65496
1
34811
12
65517
65496
1
34836
12
65517
65496
1
34862
12
65517
65496
1
34886
13
65517
65496
1
34911
13
65517
65496
1
34936
13
65517
65496
1
34961
12
65517
65496
1
34985
12
65517
65496
1
35011
12
65517
65496
1
35036
12
65517
65497
1
35061
12
65517
65497
1
35086
12
65517
65497
1
35110
13
65517
65496
1
35136
13
65517
65496
1
35161
12
65517
65497
1
35185
12
65517
65497
1
35211
12
65517
65497
1
35235
12
65517
65496
1
35261
12
65517
65496
1
35286
12
65517
65496
1
35310
12
65517
65496
1
35336
12
65517
65496
1
35360
12
65517
65496
1
35385
12
65517
65497
1
35410
12
65517
65497
1
35435
12
65517
65497
1
35461
12
65517
65497
1
35485
12
65517
65497
1
35510
12
65517
65497
1
35535
12
65517
65497
1
35560
12
65517
65497
1
35585
13
65517
65496
1
35610
13
65517
65496
1
35635
12
65517
65496
1
35660
12
65517
65496
1
35685
12
65517
65496
1
35709
12
65517
65497
1
35735
12
65517
65497
1
35760
12
65517
65497
1
35784
12
65517
65496
1
35810
12
65517
65496
1
35834
12
65517
65496
1
35860
12
65517
65497
1
35885
12
65517
65497
1
35909
12
65517
65496
1
35935
12
65517
65496
1
35959
12
65517
65496
1
35984
12
65517
65497
1
36009
12
65517
65497
1
36034
12
65517
65497
1
36060
12
65517
65496
1
36084
12
65517
65496
1
36109
12
65517
65496
1
36134
12
65517
65496
1
36159
12
65517
65496
1
36184
12
65517
65497
1
36209
12
65517
65497
1
36234
12
65517
65497
1
36259
12
65517
65496
1
36284
12
65517
65496
1
36308
12
65517
65496
1
36334
12
65517
65497
1
36359
12
65517
65497
1
36383
12
65517
65497
1
36409
12
65517
65497
1
36433
12
65517
65497
1
36459
12
65517
65496
1
36484
12
65517
65496
1
36508
12
65517
65496
1
36534
12
65517
65497
1
36558
12
65517
65497
1
36583
12
65517
65497
1
36609
12
65517
65497
1
36633
12
65517
65497
1
36659
12
65517
65497
1
36683
12
65517
65497
1
36708
12
65517
65497
1
36733
12
65517
65497
1
36758
12
65517
65497
1
36783
12
65517
65497
1
36808
12
65517
65497
1
36833
12
65517
65497
1
36858
12
65517
65497
1
36883
12
65517
65497
1
36908
12
65517
65497
1
36933
12
65518
65497
1
36958
12
65518
65497
1
36982
12
65518
65497
1
37008
12
65517
65497
1
37032
12
65517
65497
1
37058
12
65517
65497
1
37083
12
65518
65497
1
37107
12
65518
65497
1
37133
12
65517
65497
1
37157
12
65517
65497
1
37182
12
65517
65497
1
37208
12
65517
65497
1
37232
12
65517
65497
1
37258
12
65517
65497
1
37282
12
65518
65497
1
37307
12
65518
65497
1
37332
12
65518
65497
1
37357
12
65517
65498
1
37382
12
65517
65498
1
37407
12
65518
65497
1
37432
12
65518
65497
1
37457
12
65518
65497
1
37482
12
65517
65497
1
37507
12
65517
65497
1
37532
12
65517
65497
1
37557
12
65517
65498
1
37581
12
65517
65498
1
37607
12
65517
65498
1
37632
12
65518
65497
1
37657
12
65518
65497
1
37682
12
65517
65498
1
37706
12
65517
65498
1
37732
12
65517
65498
1
37756
12
65518
65498
1
37781
12
65518
65498
1
37807
12
65518
65498
1
37831
11
65517
65498
1
37857
11
65517
65498
1
37881
11
65517
65498
1
37906
11
65518
65498
1
37932
11
65518
65498
1
37956
12
65518
65498
1
37981
12
65518
65498
1
38006
12
65518
65498
1
38031
11
65518
65499
1
38056
11
65518
65499
1
38081
11
65518
65499
1
38106
11
65519
65499
1
38131
11
65519
65499
1
38156
11
65519
65499
1
38180
11
65519
65499
1
38206
11
65519
65499
1
38231
10
65519
65500
1
38256
10
65519
65500
1
38281
10
65519
65500
1
38305
10
65520
65500
1
38331
10
65520
65500
1
38355
10
65520
65500
1
38380
9
65521
65501
1
38406
9
65521
65501
1
38429
9
65522
65501
1
38454
9
65522
65501
1
38477
9
65522
65501
1
38501
8
65523
65502
1
38525
8
65523
65502
1
38549
8
65523
65502
1
38573
7
65526
65501
1
38597
7
65526
65501
1
38621
7
65526
65501
1
38644
6
65527
65500
1
38669
6
65527
65500
1
38692
6
65527
65500
1
38717
5
65529
65498
1
38740
5
65529
65498
1
38764
5
65529
65498
1
38789
7
65529
65495
1
38812
7
65529
65495
1
38836
7
65529
65495
1
38860
9
65528
65495
1
38884
9
65528
65495
1
38907
11
65526
65496
1
38932
11
65526
65496
1
38957
11
65526
65496
1
38982
11
65526
65498
1
39007
11
65526
65498
1
39031
11
65526
65498
1
39057
10
65529
65504
1
39081
10
65529
65504
1
39106
10
65529
65504
1
39132
11
0
65498
1
39156
11
0
65498
1
39177
11
0
65498
1
39198
14
2
65492
1
39219
14
2
65492
1
39239
14
2
65492
1
39261
21
65533
65488
1
39281
21
65533
65488
1
39306
21
65533
65488
1
39331
25
65533
65489
1
39356
25
65533
65489
1
39382
27
65529
65488
1
39406
27
65529
65488
1
39431
27
65529
65488
1
39456
24
65523
65491
1
39481
24
65523
65491
1
39505
24
65523
65491
1
39531
18
65516
65493
1
39556
18
65516
65493
1
39581
18
65516
65493
1
39606
10
65513
65496
1
39630
10
65513
65496
1
39656
4
65514
65496
1
39681
4
65514
65496
1
39704
4
65514
65496
1
39729
3
65517
65492
1
39752
3
65517
65492
1
39776
3
65517
65492
1
39800
4
65517
65487
1
39824
4
65517
65487
1
39848
4
65517
65487
1
39872
6
65517
65485
1
39896
6
65517
65485
1
39920
6
65517
65485
1
39944
8
65517
65484
1
39967
8
65517
65484
1
39992
8
65517
65484
1
40015
10
65516
65483
1
40039
10
65516
65483
1
40065
11
65517
65483
1
40089
11
65517
65483
1
40115
11
65517
65483
1
40139
12
65517
65483
1
40164
12
65517
65483
1
40189
12
65517
65483
1
40214
12
65517
65482
1
40239
12
65517
65482
1
40264
12
65517
65482
1
40289
12
65518
65482
1
40314
12
65518
65482
1
40339
13
65517
65481
1
40364
13
65517
65481
1
40389
13
65517
65481
1
40414
14
65515
65481
1
40438
14
65515
65481
1
40464
14
65515
65481
1
40488
15
65514
65482
1
40514
15
65514
65482
1
40539
15
65514
65484
1
40563
15
65514
65484
1
40589
15
65514
65484
1
40613
15
65515
65485
1
40638
15
65515
65485
1
40664
15
65515
65485
1
40688
15
65516
65485
1
40714
15
65516
65485
1
40738
15
65516
65485
1
40763
17
65517
65484
1
40788
17
65517
65484
1
40813
19
65517
65483
1
40838
19
65517
65483
1
40863
19
65517
65483
1
40888
22
65515
65484
1
40913
22
65515
65484
1
40938
22
65515
65484
1
40963
24
65514
65486
1
40988
24
65514
65486
1
41013
24
65514
65486
1
41037
24
65513
65489
1
41063
24
65513
65489
1
41088
23
65513
65491
1
41113
23
65513
65491
1
41138
23
65513
65491
1
41162
23
65513
65491
1
41188
23
65513
65491
1
41212
23
65513
65491
1
41237
22
65513
65491
1
41263
22
65513
65491
1
41287
22
65513
65491
1
41313
22
65514
65490
1
41337
22
65514
65490
1
41362
22
65514
65490
1
41388
22
65514
65490
1
41412
22
65514
65490
1
41437
22
65514
65489
1
41462
22
65514
65489
1
41487
22
65514
65489
1
41512
21
65514
65489
1
41537
21
65514
65489
1
41562
22
65514
65489
1
41587
22
65514
65489
1
41612
22
65514
65489
1
41636
22
65515
65488
1
41662
22
65515
65488
1
41687
22
65515
65488
1
41712
22
65515
65488
1
41737
22
65515
65488
1
41761
22
65515
65488
1
41787
22
65515
65488
1
41811
22
65515
65488
1
41836
22
65515
65487
1
41862
22
65515
65487
1
41886
22
65515
65487
1
41912
22
65515
65488
1
41936
22
65515
65488
1
41961
22
65515
65488
1
41987
22
65515
65487
1
42011
22
65515
65487
1
42036
22
65515
65487
1
42061
22
65515
65488
1
42086
22
65515
65488
1
42112
22
65515
65487
1
42136
22
65515
65487
1
42161
22
65515
65487
1
42186
22
65515
65488
1
42211
22
65515
65488
1
42235
22
65515
65488
1
42261
22
65515
65488
1
42286
22
65515
65488
1
42311
22
65515
65488
1
42336
22
65515
65488
1
42360
22
65515
65488
1
42386
22
65515
65488
1
42411
22
65515
65488
1
42435
22
65515
65488
1
42461
22
65515
65488
1
42485
22
65515
65488
1
42511
22
65515
65488
1
42535
22
65515
65488
1
42560
22
65515
65488
1
42586
22
65515
65487
1
42610
22
65515
65487
1
42635
22
65515
65487
1
42660
22
65515
65488
1
42685
22
65515
65488
1
42711
22
65515
65488
1
42735
22
65515
65488
1
42760
22
65515
65488
1
42785
22
65515
65488
1
42810
22
65515
65488
1
42834
22
65515
65488
1
42860
23
65515
65488
1
42885
23
65515
65488
1
42910
23
65515
65488
1
42935
22
65515
65487
1
42959
22
65515
65487
1
42985
22
65515
65487
1
43010
22
65515
65487
1
43034
22
65515
65487
1
43060
23
65515
65487
1
43084
23
65515
65487
1
43110
23
65515
65487
1
43134
23
65515
65487
1
43159
23
65515
65487
1
43185
23
65515
65487
1
43209
22
65515
65488
1
43234
22
65515
65488
1
43259
22
65515
65488
1
43284
22
65515
65488
1
43310
22
65515
65488
1
43334
22
65515
65488
1
43359
22
65515
65488
1
43384
22
65515
65488
1
43409
23
65515
65488
1
43433
23
65515
65488
1
43459
23
65515
65488
1
43484
23
65515
65487
1
43509
23
65515
65487
1
43534
23
65515
65487
1
43558
22
65515
65488
1
43584
22
65515
65488
1
43609
23
65515
65488
1
43633
23
65515
65488
1
43659
23
65515
65488
1
43683
22
65515
65488
1
43709
22
65515
65488
1
43734
22
65515
65488
1
43758
22
65515
65488
1
43784
22
65515
65488
1
43808
22
65515
65488
1
43833
22
65515
65488
1
43858
22
65515
65488
1
43883
23
65515
65487
1
43909
23
65515
65487
1
43933
23
65515
65487
1
43958
23
65515
65488
1
43983
23
65515
65488
1
44008
23
65515
65488
1
44033
22
65515
65488
1
44058
22
65515
65488
1
44083
22
65515
65488
1
44108
22
65515
65488
1
44133
22
65515
65488
1
44157
22
65515
65487
1
44183
22
65515
65487
1
44208
22
65515
65487
1
44232
23
65515
65488
1
44258
23
65515
65488
1
44282
23
65515
65488
1
44308
23
65515
65488
1
44333
23
65515
65488
1
44357
22
65515
65488
1
44383
22
65515
65488
1
44407
22
65515
65488
1
44432
23
65515
65488
1
44457
23
65515
65488
1
44482
23
65515
65488
1
44508
23
65515
65488
1
44532
23
65515
65488
1
44557
23
65515
65488
1
44582
23
65515
65488
1
44607
23
65515
65488
1
44632
23
65515
65488
1
44657
23
65515
65488
1
44682
23
65515
65488
1
44707
23
65515
65487
1
44732
23
65515
65487
1
44756
23
65515
65487
1
44782
23
65515
65488
1
44807
23
65515
65488
1
44831
23
65515
65488
1
44857
23
65515
65488
1
44881
23
65515
65488
1
44907
23
65515
65488
1
44932
23
65515
65488
1
44956
23
65515
65488
1
44982
23
65515
65488
1
45006
23
65515
65488
1
45031
23
65515
65488
1
45057
23
65515
65488
1
45081
23
65515
65488
1
45107
23
65515
65488
1
45131
23
65515
65488
1
45156
23
65515
65488
1
45181
23
65515
65488
1
45206
23
65515
65488
1
45231
23
65515
65488
1
45256
22
65515
65488
1
45281
22
65515
65488
1
45306
22
65515
65488
1
45331
23
65515
65488
1
45356
23
65515
65488
1
45381
23
65515
65488
1
45406
23
65515
65488
1
45430
23
65515
65488
1
45456
23
65515
65488
1
45480
23
65515
65488
1
45506
23
65515
65488
1
45531
23
65515
65488
1
45555
23
65515
65488
1
45581
23
65515
65487
1
45605
23
65515
65487
1
45630
23
65515
65487
1
45656
23
65515
65488
1
45680
23
65515
65488
1
45706
23
65515
65488
1
45730
23
65515
65488
1
45755
23
65515
65488
1
45780
23
65515
65488
1
45805
23
65515
65488
1
45830
23
65515
65488
1
45855
23
65515
65488
1
45880
23
65515
65488
1
45905
23
65515
65488
1
45930
23
65515
65488
1
45955
23
65515
65488
1
45980
23
65515
65488
1
46005
23
65515
65488
1
46029
23
65515
65488
1
46055
23
65515
65488
1
46080
23
65515
65488
1
46105
23
65515
65488
1
46130
23
65515
65488
1
46154
23
65515
65488
1
46180
23
65515
65488
1
46204
23
65515
65488
1
46229
23
65515
65488
1
46255
23
65515
65488
1
46279
23
65515
65488
1
46305
23
65515
65488
1
46329
23
65515
65488
1
46354
23
65515
65488
1
46380
23
65515
65488
1
46404
23
65515
65488
1
46429
23
65515
65488
1
46454
23
65515
65488
1
46479
23
65515
65488
1
46504
23
65515
65488
1
46529
23
65515
65488
1
46554
23
65515
65488
1
46579
23
65515
65488
1
46604
23
65515
65488
1
46628
23
65515
65488
1
46654
23
65515
65488
1
46679
23
65515
65488
1
46704
23
65515
65488
1
46729
23
65515
65488
1
46753
23
65515
65488
1
46779
23
65515
65488
1
46803
23
65515
65488
1
46828
23
65515
65488
1
46854
23
65515
65488
1
46878
23
65515
65488
1
46904
23
65515
65488
1
46928
23
65515
65488
1
46953
23
65515
65487
1
46979
23
65515
65487
1
47003
23
65515
65487
1
47028
23
65515
65488
1
47053
23
65515
65488
1
47078
23
65515
65488
1
47104
23
65515
65487
1
47128
23
65515
65487
1
47153
23
65515
65488
1
47178
23
65515
65488
1
47203
23
65515
65488
1
47227
23
65515
65487
1
47253
23
65515
65487
1
47278
23
65515
65487
1
47303
23
65515
65487
1
47328
23
65515
65487
1
47352
23
65515
65488
1
47378
23
65515
65488
1
47403
23
65515
65488
1
47427
23
65515
65488
1
47453
23
65515
65488
1
47477
23
65515
65488
1
47503
23
65515
65487
1
47527
23
65515
65487
1
47552
23
65515
65487
1
47578
23
65515
65488
1
47602
23
65515
65488
1
47627
22
65515
65487
1
47652
22
65515
65487
1
47677
22
65515
65487
1
47703
23
65515
65488
1
47727
23
65515
65488
1
47752
23
65515
65488
1
47777
23
65515
65487
1
47802
23
65515
65487
1
47826
23
65515
65487
1
47852
23
65515
65487
1
47877
23
65515
65487
1
47902
23
65515
65488
1
47927
23
65515
65488
1
47951
23
65515
65488
1
47977
23
65515
65488
1
48002
23
65515
65488
1
48026
23
65515
65488
1
48052
23
65515
65488
1
48076
23
65515
65488
1
48102
23
65515
65488
1
48126
23
65515
65488
1
48151
23
65515
65488
1
48177
23
65515
65487
1
48201
23
65515
65487
1
48226
23
65515
65487
1
48251
23
65515
65488
1
48276
23
65515
65488
1
48302
23
65515
65488
1
48326
23
65515
65487
1
48351
23
65515
65487
1
48376
23
65515
65488
1
48401
23
65515
65488
1
48425
23
65515
65488
1
48451
23
65515
65487
1
48476
23
65515
65487
1
48501
23
65515
65487
1
48526
23
65515
65488
1
48550
23
65515
65488
1
48576
23
65515
65488
1
48601
23
65515
65488
1
48625
23
65515
65488
1
48651
23
65515
65488
1
48675
23
65515
65488
1
48701
23
65515
65488
1
48726
23
65515
65488
1
48750
23
65515
65488
1
48776
23
65515
65488
1
48800
23
65515
65488
1
48825
23
65515
65488
1
48850
22
65515
65487
1
48875
22
65515
65487
1
48901
22
65515
65487
1
48925
23
65515
65488
1
48950
23
65515
65488
1
48975
23
65515
65488
1
49000
23
65515
65488
1
49025
23
65515
65488
1
49050
23
65515
65488
1
49075
23
65515
65488
1
49100
23
65515
65488
1
49125
22
65515
65488
1
49149
22
65515
65488
1
49175
22
65515
65488
1
49200
23
65515
65488
1
49224
23
65515
65488
1
49250
23
65515
65488
1
49274
23
65515
65488
1
49300
23
65515
65488
1
49325
23
65515
65488
1
49349
23
65515
65487
1
49375
23
65515
65487
1
49399
23
65515
65488
1
49424
23
65515
65488
1
49449
23
65515
65488
1
49474
23
65515
65487
1
49500
23
65515
65487
1
49524
23
65515
65487
1
49549
23
65515
65488
1
49574

53842
23
65515
65488
1
53867
23
65515
65488
1
53893
23
65515
65487
1
53917
23
65515
65487
1
53942
23
65515
65487
1
53967
23
65515
65488
1
53992
23
65515
65488
1
54017
23
65515
65488
1
54042
23
65515
65487
1
54067
23
65515
65487
1
54092
23
65515
65487
1
54117
23
65515
65488
1
54141
23
65515
65488
1
54167
23
65515
65487
1
54192
23
65515
65487
1
54216
23
65515
65487
1
54242
23
65514
65488
1
54266
23
65514
65488
1
54292
23
65514
65488
1
54317
23
65515
65487
1
54341
23
65515
65487
1
54367
23
65515
65487
1
54391
23
65515
65488
1
54416
23
65515
65488
1
54441
22
65515
65488
1
54466
22
65515
65488
1
54492
22
65515
65488
1
54516
23
65515
65487
1
54541
23
65515
65487
1
54566
23
65515
65487
1
54591
23
65515
65488
1
54616
23
65515
65488
1
54641
23
65515
65488
1
54666
23
65515
65488
1
54691
23
65515
65488
1
54716
23
65515
65488
1
54740
23
65515
65488
1
54766
23
65515
65488
1
54791
23
65515
65488
1
54815
23
65515
65488
1
54841
23
65515
65488
1
54865
23
65515
65488
1
54891
23
65515
65488
1
54916
23
65515
65488
1
54940
23
65515
65488
1
54966
23
65515
65488
1
54990
23
65515
65488
1
55015
23
65515
65488
1
55041
23
65515
65488
1
55065
23
65515
65488
1
55091
23
65515
65488
1
55115
23
65515
65488
1
55140
23
65515
65488
1
55165
23
65515
65488
1
55190
22
65515
65488
1
55215
22
65515
65488
1
55240
22
65515
65488
1
55265
23
65515
65488
1
55290
23
65515
65488
1
55315
23
65515
65488
1
55340
23
65515
65488
1
55365
23
65515
65488
1
55390
23
65514
65488
1
55414
23
65514
65488
1
55440
23
65514
65488
1
55464
23
65515
65488
1
55490
23
65515
65488
1
55515
23
65515
65488
1
55539
22
65515
65488
1
55565
22
65515
65488
1
55589
22
65515
65488
1
55614
23
65515
65488
1
55640
23
65515
65488
1
55664
22
65515
65488
1
55690
22
65515
65488
1
55714
22
65515
65488
1
55739
22
65515
65488
1
55764
22
65515
65488
1
55789
22
65515
65488
1
55814
22
65515
65488
1
55839
22
65515
65488
1
55864
22
65515
65488
1
55889
22
65515
65488
1
55914
22
65515
65488
1
55939
23
65515
65488
1
55964
23
65515
65488
1
55989
23
65515
65488
1
56013
23
65515
65488
1
56039
23
65515
65488
1
56064
23
65515
65488
1
56089
23
65515
65488
1
56114
23
65515
65488
1
56138
22
65515
65488
1
56164
22
65515
65488
1
56188
22
65515
65488
1
56213
22
65514
65488
1
56239
22
65514
65488
1
56263
22
65514
65488
1
56289
22
65515
65488
1
56313
22
65515
65488
1
56338
22
65515
65488
1
56364
23
65515
65488
1
56388
23
65515
65488
1
56413
23
65514
65488
1
56438
23
65514
65488
1
56463
23
65514
65488
1
56488
23
65515
65488
1
56513
23
65515
65488
1
56538
23
65515
65488
1
56563
23
65515
65488
1
56588
23
65515
65488
1
56612
23
65515
65488
1
56638
23
65515
65488
1
56663
23
65515
65488
1
56688
23
65514
65488
1
56713
23
65514
65488
1
56737
23
65514
65488
1
56763
22
65515
65488
1
56787
22
65515
65488
1
56812
22
65515
65488
1
56838
23
65515
65488
1
56862
23
65515
65488
1
56888
23
65515
65488
1
56912
23
65515
65488
1
56937
23
65515
65488
1
56963
22
65515
65488
1
56987
22
65515
65488
1
57012
22
65515
65488
1
57037
22
65515
65488
1
57062
22
65515
65488
1
57088
22
65515
65488
1
57112
23
65515
65488
1
57137
23
65515
65488
1
57162
22
65514
65489
1
57187
22
65514
65489
1
57211
22
65514
65489
1
57237
22
65514
65488
1
57262
22
65514
65488
1
57287
22
65514
65488
1
57312
22
65515
65488
1
57336
22
65515
65488
1
57362
22
65515
65488
1
57387
22
65514
65488
1
57411
22
65514
65488
1
57437
22
65515
65488
1
57461
22
65515
65488
1
57487
22
65515
65488
1
57511
22
65515
65488
1
57536
22
65515
65488
1
57562
22
65515
65488
1
57586
22
65514
65488
1
57611
22
65514
65488
1
57636
22
65514
65488
1
57661
22
65515
65488
1
57687
22
65515
65488
1
57711
22
65514
65488
1
57736
22
65514
65488
1
57761
22
65514
65488
1
57786
22
65515
65488
1
57810
22
65515
65488
1
57836
22
65515
65488
1
57861
22
65515
65488
1
57886
22
65515
65488
1
57911
21
65514
65488
1
57935
21
65514
65488
1
57961
21
65514
65488
1
57986
22
65514
65488
1
58010
22
65514
65488
1
58036
22
65514
65488
1
58060
22
65515
65489
1
58086
22
65515
65489
1
58110
22
65515
65489
1
58135
22
65514
65488
1
58161
22
65514
65488
1
58185
22
65515
65488
1
58210
22
65515
65488
1
58235
22
65515
65488
1
58260
22
65514
65489
1
58286
22
65514
65489
1
58310
22
65514
65489
1
58335
22
65515
65488
1
58360
22
65515
65488
1
58385
22
65515
65488
1
58409
22
65514
65488
1
58435
22
65514
65488
1
58460
22
65515
65488
1
58485
22
65515
65488
1
58510
22
65515
65488
1
58534
22
65515
65488
1
58560
22
65515
65488
1
58585
22
65515
65488
1
58609
22
65514
65488
1
58635
22
65514
65488
1
58659
22
65514
65488
1
58685
22
65514
65488
1
58710
22
65514
65488
1
58734
22
65514
65488
1
58760
22
65514
65488
1
58784
22
65514
65488
1
58809
22
65515
65488
1
58834
22
65515
65488
1
58859
22
65515
65488
1
58885
21
65514
65488
1
58909
21
65514
65488
1
58934
22
65515
65488
1
58959
22
65515
65488
1
58984
22
65515
65488
1
59009
22
65514
65488
1
59034
22
65514
65488
1
59059
22
65514
65488
1
59084
21
65514
65489
1
59109
21
65514
65489
1
59133
21
65514
65489
1
59159
22
65515
65488
1
59184
22
65515
65488
1
59208
22
65514
65489
1
59234
22
65514
65489
1
59258
22
65514
65489
1
59284
22
65515
65489
1
59309
22
65515
65489
1
59333
22
65515
65489
1
59359
22
65515
65489
1
59383
22
65515
65489
1
59408
22
65514
65489
1
59433
22
65514
65489
1
59458
22
65514
65489
1
59484
22
65514
65489
1
59508
22
65514
65489
1
59533
22
65514
65489
1
59558
22
65514
65489
1
59583
22
65514
65489
1
59608
22
65514
65489
1
59633
22
65514
65489
1
59658
22
65514
65489
1
59683
22
65514
65489
1
59708
22
65514
65489
1
59732
22
65514
65489
1
59758
22
65514
65490
1
59783
22
65514
65490
1
59807
22
65514
65490
1
59833
22
65514
65490
1
59857
22
65514
65490
1
59883
22
65514
65490
1
59908
22
65513
65490
1
59932
22
65513
65490
1
59958
21
65513
65490
1
59982
21
65513
65490
1
60007
21
65513
65490
1
60033
22
65513
65490
1
60057
22
65513
65490
1
60083
22
65513
65490
1
60107
22
65513
65491
1
60132
22
65513
65491
1
60157
22
65513
65491
1
60182
22
65513
65491
1
60207
22
65513
65491
1
60232
23
65513
65491
1
60257
23
65513
65491
1
60282
23
65513
65491
1
60307
24
65513
65490
1
60332
24
65513
65490
1
60357
24
65513
65490
1
60382
23
65512
65489
1
60406
23
65512
65489
1
60432
24
65513
65488
1
60456
24
65513
65488
1
60482
24
65513
65488
1
60507
23
65515
65486
1
60531
23
65515
65486
1
60557
23
65515
65486
1
60581
21
65515
65485
1
60606
21
65515
65485
1
60632
21
65515
65485
1
60656
20
65516
65484
1
60682
20
65516
65484
1
60706
18
65516
65484
1
60731
18
65516
65484
1
60756
18
65516
65484
1
60781
17
65516
65484
1
60806
17
65516
65484
1
60831
17
65516
65484
1
60856
16
65517
65485
1
60881
16
65517
65485
1
60906
16
65517
65485
1
60931
15
65516
65485
1
60956
15
65516
65485
1
60981
14
65516
65485
1
61005
14
65516
65485
1
61031
14
65516
65485
1
61056
14
65515
65486
1
61081
14
65515
65486
1
61106
14
65515
65486
1
61130
14
65514
65486
1
61156
14
65514
65486
1
61180
14
65514
65485
1
61205
14
65514
65485
1
61231
14
65514
65485
1
61255
14
65513
65485
1
61281
14
65513
65485
1
61305
14
65513
65485
1
61330
14
65513
65485
1
61356
14
65513
65485
1
61380
14
65513
65485
1
61405
14
65513
65484
1
61430
14
65513
65484
1
61455
14
65513
65484
1
61480
14
65513
65484
1
61505
14
65513
65484
1
61530
14
65513
65484
1
61555
14
65513
65484
1
61580
14
65513
65484
1
61604
14
65513
65484
1
61630
14
65513
65484
1
61655
14
65513
65484
1
61680
14
65513
65483
1
61705
14
65513
65483
1
61729
14
65513
65483
1
61755
14
65513
65483
1
61779
14
65513
65483
1
61804
15
65514
65483
1
61830
15
65514
65483
1
61854
15
65514
65483
1
61880
14
65514
65482
1
61904
14
65514
65482
1
61929
14
65514
65482
1
61955
14
65514
65482
1
61979
14
65514
65482
1
62004
14
65514
65481
1
62029
14
65514
65481
1
62054
14
65514
65481
1
62080
14
65514
65481
1
62104
14
65514
65481
1
62129
14
65514
65481
1
62154
14
65514
65481
1
62179
14
65514
65481
1
62203
14
65515
65481
1
62229
14
65515
65481
1
62254
14
65515
65481
1
62279
14
65515
65481
1
62304
14
65515
65481
1
62328
14
65515
65481
1
62354
14
65516
65481
1
62379
14
65516
65481
1
62403
14
65516
65481
1
62429
13
65516
65481
1
62453
13
65516
65481
1
62479
13
65517
65481
1
62503
13
65517
65481
1
62528
13
65517
65481
1
62554
13
65517
65481
1
62578
13
65517
65481
1
62603
13
65517
65481
1
62628
13
65517
65481
1
62653
13
65517
65481
1
62679
13
65517
65481
1
62703
13
65517
65481
1
62728
13
65517
65481
1
62753
13
65518
65481
1
62778
13
65518
65481
1
62802
13
65518
65481
1
62828
13
65518
65481
1
62853
13
65518
65481
1
62878
13
65518
65481
1
62903
13
65518
65481
1
62927
13
65518
65481
1
62953
14
65518
65482
1
62978
14
65518
65482
1
63002
14
65518
65482
1
63028
14
65517
65481
1
63052
14
65517
65481
1
63078
14
65517
65481
1
63102
13
65516
65481
1
63127
13
65516
65481
1
63153
13
65516
65481
1
63177
13
65517
65481
1
63202
13
65517
65481
1
63227
13
65517
65480
1
63252
13
65517
65480
1
63278
13
65517
65480
1
63302
13
65517
65478
1
63327
13
65517
65478
1
63352
13
65517
65478
1
63377
12
65517
65477
1
63401
12
65517
65477
1
63427
12
65517
65477
1
63452
12
65517
65476
1
63477
12
65517
65476
1
63502
12
65518
65475
1
63526
12
65518
65475
1
63552
12
65518
65475
1
63577
12
65518
65474
1
63601
12
65518
65474
1
63627
12
65518
65474
1
63651
12
65519
65472
1
63677
12
65519
65472
1
63702
11
65520
65471
1
63726
11
65520
65471
1
63752
11
65520
65471
1
63776
11
65521
65470
1
63801
11
65521
65470
1
63826
11
65521
65470
1
63851
11
65522
65470
1
63877
11
65522
65470
1
63901
11
65522
65470
1
63926
11
65523
65469
1
63951
11
65523
65469
1
63976
11
65524
65468
1
64001
11
65524
65468
1
64026
11
65524
65468
1
64051
10
65525
65469
1
64076
10
65525
65469
1
64101
10
65525
65469
1
64125
11
65525
65468
1
64151
11
65525
65468
1
64176
11
65525
65468
1
64200
11
65526
65468
1
64226
11
65526
65468
1
64250
10
65527
65468
1
64276
10
65527
65468
1
64301
10
65527
65468
1
64325
10
65527
65468
1
64351
10
65527
65468
1
64375
10
65527
65468
1
64400
10
65527
65468
1
64425
10
65527
65468
1
64450
10
65528
65468
1
64476
10
65528
65468
1
64500
10
65528
65468
1
64525
10
65528
65468
1
64550
10
65528
65468
1
64575
10
65528
65468
1
64600
10
65527
65468
1
64625
10
65527
65468
1
64650
10
65527
65468
1
64675
10
65527
65468
1
64700
10
65527
65468
1
64724
11
65526
65468
1
64750
11
65526
65468
1
64775
11
65526
65468
1
64799
12
65525
65467
1
64825
12
65525
65467
1
64849
12
65525
65467
1
64875
12
65525
65467
1
64900
12
65525
65467
1
64924
12
65525
65467
1
64950
12
65524
65466
1
64974
12
65524
65466
1
64999
15
65524
65466
1
65025
15
65524
65466
1
65049
15
65524
65466
1
65075
16
65523
65466
1
65099
16
65523
65466
1
65124
16
65523
65466
1
65149
19
65523
65469
1
65174
19
65523
65469
1
65199
19
65522
65471
1
65224
19
65522
65471
1
65249
19
65522
65471
1
65274
20
65522
65474
1
65299
20
65522
65474
1
65324
20
65522
65474
1
65349
21
65522
65476
1
65374
21
65522
65476
1
65398
21
65522
65476
1
65424
21
65521
65478
1
65448
21
65521
65478
1
65474
20
65521
65480
1
65499
20
65521
65480
1
65523
20
65521
65480
1
13
20
65522
65482
1
34
20
65522
65482
1
56
20
65522
65482
1
78
19
65524
65482
1
100
19
65524
65482
1
122
19
65524
65482
1
146
19
65524
65480
1
168
19
65524
65480
1
191
19
65524
65480
1
215
19
65524
65478
1
237
19
65524
65478
1
260
19
65524
65478
1
283
21
65523
65479
1
306
21
65523
65479
1
328
21
65523
65479
1
352