12,65514,65481,1,30568
12,65514,65481,1,30594
12,65514,65481,1,30618
12,65515,65482,1,30644
12,65515,65482,1,30668
12,65515,65482,1,30693
12,65515,65482,1,30718
12,65515,65482,1,30743
13,65515,65482,1,30768
13,65515,65482,1,30793
13,65515,65482,1,30818
13,65516,65482,1,30843
13,65516,65482,1,30868
13,65516,65482,1,30893
13,65516,65483,1,30918
13,65516,65483,1,30943
13,65516,65483,1,30967
13,65516,65482,1,30993
13,65516,65482,1,31017
13,65516,65483,1,31043
13,65516,65483,1,31068
13,65516,65483,1,31092
13,65516,65483,1,31118
13,65516,65483,1,31142
13,65516,65483,1,31167
12,65516,65483,1,31193
12,65516,65483,1,31217
13,65516,65483,1,31243
13,65516,65483,1,31267
13,65516,65483,1,31292
13,65516,65483,1,31318
13,65516,65483,1,31342
13,65516,65483,1,31367
12,65516,65483,1,31392
12,65516,65483,1,31417
12,65516,65483,1,31442
13,65516,65482,1,31467
13,65516,65482,1,31492
13,65516,65483,1,31517
13,65516,65483,1,31542
13,65516,65483,1,31566
13,65516,65483,1,31592
13,65516,65483,1,31617
13,65516,65483,1,31642
13,65516,65483,1,31667
13,65516,65483,1,31691
13,65516,65483,1,31717
12,65516,65483,1,31741
12,65516,65483,1,31766
13,65516,65483,1,31792
13,65516,65483,1,31816
13,65516,65483,1,31842
13,65516,65483,1,31866
13,65516,65483,1,31891
13,65516,65483,1,31917
13,65516,65483,1,31941
13,65516,65483,1,31966
13,65516,65483,1,31991
13,65516,65483,1,32016
13,65516,65483,1,32041
12,65516,65483,1,32066
12,65516,65483,1,32091
12,65516,65483,1,32116
12,65516,65483,1,32141
12,65516,65483,1,32165
12,65516,65483,1,32191
13,65516,65483,1,32216
13,65516,65483,1,32241
13,65516,65482,1,32266
13,65516,65482,1,32290
13,65516,65482,1,32316
12,65516,65483,1,32340
12,65516,65483,1,32365
12,65516,65483,1,32391
13,65516,65483,1,32415
13,65516,65483,1,32441
13,65516,65483,1,32465
13,65516,65483,1,32490
13,65516,65483,1,32516
12,65516,65483,1,32540
12,65516,65483,1,32565
12,65516,65483,1,32590
13,65516,65483,1,32615
13,65516,65483,1,32641
13,65516,65483,1,32665
13,65516,65483,1,32690
13,65516,65483,1,32715
13,65516,65483,1,32740
13,65516,65483,1,32764
13,65516,65483,1,32790
12,65516,65483,1,32815
12,65516,65483,1,32840
12,65516,65483,1,32865
12,65516,65483,1,32889
12,65516,65483,1,32915
12,65516,65483,1,32940
13,65516,65483,1,32964
13,65516,65483,1,32990
13,65516,65483,1,33014
12,65516,65483,1,33040
12,65516,65483,1,33064
13,65516,65482,1,33089
13,65516,65482,1,33115
13,65516,65482,1,33139
13,65516,65483,1,33164
13,65516,65483,1,33189
13,65516,65483,1,33214
12,65516,65483,1,33240
12,65516,65483,1,33264
13,65516,65483,1,33289
13,65516,65483,1,33314
13,65516,65483,1,33339
12,65516,65483,1,33363
12,65516,65483,1,33389
12,65516,65483,1,33414
13,65516,65482,1,33439
13,65516,65482,1,33464
13,65516,65482,1,33488
12,65516,65483,1,33514
12,65516,65483,1,33539
12,65516,65483,1,33563
12,65516,65483,1,33589
12,65516,65483,1,33613
13,65516,65483,1,33639
13,65516,65483,1,33664
13,65516,65483,1,33688
13,65516,65483,1,33714
13,65516,65483,1,33738
13,65516,65483,1,33763
13,65516,65482,1,33788
13,65516,65482,1,33813
13,65516,65483,1,33839
13,65516,65483,1,33863
13,65516,65483,1,33888
12,65516,65483,1,33913
12,65516,65483,1,33938
12,65516,65483,1,33963
12,65516,65483,1,33988
12,65516,65483,1,34013
12,65516,65483,1,34038
13,65516,65483,1,34063
13,65516,65483,1,34087
13,65516,65482,1,34113
13,65516,65482,1,34138
13,65516,65482,1,34162
13,65516,65483,1,34188
13,65516,65483,1,34212
13,65516,65483,1,34238
13,65516,65483,1,34263
13,65516,65483,1,34287
13,65516,65482,1,34313
13,65516,65482,1,34337
13,65516,65482,1,34362
13,65516,65483,1,34387
13,65516,65483,1,34412
13,65516,65483,1,34438
13,65516,65483,1,34462
13,65516,65483,1,34487
13,65516,65483,1,34512
13,65516,65483,1,34537
13,65516,65483,1,34562
13,65516,65482,1,34587
13,65516,65482,1,34612
13,65516,65482,1,34637
13,65516,65483,1,34662
13,65516,65483,1,34686
13,65516,65483,1,34712
13,65516,65483,1,34737
13,65516,65483,1,34761
13,65516,65483,1,34787
13,65516,65483,1,34811
13,65516,65483,1,34837
12,65516,65483,1,34862
12,65516,65483,1,34886
12,65516,65483,1,34912
13,65516,65483,1,34936
13,65516,65483,1,34961
13,65516,65483,1,34987
13,65516,65483,1,35011
13,65516,65483,1,35037
13,65516,65483,1,35061
13,65516,65483,1,35086
13,65516,65483,1,35111
13,65516,65483,1,35136
13,65516,65483,1,35161
13,65516,65483,1,35186
13,65516,65483,1,35211
13,65516,65483,1,35236
13,65516,65483,1,35261
13,65515,65483,1,35286
13,65515,65483,1,35311
13,65515,65483,1,35336
13,65515,65483,1,35360
13,65515,65483,1,35386
13,65515,65483,1,35410
13,65515,65483,1,35436
13,65515,65483,1,35461
13,65515,65483,1,35485
13,65515,65483,1,35511
13,65515,65483,1,35535
14,65515,65483,1,35560
14,65515,65483,1,35586
13,65516,65483,1,35610
13,65516,65483,1,35636
13,65516,65483,1,35660
13,65516,65483,1,35685
13,65516,65483,1,35710
13,65516,65483,1,35735
13,65516,65483,1,35760
13,65516,65483,1,35785
13,65516,65483,1,35810
13,65515,65483,1,35835
13,65515,65483,1,35860
13,65516,65483,1,35885
13,65516,65483,1,35910
13,65516,65483,1,35935
13,65516,65483,1,35959
13,65516,65483,1,35985
13,65516,65483,1,36009
13,65516,65483,1,36035
13,65516,65483,1,36060
13,65516,65483,1,36084
13,65516,65483,1,36110
13,65516,65483,1,36134
13,65515,65483,1,36159
13,65515,65483,1,36185
13,65515,65483,1,36209
13,65516,65483,1,36235
13,65516,65483,1,36259
13,65516,65483,1,36284
13,65516,65483,1,36310
13,65516,65483,1,36334
13,65516,65483,1,36359
13,65516,65483,1,36384
13,65516,65483,1,36409
13,65516,65482,1,36434
13,65516,65482,1,36459
13,65516,65482,1,36484
13,65516,65482,1,36509
13,65516,65482,1,36534
13,65516,65482,1,36558
13,65516,65482,1,36584
13,65516,65482,1,36609
13,65516,65482,1,36634
13,65516,65482,1,36659
13,65516,65482,1,36683
12,65515,65481,1,36709
12,65515,65481,1,36733
12,65515,65481,1,36758
12,65515,65481,1,36784
12,65515,65481,1,36808
12,65515,65481,1,36834
12,65515,65481,1,36858
12,65515,65481,1,36883
12,65515,65480,1,36909
12,65515,65480,1,36933
12,65515,65480,1,36958
12,65515,65480,1,36983
12,65515,65480,1,37008
12,65515,65480,1,37033
11,65515,65479,1,37058
11,65515,65479,1,37083
11,65515,65479,1,37108
11,65515,65479,1,37133
11,65515,65479,1,37157
10,65515,65477,1,37183
10,65515,65477,1,37208
10,65515,65477,1,37233
10,65515,65476,1,37258
10,65515,65476,1,37282
10,65515,65476,1,37308
9,65516,65476,1,37332
9,65516,65476,1,37356
9,65516,65476,1,37381
8,65517,65475,1,37404
8,65517,65475,1,37429
7,65518,65476,1,37452
7,65518,65476,1,37476
7,65518,65476,1,37500
5,65519,65477,1,37524
5,65519,65477,1,37548
5,65519,65477,1,37572
3,65521,65478,1,37596
3,65521,65478,1,37619
3,65521,65478,1,37644
2,65522,65481,1,37667
2,65522,65481,1,37691
2,65522,65481,1,37715
1,65524,65483,1,37739
1,65524,65483,1,37764
1,65524,65483,1,37787
65534,65523,65488,1,37811
65534,65523,65488,1,37839
65535,65520,65493,1,37867
65535,65520,65493,1,37896
65535,65520,65493,1,37923
2,65517,65494,1,37951
2,65517,65494,1,37976
5,65516,65490,1,37999
5,65516,65490,1,38023
5,65516,65490,1,38047
6,65516,65486,1,38071
6,65516,65486,1,38095
6,65516,65486,1,38119
3,65519,65487,1,38142
3,65519,65487,1,38167
3,65519,65487,1,38191
2,65519,65489,1,38214
2,65519,65489,1,38239
2,65519,65489,1,38262
4,65517,65491,1,38286
4,65517,65491,1,38310
4,65517,65491,1,38334
3,65516,65491,1,38359
3,65516,65491,1,38382
3,65513,65492,1,38406
2,65513,65492,1,38430
2,65513,65492,1,38454
4,65510,65494,1,38477
4,65510,65494,1,38502
4,65510,65494,1,38525
4,65508,65489,1,38549
4,65508,65489,1,38574
4,65508,65489,1,38597
3,65504,65486,1,38621
3,65504,65486,1,38645
3,65504,65486,1,38669
3,65501,65485,1,38693
3,65501,65485,1,38717
3,65501,65485,1,38740
3,65500,65486,1,38765
3,65500,65486,1,38789
3,65500,65486,1,38812
4,65502,65479,1,38837
4,65502,65479,1,38860
4,65502,65479,1,38884
4,65502,65479,1,38908
4,65502,65479,1,38932
65530,65512,65470,1,38956
65530,65512,65470,1,38984
65530,65512,65470,1,39012
65525,65515,65473,1,39041
65525,65515,65473,1,39068
65523,65515,65479,1,39097
65523,65515,65479,1,39124
65523,65515,65479,1,39152
65523,65515,65484,1,39181
65523,65515,65484,1,39208
65524,65516,65488,1,39237
65524,65516,65488,1,39265
65526,65516,65491,1,39293
65526,65516,65491,1,39321
65526,65516,65491,1,39349
65529,65516,65492,1,39377
65529,65516,65492,1,39405
65532,65516,65494,1,39434
65532,65516,65494,1,39461
65532,65516,65494,1,39490
65534,65516,65494,1,39518
65534,65516,65494,1,39545
65535,65516,65494,1,39574
65535,65516,65494,1,39602
65535,65516,65494,1,39630
0,65516,65495,1,39658
0,65516,65495,1,39682
0,65517,65495,1,39706
0,65517,65495,1,39730
0,65517,65495,1,39753
1,65516,65496,1,39778
1,65516,65496,1,39801
1,65516,65496,1,39826
2,65516,65495,1,39849
2,65516,65495,1,39873
2,65516,65495,1,39898
2,65517,65495,1,39921
2,65517,65495,1,39945
2,65517,65495,1,39969
3,65516,65495,1,39993
3,65516,65495,1,40016
3,65516,65495,1,40041
3,65516,65495,1,40065
3,65516,65495,1,40089
3,65516,65496,1,40113
3,65516,65496,1,40136
3,65516,65496,1,40161
4,65516,65495,1,40184
4,65516,65495,1,40208
4,65516,65495,1,40232
4,65516,65496,1,40256
4,65516,65496,1,40280
4,65516,65496,1,40304
4,65516,65495,1,40328
4,65516,65495,1,40351
4,65516,65495,1,40376
5,65516,65495,1,40399
5,65516,65495,1,40424
5,65516,65495,1,40448
5,65517,65496,1,40471
5,65517,65496,1,40496
5,65517,65496,1,40519
5,65516,65495,1,40543
5,65516,65495,1,40567
5,65516,65496,1,40591
5,65516,65496,1,40614
5,65516,65496,1,40639
6,65516,65495,1,40663
6,65516,65495,1,40686
6,65516,65495,1,40711
6,65516,65495,1,40734
6,65516,65495,1,40759
6,65516,65495,1,40782
6,65516,65496,1,40806
6,65516,65496,1,40830
6,65516,65496,1,40854
6,65516,65495,1,40878
6,65516,65495,1,40902
6,65516,65495,1,40926
6,65516,65495,1,40949
6,65516,65495,1,40974
6,65516,65495,1,40997
6,65516,65495,1,41022
6,65516,65495,1,41046
6,65516,65495,1,41069
6,65516,65495,1,41094
6,65516,65495,1,41117
7,65516,65495,1,41141
7,65516,65495,1,41165
7,65516,65495,1,41189
6,65516,65495,1,41212
6,65516,65495,1,41237
6,65516,65495,1,41261
7,65516,65495,1,41284
7,65516,65495,1,41309
7,65516,65495,1,41332
7,65516,65495,1,41357
7,65516,65495,1,41380
7,65516,65495,1,41404
7,65516,65495,1,41428
7,65516,65495,1,41452
7,65516,65495,1,41476
6,65516,65495,1,41500
6,65516,65495,1,41524
7,65516,65495,1,41547
7,65516,65495,1,41572
7,65516,65495,1,41595
7,65516,65495,1,41620
7,65516,65495,1,41644
7,65516,65495,1,41667
7,65516,65495,1,41692
7,65516,65495,1,41715
7,65516,65495,1,41739
7,65516,65495,1,41763
7,65516,65495,1,41787
7,65516,65495,1,41810
7,65516,65495,1,41835
7,65516,65495,1,41859
7,65516,65495,1,41882
7,65516,65495,1,41907
7,65516,65495,1,41930
7,65516,65495,1,41955
7,65516,65495,1,41978
7,65516,65495,1,42002
7,65516,65495,1,42027
7,65516,65495,1,42050
7,65516,65495,1,42074
7,65516,65495,1,42098
7,65516,65495,1,42122
7,65516,65495,1,42145
7,65515,65495,1,42170
7,65515,65495,1,42193
7,65515,65495,1,42217
7,65516,65495,1,42242
7,65516,65495,1,42265
7,65516,65495,1,42290
7,65516,65494,1,42313
7,65516,65494,1,42337
7,65516,65494,1,42361
7,65516,65495,1,42385
7,65516,65495,1,42408
7,65516,65495,1,42433
7,65516,65495,1,42457
7,65516,65495,1,42480
7,65516,65495,1,42505
7,65516,65495,1,42528
7,65516,65495,1,42553
7,65516,65495,1,42576
7,65516,65495,1,42600
7,65516,65495,1,42625
7,65516,65495,1,42648
7,65516,65495,1,42672
7,65516,65495,1,42696
7,65516,65495,1,42720
7,65516,65495,1,42743
7,65516,65495,1,42768
7,65515,65495,1,42791
7,65515,65495,1,42815
7,65515,65495,1,42840
7,65516,65494,1,42863
7,65516,65494,1,42888
8,65515,65495,1,42911
8,65515,65495,1,42935
8,65515,65495,1,42959
7,65516,65494,1,42983
7,65516,65494,1,43006
7,65516,65494,1,43031
7,65516,65495,1,43055
7,65516,65495,1,43078
7,65516,65495,1,43103
7,65516,65495,1,43126
7,65516,65495,1,43151
7,65516,65495,1,43174
7,65516,65494,1,43198
7,65516,65494,1,43223
7,65516,65494,1,43246
7,65516,65495,1,43270
7,65516,65495,1,43294
8,65515,65495,1,43318
8,65515,65495,1,43341
8,65515,65495,1,43366
7,65516,65495,1,43389
7,65516,65495,1,43413
7,65516,65495,1,43438
7,65516,65495,1,43461
7,65516,65495,1,43486
7,65516,65495,1,43509
8,65515,65494,1,43533
8,65515,65494,1,43557
8,65515,65494,1,43581
7,65516,65495,1,43604
7,65516,65495,1,43629
7,65516,65495,1,43653
8,65516,65494,1,43676
8,65516,65494,1,43701
8,65516,65494,1,43724
7,65515,65495,1,43748
7,65515,65495,1,43772
8,65516,65495,1,43796
8,65516,65495,1,43821
8,65516,65495,1,43844
7,65515,65495,1,43868
7,65515,65495,1,43892