26
65529
65519
0
15269
26
65529
65519
0
15294
26
65529
65519
0
15320
26
65529
65519
0
15344
26
65529
65519
0
15369
26
65529
65519
0
15394
26
65529
65519
0
15419
26
65529
65520
0
15443
26
65529
65520
0
15469
26
65529
65520
0
15494
26
65529
65519
0
15519
26
65529
65519
0
15544
26
65529
65519
0
15568
26
65529
65519
0
15594
26
65529
65519
0
15619
26
65529
65520
0
15643
26
65529
65520
0
15669
26
65529
65520
0
15693
26
65529
65519
0
15719
26
65529
65519
0
15744
26
65529
65519
0
15768
26
65529
65520
0
15794
26
65529
65520
0
15818
26
65529
65519
0
15843
26
65529
65519
0
15868
26
65529
65519
0
15893
26
65529
65520
0
15919
26
65529
65520
0
15943
26
65529
65520
0
15968
26
65529
65520
0
15993
26
65529
65520
0
16018
26
65529
65520
0
16043
26
65529
65520
0
16068
26
65529
65520
0
16093
26
65529
65520
0
16118
26
65529
65520
0
16143
26
65529
65520
0
16167
26
65529
65520
0
16193
26
65529
65520
0
16218
26
65529
65519
0
16242
26
65529
65519
0
16268
26
65529
65519
0
16292
26
65529
65519
0
16318
26
65529
65519
0
16343
26
65529
65519
0
16367
26
65529
65519
0
16393
26
65529
65519
0
16417
26
65529
65519
0
16442
26
65529
65520
0
16467
26
65529
65520
0
16492
26
65529
65520
0
16518
26
65529
65520
0
16542
26
65529
65520
0
16567
26
65529
65519
0
16592
26
65529
65519
0
16617
26
65529
65519
0
16642
26
65529
65519
0
16667
26
65529
65519
0
16692
26
65529
65519
0
16717
26
65529
65519
0
16742
26
65529
65519
0
16766
26
65529
65519
0
16792
26
65529
65519
0
16817
26
65529
65519
0
16841
26
65529
65520
0
16867
26
65529
65520
0
16891
26
65529
65519
0
16917
26
65529
65519
0
16942
26
65529
65519
0
16966
26
65529
65520
0
16992
26
65529
65520
0
17016
26
65529
65520
0
17041
26
65529
65520
0
17067
26
65529
65520
0
17091
26
65529
65520
0
17117
26
65529
65519
0
17141
26
65529
65519
0
17166
26
65529
65520
0
17191
26
65529
65520
0
17216
26
65529
65520
0
17241
26
65529
65520
0
17266
26
65529
65520
0
17291
26
65529
65520
0
17316
26
65529
65520
0
17341
26
65529
65520
0
17366
26
65529
65520
0
17391
26
65529
65520
0
17416
26
65529
65520
0
17440
26
65529
65520
0
17466
26
65529
65520
0
17490
26
65529
65520
0
17516
26
65529
65520
0
17541
26
65529
65520
0
17565
26
65529
65520
0
17591
26
65529
65520
0
17615
26
65529
65520
0
17640
26
65529
65519
0
17666
26
65529
65519
0
17690
26
65529
65519
0
17716
26
65529
65520
0
17740
26
65529
65520
0
17765
26
65529
65520
0
17790
26
65529
65520
0
17815
26
65529
65520
0
17840
26
65529
65520
0
17865
26
65529
65520
0
17890
26
65529
65520
0
17915
26
65529
65520
0
17940
26
65529
65520
0
17965
26
65529
65520
0
17990
26
65529
65519
0
18015
26
65529
65519
0
18039
26
65529
65519
0
18065
26
65529
65519
0
18089
26
65529
65519
0
18115
26
65529
65520
0
18140
26
65529
65520
0
18164
26
65529
65520
0
18190
26
65529
65520
0
18214
26
65529
65520
0
18239
26
65529
65520
0
18265
26
65529
65520
0
18289
26
65529
65520
0
18315
26
65529
65519
0
18339
26
65529
65519
0
18364
26
65529
65519
0
18390
26
65529
65520
0
18414
26
65529
65520
0
18439
26
65529
65520
0
18464
26
65529
65520
0
18489
26
65529
65520
0
18514
26
65529
65519
0
18539
26
65529
65519
0
18564
26
65529
65519
0
18589
26
65529
65520
0
18614
26
65529
65520
0
18638
26
65529
65520
0
18664
26
65529
65520
0
18689
26
65529
65520
0
18714
26
65529
65519
0
18739
26
65529
65519
0
18763
26
65529
65519
0
18789
26
65529
65519
0
18813
26
65529
65519
0
18838
26
65529
65519
0
18864
26
65529
65520
0
18888
26
65529
65520
0
18914
26
65529
65520
0
18938
26
65529
65520
0
18963
26
65529
65520
0
18989
26
65529
65520
0
19013
26
65529
65520
0
19038
26
65529
65520
0
19063
26
65529
65520
0
19088
26
65529
65520
0
19113
26
65529
65520
0
19138
26
65529
65520
0
19163
26
65529
65520
0
19188
26
65529
65520
0
19213
26
65529
65520
0
19237
26
65529
65520
0
19263
26
65529
65520
0
19288
26
65529
65520
0
19313
26
65529
65520
0
19338
26
65529
65520
0
19362
26
65529
65520
0
19388
26
65529
65520
0
19412
26
65529
65520
0
19437
26
65529
65520
0
19463
26
65529
65520
0
19487
26
65529
65520
0
19513
26
65529
65520
0
19537
26
65529
65520
0
19562
26
65529
65520
0
19588
26
65529
65520
0
19612
26
65529
65520
0
19637
26
65529
65520
0
19662
26
65529
65520
0
19687
26
65529
65520
0
19713
26
65529
65520
0
19737
26
65529
65519
0
19762
26
65529
65519
0
19787
26
65529
65519
0
19812
26
65529
65519
0
19836
26
65529
65519
0
19862
26
65529
65520
0
19887
26
65529
65520
0
19912
26
65529
65520
0
19937
26
65529
65520
0
19961
26
65529
65520
0
19987
26
65529
65520
0
20012
26
65529
65520
0
20036
26
65529
65520
0
20062
26
65529
65520
0
20086
26
65529
65520
0
20112
26
65529
65520
0
20136
26
65529
65520
0
20161
26
65529
65520
0
20187
26
65529
65520
0
20211
26
65529
65519
0
20236
26
65529
65519
0
20261
26
65529
65519
0
20286
26
65529
65520
0
20312
26
65529
65520
0
20336
26
65529
65520
0
20361
26
65529
65520
0
20386
26
65529
65520
0
20411
26
65529
65520
0
20435
26
65529
65520
0
20461
26
65529
65520
0
20486
26
65529
65520
0
20511
26
65529
65520
0
20536
26
65529
65520
0
20560
26
65529
65520
0
20586
26
65529
65520
0
20611
26
65529
65519
0
20635
26
65529
65519
0
20661
26
65529
65519
0
20685
26
65529
65520
0
20711
26
65529
65520
0
20736
26
65529
65519
0
20760
26
65529
65519
0
20786
26
65529
65519
0
20810
26
65529
65520
0
20835
26
65529
65520
0
20860
26
65529
65520
0
20885
26
65529
65520
0
20911
26
65529
65520
0
20935
26
65529
65520
0
20960
26
65529
65519
0
20985
26
65529
65519
0
21010
26
65529
65520
0
21035
26
65529
65520
0
21060
26
65529
65520
0
21085
26
65529
65520
0
21110
26
65529
65520
0
21135
26
65529
65520
0
21159
26
65529
65520
0
21185
26
65529
65520
0
21210
26
65529
65519
0
21234
26
65529
65519
0
21260
26
65529
65519
0
21284
26
65529
65520
0
21310
26
65529
65520
0
21335
26
65529
65520
0
21359
26
65529
65519
0
21385
26
65529
65519
0
21409
26
65529
65520
0
21434
26
65529
65520
0
21459
26
65529
65520
0
21484
26
65529
65520
0
21510
26
65529
65520
0
21534
26
65529
65520
0
21559
26
65529
65520
0
21584
26
65529
65520
0
21609
26
65529
65520
0
21634
26
65529
65520
0
21659
26
65529
65520
0
21684
26
65529
65520
0
21709
26
65529
65520
0
21734
26
65529
65520
0
21758
26
65530
65520
0
21784
26
65530
65520
0
21809
26
65530
65520
0
21833
26
65529
65520
0
21859
26
65529
65520
0
21883
26
65529
65520
0
21909
26
65529
65520
0
21934
26
65529
65520
0
21958
27
65529
65520
0
21984
27
65529
65520
0
22008
27
65529
65520
0
22033
26
65529
65519
0
22059
26
65529
65519
0
22083
26
65529
65520
0
22109
26
65529
65520
0
22133
26
65529
65520
0
22158
26
65529
65520
0
22183
26
65529
65520
0
22208
26
65529
65520
0
22233
27
65529
65520
0
22258
27
65529
65520
0
22283
27
65529
65520
0
22308
26
65529
65520
0
22333
26
65529
65520
0
22358
27
65529
65520
0
22383
27
65529
65520
0
22408
27
65529
65520
0
22432
27
65529
65520
0
22458
27
65529
65520
0
22482
27
65529
65520
0
22508
27
65529
65519
0
22533
27
65529
65519
0
22557
27
65529
65519
0
22583
27
65529
65519
0
22607
27
65529
65519
0
22632
27
65529
65519
0
22658
27
65529
65519
0
22682
27
65529
65519
0
22708
27
65529
65519
0
22732
27
65529
65519
0
22757
27
65529
65520
0
22782
27
65529
65520
0
22807
27
65529
65520
0
22832
28
65529
65519
0
22857
28
65529
65519
0
22882
28
65529
65519
0
22907
28
65529
65520
0
22932
28
65529
65520
0
22957
28
65529
65520
0
22982
28
65529
65519
0
23007
28
65529
65519
0
23031
29
65529
65519
0
23057
29
65529
65519
0
23081
29
65529
65519
0
23107
29
65529
65519
0
23132
29
65529
65519
0
23156
29
65529
65519
0
23182
30
65529
65518
0
23206
30
65529
65518
0
23231
31
65529
65517
0
23257
31
65529
65517
0
23281
31
65529
65517
0
23307
32
65529
65516
0
23331
32
65529
65516
0
23356
32
65529
65516
0
23382
32
65529
65515
0
23406
32
65529
65515
0
23431
32
65529
65513
0
23456
32
65529
65513
0
23481
32
65529
65513
0
23506
31
65530
65514
0
23531
31
65530
65514
0
23556
31
65530
65514
0
23581
37
65530
65516
0
23606
37
65530
65516
0
23630
37
65530
65516
0
23656
55
65532
65497
0
23681
55
65532
65497
0
23706
33
3
65471
0
23731
33
3
65471
0
23751
33
3
65471
0
23773
11
3
65488
0
23793
11
3
65488
0
23814
11
3
65488
0
23834
11
3
65488
0
23856
6
65531
65523
0
23876
6
65531
65523
0
23900
6
65531
65523
0
23924
14
65528
65530
0
23948
14
65528
65530
0
23973
18
65531
65530
0
23998
18
65531
65530
0
24023
18
65531
65530
0
24048
22
1
65527
0
24073
22
1
65527
0
24093
22
1
65527
0
24115
24
10
65521
0
24135
24
10
65521
0
24157
24
10
65521
0
24179
22
12
65523
0
24201
22
12
65523
0
24222
22
12
65523
0
24245
25
10
65522
0
24266
25
10
65522
0
24288
25
10
65522
0
24310
24
7
65520
0
24332
24
7
65520
0
24352
24
7
65520
0
24374
24
7
65520
0
24394
21
6
65525
0
24415
21
6
65525
0
24435
21
6
65525
0
24457
22
5
65530
0
24477
22
5
65530
0
24498
22
5
65530
0
24519
27
3
65529
0
24540
27
3
65529
0
24560
27
3
65529
0
24582
28
0
65526
0
24602
28
0
65526
0
24623
28
0
65526
0
24644
28
0
65526
0
24665
28
65535
65524
0
24685
28
65535
65524
0
24711
28
65535
65524
0
24735
28
65535
65524
0
24760
28
65535
65524
0
24785
32
65529
65518
0
24810
32
65529
65518
0
24835
32
65529
65518
0
24860
31
65531
65512
0
24885
31
65531
65512
0
24910
31
65531
65512
0
24935
25
65533
65510
0
24960
25
65533
65510
0
24985
23
65532
65517
0
25010
23
65532
65517
0
25034
23
65532
65517
0
25060
27
65530
65519
0
25084
27
65530
65519
0
25110
27
65530
65519
0
25135
32
65527
65516
0
25159
32
65527
65516
0
25185
33
65529
65511
0
25209
33
65529
65511
0
25234
33
65529
65511
0
25260
31
65531
65505
0
25284
31
65531
65505
0
25310
31
65531
65505
0
25334
26
65532
65502
0
25359
26
65532
65502
0
25384
26
65532
65502
0
25409
21
65531
65503
0
25434
21
65531
65503
0
25459
17
65531
65507
0
25484
17
65531
65507
0
25509
17
65531
65507
0
25534
16
65531
65510
0
25559
16
65531
65510
0
25584
16
65531
65510
0
25609
16
65532
65514
0
25633
16
65532
65514
0
25659
16
65531
65516
0
25683
16
65531
65516
0
25709
16
65531
65516
0
25734
18
65531
65518
0
25758
18
65531
65518
0
25784
18
65531
65518
0
25808
19
65531
65519
0
25833
19
65531
65519
0
25859
20
65531
65520
0
25883
20
65531
65520
0
25909
20
65531
65520
0
25933
20
65530
65520
0
25958
20
65530
65520
0
25984
20
65530
65520
0
26008
21
65530
65521
0
26033
21
65530
65521
0
26058
21
65530
65521
0
26083
21
65530
65521
0
26108
21
65530
65521
0
26133
22
65530
65521
0
26158
22
65530
65521
0
26183
22
65530
65521
0
26208
22
65530
65521
0
26232
22
65530
65521
0
26258
22
65530
65521
0
26283
22
65530
65521
0
26308
22
65530
65521
0
26333
23
65530
65521
0
26357
23
65530
65521
0
26383
23
65530
65521
0
26407
23
65530
65521
0
26432
23
65530
65521
0
26458
23
65530
65521
0
26482
23
65530
65521
0
26508
23
65530
65521
0
26532
23
65530
65521
0
26557
23
65530
65521
0
26583
23
65530
65521
0
26607
23
65530
65521
0
26632
23
65530
65521
0
26657
23
65530
65521
0
26682
23
65530
65521
0
26707
23
65530
65521
0
26732
23
65530
65521
0
26757
23
65530
65521
0
26782
23
65530
65521
0
26807
23
65530
65522
0
26831
23
65530
65522
0
26857
23
65530
65522
0
26882
23
65530
65521
0
26907
23
65530
65521
0
26932
23
65530
65521
0
26956
23
65530
65521
0
26982
23
65530
65521
0
27006
23
65530
65521
0
27031
23
65530
65521
0
27057
23
65530
65521
0
27081
23
65530
65521
0
27107
23
65530
65521
0
27131
23
65530
65521
0
27156
23
65530
65521
0
27182
23
65530
65521
0
27206
23
65530
65521
0
27231
23
65530
65521
0
27256
23
65530
65521
0
27281
23
65530
65522
0
27307
23
65530
65522
0
27331
23
65530
65522
0
27356
23
65530
65521
0
27381
23
65530
65521
0
27406
23
65530
65521
0
27430
23
65530
65521
0
27456
23
65530
65521
0
27481
23
65530
65522
0
27506
23
65530
65522
0
27531