24
65530
65521
0
51687
24
65530
65521
0
51712
24
65530
65521
0
51736
24
65530
65521
0
51762
24
65530
65521
0
51786
24
65530
65521
0
51811
25
65530
65521
0
51836
25
65530
65521
0
51861
25
65530
65521
0
51887
25
65530
65521
0
51911
25
65530
65521
0
51936
25
65530
65521
0
51961
25
65530
65521
0
51986
25
65530
65521
0
52011
25
65530
65521
0
52036
25
65530
65521
0
52061
25
65530
65521
0
52086
25
65530
65521
0
52111
25
65530
65521
0
52135
24
65530
65521
0
52161
24
65530
65521
0
52186
24
65530
65521
0
52210
24
65530
65521
0
52236
24
65530
65521
0
52260
24
65530
65521
0
52286
24
65530
65521
0
52311
24
65530
65521
0
52335
24
65530
65521
0
52361
25
65530
65521
0
52385
25
65530
65521
0
52410
24
65530
65521
0
52435
24
65530
65521
0
52460
24
65530
65521
0
52486
25
65530
65521
0
52510
25
65530
65521
0
52535
25
65530
65521
0
52560
24
65530
65521
0
52585
24
65530
65521
0
52610
25
65530
65521
0
52635
25
65530
65521
0
52660
25
65530
65521
0
52685
24
65529
65521
0
52710
24
65529
65521
0
52734
24
65529
65521
0
52760
24
65530
65521
0
52785
24
65530
65521
0
52809
24
65530
65521
0
52835
24
65530
65521
0
52859
24
65530
65521
0
52885
25
65530
65521
0
52910
25
65530
65521
0
52934
25
65530
65521
0
52960
25
65530
65522
0
52984
25
65530
65522
0
53009
25
65530
65522
0
53035
25
65530
65521
0
53059
25
65530
65521
0
53085
25
65530
65521
0
53109
25
65530
65521
0
53134
25
65530
65521
0
53159
25
65530
65521
0
53184
25
65530
65521
0
53209
25
65530
65521
0
53234
24
65530
65521
0
53259
24
65530
65521
0
53284
25
65530
65521
0
53309
25
65530
65521
0
53334
25
65530
65521
0
53359
25
65530
65521
0
53384
25
65530
65521
0
53408
25
65530
65521
0
53434
25
65530
65521
0
53458
25
65530
65521
0
53484
25
65530
65521
0
53509
25
65530
65521
0
53533
25
65530
65521
0
53559
25
65530
65521
0
53583
25
65530
65521
0
53608
25
65530
65521
0
53634
25
65530
65521
0
53658
25
65530
65521
0
53684
25
65530
65521
0
53708
24
65530
65521
0
53733
24
65530
65521
0
53758
25
65530
65521
0
53783
25
65530
65521
0
53808
25
65530
65521
0
53833
24
65530
65521
0
53858
24
65530
65521
0
53883
24
65530
65521
0
53908
25
65529
65521
0
53933
25
65529
65521
0
53958
24
65530
65521
0
53983
24
65530
65521
0
54007
24
65530
65521
0
54033
25
65530
65521
0
54057
25
65530
65521
0
54083
25
65530
65521
0
54108
25
65530
65521
0
54132
25
65530
65521
0
54158
25
65530
65521
0
54182
24
65530
65521
0
54207
24
65530
65521
0
54233
25
65530
65521
0
54257
25
65530
65521
0
54283
25
65530
65521
0
54307
24
65530
65521
0
54332
24
65530
65521
0
54358
24
65530
65521
0
54382
25
65530
65521
0
54407
25
65530
65521
0
54432
25
65530
65521
0
54457
25
65530
65521
0
54482
25
65530
65521
0
54507
24
65530
65521
0
54532
24
65530
65521
0
54557
24
65530
65521
0
54582
25
65530
65521
0
54606
25
65530
65521
0
54632
25
65530
65521
0
54657
25
65530
65521
0
54682
25
65530
65521
0
54707
25
65530
65521
0
54731
25
65530
65521
0
54757
25
65530
65521
0
54781
24
65530
65521
0
54806
24
65530
65521
0
54832
24
65530
65521
0
54856
25
65530
65521
0
54882
25
65530
65521
0
54906
25
65530
65521
0
54931
25
65530
65521
0
54957
25
65530
65521
0
54981
25
65530
65521
0
55006
25
65530
65521
0
55031
25
65530
65521
0
55056
24
65530
65521
0
55081
24
65530
65521
0
55106
25
65530
65521
0
55131
25
65530
65521
0
55156
25
65530
65521
0
55181
25
65530
65521
0
55205
25
65530
65521
0
55231
25
65530
65521
0
55256
25
65530
65521
0
55281
25
65530
65521
0
55306
25
65530
65521
0
55330
25
65530
65522
0
55356
25
65530
65522
0
55380
25
65530
65521
0
55405
25
65530
65521
0
55431
25
65530
65521
0
55455
25
65530
65521
0
55481
25
65530
65521
0
55505
25
65530
65521
0
55530
24
65530
65521
0
55556
24
65530
65521
0
55580
25
65530
65521
0
55605
25
65530
65521
0
55630
25
65530
65521
0
55655
25
65530
65521
0
55681
25
65530
65521
0
55705
25
65530
65521
0
55730
25
65530
65521
0
55755
25
65530
65521
0
55780
25
65530
65521
0
55804
25
65530
65521
0
55830
25
65530
65521
0
55855
25
65530
65521
0
55880
25
65530
65521
0
55905
25
65530
65521
0
55929
25
65530
65521
0
55955
25
65530
65521
0
55980
25
65530
65521
0
56004
25
65530
65521
0
56030
25
65530
65521
0
56054
25
65530
65521
0
56080
25
65530
65521
0
56104
25
65530
65521
0
56129
24
65530
65521
0
56155
24
65530
65521
0
56179
24
65530
65521
0
56204
25
65530
65521
0
56229
25
65530
65521
0
56254
25
65530
65521
0
56280
25
65530
65521
0
56304
25
65530
65521
0
56329
25
65529
65521
0
56354
25
65529
65521
0
56379
25
65529
65521
0
56403
24
65530
65521
0
56429
24
65530
65521
0
56454
24
65530
65521
0
56479
24
65530
65521
0
56504
24
65530
65521
0
56528
25
65530
65521
0
56554
25
65530
65521
0
56579
25
65530
65521
0
56603
25
65530
65521
0
56629
25
65530
65521
0
56653
25
65530
65521
0
56679
25
65530
65521
0
56704
25
65530
65521
0
56728
24
65530
65521
0
56754
24
65530
65521
0
56778
24
65530
65521
0
56803
25
65530
65521
0
56828
25
65530
65521
0
56853
25
65530
65521
0
56879
25
65530
65521
0
56903
25
65530
65521
0
56928
24
65530
65521
0
56953
24
65530
65521
0
56978
24
65530
65521
0
57003
25
65530
65521
0
57028
25
65530
65521
0
57053
25
65530
65521
0
57078
25
65530
65521
0
57103
25
65530
65521
0
57127
25
65530
65521
0
57153
25
65530
65521
0
57178
25
65530
65521
0
57202
25
65530
65521
0
57228
25
65530
65521
0
57252
25
65530
65521
0
57278
24
65530
65521
0
57303
24
65530
65521
0
57327
24
65530
65521
0
57353
25
65530
65521
0
57377
25
65530
65521
0
57402
24
65530
65521
0
57427
24
65530
65521
0
57452
24
65530
65521
0
57478
25
65530
65521
0
57502
25
65530
65521
0
57527
25
65530
65521
0
57552
24
65530
65521
0
57577
24
65530
65521
0
57602
25
65530
65521
0
57627
25
65530
65521
0
57652
25
65530
65521
0
57677
24
65530
65521
0
57702
24
65530
65521
0
57726
24
65530
65521
0
57752
24
65530
65521
0
57777
24
65530
65521
0
57801
24
65530
65521
0
57827
24
65530
65522
0
57851
24
65530
65522
0
57877
24
65530
65521
0
57902
24
65530
65521
0
57926
24
65530
65521
0
57952
24
65530
65521
0
57976
24
65530
65521
0
58001
24
65530
65521
0
58027
24
65530
65521
0
58051
24
65530
65521
0
58077
24
65530
65521
0
58101
24
65530
65521
0
58126
24
65530
65521
0
58151
24
65530
65521
0
58176
24
65530
65521
0
58201
24
65530
65521
0
58226
23
65530
65521
0
58251
23
65530
65521
0
58276
23
65530
65521
0
58301
23
65530
65521
0
58326
23
65530
65521
0
58351
23
65530
65521
0
58376
23
65530
65521
0
58400
23
65530
65521
0
58426
23
65530
65521
0
58450
23
65530
65521
0
58476
23
65530
65521
0
58501
23
65530
65521
0
58525
23
65530
65521
0
58551
22
65530
65522
0
58575
22
65530
65522
0
58600
22
65530
65522
0
58626
21
65530
65521
0
58650
21
65530
65521
0
58676
21
65530
65521
0
58700
21
65530
65521
0
58725
21
65530
65521
0
58750
21
65530
65521
0
58775
21
65530
65521
0
58800
21
65530
65521
0
58825
20
65530
65521
0
58850
20
65530
65521
0
58875
20
65530
65521
0
58900
20
65531
65521
0
58925
20
65531
65521
0
58950
20
65531
65521
0
58975
19
65531
65520
0
58999
19
65531
65520
0
59025
19
65531
65520
0
59049
19
65531
65520
0
59075
19
65531
65520
0
59100
18
65531
65520
0
59124
18
65531
65520
0
59150
18
65531
65520
0
59174
18
65531
65519
0
59199
18
65531
65519
0
59225
17
65531
65518
0
59249
17
65531
65518
0
59275
17
65531
65518
0
59299
17
65531
65517
0
59324
17
65531
65517
0
59350
17
65531
65517
0
59374
16
65532
65515
0
59399
16
65532
65515
0
59424
16
65532
65514
0
59449
16
65532
65514
0
59474
16
65532
65514
0
59499
16
65532
65512
0
59524
16
65532
65512
0
59549
16
65532
65512
0
59574
16
65531
65510
0
59598
16
65531
65510
0
59624
16
65531
65510
0
59649
17
65531
65508
0
59674
17
65531
65508
0
59699
18
65531
65505
0
59723
18
65531
65505
0
59749
18
65531
65505
0
59773
20
65531
65503
0
59798
20
65531
65503
0
59824
20
65531
65503
0
59848
23
65531
65502
0
59874
23
65531
65502
0
59898
26
65532
65503
0
59923
26
65532
65503
0
59949
26
65532
65503
0
59973
29
65532
65504
0
59998
29
65532
65504
0
60023
29
65532
65504
0
60048
31
65531
65506
0
60073
31
65531
65506
0
60098
31
65531
65506
0
60123
32
65529
65509
0
60148
32
65529
65509
0
60173
33
65528
65512
0
60197
33
65528
65512
0
60223
33
65528
65512
0
60248
32
65528
65515
0
60273
32
65528
65515
0
60298
32
65528
65515
0
60322
31
65528
65518
0
60348
31
65528
65518
0
60372
28
65530
65519
0
60397
28
65530
65519
0
60423
28
65530
65519
0
60447
25
65531
65519
0
60473
25
65531
65519
0
60497
25
65531
65519
0
60522
23
65532
65518
0
60548
23
65532
65518
0
60572
22
65533
65516
0
60597
22
65533
65516
0
60622
22
65533
65516
0
60647
23
65533
65512
0
60673
23
65533
65512
0
60697
23
65533
65512
0
60722
27
65533
65511
0
60747
27
65533
65511
0
60772
27
65533
65511
0
60796
29
65532
65512
0
60822
29
65532
65512
0
60847
30
65531
65513
0
60872
30
65531
65513
0
60897
30
65531
65513
0
60921
31
65529
65515
0
60947
31
65529
65515
0
60972
31
65529
65515
0
60996
32
65528
65518
0
61022
32
65528
65518
0
61046
32
65529
65522
0
61072
32
65529
65522
0
61096
32
65529
65522
0
61121
30
65530
65525
0
61147
30
65530
65525
0
61171
30
65530
65525
0
61196
29
65531
65525
0
61221
29
65531
65525
0
61246
28
65532
65525
0
61272
28
65532
65525
0
61296
28
65532
65525
0
61321
28
65534
65526
0
61346
28
65534
65526
0
61371
28
65534
65526
0
61395
28
65535
65527
0
61421
28
65535
65527
0
61446
28
65535
65527
0
61471
29
0
65527
0
61496
29
0
65527
0
61516
29
0
65527
0
61538
28
0
65529
0
61558
28
0
65529
0
61579
28
0
65529
0
61599
28
1
65529
0
61621
28
1
65529
0
61641
28
1
65529
0
61662
27
2
65530
0
61683
27
2
65530
0
61704
27
2
65530
0
61724
26
3
65532
0
61746
26
3
65532
0
61766
26
3
65532
0
61787
26
3
65532
0
61808
23
3
65533
0
61829
23
3
65533
0
61849
23
3
65533
0
61871
21
3
65533
0
61891
21
3
65533
0
61912
21
3
65533
0
61932
20
3
65530
0
61954
20
3
65530
0
61974
20
3
65530
0
61995
20
3
65528
0
62016
20
3
65528
0
62036
20
3
65528
0
62057
20
3
65528
0
62078
19
4
65526
0
62099
19
4
65526
0
62119
19
4
65526
0
62141
20
5
65524
0
62161
20
5
65524
0
62182
20
5
65524
0
62203
22
5
65522
0
62224
22
5
65522
0
62244
22
5
65522
0
62265
23
7
65522
0
62286
23
7
65522
0
62307
23
7
65522
0
62327
23
7
65522
0
62349
24
8
65523
0
62369
24
8
65523
0
62390
24
8
65523
0
62411
23
10
65524
0
62432
23
10
65524
0
62453
23
10
65524
0
62476
23
10
65524
0
62497
23
10
65524
0
62519
23
10
65524
0
62541
22
11
65525
0
62563
22
11
65525
0
62584
22
11
65525
0
62607
20
11
65525
0
62628
20
11
65525
0
62650
20
11
65525
0
62672
20
11
65525
0
62694
20
11
65525
0
62715
20
11
65525
0
62738
19
12
65524
0
62759
19
12
65524
0
62781
19
12
65524
0
62803
20
12
65522
0
62825
20
12
65522
0
62846
20
12
65522
0
62869
20
11
65522
0
62891
20
11
65522
0
62912
20
11
65522
0
62935
20
11
65522
0
62956
21
10
65522
0
62978
21
10
65522
0
62999
21
10
65522
0
63022
21
9
65523
0
63043
21
9
65523
0
63064
21
9
65523
0
63085
22
8
65523
0
63106
22
8
65523
0
63126
22
8
65523
0
63148
22
7
65524
0
63168
22
7
65524
0
63188
22
7
65524
0
63210
22
7
65524
0
63230
22
7
65524
0
63251
22
7
65524
0
63272
22
7
65524
0
63293
22
8
65523
0
63313
22
8
65523
0
63335
22
8
65523
0
63355
22
7
65523
0
63376
22
7
65523
0
63396
22
7
65523
0
63418
22
8
65524
0
63438
22
8
65524
0
63459
22
8
65524
0
63480
23
9
65525
0
63501
23
9
65525
0
63521
23
9
65525
0
63543
23
9
65525
0
63563
23
9
65524
0
63584
23
9
65524
0
63605
23
9
65524
0
63626
23
9
65524
0
63646
23
9
65524
0
63668
23
9
65524
0
63688
23
9
65524
0
63709
23
9
65524
0
63729
23
9
65524
0
63751
23
9
65524
0
63771
23
9
65524
0
63792
23
9
65524
0
63813
23
9
65524
0
63834
23
9
65524
0
63854
23
9
65524
0
63876
23
9
65524
0
63896
23
8
65524
0
63917
23
8
65524
0
63938
23
8
65524
0
63959
24
9
65525
0
63979
24
9
65525
0
64001
24
9
65525
0
64021
23
9
65524
0
64041
23
9
65524
0
64062
23
9
65524
0
64083
23
9
65524
0
64104
24
9
65524
0
64124
24
9
65524
0
64146
24
9
65524
0
64166
24
9
65524
0
64187
24
9
65524
0
64208
24
9
65524
0
64229
24
9
65524
0
64249
24
9
65524
0
64271
24
9
65524
0
64291
24
9
65524
0
64312
24
9
65524
0
64333
24
9
65524
0
64354
23
9
65524
0
64374
23
9
65524
0
64395
23
9
65524
0
64416
23
9
65524
0
64437
23
9
65524
0
64457
23
9
65524
0
64479
23
9
65524
0
64499
24
9
65524
0
64520
24
9
65524
0
64541
24
9
65524
0
64562
24
9
65524
0
64582
24
9
65524
0
64604
24
9
65524
0
64624
24
9
65524
0
64645
24
9
65524
0
64666
24
9
65524
0
64687
24
9
65524
0
64707
23
9
65524
0
64728
23
9
65524
0
64749
23
9
65524
0
64770
23
8
65524
0
64790
23
8
65524
0
64812
23
8
65524
0
64832
24
9
65524
0
64852
24
9
65524
0
64874
24
9
65524
0
64894
24
9
65524
0
64915
24
9
65524
0
64936
24
9
65524
0
64957
24
9
65524
0
64977
23
9
65524
0
64999
23
9
65524
0
65019
23
9
65524
0
65040
23
9
65524
0
65060
23
9
65524
0
65082
23
9
65524
0
65102
23
9
65524
0
65123
23
9
65524
0
65144
23
9
65524
0
65165
23
9
65524
0
65185
23
9
65524
0
65207
23
9
65524
0
65227
23
9
65524
0
65248
23
9
65524
0
65269
23
9
65524
0
65290
23
9
65524
0
65310
23
9
65524
0
65332
23
9
65524
0
65352
23
9
65524
0
65373
24
9
65524
0
65393
24
9
65524
0
65415
24
9
65524
0
65435
24
9
65524
0
65456
24
9
65524
0
65477
24
9
65524
0
65498
24
9
65524
0
65518
23
9
65524
0
4
23
9
65524
0
20
23
9
65524
0
37
24
9
65524
0
55
24
9
65524
0
73
24
9
65524
0
91
24
9
65524
0
108
23
9
65524
0
128
23
9
65524
0
146
23
9
65524
0
164
23
9
65524
0
183
23
9
65524
0
202
23
9
65524
0
221
23
9
65524
0
239
24
9
65524
0
258
24
9
65524
0
277
24
9
65524
0
295
24
9
65524
0
314
24
9
65524
0
333
24
9
65524
0
352
24
9
65524
0
370
24
9
65524
0
389
24
9
65524
0
408
24
9
65524
0
427
24
9
65524
0
445
24
9
65524
0
464
24
9
65524
0
483
24
9
65524
0
501
24
9
65524
0
520
24
9
65524
0
539
24
9
65524
0
558
24
9
65524
0
576
24
9
65524
0
595
24
9
65524
0
614
24
9
65524
0
632
24
9
65524
0
651
24
9
65524
0
670
24
9
65524
0
689
24
9
65524
0
707
24
9
65524
0
727
24
9
65524
0
745
24
9
65524
0
763
24
9
65524
0
782
24
9
65524
0
801
24
9
65524
0
820
24
9
65524
0
838
24
9
65524
0
857
24
9
65524
0
876
24
9
65524
0
894
24
9
65524
0
913
24
9
65524
0
932
24
9
65524
0
951
24
9
65524
0
969
24
9
65524
0
988
23
9
65524
0
1007
23
9
65524
0
1027
23
9
65524
0
1046
23
9
65524
0
1067
23
9
65524
0
1086
23
9
65524
0
1105
23
9
65524
0
1126
23
8
65524
0
1145
23
8
65524
0
1165
23
8
65524
0
1184
23
8
65524
0
1205
23
8
65524
0
1224
23
8
65524
0
1244
23
8
65524
0
1264
23
9
65524
0
1284
23
9
65524
0
1303
23
9
65524
0
1323
24
9
65524
0
1343
24
9
65524
0
1362
24
9
65524
0
1382
24
9
65524
0
1402
24
9
65524
0
1422
24
9
65524
0
1441
24
9
65524
0
1462
24
9
65524
0
1481
24
9
65524
0
1501
24
9
65524
0
1520
23
9
65524
0
1541
23
9
65524
0
1560
23
9
65524
0
1580
23
9
65524
0
1600
24
9
65524
0
1619
24
9
65524
0
1639
24
9
65524
0
1659
24
8
65524
0
1679
24
8
65524
0
1698
24
8
65524
0
1718
24
8
65524
0
1738
24
8
65524
0
1758
24
8
65524
0
1777
24
8
65524
0
1798
24
8
65524
0
1817
24
8
65524
0
1837
24
8
65524
0
1856
24
8
65525
0
1876
24
8
65525
0
1896
24
8
65525
0
1915
24
8
65525
0
1936
23
7
65525
0
1955
23
7
65525
0
1975
23
7
65525
0
1995
24
7
65525
0
2015
24
7
65525
0
2034
24
7
65525
0
2054
24
7
65525
0
2074
24
7
65525
0
2094
24
7
65525
0
2113
24
7
65525
0
2134
24
7
65526
0
2153
24
7
65526
0
2172
24
7
65526
0
2193
23
6
65526
0
2212
23
6
65526
0
2232
23
6
65526
0
2251
23
6
65526
0
2272
24
6
65526
0
2291
24
6
65526
0
2311
24
6
65526
0
2331
23
6
65526
0
2351
23
6
65526
0
2370
23
6
65526
0
2391
23
6
65526
0
2410
23
6
65526
0
2429
23
6
65526
0
2449
23
6
65526
0
2469
24
6
65527
0
2489
24
6
65527
0
2508
24
6
65527
0
2529
24
6
65527
0
2548
24
6
65528
0
2568
24
6
65528
0
2587
24
6
65528
0
2608
24
5
65527
0
2627
24
5
65527
0
2647
24
5
65527
0
2667
24
5
65528
0
2686
24
5
65528
0
2706
24
5
65528
0
2726
24
5
65528
0
2746
24
5
65528
0
2765
24
5
65528
0
2785
24
5
65528
0
2805
24
5
65528
0
2825
24
5
65528
0
2844
24
5
65528
0
2865
24
5
65528
0
2884
24
5
65528
0
2904
24
5
65528
0
2924
24
5
65528
0
2944
23
5
65527
0
2963
23
5
65527
0
2982
23
5
65527
0
3003
23
5
65527
0
3022
23
5
65527
0
3042
23
5
65527
0
3062
23
5
65527
0
3082
24
6
65528
0
3101
24
6
65528
0
3121
24
6
65528
0
3141
25
6
65527
0
3161
25
6
65527
0
3180
25
6
65527
0
3201
25
6
65527
0
3220
24
6
65527
0
3239
24
6
65527
0
3260
24
6
65527
0
3279
24
7
65527
0
3299
24
7
65527
0
3318
24
7
65527
0
3339
24
7
65527
0
3358
24
7
65527
0
3378
24
7
65527
0
3398
24
7
65527
0
3418
24
7
65526
0
3437
24
7
65526
0
3458
24
7
65526
0
3477
24
7
65526
0
3496
24
7
65526
0
3516
24
7
65526
0
3536
24
7
65526
0
3556
24
7
65526
0
3575
24
7
65526
0
3596
24
7
65526
0
3615
24
6
65526
0
3635
24
6
65526
0
3655
24
6
65526
0
3675
24
6
65526
0
3694
24
7
65526
0
3714
24
7
65526
0
3734
24
7
65526
0
3753
25
7
65527
0
3773
25
7
65527
0
3793
25
7
65527
0
3813
24
7
65526
0
3832
24
7
65526
0
3852
24
7
65526
0
3872
24
7
65526
0
3892
24
6
65527
0
3911
24
6
65527
0
3932
24
6
65527
0
3951
24
6
65526
0
3971
24
6
65526
0
3991
24
6
65526
0
4011
24
6
65526
0
4030
23
6
65527
0
4049
23
6
65527
0
4070
23
6
65527
0
4089
24
6
65527
0
4109
24
6
65527
0
4129
24
6
65527
0
4149
24
6
65527
0
4168
24
6
65527
0
4189
24
6
65527
0
4208
24
6
65527
0
4228
23
6
65527
0
4247
23
6
65527
0
4268
23
6
65527
0
4287
24
6
65527
0
4306
24
6
65527
0
4327
24
6
65527
0
4346
24
6
65527
0
4366
24
6
65527
0
4385
24
6
65527
0
4406
24
6
65527
0
4425
24
6
65527
0
4445
24
6
65527
0
4465
24
6
65527
0
4485
24
6
65527
0
4504
25
6
65528
0
4525
25
6
65528
0
4544
25
6
65528
0
4563
24
6
65527
0
4583
24
6
65527
0
4603
24
6
65527
0
4623
24
7
65526
0
4642
24
7
65526
0
4663
24
7
65526
0
4682
24
7
65526
0
4702
25
7
65526
0
4722
25
7
65526
0
4742
25
7
65526
0
4761
24
8
65524
0
4781
24
8
65524
0
4801
24
8
65524
0
4820
24
8
65524
0
4840
24
10
65523
0
4860
24
10
65523
0
4881
24
10
65523
0
4901
23
11
65522
0
4923
23
11
65522
0
4943
23
11
65522
0
4964
21
12
65521
0
4984
21
12
65521
0
5006
21
12
65521
0
5026
20
12
65522
0
5047
20
12
65522
0
5068
20
12
65522
0
5089
20
12
65522
0
5109
21
12
65523
0
5131
21
12
65523
0
5151
21
12
65523
0
5172
22
11
65523
0
5193
22
11
65523
0
5214
22
11
65523
0
5234
23
10
65522
0
5256
23
10
65522
0
5276
23
10
65522
0
5297
24
9
65521
0
5317
24
9
65521
0
5338
24
9
65521
0
5357
24
9
65521
0
5377
23
7
65521
0
5397
23
7
65521
0
5416
23
7
65521
0
5436
20
6
65523
0
5456
20
6
65523
0
5476
20
6
65523
0
5495
20
6
65523
0
5515
20
5
65528
0
5535
20
5
65528
0
5555
20
5
65528
0
5574
21
5
65531
0
5595
21
5
65531
0
5614
21
5
65531
0
5634
25
5
65531
0
5654
25
5
65531
0
5673
25
5
65531
0
5693
25
5
65531
0
5712
27
2
65529
0
5733
27
2
65529
0
5752
27
2
65529
0
5772
28
1
65527
0
5792
28
1
65527
0
5812
28
1
65527
0
5831
28
1
65527
0
5852
28
0
65525
0
5871
28
0
65525
0
5891
28
0
65525
0
5910
27
65533
65524
0
5931
27
65533
65524
0
5954
27
65533
65524
0
5978
30
65531
65524
0
6002
30
65531
65524
0
6026
30
65531
65524
0
6049
32
65530
65518
0
6074
32
65530
65518
0
6097
32
65530
65518
0
6122
30
65532
65513
0
6146
30
65532
65513
0
6169
26
65533
65510
0
6194
26
65533
65510
0
6217
26
65533
65510
0
6241
22
65532
65515
0
6265
22
65532
65515
0
6289
22
65532
65515
0
6312
24
65531
65519
0
6337
24
65531
65519
0
6361
24
65531
65519
0
6385
29
65529
65519
0
6409
29
65529
65519
0
6432
29
65529
65519
0
6457
32
65528
65516
0
6480
32
65528
65516
0
6504
32
65528
65516
0
6529
33
65530
65510
0
6552
33
65530
65510
0
6576
30
65532
65505
0
6600
30
65532
65505
0
6624
30
65532
65505
0
6647
26
65532
65503
0
6672
26
65532
65503
0
6695
26
65532
65503
0
6720
21
65531
65503
0
6744
21
65531
65503
0
6767
21
65531
65503
0
6792
18
65531
65507
0
6815
18
65531
65507
0
6839
18
65531
65507
0
6863
16
65531
65510
0
6887
16
65531
65510
0
6910
16
65531
65514
0
6935
16
65531
65514
0
6959
16
65531
65514
0
6983
17
65531
65516
0
7007
17
65531
65516
0
7030
17
65531
65516
0
7055
18
65531
65519
0
7078
18
65531
65519
0
7102
18
65531
65519
0
7127
19
65531
65520
0
7150
19
65531
65520
0
7174
19
65531
65520
0
7198
20
65530
65521
0
7222
20
65530
65521
0
7245
20
65530
65521
0
7270
21
65530
65521
0
7293
21
65530
65521
0
7318
22
65530
65522
0
7342
22
65530
65522
0
7365
22
65530
65522
0
7390
23
65530
65522
0
7413
23
65530
65522
0
7437
23
65530
65522
0
7461
23
65530
65521
0
7485
23
65530
65521
0
7508
23
65530
65521
0
7533
24
65530
65522
0
7557
24
65530
65522
0
7580
24
65530
65522
0
7605
24
65530
65522
0
7628
24
65530
65522
0
7653
24
65530
65522
0
7676
24
65530
65522
0
7700
24
65530
65522
0
7725
25
65529
65521
0
7748
25
65529
65521
0
7772
25
65529
65521
0
7796
24
65530
65521
0
7820
24
65530
65521
0
7843
24
65530
65521
0
7868
24
65530
65521
0
7891
24
65530
65521
0
7916
24
65530
65521
0
7940
25
65530
65521
0
7963
25
65530
65521
0
7988
25
65530
65521
0
8011
24
65530
65521
0
8035
24
65530
65521
0
8059
24
65530
65521
0
8083
24
65530
65521
0
8107
24
65530
65521
0
8131
24
65530
65521
0
8155
24
65530
65521
0
8178
24
65530
65521
0
8203
25
65530
65521
0
8226
25
65530
65521
0
8251
25
65530
65521
0
8274
25
65529
65521
0
8298
25
65529
65521
0
8323
25
65529
65521
0
8346
25
65530
65521
0
8370
25
65530
65521
0
8394
25
65530
65521
0
8418
25
65530
65521
0
8441
25
65530
65521
0
8466
25
65530
65521
0
8489
25
65530
65521
0
8514
25
65530
65521
0
8538
25
65530
65521
0
8561
25
65530
65521
0
8586
25
65530
65521
0
8609
25
65530
65521
0
8633
25
65530
65521
0
8657
25
65530
65521
0
8681
25
65530
65521
0
8705
25
65530
65521
0
8729
25
65530
65521
0
8753
24
65530
65522
0
8776
24
65530
65522
0
8801
25
65530
65522
0
8824
25
65530
65522
0
8849
25
65530
65522
0
8872
25
65530
65521
0
8896
25
65530
65521
0
8921
25
65530
65521
0
8944
25
65530
65521
0
8968
25
65530
65521
0
8992
25
65530
65521
0
9016
25
65530
65521
0
9039
25
65530
65521
0
9064
25
65530
65521
0
9088
25
65530
65521
0
9111
25
65530
65521
0
9136
25
65530
65521
0
9159
25
65530
65521
0
9184
25
65530
65521
0
9207
25
65530
65521
0
9231
25
65530
65521
0
9255
25
65530
65521
0
9279
25
65530
65521
0
9303
25
65530
65521
0
9327
25
65530
65521
0
9351
25
65530
65521
0
9374
25
65530
65521
0
9399
25
65530
65521
0
9422
25
65530
65521
0
9447
25
65530
65521
0
9470
25
65530
65521
0
9494
25
65530
65521
0
9519
25
65530
65521
0
9542
24
65530
65521
0
9566
24
65530
65521
0
9590
24
65530
65521
0
9614
25
65530
65521
0
9637
25
65530
65521
0
9662
25
65530
65521
0
9686
24
65529
65521
0
9709
24
65529
65521
0
9734
24
65529
65521
0
9757
25
65530
65521
0
9782
25
65530
65521
0
9805
25
65530
65521
0
9829
24
65530
65521
0
9853
24
65530
65521
0
9877
24
65530
65521
0
9901
24
65530
65521
0
9925
24
65530
65521
0
9949
24
65530
65521
0
9972
24
65530
65521
0
9997
24
65530
65521
0
10020
25
65530
65521
0
10046
25
65530
65521
0
10071
25
65530
65521
0
10095
25
65530
65521
0
10121
25
65530
65521
0
10145
25
65530
65521
0
10170
25
65530
65521
0
10195
25
65530
65521
0
10220
25
65530
65522
0
10246
25
65530
65522
0
10270
25
65530
65522
0
10295
25
65530
65521
0
10320
25
65530
65521
0
10345
25
65530
65521
0
10370
25
65529
65521
0
10395
25
65529
65521
0
10420
25
65529
65521
0
10445
25
65529
65521
0
10470
25
65529
65521
0
10494
25
65529
65521
0
10520
25
65529
65521
0
10545
25
65529
65521
0
10569
25
65530
65521
0
10595
25
65530
65521
0
10619
25
65530
65521
0
10645
25
65530
65521
0
10670
25
65530
65521
0
10694
25
65530
65521
0
10720
25
65530
65521
0
10744
25
65530
65521
0
10769
25
65530
65522
0
10795
25
65530
65522
0
10819
25
65530
65522
0
10845
25
65530
65521
0
10869
25
65530
65521
0
10894
24
65530
65521
0
10919
24
65530
65521
0
10944
24
65530
65521
0
10969
25
65530
65521
0
10994
25
65530
65521
0
11019
25
65530
65521
0
11044
25
65530
65521
0
11069
25
65530
65521
0
11094
25
65530
65521
0
11119
25
65530
65521
0
11144
25
65530
65521
0
11168
24
65530
65521
0
11194
24
65530
65521
0
11218
24
65530
65521
0
11244
25
65530
65521
0
11269
25
65530
65521
0
11293
25
65529
65521
0
11319
24
65529
65522
0
11343
24
65529
65522
0
11368
25
65530
65521
0
11394
25
65530
65521
0
11418
25
65530
65521
0
11444
24
65530
65521
0
11468
24
65530
65521
0
11493
24
65530
65521
0
11518
25
65530
65521
0
11543
25
65530
65521
0
11568
24
65530
65521
0
11593
24
65530
65521
0
11618
24
65530
65521
0
11643
24
65530
65521
0
11668
24
65530
65521
0
11693
24
65530
65521
0
11718
25
65530
65521
0
11743
25
65530
65521
0
11767
25
65530
65521
0
11793
25
65530
65521
0
11817
25
65530
65521
0
11843
24
65530
65521
0
11868
24
65530
65521
0
11892
24
65530
65521
0
11918
24
65530
65521
0
11942
24
65530
65521
0
11967
24
65530
65521
0
11993
25
65530
65521
0
12017
25
65530
65521
0
12043
25
65529
65521
0
12067
25
65529
65521
0
12092
25
65529
65521
0
12118
25
65530
65521
0
12142
25
65530
65521
0
12167
25
65530
65521
0
12192
24
65530
65521
0
12217
24
65530
65521
0
12242
24
65529
65521
0
12267
24
65529
65521
0
12292
24
65529
65521
0
12317
25
65529
65521
0
12342
25
65529
65521
0
12366
25
65529
65521
0
12392
25
65529
65521
0
12417
25
65529
65521
0
12442
25
65530
65521
0
12467
25
65530
65521
0
12491
25
65530
65521
0
12517
24
65530
65521
0
12541
24
65530
65521
0
12566
24
65530
65521
0
12592
25
65530
65521
0
12616
25
65530
65521
0
12642
25
65530
65521
0
12666
25
65530
65521
0
12691
25
65530
65521
0
12717
25
65530
65521
0
12741
25
65530
65521
0
12766
25
65530
65521
0
12791
25
65530
65521
0
12816
25
65530
65521
0
12841
25
65530
65521
0
12866
24
65530
65521
0
12891
24
65530
65521
0
12916
25
65530
65521
0
12941
25
65530
65521
0
12965
25
65530
65521
0
12991
25
65530
65521
0
13016
25
65530
65521
0
13041
25
65530
65521
0
13066
24
65529
65521
0
13090
24
65529
65521
0
13116
24
65530
65521
0
13140
24
65530
65521
0
13165
24
65530
65521
0
13191
25
65530
65521
0
13215
25
65530
65521
0
13241
25
65530
65521
0
13265
24
65530
65521
0
13290
24
65530
65521
0
13316
24
65530
65521
0
13340
25
65530
65521
0
13365
25
65530
65521
0
13390
25
65530
65521
0
13415
25
65530
65521
0
13441
25
65530
65521
0
13465
25
65530
65521
0
13490
25
65530
65521
0
13515
25
65530
65521
0
13540
25
65530
65521
0
13564
25
65530
65521
0
13590
25
65530
65521
0
13615
25
65530
65521
0
13640
25
65530
65521
0
13665
24
65530
65521
0
13689
24
65530
65521
0
13715
24
65530
65521
0
13740
24
65530
65521
0
13764
24
65530
65521
0
13790
24
65530
65521
0
13814
25
65530
65521
0
13840
25
65530
65521
0
13864
25
65530
65521
0
13889
25
65530
65521
0
13915
25
65530
65521
0
13939
24
65530
65521
0
13964
24
65530
65521
0
13989
24
65530
65521
0
14014
25
65529
65521
0
14040
25
65529
65521
0
14064
25
65530
65521
0
14089
25
65530
65521
0
14114
25
65530
65521
0
14139
24
65530
65521
0
14163
24
65530
65521
0
14189
24
65530
65521
0
14214
25
65530
65521
0
14239
25
65530
65521
0
14264
25
65530
65521
0
14288
25
65530
65521
0
14314
25
65530
65521
0
14339
25
65530
65521
0
14363
25
65530
65521
0
14389
25
65530
65521
0
14413
25
65530
65521
0
14439
25
65530
65521
0
14464
25
65530
65521
0
14488
24
65530
65521
0
14514
24
65530
65521
0
14538
25
65530
65521
0
14563
25
65530
65521
0
14588
25
65530
65521
0
14613
25
65530
65521
0
14639
25
65530
65521
0
14663
25
65530
65521
0
14688
25
65530
65521
0
14713
25
65530
65521
0
14738
25
65530
65521
0
14763
25
65530
65521
0
14788
25
65530
65521
0
14813
25
65530
65521
0
14838
25
65530
65521
0
14863
25
65530
65521
0
14887
24
65530
65521
0
14913
24
65530
65521
0
14938
25
65530
65521
0
14962
25
65530
65521
0
14988
25
65530
65521
0
15012
24
65530
65521
0
15038
24
65530
65521
0
15063
24
65530
65521
0
15087
25
65530
65521
0
15113
25
65530
65521
0
15137
25
65530
65521
0
15162
25
65530
65521
0
15187
25
65530
65521
0
15212
25
65530
65521
0
15238
25
65530
65521
0
15262
25
65530
65521
0
15287
25
65530
65521
0
15312
25
65530
65521
0
15337
25
65530
65521
0
15362
25
65530
65521
0
15387
25
65530
65521
0
15412