24
65530
65521
0
8081
25
65530
65521
0
8104
25
65530
65521
0
8128
25
65530
65521
0
8153
24
65530
65521
0
8176
24
65530
65521
0
8200
24
65530
65521
0
8224
24
65530
65521
0
8248
24
65530
65521
0
8271
24
65530
65521
0
8296
24
65530
65521
0
8320
24
65530
65521
0
8344
24
65530
65521
0
8368
24
65530
65521
0
8391
24
65530
65521
0
8416
24
65530
65521
0
8439
24
65530
65521
0
8463
24
65530
65521
0
8487
25
65530
65521
0
8511
25
65530
65521
0
8535
25
65530
65521
0
8559
24
65530
65521
0
8583
24
65530
65521
0
8607
24
65530
65521
0
8631
24
65530
65521
0
8654
24
65530
65521
0
8679
25
65530
65521
0
8702
25
65530
65521
0
8726
25
65530
65521
0
8751
24
65530
65520
0
8774
24
65530
65520
0
8798
24
65530
65520
0
8822
24
65530
65521
0
8846
24
65530
65521
0
8869
24
65530
65521
0
8894
24
65530
65521
0
8918
24
65530
65521
0
8942
24
65530
65521
0
8966
24
65530
65521
0
8989
24
65530
65521
0
9014
24
65530
65521
0
9037
24
65530
65521
0
9061
24
65530
65521
0
9085
24
65530
65521
0
9109
24
65530
65521
0
9133
24
65530
65521
0
9157
24
65530
65521
0
9181
24
65530
65521
0
9205
24
65530
65521
0
9229
24
65530
65520
0
9252
24
65530
65520
0
9277
24
65530
65520
0
9300
25
65530
65521
0
9324
25
65530
65521
0
9349
24
65530
65521
0
9372
24
65530
65521
0
9396
24
65530
65521
0
9420
24
65530
65521
0
9444
24
65530
65521
0
9467
24
65530
65521
0
9492
24
65530
65521
0
9516
24
65530
65521
0
9540
24
65530
65521
0
9564
25
65530
65521
0
9587
25
65530
65521
0
9612
25
65530
65521
0
9635
24
65530
65521
0
9659
24
65530
65521
0
9683
24
65530
65521
0
9707
25
65530
65521
0
9731
25
65530
65521
0
9755
24
65530
65521
0
9779
24
65530
65521
0
9802
24
65530
65521
0
9827
24
65530
65521
0
9850
24
65530
65521
0
9875
24
65530
65521
0
9899
24
65530
65522
0
9922
24
65530
65522
0
9947
24
65530
65522
0
9970
24
65530
65521
0
9994
24
65530
65521
0
10018
24
65530
65521
0
10043
24
65530
65521
0
10067
24
65530
65521
0
10093
24
65530
65521
0
10118
24
65530
65521
0
10143
24
65530
65521
0
10168
24
65530
65521
0
10192
24
65530
65521
0
10218
24
65530
65521
0
10243
24
65530
65521
0
10267
24
65530
65521
0
10293
24
65530
65521
0
10317
24
65530
65521
0
10343
24
65530
65521
0
10368
24
65530
65521
0
10392
24
65530
65521
0
10418
24
65530
65521
0
10442
24
65530
65521
0
10467
24
65530
65521
0
10492
24
65530
65521
0
10517
24
65530
65521
0
10543
24
65530
65521
0
10567
24
65530
65521
0
10592
24
65530
65521
0
10617
24
65530
65521
0
10642
24
65530
65521
0
10667
24
65530
65521
0
10692
24
65530
65521
0
10717
24
65530
65521
0
10742
24
65530
65521
0
10767
24
65530
65521
0
10791
24
65530
65521
0
10817
24
65530
65521
0
10842
24
65530
65521
0
10866
24
65530
65521
0
10892
24
65530
65521
0
10916
24
65530
65521
0
10942
24
65530
65521
0
10967
24
65530
65521
0
10991
24
65530
65521
0
11017
24
65530
65521
0
11041
24
65530
65521
0
11066
24
65530
65521
0
11091
24
65530
65521
0
11116
24
65530
65521
0
11142
24
65530
65521
0
11166
24
65530
65521
0
11191
24
65530
65520
0
11216
24
65530
65520
0
11241
24
65530
65521
0
11266
24
65530
65521
0
11291
24
65530
65521
0
11316
24
65530
65521
0
11341
24
65530
65521
0
11366
24
65530
65521
0
11390
24
65530
65521
0
11416
24
65530
65521
0
11441
24
65530
65521
0
11465
24
65530
65521
0
11491
24
65530
65521
0
11515
24
65530
65521
0
11541
24
65530
65521
0
11566
24
65530
65521
0
11590
24
65530
65521
0
11616
24
65530
65521
0
11640
24
65530
65521
0
11665
24
65530
65521
0
11691
24
65530
65521
0
11715
24
65530
65521
0
11741
24
65530
65521
0
11765
24
65530
65521
0
11790
24
65530
65521
0
11815
24
65530
65521
0
11840
24
65530
65521
0
11865
24
65530
65521
0
11890
24
65530
65521
0
11915
24
65530
65521
0
11940
24
65530
65521
0
11965
24
65530
65521
0
11990
24
65530
65521
0
12015
24
65530
65521
0
12040
24
65530
65521
0
12064
24
65530
65521
0
12090
24
65530
65521
0
12114
24
65530
65521
0
12140
24
65530
65521
0
12165
24
65530
65521
0
12189
25
65530
65521
0
12215
25
65530
65521
0
12239
25
65530
65521
0
12264
24
65530
65521
0
12290
24
65530
65521
0
12314
24
65530
65521
0
12340
24
65530
65521
0
12364
24
65530
65521
0
12389
24
65530
65521
0
12414
24
65530
65521
0
12439
24
65530
65521
0
12464
24
65530
65521
0
12489
24
65530
65521
0
12514
24
65530
65521
0
12539
24
65530
65521
0
12564
24
65530
65521
0
12589
24
65530
65521
0
12614
24
65530
65521
0
12639
24
65530
65521
0
12663
24
65530
65521
0
12689
24
65530
65521
0
12713
24
65530
65521
0
12739
24
65530
65521
0
12764
24
65530
65521
0
12788
24
65530
65521
0
12814
24
65530
65521
0
12838
24
65530
65521
0
12863
24
65530
65521
0
12889
24
65530
65521
0
12913
24
65530
65521
0
12939
23
65530
65521
0
12963
23
65530
65521
0
12988
23
65530
65521
0
13014
23
65530
65521
0
13038
23
65530
65521
0
13063
23
65530
65521
0
13088
23
65530
65521
0
13113
23
65530
65521
0
13138
22
65530
65521
0
13163
22
65530
65521
0
13188
22
65530
65521
0
13213
22
65530
65521
0
13238
22
65530
65521
0
13262
22
65530
65521
0
13288
22
65530
65521
0
13313
22
65530
65521
0
13338
21
65530
65521
0
13363
21
65530
65521
0
13387
21
65530
65521
0
13413
21
65530
65521
0
13437
21
65530
65521
0
13462
21
65530
65521
0
13488
20
65530
65521
0
13512
20
65530
65521
0
13538
20
65531
65520
0
13562
20
65531
65520
0
13587
20
65531
65520
0
13613
19
65531
65520
0
13637
19
65531
65520
0
13662
19
65531
65520
0
13687
18
65531
65519
0
13712
18
65531
65519
0
13737
17
65531
65518
0
13762
17
65531
65518
0
13787
17
65531
65518
0
13812
16
65531
65516
0
13837
16
65531
65516
0
13861
16
65531
65516
0
13887
16
65531
65514
0
13912
16
65531
65514
0
13937
16
65531
65512
0
13962
16
65531
65512
0
13986
16
65531
65512
0
14012
16
65531
65510
0
14036
16
65531
65510
0
14061
16
65531
65510
0
14087
17
65531
65508
0
14111
17
65531
65508
0
14137
17
65531
65508
0
14161
18
65531
65506
0
14186
18
65531
65506
0
14212
21
65531
65503
0
14236
21
65531
65503
0
14261
21
65531
65503
0
14286
25
65532
65503
0
14311
25
65532
65503
0
14337
25
65532
65503
0
14361
28
65532
65504
0
14386
28
65532
65504
0
14411
32
65531
65506
0
14436
32
65531
65506
0
14460
32
65531
65506
0
14486
33
65530
65510
0
14511
33
65530
65510
0
14536
33
65530
65510
0
14561
33
65528
65514
0
14585
33
65528
65514
0
14611
33
65528
65514
0
14636
31
65529
65518
0
14660
31
65529
65518
0
14686
28
65530
65520
0
14710
28
65530
65520
0
14736
28
65530
65520
0
14760
24
65532
65519
0
14785
24
65532
65519
0
14811
24
65532
65519
0
14835
22
65533
65516
0
14860
22
65533
65516
0
14885
23
65533
65511
0
14910
23
65533
65511
0
14936
23
65533
65511
0
14960
28
65533
65511
0
14985
28
65533
65511
0
15010
28
65533
65511
0
15035
31
65532
65513
0
15059
31
65532
65513
0
15085
32
65530
65517
0
15110
32
65530
65517
0
15135
32
65530
65517
0
15160
31
65531
65523
0
15184
31
65531
65523
0
15210
31
65531
65523
0
15235
28
65533
65525
0
15259
28
65533
65525
0
15285
28
65533
65525
0
15309
27
65535
65525
0
15335
27
65535
65525
0
15360
27
0
65525
0
15384
27
0
65525
0
15406
27
0
65525
0
15426
27
1
65527
0
15447
27
1
65527
0
15468
27
1
65527
0
15489
27
1
65527
0
15509
26
3
65529
0
15531
26
3
65529
0
15551
26
3
65529
0
15571
24
5
65531
0
15592
24
5
65531
0
15613
24
5
65531
0
15634
21
7
65531
0
15654
21
7
65531
0
15676
21
7
65531
0
15696
19
7
65528
0
15717
19
7
65528
0
15738
19
7
65528
0
15759
19
7
65528
0
15779
20
8
65522
0
15801
20
8
65522
0
15821
20
8
65522
0
15842
23
9
65521
0
15863
23
9
65521
0
15884
23
9
65521
0
15904
23
11
65522
0
15925
23
11
65522
0
15947
23
11
65522
0
15969
22
12
65522
0
15990
22
12
65522
0
16013
22
12
65522
0
16034
19
13
65521
0
16056
19
13
65521
0
16078
19
13
65521
0
16100
23
12
65519
0
16121
23
12
65519
0
16144
23
12
65519
0
16165
23
12
65519
0
16187
23
6
65525
0
16209
23
6
65525
0
16230
23
6
65525
0
16250
19
0
65528
0
16272
19
0
65528
0
16292
19
0
65528
0
16313
18
65533
65530
0
16334
18
65533
65530
0
16359
18
65533
65530
0
16384
14
65531
65530
0
16409
14
65531
65530
0
16434
14
65531
65529
0
16458
8
65531
65529
0
16484
8
65531
65529
0
16507
0
0
65506
0
16532
0
0
65506
0
16551
0
0
65506
0
16571
0
0
65506
0
16590
12
2
65475
0
16611
12
2
65475
0
16631
12
2
65475
0
16652
35
65533
65459
0
16673
35
65533
65459
0
16698
35
65533
65459
0
16722
60
65530
65491
0
16748
60
65530
65491
0
16773
40
65530
65515
0
16798
40
65530
65515
0
16823
40
65530
65515
0
16847
32
65530
65514
0
16873
32
65530
65514
0
16898
32
65530
65514
0
16922
31
65530
65512
0
16948
31
65530
65512
0
16972
31
65530
65512
0
16998
32
65529
65513
0
17022
32
65529
65513
0
17047
32
65529
65515
0
17073
32
65529
65515
0
17097
32
65529
65515
0
17122
31
65529
65516
0
17147
31
65529
65516
0
17172
31
65529
65516
0
17198
31
65529
65517
0
17222
31
65529
65517
0
17247
30
65529
65518
0
17272
30
65529
65518
0
17297
30
65529
65518
0
17321
29
65529
65518
0
17347
29
65529
65518
0
17372
29
65529
65518
0
17397
29
65529
65519
0
17422
29
65529
65519
0
17446
29
65529
65519
0
17472
29
65529
65519
0
17497
29
65529
65519
0
17521
28
65529
65519
0
17547
28
65529
65519
0
17571
28
65529
65519
0
17597
28
65529
65519
0
17622
28
65529
65519
0
17646
28
65529
65519
0
17672
28
65529
65519
0
17696
28
65529
65519
0
17721
27
65529
65519
0
17746
27
65529
65519
0
17771
27
65529
65519
0
17797
27
65529
65519
0
17821
27
65529
65519
0
17846
27
65529
65519
0
17871
27
65529
65519
0
17896
27
65529
65519
0
17921
27
65529
65520
0
17946
27
65529
65520
0
17971
27
65529
65520
0
17996
27
65529
65519
0
18021
27
65529
65519
0
18045
27
65529
65519
0
18071
27
65529
65519
0
18096
27
65529
65519
0
18120
27
65529
65519
0
18146
27
65529
65520
0
18170
27
65529
65520
0
18196
26
65529
65519
0
18221
26
65529
65519
0
18245
26
65529
65519
0
18271
26
65529
65520
0
18295
26
65529
65520
0
18320
26
65529
65520
0
18345
27
65529
65519
0
18370
27
65529
65519
0
18396
26
65529
65519
0
18420
26
65529
65519
0
18445
26
65529
65519
0
18470
26
65529
65519
0
18495
26
65529
65519
0
18520
26
65529
65519
0
18545
26
65529
65520
0
18570
26
65529
65520
0
18595
26
65529
65520
0
18620
26
65529
65520
0
18644
26
65529
65520
0
18670
26
65529
65519
0
18695
26
65529
65519
0
18719
26
65529
65519
0
18745
26
65529
65520
0
18769
26
65529
65520
0
18795
26
65529
65520
0
18820
26
65529
65519
0
18844
26
65529
65519
0
18870
26
65529
65520
0
18894
26
65529
65520
0
18919
26
65529
65520
0
18945
26
65529
65520
0
18969
26
65529
65520
0
18995
26
65529
65520
0
19019
26
65529
65520
0
19044
26
65529
65520
0
19069
26
65529
65520
0
19094
26
65529
65520
0
19119
26
65529
65520
0
19144
26
65529
65520
0
19169
26
65529
65520
0
19194
26
65529
65520
0
19219
26
65529
65519
0
19244
26
65529
65519
0
19269
26
65529
65519
0
19294
26
65529
65519
0
19318
26
65529
65519
0
19344
26
65529
65520
0
19368
26
65529
65520
0
19394
26
65529
65520
0
19419
26
65529
65520
0
19443
26
65529
65520
0
19469
26
65529
65520
0
19493
26
65529
65520
0
19518
26
65529
65520
0
19544
26
65529
65519
0
19568
26
65529
65519
0
19594
26
65529
65519
0
19618
26
65529
65520
0
19643
26
65529
65520
0
19668
26
65529
65520
0
19693
25
65530
65519
0
19718
25
65530
65519
0
19743
26
65529
65519
0
19768
26
65529
65519
0
19793
26
65529
65519
0
19818
26
65529
65520
0
19843
26
65529
65520
0
19868
26
65529
65520
0
19893
26
65529
65520
0
19917
26
65529
65520
0
19943
26
65529
65520
0
19968
26
65529
65519
0
19993
26
65529
65519
0
20018
25
65529
65520
0
20042
25
65529
65520
0
20068
25
65529
65520
0
20092
26
65529
65520
0
20117
26
65529
65520
0
20143
26
65529
65520
0
20167
26
65529
65519
0
20193
26
65529
65519
0
20217
26
65530
65520
0
20242
26
65530
65520
0
20268
26
65530
65520
0
20292
26
65529
65520
0
20317
26
65529
65520
0
20342
26
65529
65520
0
20367
26
65529
65520
0
20392
26
65529
65520
0
20417
26
65529
65520
0
20442
26
65529
65520
0
20467
26
65529
65520
0
20492
26
65529
65520
0
20516
26
65529
65520
0
20542
26
65529
65520
0
20567
26
65529
65520
0
20592
26
65529
65520
0
20617
26
65529
65520
0
20641
26
65529
65520
0
20667
26
65529
65520
0
20691
25
65529
65519
0
20716
25
65529
65519
0
20742
25
65529
65519
0
20766
26
65529
65520
0
20792
26
65529
65520
0
20816
26
65529
65520
0
20841
26
65529
65520
0
20867
26
65529
65520
0
20891
26
65529
65520
0
20916
26
65529
65520
0
20941
26
65529
65520
0
20966
25
65529
65520
0
20992
25
65529
65520
0
21016
25
65529
65520
0
21041
26
65529
65520
0
21066
26
65529
65520
0
21091
26
65529
65520
0
21115
26
65529
65520
0
21141
26
65529
65520
0
21166
26
65529
65519
0
21191
26
65529
65519
0
21216
26
65529
65519
0
21240
26
65529
65520
0
21266
26
65529
65520
0
21291
26
65529
65520
0
21315
26
65529
65520
0
21341
26
65529
65520
0
21365
26
65529
65519
0
21391
26
65529
65519
0
21415
26
65529
65519
0
21440
26
65529
65520
0
21466
26
65529
65520
0
21490
26
65529
65520
0
21515
26
65529
65520
0
21540
26
65529
65520
0
21565
26
65530
65519
0
21591
26
65530
65519
0
21615
26
65530
65519
0
21640
26
65529
65520
0
21665
26
65529
65520
0
21690
26
65529
65520
0
21714
26
65529
65520
0
21740
26
65529
65520
0
21765
26
65529
65520
0
21790
26
65530
65519
0
21815
26
65530
65519
0
21839
26
65529
65520
0
21865
26
65529
65520
0
21890
26
65529
65520
0
21914
26
65529
65520
0
21940
26
65529
65520
0
21964
26
65529
65520
0
21990
26
65529
65520
0
22014
26
65529
65520
0
22039