25
65529
65520
0
27799
26
65529
65520
0
27825
26
65529
65520
0
27849
26
65529
65520
0
27875
25
65529
65520
0
27899
25
65529
65520
0
27924
26
65529
65520
0
27950
26
65529
65520
0
27974
26
65529
65520
0
27999
26
65529
65520
0
28024
26
65529
65520
0
28049
26
65529
65520
0
28075
26
65529
65520
0
28099
26
65529
65520
0
28124
26
65529
65520
0
28149
26
65529
65520
0
28174
26
65529
65520
0
28198
25
65529
65520
0
28224
25
65529
65520
0
28249
25
65529
65520
0
28274
26
65529
65520
0
28299
26
65529
65520
0
28323
26
65529
65520
0
28349
26
65529
65520
0
28374
26
65529
65520
0
28398
25
65529
65520
0
28424
25
65529
65520
0
28448
25
65529
65520
0
28474
26
65529
65520
0
28498
26
65529
65520
0
28523
26
65529
65520
0
28549
26
65529
65520
0
28573
26
65529
65520
0
28598
26
65529
65520
0
28623
26
65529
65520
0
28648
26
65529
65520
0
28674
25
65529
65520
0
28698
25
65529
65520
0
28723
25
65529
65520
0
28748
25
65529
65520
0
28773
25
65529
65520
0
28797
25
65529
65520
0
28823
26
65529
65520
0
28848
26
65529
65520
0
28873
26
65529
65520
0
28898
26
65529
65520
0
28922
26
65529
65520
0
28948
26
65529
65520
0
28973
26
65529
65520
0
28997
26
65529
65520
0
29023
25
65530
65520
0
29047
25
65530
65520
0
29073
26
65530
65520
0
29097
26
65530
65520
0
29122
26
65530
65520
0
29148
26
65529
65520
0
29172
26
65529
65520
0
29197
26
65529
65520
0
29222
26
65530
65520
0
29247
26
65530
65520
0
29273
26
65530
65520
0
29297
25
65529
65520
0
29322
25
65529
65520
0
29347
26
65529
65520
0
29372
26
65529
65520
0
29396
26
65529
65520
0
29422
26
65530
65520
0
29447
26
65530
65520
0
29472
26
65530
65520
0
29497
26
65529
65520
0
29521
26
65529
65520
0
29547
26
65529
65520
0
29572
26
65529
65520
0
29596
26
65529
65520
0
29622
26
65529
65520
0
29646
26
65529
65520
0
29672
26
65529
65520
0
29697
26
65529
65520
0
29721
26
65529
65520
0
29747
26
65529
65520
0
29771
26
65529
65520
0
29796
26
65529
65520
0
29821
26
65530
65520
0
29846
26
65530
65520
0
29872
26
65530
65520
0
29896
26
65529
65520
0
29921
26
65529
65520
0
29946
26
65529
65520
0
29971
26
65529
65520
0
29996
26
65529
65520
0
30021
25
65529
65520
0
30046
25
65529
65520
0
30071
25
65529
65520
0
30096
26
65529
65520
0
30120
26
65529
65520
0
30146
26
65529
65520
0
30171
26
65529
65520
0
30195
26
65529
65520
0
30221
26
65529
65520
0
30245
26
65529
65520
0
30271
26
65529
65520
0
30296
26
65529
65520
0
30320
26
65529
65520
0
30346
26
65529
65520
0
30370
26
65529
65520
0
30395
26
65529
65520
0
30420
26
65529
65520
0
30445
26
65529
65520
0
30471
26
65529
65520
0
30495
26
65529
65520
0
30520
26
65529
65520
0
30545
26
65529
65520
0
30570
26
65529
65520
0
30595
26
65529
65520
0
30620
26
65529
65520
0
30645
26
65529
65520
0
30670
26
65529
65520
0
30695
26
65529
65520
0
30720
26
65529
65520
0
30745
26
65529
65520
0
30770
26
65529
65520
0
30794
26
65529
65520
0
30820
26
65529
65520
0
30844
25
65529
65520
0
30870
25
65529
65520
0
30895
25
65529
65520
0
30919
25
65529
65520
0
30945
25
65529
65520
0
30969
25
65530
65520
0
30994
25
65530
65520
0
31020
25
65530
65520
0
31044
26
65529
65520
0
31070
26
65529
65520
0
31094
26
65529
65520
0
31119
26
65529
65520
0
31144
26
65529
65520
0
31169
26
65529
65520
0
31194
26
65529
65520
0
31219
26
65529
65520
0
31244
25
65529
65520
0
31269
25
65529
65520
0
31294
25
65529
65520
0
31319
26
65530
65520
0
31344
26
65530
65520
0
31369
25
65529
65520
0
31393
25
65529
65520
0
31419
25
65529
65520
0
31443
26
65529
65520
0
31469
26
65529
65520
0
31494
26
65529
65520
0
31518
25
65530
65520
0
31544
25
65530
65520
0
31568
25
65530
65520
0
31593
26
65529
65520
0
31619
26
65529
65520
0
31643
25
65529
65520
0
31669
25
65529
65520
0
31693
25
65529
65520
0
31718
26
65529
65520
0
31744
26
65529
65520
0
31768
26
65529
65520
0
31793
25
65529
65520
0
31818
25
65529
65520
0
31843
26
65529
65520
0
31868
26
65529
65520
0
31893
26
65529
65520
0
31918
26
65529
65520
0
31943
26
65529
65520
0
31968
26
65529
65520
0
31992
26
65529
65520
0
32018
26
65529
65520
0
32043
25
65529
65520
0
32068
25
65529
65520
0
32093
25
65529
65520
0
32117
26
65530
65520
0
32143
26
65530
65520
0
32167
26
65530
65520
0
32192
26
65529
65520
0
32218
26
65529
65520
0
32242
26
65529
65520
0
32268
25
65529
65520
0
32292
25
65529
65520
0
32317
26
65529
65520
0
32343
26
65529
65520
0
32367
26
65529
65520
0
32392
26
65529
65520
0
32417
26
65529
65520
0
32442
26
65529
65520
0
32467
25
65530
65520
0
32492
25
65530
65520
0
32517
26
65529
65520
0
32542
26
65529
65520
0
32567
26
65529
65520
0
32591
25
65529
65520
0
32617
25
65529
65520
0
32642
25
65529
65520
0
32667
25
65529
65520
0
32692
25
65529
65520
0
32716
25
65529
65520
0
32742
25
65529
65520
0
32766
25
65529
65520
0
32791
25
65529
65520
0
32817
25
65529
65520
0
32841
25
65529
65520
0
32867
26
65529
65520
0
32891
26
65529
65520
0
32916
26
65529
65520
0
32942
25
65529
65520
0
32966
25
65529
65520
0
32991
26
65529
65520
0
33016
26
65529
65520
0
33041
26
65529
65520
0
33067
25
65529
65520
0
33091
25
65529
65520
0
33116
25
65529
65520
0
33141
25
65529
65520
0
33166
25
65529
65520
0
33190
25
65529
65520
0
33216
25
65529
65520
0
33241
25
65529
65520
0
33266
26
65529
65520
0
33291
26
65529
65520
0
33315
26
65529
65520
0
33341
25
65529
65520
0
33366
25
65529
65520
0
33390
25
65529
65520
0
33416
25
65529
65520
0
33440
25
65529
65520
0
33466
26
65529
65520
0
33490
26
65529
65520
0
33515
26
65529
65520
0
33541
25
65529
65520
0
33565
25
65529
65520
0
33590
25
65529
65520
0
33615
25
65530
65520
0
33640
25
65530
65520
0
33666
26
65529
65520
0
33690
26
65529
65520
0
33715
26
65529
65520
0
33740
25
65529
65520
0
33765
25
65529
65520
0
33789
25
65529
65520
0
33815
25
65529
65520
0
33840
25
65529
65520
0
33865
25
65529
65520
0
33890
26
65529
65520
0
33914
26
65529
65520
0
33940
26
65529
65520
0
33965
26
65529
65520
0
33989
26
65529
65520
0
34015
25
65529
65520
0
34039
25
65529
65520
0
34065
25
65529
65520
0
34089
25
65529
65520
0
34114
25
65529
65520
0
34140
26
65529
65520
0
34164
26
65529
65520
0
34189
26
65529
65520
0
34214
26
65529
65520
0
34239
26
65529
65520
0
34265
26
65529
65520
0
34289
26
65529
65520
0
34314
26
65529
65520
0
34339
26
65529
65520
0
34364
26
65529
65520
0
34388
26
65529
65520
0
34414
26
65529
65520
0
34439
26
65529
65520
0
34464
26
65529
65520
0
34489
26
65529
65520
0
34513
26
65529
65520
0
34539
26
65529
65520
0
34564
26
65529
65520
0
34589
26
65529
65520
0
34614
27
65529
65520
0
34638
27
65529
65520
0
34664
27
65529
65520
0
34689
26
65529
65520
0
34713
26
65529
65520
0
34739
26
65529
65520
0
34763
27
65529
65519
0
34788
27
65529
65519
0
34813
27
65529
65519
0
34838
27
65529
65519
0
34864
27
65529
65519
0
34888
27
65529
65519
0
34913
27
65529
65519
0
34938
27
65529
65519
0
34963
28
65529
65519
0
34989
28
65529
65519
0
35013
28
65529
65519
0
35038
29
65530
65519
0
35063
29
65530
65519
0
35088
29
65529
65519
0
35112
29
65529
65519
0
35138
29
65529
65519
0
35163
30
65529
65518
0
35187
30
65529
65518
0
35213
30
65529
65518
0
35237
31
65529
65517
0
35263
31
65529
65517
0
35288
31
65530
65516
0
35312
31
65530
65516
0
35338
31
65530
65516
0
35362
32
65530
65514
0
35387
32
65530
65514
0
35412
32
65530
65514
0
35437
32
65531
65513
0
35463
32
65531
65513
0
35487
32
65531
65515
0
35512
32
65531
65515
0
35537
32
65531
65515
0
35562
36
65532
65516
0
35587
36
65532
65516
0
35612
36
65532
65516
0
35637
45
6
65510
0
35662
45
6
65510
0
35683
45
6
65510
0
35703
40
13
65498
0
35725
40
13
65498
0
35746
40
13
65498
0
35768
25
1
65493
0
35790
25
1
65493
0
35811
25
1
65493
0
35831
13
65527
65499
0
35852
13
65527
65499
0
35877
13
65527
65499
0
35902
10
65519
65506
0
35928
10
65519
65506
0
35952
10
65519
65506
0
35977
10
65516
65511
0
36002
10
65516
65511
0
36027
9
65517
65517
0
36051
9
65517
65517
0
36076
9
65517
65517
0
36100
8
65522
65523
0
36124
8
65522
65523
0
36148
8
65522
65523
0
36171
11
65529
65528
0
36196
11
65529
65528
0
36220
11
65529
65528
0
36245
13
65535
65531
0
36271
13
65535
65531
0
36295
13
65535
65531
0
36321
15
3
65532
0
36345
15
3
65532
0
36366
15
3
65532
0
36387
16
6
65533
0
36408
16
6
65533
0
36428
16
6
65533
0
36449
18
8
65534
0
36470
18
8
65534
0
36491
18
8
65534
0
36511
20
9
65534
0
36533
20
9
65534
0
36553
20
9
65534
0
36574
20
10
65533
0
36595
20
10
65533
0
36617
20
10
65533
0
36638
21
10
65533
0
36661
21
10
65533
0
36682
21
10
65533
0
36704
21
10
65533
0
36726
20
10
65533
0
36748
20
10
65533
0
36769
20
10
65533
0
36792
20
10
65533
0
36813
20
10
65533
0
36835
20
10
65533
0
36857
20
9
65533
0
36879
20
9
65533
0
36899
20
9
65533
0
36921
19
9
65533
0
36941
19
9
65533
0
36962
19
9
65533
0
36982
20
8
65533
0
37004
20
8
65533
0
37024
20
8
65533
0
37045
20
9
65533
0
37066
20
9
65533
0
37087
20
9
65533
0
37107
20
9
65533
0
37129
20
9
65533
0
37149
20
9
65533
0
37170
20
9
65533
0
37191
18
9
65534
0
37212
18
9
65534
0
37232
18
9
65534
0
37254
19
9
65534
0
37274
19
9
65534
0
37295
19
9
65534
0
37315
19
9
65534
0
37337
19
9
65534
0
37357
19
9
65534
0
37378
19
9
65534
0
37399
19
9
65533
0
37420
19
9
65533
0
37440
19
9
65533
0
37462
19
9
65534
0
37482
19
9
65534
0
37502
19
9
65534
0
37524
19
9
65534
0
37544
19
9
65534
0
37565
19
9
65534
0
37586
19
9
65533
0
37607
19
9
65533
0
37627
19
9
65533
0
37648
19
9
65533
0
37669
20
9
65533
0
37690
20
9
65533
0
37710
20
9
65533
0
37732
19
9
65533
0
37752
19
9
65533
0
37773
19
9
65533
0
37794
19
9
65533
0
37815
19
9
65533
0
37835
19
9
65533
0
37857
19
9
65533
0
37877
19
9
65533
0
37898
19
9
65533
0
37919
19
9
65533
0
37940
19
9
65533
0
37960
19
9
65533
0
37981
19
9
65533
0
38002
19
8
65533
0
38023
19
8
65533
0
38043
19
8
65533
0
38065
19
8
65533
0
38085
19
8
65533
0
38106
19
8
65533
0
38127
19
8
65533
0
38148
19
8
65533
0
38168
19
8
65533
0
38190
19
8
65533
0
38210
19
8
65533
0
38231
19
8
65533
0
38252
19
8
65533
0
38273
19
8
65533
0
38293
19
8
65533
0
38313
19
8
65533
0
38335
18
8
65533
0
38355
18
8
65533
0
38376
18
8
65533
0
38397
18
8
65533
0
38418
18
8
65533
0
38438
18
8
65533
0
38460
18
8
65533
0
38480
18
8
65533
0
38501
18
8
65533
0
38522
18
8
65533
0
38543
18
8
65533
0
38563
18
8
65533
0
38585
18
8
65533
0
38605
18
7
65533
0
38626
18
7
65533
0
38646
18
7
65533
0
38668
17
7
65533
0
38688
17
7
65533
0
38709
17
7
65533
0
38730
17
7
65533
0
38751
18
7
65534
0
38771
18
7
65534
0
38793
18
7
65534
0
38813
17
7
65533
0
38834
17
7
65533
0
38855
17
7
65533
0
38876
17
7
65533
0
38896
17
7
65533
0
38918
17
7
65533
0
38938
16
6
65533
0
38959
16
6
65533
0
38979
16
6
65533
0
39001
16
6
65533
0
39021
16
6
65534
0
39042
16
6
65534
0
39063
16
6
65534
0
39084
16
6
65533
0
39104
16
6
65533
0
39126
16
6
65533
0
39146
16
6
65533
0
39166
16
6
65533
0
39188
16
6
65533
0
39208
16
6
65533
0
39229
16
6
65533
0
39250
16
6
65533
0
39271
16
6
65533
0
39291
16
6
65533
0
39312
16
6
65533
0
39333
16
6
65533
0
39354
16
6
65533
0
39374
16
6
65533
0
39396
16
6
65533
0
39416
16
6
65533
0
39437
16
6
65533
0
39458
16
6
65533
0
39479
16
6
65533
0
39499
16
6
65533
0
39521
16
6
65533
0
39541
16
6
65533
0
39562
16
6
65533
0
39583
16
6
65533
0
39604
16
6
65533
0
39624
16
6
65533
0
39645
16
6
65533
0
39666
16
6
65533
0
39687
16
6
65532
0
39707
16
6
65532
0
39729
16
6
65532
0
39749
16
6
65533
0
39770
16
6
65533
0
39791
16
6
65533
0
39812
16
5
65532
0
39832
16
5
65532
0
39854
16
5
65532
0
39874
16
5
65532
0
39895
16
5
65533
0
39916
16
5
65533
0
39937
16
5
65533
0
39957
16
5
65532
0
39977
16
5
65532
0
39999
16
5
65532
0
40019
16
5
65533
0
40040
16
5
65533
0
40061
16
5
65533
0
40082
16
5
65532
0
40102
16
5
65532
0
40124
16
5
65532
0
40144
16
5
65532
0
40165
16
5
65532
0
40186
16
5
65532
0
40207
16
5
65532
0
40227
16
5
65532
0
40249
16
5
65532
0
40269
16
5
65532
0
40290
15
4
65532
0
40310
15
4
65532
0
40332
15
4
65532
0
40352
15
4
65532
0
40373
15
4
65532
0
40394
15
4
65532
0
40415
15
4
65532
0
40435
15
4
65532
0
40457
15
4
65532
0
40477
15
4
65532
0
40498
14
3
65532
0
40519
14
3
65532
0
40540
14
3
65532
0
40560
14
3
65531
0
40582
14
3
65531
0
40602
14
3
65531
0
40623
13
2
65531
0
40643
13
2
65531
0
40665
13
2
65531
0
40685
13
2
65531
0
40706
12
0
65531
0
40727
12
0
65531
0
40748
12
0
65531
0
40768
11
65534
65529
0
40790
11
65534
65529
0
40814
11
65534
65529
0
40839
10
65531
65527
0
40864
10
65531
65527
0
40889
8
65527
65525
0
40914
8
65527
65525
0
40938
8
65527
65525
0
40962
7
65523
65524
0
40986
7
65523
65524
0
41010
7
65523
65524
0
41033
7
65519
65520
0
41058
7
65519
65520
0
41081
7
65519
65520
0
41105
10
65516
65520
0
41129
10
65516
65520
0
41154
10
65516
65520
0
41180
9
65516
65515
0
41204
9
65516
65515
0
41228
5
65516
65505
0
41252
5
65516
65505
0
41276
5
65516
65505
0
41299
6
65517
65500
0
41324
6
65517
65500
0
41348
6
65517
65500
0
41371
6
65523
65485
0
41396
6
65523
65485
0
41419
6
65523
65485
0
41443
10
65528
65478
0
41467
10
65528
65478
0
41492
10
65528
65478
0
41518
20
65535
65480
0
41542
20
65535
65480
0
41567
28
4
65487
0
41592
28
4
65487
0
41613
28
4
65487
0
41633
28
4
65487
0
41655
39
14
65491
0
41675
39
14
65491
0
41697
39
14
65491
0
41719
47
17
65498
0
41741
47
17
65498
0
41762
47
17
65498
0
41785
49
8
65509
0
41806
49
8
65509
0
41827
49
8
65509
0
41848
41
65535
65515
0
41869
41
65535
65515
0
41893
41
65535
65515
0
41919
35
65531
65516
0
41944
35
65531
65516
0
41968
32
65530
65514
0
41994
32
65530
65514
0
42018
32
65530
65514
0
42043
31
65531
65513
0
42068
31
65531
65513
0
42093
31
65531
65513
0
42119
32
65531
65513
0
42143
32
65531
65513
0
42168
32
65531
65513
0
42193
32
65531
65514
0
42218
32
65531
65514
0
42243
32
65530
65515
0
42268
32
65530
65515
0
42293
32
65530
65515
0
42318
31
65530
65516
0
42343
31
65530
65516
0
42368
31
65530
65516
0
42393
31
65530
65517
0
42418
31
65530
65517
0
42442
30
65529
65518
0
42468
30
65529
65518
0
42492
30
65529
65518
0
42518
30
65529
65518
0
42543
30
65529
65518
0
42567
30
65529
65518
0
42593
29
65529
65519
0
42617
29
65529
65519
0
42642
29
65529
65519
0
42668
28
65529
65519
0
42692
28
65529
65519
0
42718
28
65529
65519
0
42742
28
65529
65519
0
42767
28
65529
65519
0
42792
28
65529
65519
0
42817
28
65529
65519
0
42842
28
65529
65519
0
42867
28
65529
65519
0
42892
28
65529
65519
0
42917
27
65529
65519
0
42942
27
65529
65519
0
42967
27
65529
65519
0
42992
27
65530
65519
0
43017
27
65530
65519
0
43041
27
65530
65519
0
43067
27
65529
65519
0
43091
27
65529
65519
0
43117
27
65529
65519
0
43142
27
65529
65519
0
43166
27
65529
65519
0
43192
27
65529
65520
0
43216
27
65529
65520
0
43241
27
65529
65520
0
43267
27
65529
65520
0
43291
27
65529
65520
0
43317
27
65529
65520
0
43341
26
65529
65520
0
43366
26
65529
65520
0
43392
26
65529
65520
0
43416
26
65529
65520
0
43441
26
65529
65520
0
43466
26
65530
65520
0
43491
26
65530
65520
0
43516
26
65530
65520
0
43541
26
65529
65520
0
43566
26
65529
65520
0
43591
26
65529
65519
0
43616
26
65529
65519
0
43640
26
65529
65519
0
43666
26
65529
65520
0
43691
26
65529
65520
0
43716
26
65529
65520
0
43741
26
65529
65520
0
43765
26
65529
65520
0
43791
26
65529
65520
0
43815
26
65529
65519
0
43841
26
65529
65519
0
43866
26
65529
65520
0
43890
26
65529
65520
0
43916
26
65529
65520
0
43940
26
65529
65520
0
43965
26
65529
65520
0
43991
26
65529
65520
0
44015
26
65530
65520
0
44040
26
65530
65520
0
44065
26
65529
65520
0
44090
26
65529
65520
0
44115
26
65529
65520
0
44140
26
65530
65520
0
44165
26
65530
65520
0
44190
26
65530
65520
0
44215
26
65529
65520
0
44239
26
65529
65520
0
44265
26
65529
65520
0
44290
26
65529
65520
0
44315
26
65529
65520
0
44340
26
65529
65520
0
44364
26
65529
65520
0
44390
26
65529
65520
0
44414
26
65529
65520
0
44439
26
65529
65520
0
44465
26
65529
65520
0
44489
26
65529
65519
0
44515
26
65529
65519
0
44539
26
65529
65520
0
44564
26
65529
65520
0
44590
26
65529
65520
0
44614
26
65529
65519
0
44640
26
65529
65519
0
44664
26
65529
65519
0
44689
26
65529
65520
0
44715
26
65529
65520
0
44739
26
65529
65520
0
44764
26
65529
65520
0
44789
26
65529
65520
0
44814
26
65529
65520
0
44838
26
65529
65520
0
44864
26
65529
65520
0
44889
26
65529
65520
0
44914
26
65529
65520
0
44939
26
65529
65520
0
44963
26
65529
65520
0
44989
26
65529
65520
0
45014
26
65529
65520
0
45038
26
65529
65520
0
45064
26
65529
65520
0
45088
26
65529
65520
0
45114
26
65529
65520
0
45138
26
65529
65520
0
45163
26
65529
65520
0
45189
26
65529
65520
0
45213
26
65529
65519
0
45238
26
65529
65519
0
45263
26
65529
65519
0
45288
26
65529
65520
0
45314
26
65529
65520
0
45338
26
65529
65520
0
45363
26
65529
65520
0
45388
26
65529
65520
0
45413
26
65529
65520
0
45437
26
65529
65520
0
45463
26
65529
65520
0
45488
26
65530
65520
0
45513
26
65530
65520
0
45538
26
65530
65520
0
45562
26
65529
65520
0
45588
26
65529
65520
0
45613
26
65529
65520
0
45637
26
65529
65520
0
45663
26
65529
65520
0
45687
26
65529
65520
0
45713
26
65529
65520
0
45737
26
65529
65520
0
45762
25
65529
65520
0
45788
25
65529
65520
0
45812
25
65529
65520
0
45837
26
65529
65520
0
45862
26
65529
65520
0
45887
26
65529
65519
0
45913
26
65529
65519
0
45937
26
65529
65519
0
45962
26
65530
65519
0
45987
26
65530
65519
0
46012