25
65529
65520
0
63907
25
65529
65520
0
63932
25
65530
65520
0
63958
25
65530
65520
0
63982
26
65529
65520
0
64008
26
65529
65520
0
64032
26
65529
65520
0
64057
25
65529
65520
0
64082
25
65529
65520
0
64107
25
65529
65520
0
64132
25
65529
65520
0
64157
25
65529
65520
0
64182
25
65529
65521
0
64207
25
65529
65521
0
64232
25
65529
65521
0
64257
25
65529
65520
0
64282
25
65529
65520
0
64307
25
65529
65520
0
64331
25
65529
65520
0
64357
25
65529
65520
0
64381
25
65529
65520
0
64407
25
65529
65520
0
64432
25
65529
65520
0
64456
26
65529
65520
0
64482
26
65529
65520
0
64506
26
65529
65520
0
64531
25
65529
65520
0
64557
25
65529
65520
0
64581
25
65529
65520
0
64607
25
65530
65520
0
64631
25
65530
65520
0
64656
25
65529
65520
0
64681
25
65529
65520
0
64706
25
65529
65520
0
64731
25
65529
65520
0
64756
25
65529
65520
0
64781
25
65529
65520
0
64806
25
65530
65520
0
64831
25
65530
65520
0
64856
25
65529
65520
0
64881
25
65529
65520
0
64906
25
65529
65520
0
64930
25
65529
65520
0
64956
25
65529
65520
0
64980
25
65529
65520
0
65006
25
65529
65520
0
65031
25
65529
65520
0
65055
25
65529
65520
0
65081
25
65529
65520
0
65105
25
65529
65520
0
65130
25
65530
65520
0
65156
25
65530
65520
0
65180
25
65530
65520
0
65206
25
65529
65520
0
65230
25
65529
65520
0
65255
25
65529
65520
0
65281
25
65529
65520
0
65305
25
65529
65520
0
65330
25
65529
65520
0
65355
25
65529
65520
0
65380
25
65529
65520
0
65405
25
65529
65520
0
65430
25
65529
65520
0
65455
25
65529
65520
0
65480
25
65529
65520
0
65505
25
65529
65520
0
65529
25
65529
65520
0
19
25
65529
65520
0
40
25
65529
65520
0
62
25
65529
65520
0
84
25
65529
65520
0
106
25
65529
65520
0
129
25
65529
65520
0
152
25
65530
65520
0
175
25
65530
65520
0
197
25
65530
65520
0
221
25
65530
65520
0
243
25
65530
65520
0
267
25
65530
65520
0
289
25
65530
65520
0
312
25
65530
65520
0
335
25
65530
65520
0
358
25
65530
65520
0
380
25
65530
65520
0
404
25
65529
65520
0
427
25
65529
65520
0
449
25
65529
65520
0
473
25
65530
65520
0
495
25
65530
65520
0
518
25
65530
65520
0
541
25
65530
65520
0
564
25
65530
65520
0
586
25
65530
65520
0
610
25
65529
65520
0
632
25
65529
65520
0
655
25
65529
65520
0
678
25
65529
65520
0
701
25
65529
65520
0
723
25
65529
65520
0
747
25
65530
65520
0
770
25
65530
65520
0
792
25
65530
65520
0
816
25
65529
65521
0
838
25
65529
65521
0
861
25
65529
65521
0
884
25
65529
65520
0
907
25
65529
65520
0
929
25
65529
65520
0
953
26
65529
65520
0
975
26
65529
65520
0
999
26
65529
65520
0
1021
25
65530
65520
0
1045
25
65530
65520
0
1070
25
65530
65520
0
1093
25
65529
65520
0
1117
25
65529
65520
0
1141
25
65529
65520
0
1165
25
65529
65520
0
1188
25
65529
65520
0
1213
25
65529
65520
0
1236
25
65529
65520
0
1260
25
65529
65520
0
1285
25
65529
65520
0
1308
25
65529
65520
0
1333
25
65529
65520
0
1356
25
65529
65520
0
1380
25
65529
65520
0
1404
25
65529
65520
0
1428
25
65530
65520
0
1452
25
65530
65520
0
1476
25
65530
65520
0
1500
25
65529
65520
0
1523
25
65529
65520
0
1548
25
65529
65520
0
1571
25
65529
65520
0
1595
25
65529
65520
0
1619
25
65529
65521
0
1643
25
65529
65521
0
1668
25
65529
65521
0
1691
25
65529
65520
0
1715
25
65529
65520
0
1739
25
65529
65520
0
1763
25
65530
65520
0
1786
25
65530
65520
0
1811
25
65530
65520
0
1835
25
65529
65520
0
1858
25
65529
65520
0
1883
25
65529
65520
0
1906
25
65529
65520
0
1931
25
65529
65520
0
1954
25
65529
65520
0
1978
25
65529
65520
0
2002
25
65529
65520
0
2026
25
65529
65520
0
2050
25
65529
65520
0
2074
25
65529
65520
0
2098
25
65530
65520
0
2121
25
65530
65520
0
2146
25
65530
65520
0
2169
25
65529
65520
0
2193
25
65529
65520
0
2217
25
65529
65520
0
2241
25
65529
65520
0
2266
25
65529
65520
0
2289
25
65529
65520
0
2313
25
65529
65520
0
2337
25
65529
65520
0
2361
25
65529
65520
0
2384
25
65529
65520
0
2409
25
65529
65520
0
2433
25
65529
65520
0
2456
25
65529
65520
0
2481
25
65529
65520
0
2504
25
65529
65520
0
2529
25
65529
65520
0
2552
25
65529
65520
0
2576
25
65529
65520
0
2600
25
65529
65520
0
2624
25
65529
65520
0
2648
25
65530
65520
0
2672
25
65530
65520
0
2696
25
65530
65520
0
2719
25
65529
65520
0
2744
25
65529
65520
0
2767
25
65529
65520
0
2791
25
65529
65520
0
2816
25
65529
65520
0
2839
25
65530
65520
0
2864