25
65529
65520
0
32769
25
65529
65520
0
32793
25
65529
65520
0
32818
25
65529
65520
0
32843
25
65529
65520
0
32868
25
65529
65520
0
32893
25
65529
65520
0
32918
25
65529
65520
0
32943
25
65529
65520
0
32968
25
65529
65520
0
32993
25
65529
65520
0
33017
25
65529
65520
0
33043
25
65529
65520
0
33068
25
65529
65520
0
33093
25
65529
65520
0
33118
25
65529
65520
0
33142
26
65529
65520
0
33168
26
65529
65520
0
33192
26
65529
65520
0
33217
25
65529
65520
0
33243
25
65529
65520
0
33267
25
65529
65520
0
33293
25
65529
65520
0
33317
25
65529
65520
0
33342
25
65529
65520
0
33368
25
65529
65520
0
33392
25
65529
65520
0
33417
25
65529
65520
0
33442
25
65529
65520
0
33467
25
65529
65520
0
33492
25
65529
65520
0
33517
25
65529
65520
0
33542
26
65529
65520
0
33567
26
65529
65520
0
33592
26
65529
65520
0
33616
25
65529
65520
0
33642
25
65529
65520
0
33667
25
65529
65520
0
33692
26
65529
65520
0
33717
26
65529
65520
0
33741
26
65529
65520
0
33767
25
65529
65520
0
33792
25
65529
65520
0
33816
26
65529
65520
0
33842
26
65529
65520
0
33866
26
65529
65520
0
33892
25
65529
65520
0
33916
25
65529
65520
0
33941
25
65529
65520
0
33967
25
65529
65520
0
33991
25
65529
65520
0
34016
26
65529
65520
0
34041
26
65529
65520
0
34066
26
65529
65520
0
34092
25
65529
65520
0
34116
25
65529
65520
0
34141
25
65529
65520
0
34166
25
65529
65520
0
34191
25
65529
65520
0
34215
25
65529
65520
0
34241
26
65529
65520
0
34266
26
65529
65520
0
34291
25
65529
65520
0
34316
25
65529
65520
0
34340
25
65529
65520
0
34366
25
65530
65520
0
34391
25
65530
65520
0
34415
25
65530
65520
0
34441
25
65529
65520
0
34465
25
65529
65520
0
34491
25
65529
65520
0
34515
25
65529
65520
0
34540
25
65529
65520
0
34566
25
65529
65519
0
34590
25
65529
65519
0
34615
25
65529
65519
0
34640
25
65529
65520
0
34665
25
65529
65520
0
34691
25
65529
65520
0
34715
25
65529
65520
0
34740
25
65529
65520
0
34765
25
65529
65520
0
34790
25
65529
65520
0
34814
25
65529
65520
0
34840
26
65529
65520
0
34865
26
65529
65520
0
34890
26
65529
65520
0
34915
25
65529
65520
0
34939
25
65529
65520
0
34965
25
65529
65520
0
34990
25
65529
65520
0
35014
25
65529
65520
0
35040
25
65529
65520
0
35064
25
65529
65520
0
35090
25
65529
65520
0
35115
25
65529
65520
0
35139
25
65529
65520
0
35165
25
65529
65520
0
35189
25
65529
65520
0
35214
25
65529
65520
0
35239
25
65529
65520
0
35264
25
65529
65520
0
35290
25
65529
65520
0
35314
25
65529
65520
0
35339
25
65529
65520
0
35364
25
65529
65520
0
35389
25
65529
65520
0
35414
25
65529
65520
0
35439
25
65529
65520
0
35464
25
65529
65520
0
35489
25
65529
65520
0
35514
25
65529
65520
0
35538
25
65529
65520
0
35564
25
65529
65520
0
35589
25
65529
65520
0
35613
25
65529
65520
0
35639
25
65529
65520
0
35663
25
65529
65520
0
35689
25
65529
65520
0
35714
26
65529
65520
0
35738
26
65529
65520
0
35764
26
65529
65520
0
35788
25
65529
65520
0
35813
25
65529
65520
0
35838
25
65529
65520
0
35863
25
65529
65520
0
35889
25
65529
65520
0
35913
25
65529
65520
0
35938
25
65529
65520
0
35963
25
65529
65520
0
35988
25
65529
65520
0
36013
25
65529
65520
0
36038
25
65529
65520
0
36063
25
65529
65520
0
36088
25
65529
65520
0
36113
26
65529
65520
0
36137
26
65529
65520
0
36163
26
65529
65520
0
36188
25
65529
65520
0
36212
25
65529
65520
0
36238
25
65529
65520
0
36262
25
65529
65520
0
36288
25
65529
65520
0
36313
25
65529
65520
0
36337
26
65529
65520
0
36363
26
65529
65520
0
36387
25
65529
65520
0
36412
25
65529
65520
0
36438
25
65529
65520
0
36462
26
65529
65520
0
36488
26
65529
65520
0
36512
26
65529
65520
0
36537
25
65529
65520
0
36562
25
65529
65520
0
36587
26
65529
65520
0
36612
26
65529
65520
0
36637
26
65529
65520
0
36662
26
65529
65520
0
36687
26
65529
65520
0
36712
26
65529
65520
0
36737
26
65529
65520
0
36762
26
65529
65520
0
36787
26
65529
65520
0
36811
26
65529
65520
0
36837
26
65529
65520
0
36861
26
65529
65520
0
36887
26
65529
65520
0
36912
26
65529
65520
0
36936
26
65529
65520
0
36962
26
65529
65520
0
36986
26
65529
65520
0
37011
26
65528
65520
0
37037
26
65528
65520
0
37061
26
65528
65520
0
37087
26
65528
65520
0
37111
26
65528
65520
0
37136
26
65528
65520
0
37161
26
65528
65520
0
37186
26
65528
65520
0
37211
26
65528
65520
0
37236
26
65528
65520
0
37261
26
65528
65520
0
37286
26
65528
65520
0
37311
26
65528
65520
0
37336
27
65528
65519
0
37361
27
65528
65519
0
37386
27
65528
65519
0
37410
26
65527
65520
0
37436
26
65527
65520
0
37460
26
65527
65520
0
37486
27
65527
65519
0
37511
27
65527
65519
0
37535
27
65527
65520
0
37561
27
65527
65520
0
37585
27
65527
65520
0
37610
27
65527
65520
0
37636
27
65527
65520
0
37660
27
65527
65520
0
37686
27
65527
65520
0
37710
27
65527
65520
0
37735
27
65526
65520
0
37761
27
65526
65520
0
37785
27
65526
65520
0
37810
27
65526
65520
0
37835
27
65526
65520
0
37860
27
65526
65520
0
37885
27
65525
65520
0
37910
27
65525
65520
0
37935
27
65525
65520
0
37960
27
65525
65520
0
37985
27
65525
65520
0
38009
27
65524
65520
0
38035
27
65524
65520
0
38060
27
65524
65520
0
38085
27
65524
65519
0
38110
27
65524
65519
0
38134
27
65524
65519
0
38160
27
65523
65519
0
38184
27
65523
65519
0
38209
27
65523
65518
0
38235
27
65523
65518
0
38259
27
65523
65518
0
38285
26
65523
65517
0
38309
26
65523
65517
0
38334
26
65523
65517
0
38360
26
65522
65516
0
38384
26
65522
65516
0
38409
26
65522
65516
0
38434
26
65522
65516
0
38459
26
65522
65516
0
38484
25
65516
65513
0
38509
25
65516
65513
0
38534
25
65516
65513
0
38559
24
65513
65513
0
38584
24
65513
65513
0
38608
24
65513
65513
0
38634
23
65512
65514
0
38659
23
65512
65514
0
38684
21
65511
65515
0
38709
21
65511
65515
0
38733
21
65511
65515
0
38759
20
65511
65516
0
38784
20
65511
65516
0
38808
20
65511
65516
0
38834
18
65512
65516
0
38858
18
65512
65516
0
38884
17
65513
65518
0
38908
17
65513
65518
0
38933
17
65513
65518
0
38959
16
65514
65518
0
38983
16
65514
65518
0
39008
16
65514
65518
0
39033
16
65515
65520
0
39058
16
65515
65520
0
39084
16
65515
65520
0
39108
16
65517
65521
0
39133
16
65517
65521
0
39158
17
65518
65522
0
39183
17
65518
65522
0
39207
17
65518
65522
0
39233
18
65519
65524
0
39258
18
65519
65524
0
39283
18
65519
65524
0
39308
20
65519
65524
0
39332
20
65519
65524
0
39358
21
65518
65524
0
39383
21
65518
65524
0
39407
21
65518
65524
0
39433
22
65518
65524
0
39457
22
65518
65524
0
39483
22
65518
65524
0
39507
23
65517
65523
0
39532
23
65517
65523
0
39558
23
65517
65523
0
39582
23
65517
65523
0
39607
23
65517
65523
0
39632
24
65515
65521
0
39657
24
65515
65521
0
39683
24
65515
65521
0
39707
24
65515
65520
0
39732
24
65515
65520
0
39757
24
65515
65520
0
39782
24
65515
65520
0
39806
24
65515
65520
0
39832
25
65515
65519
0
39857
25
65515
65519
0
39882
25
65515
65519
0
39907
25
65514
65519
0
39931
25
65514
65519
0
39957
25
65514
65519
0
39982
24
65514
65519
0
40006
24
65514
65519
0
40032
24
65514
65519
0
40056
24
65514
65519
0
40082
24
65514
65519
0
40107
24
65515
65519
0
40131
24
65515
65519
0
40157
24
65515
65519
0
40181
24
65515
65519
0
40206
24
65515
65519
0
40231
24
65515
65519
0
40256
24
65515
65519
0
40282
24
65515
65519
0
40306
24
65515
65519
0
40331
24
65515
65519
0
40356
24
65515
65519
0
40381
24
65515
65519
0
40406
24
65515
65519
0
40431
24
65515
65519
0
40456
24
65515
65519
0
40481
24
65515
65519
0
40506
25
65515
65520
0
40530
25
65515
65520
0
40556
25
65515
65520
0
40581
24
65515
65519
0
40605
24
65515
65519
0
40631
24
65515
65519
0
40655
24
65515
65520
0
40681
24
65515
65520
0
40706
24
65515
65520
0
40730
24
65515
65519
0
40756
24
65515
65519
0
40780
24
65515
65520
0
40805
24
65515
65520
0
40830
24
65515
65520
0
40855
25
65515
65520
0
40881
25
65515
65520
0
40905
25
65515
65520
0
40930
25
65515
65520
0
40955
25
65515
65520
0
40980
24
65515
65520
0
41005
24
65515
65520
0
41030
24
65515
65520
0
41055
25
65515
65520
0
41080
25
65515
65520
0
41105
25
65515
65520
0
41129
25
65515
65519
0
41155
25
65515
65519
0
41180
25
65515
65519
0
41204
25
65515
65520
0
41230
25
65515
65520
0
41254
24
65515
65519
0
41280
24
65515
65519
0
41305
24
65515
65519
0
41329
25
65515
65520
0
41355
25
65515
65520
0
41379
25
65515
65520
0
41404
24
65515
65520
0
41430
24
65515
65520
0
41454
24
65515
65520
0
41480
24
65515
65520
0
41504
24
65515
65520
0
41529
24
65515
65520
0
41554
24
65515
65520
0
41579
24
65515
65520
0
41604
25
65515
65520
0
41629
25
65515
65520
0
41654
24
65515
65519
0
41679
24
65515
65519
0
41704
24
65515
65519
0
41729
25
65515
65520
0
41754
25
65515
65520
0
41779
25
65515
65520
0
41803
25
65515
65520
0
41829
25
65515
65520
0
41853
25
65515
65520
0
41879
25
65515
65520
0
41904
25
65515
65520
0
41928
25
65515
65520
0
41954
25
65515
65520
0
41978
25
65515
65520
0
42003
24
65515
65520
0
42029
24
65515
65520
0
42053
24
65515
65520
0
42079
25
65515
65520
0
42103
25
65515
65520
0
42128
24
65515
65519
0
42153
24
65515
65519
0
42178
24
65515
65519
0
42203
25
65515
65520
0
42228
25
65515
65520
0
42253
25
65515
65520
0
42278
24
65515
65520
0
42303
24
65515
65520
0
42328
24
65515
65520
0
42353
24
65515
65520
0
42378
24
65515
65520
0
42402
25
65515
65520
0
42428
25
65515
65520
0
42452
25
65515
65520
0
42478
24
65515
65520
0
42503
24
65515
65520
0
42527
24
65515
65520
0
42553
25
65515
65520
0
42577
25
65515
65520
0
42602
25
65515
65520
0
42628
25
65515
65520
0
42652
25
65515
65520
0
42678
24
65515
65520
0
42702
24
65515
65520
0
42727
24
65515
65520
0
42753
24
65515
65520
0
42777
24
65515
65520
0
42802
24
65515
65520
0
42827
24
65515
65520
0
42852
24
65515
65520
0
42877
24
65515
65520
0
42902
24
65515
65520
0
42927
24
65515
65520
0
42952
25
65515
65520
0
42977
25
65515
65520
0
43001
25
65515
65520
0
43027
25
65515
65519
0
43052
25
65515
65519
0
43077
24
65515
65519
0
43102
24
65515
65519
0
43126
24
65515
65519
0
43152
24
65515
65520
0
43176
24
65515
65520
0
43201
24
65515
65520
0
43227
25
65515
65520
0
43251
25
65515
65520
0
43277
25
65515
65519
0
43301
25
65515
65519
0
43326
25
65515
65519
0
43352
24
65515
65520
0
43376
24
65515
65520
0
43401
24
65515
65520
0
43426
25
65515
65520
0
43451
25
65515
65520
0
43476
25
65515
65520
0
43501
25
65515
65519
0
43526
25
65515
65519
0
43551
25
65515
65520
0
43576
25
65515
65520
0
43600
25
65515
65520
0
43626
25
65515
65520
0
43651
25
65515
65520
0
43676
25
65515
65520
0
43701
24
65515
65520
0
43725
24
65515
65520
0
43751
24
65515
65519
0
43776
24
65515
65519
0
43800
24
65515
65519
0
43826
24
65515
65520
0
43850
24
65515
65520
0
43876
24
65515
65520
0
43900
25
65515
65520
0
43925
25
65515
65520
0
43951
25
65515
65520
0
43975
25
65515
65520
0
44000
25
65515
65520
0
44025
25
65515
65520
0
44050
25
65515
65520
0
44076
25
65515
65520
0
44100
24
65515
65520
0
44125
24
65515
65520
0
44150
24
65515
65520
0
44175
24
65515
65520
0
44199
24
65515
65520
0
44225
25
65515
65520
0
44250
25
65515
65520
0
44275
25
65515
65520
0
44300
25
65515
65519
0
44324
25
65515
65519
0
44350
25
65515
65519
0
44375
25
65515
65520
0
44399
25
65515
65520
0
44425
25
65515
65520
0
44449
24
65515
65520
0
44475
24
65515
65520
0
44499
25
65515
65520
0
44524
25
65515
65520
0
44550
25
65515
65520
0
44574
25
65515
65520
0
44599
25
65515
65520
0
44624
25
65515
65520
0
44649
25
65515
65520
0
44675
25
65515
65520
0
44699
24
65515
65520
0
44724
24
65515
65520
0
44749
24
65515
65520
0
44774
24
65515
65520
0
44798
24
65515
65520
0
44824
24
65515
65520
0
44849
25
65515
65520
0
44874
25
65515
65520
0
44899
24
65515
65520
0
44923
24
65515
65520
0
44949
24
65515
65520
0
44974
25
65515
65520
0
44998
25
65515
65520
0
45024
25
65515
65520
0
45048
24
65515
65520
0
45074
24
65515
65520
0
45099
24
65515
65520
0
45123
25
65515
65520
0
45149
25
65515
65520
0
45173
24
65515
65520
0
45198
24
65515
65520
0
45223
24
65515
65520
0
45248
24
65515
65520
0
45274
24
65515
65520
0
45298
24
65515
65520
0
45323
25
65515
65520
0
45348
25
65515
65520
0
45373
25
65515
65519
0
45398
25
65515
65519
0
45423
25
65515
65519
0
45448
25
65515
65520
0
45473
25
65515
65520
0
45498
25
65515
65520
0
45522
25
65515
65520
0
45548
25
65515
65520
0
45573
25
65515
65520
0
45597
24
65515
65520
0
45623
24
65515
65520
0
45647
25
65515
65520
0
45673
25
65515
65520
0
45698
25
65515
65520
0
45722
25
65515
65520
0
45748
25
65515
65520
0
45772
25
65515
65520
0
45797
24
65515
65520
0
45822
24
65515
65520
0
45847
25
65515
65520
0
45873
25
65515
65520
0
45897
25
65515
65520
0
45922
24
65515
65520
0
45947
24
65515
65520
0
45972
24
65515
65520
0
45997
25
65515
65520
0
46022
25
65515
65520
0
46047
25
65515
65520
0
46072
25
65515
65519
0
46097
25
65515
65519
0
46121
25
65515
65520
0
46147
25
65515
65520
0
46172
25
65515
65520
0
46196
25
65515
65520
0
46222
25
65515
65520
0
46246
25
65515
65520
0
46272
25
65515
65520
0
46297
25
65515
65520
0
46321
24
65515
65520
0
46347
24
65515
65520
0
46371
24
65515
65520
0
46396
25
65515
65520
0
46422
25
65515
65520
0
46446
25
65515
65520
0
46472
24
65515
65519
0
46496
24
65515
65519
0
46521
25
65515
65519
0
46546
25
65515
65519
0
46571
25
65515
65519
0
46596
24
65515
65520
0
46621
24
65515
65520
0
46646
24
65515
65520
0
46671
25
65515
65519
0
46696
25
65515
65519
0
46721
25
65515
65519
0
46746
25
65515
65519
0
46771
25
65515
65519
0
46795
24
65515
65519
0
46821
24
65515
65519
0
46845
24
65515
65519
0
46871
25
65515
65520
0
46896
25
65515
65520
0
46920
25
65515
65520
0
46946
25
65515
65519
0
46970
25
65515
65519
0
46995
24
65515
65520
0
47021
24
65515
65520
0
47045
24
65515
65520
0
47071
24
65515
65519
0
47095
24
65515
65519
0
47120
24
65515
65519
0
47145
25
65515
65519
0
47170
25
65515
65519
0
47195
25
65515
65519
0
47220
25
65515
65520
0
47245
25
65515
65520
0
47270
25
65515
65520
0
47295
25
65515
65520
0
47320
25
65515
65520
0
47345
25
65515
65520
0
47370
25
65515
65520
0
47394
25
65515
65520
0
47420
25
65515
65520
0
47444
25
65515
65520
0
47470
25
65515
65519
0
47495
25
65515
65519
0
47519
25
65515
65519
0
47545
24
65515
65520
0
47569
24
65515
65520
0
47594
24
65515
65520
0
47620
25
65515
65519
0
47644
25
65515
65519
0
47670
25
65515
65519
0
47694
24
65515
65519
0
47719
24
65515
65519
0
47745
25
65515
65520
0
47769
25
65515
65520
0
47794
25
65515
65520
0
47819
25
65515
65520
0
47844
25
65515
65520
0
47869
25
65515
65520
0
47894
24
65515
65519
0
47919
24
65515
65519
0
47944
25
65515
65519
0
47969
25
65515
65519
0
47993
25
65515
65519
0
48019
25
65515
65520
0
48044
25
65515
65520
0
48069
25
65515
65520
0
48094
24
65515
65520
0
48118
24
65515
65520
0
48144
24
65515
65520
0
48168
24
65515
65520
0
48193
24
65515
65520
0
48219
25
65515
65520
0
48243
25
65515
65520
0
48269
25
65515
65520
0
48293
24
65515
65520
0
48318
24
65515
65520
0
48344
24
65515
65520
0
48368
24
65515
65520
0
48393
24
65515
65520
0
48418
24
65515
65520
0
48443
24
65515
65520
0
48468
24
65515
65520
0
48493
24
65515
65521
0
48518
24
65515
65521
0
48543
24
65515
65521
0
48568
24
65515
65520
0
48592
24
65515
65520
0
48618
25
65516
65522
0
48643
25
65516
65522
0
48668
25
65516
65522
0
48693
24
65516
65522
0
48717
24
65516
65522
0
48743
24
65516
65522
0
48768
24
65516
65522
0
48792
24
65516
65522
0
48818
24
65516
65522
0
48842
24
65516
65522
0
48868
24
65516
65522
0
48892
24
65517
65522
0
48917
24
65517
65522
0
48943
24
65517
65522
0
48967
24
65517
65523
0
48992
24
65517
65523
0
49017
24
65517
65523
0
49042
23
65517
65523
0
49068
23
65517
65523
0
49092
24
65517
65523
0
49117
24
65517
65523
0
49142
24
65517
65523
0
49167
23
65517
65523
0
49191
23
65517
65523
0
49217
23
65517
65523
0
49242
23
65517
65524
0
49267
23
65517
65524
0
49292
23
65517
65524
0
49316
22
65517
65523
0
49342
22
65517
65523
0
49367
23
65518
65524
0
49391
23
65518
65524
0
49417
23
65518
65524
0
49441
22
65518
65524
0
49467
22
65518
65524
0
49491
22
65518
65524
0
49516
22
65518
65524
0
49542
22
65518
65524
0
49566
22
65518
65524
0
49591
22
65518
65524
0
49616
22
65518
65524
0
49641
21
65519
65524
0
49667
21
65519
65524
0
49691
21
65519
65524
0
49716
21
65519
65524
0
49741
21
65519
65524
0
49766
21
65519
65524
0
49790
21
65519
65524
0
49816
21
65519
65524
0
49841
20
65519
65524
0
49866
20
65519
65524
0
49891
20
65519
65524
0
49915
19
65519
65524
0
49941
19
65519
65524
0
49966
19
65519
65524
0
49990
18
65519
65524
0
50016
18
65519
65524
0
50040
18
65519
65523
0
50066
18
65519
65523
0
50091
18
65519
65523
0
50115
17
65519
65523
0
50141
17
65519
65523
0
50165
17
65519
65523
0
50190
17
65518
65522
0
50215
17
65518
65522
0
50240
17
65518
65521
0
50266
17
65518
65521
0
50290
17
65518
65521
0
50315
16
65517
65521
0
50340
16
65517
65521
0
50365
16
65517
65521
0
50390
16
65516
65519
0
50415
16
65516
65519
0
50440
16
65516
65519
0
50465
16
65515
65519
0
50490
16
65515
65519
0
50514
17
65514
65518
0
50540
17
65514
65518
0
50565
17
65514
65518
0
50589
18
65513
65517
0
50615
18
65513
65517
0
50639
18
65513
65517
0
50665
20
65513
65517
0
50690
20
65513
65517
0
50714
21
65513
65516
0
50740
21
65513
65516
0
50764
21
65513
65516
0
50789
22
65514
65515
0
50814
22
65514
65515
0
50839
22
65514
65515
0
50865
23
65516
65515
0
50889
23
65516
65515
0
50914
23
65516
65515
0
50939
24
65520
65516
0
50964
24
65520
65516
0
50989
23
65523
65518
0
51014
23
65523
65518
0
51039
23
65523
65518
0
51064
23
65525
65520
0
51089
23
65525
65520
0
51113
23
65525
65520
0
51139
24
65525
65520
0
51164
24
65525
65520
0
51188
24
65525
65521
0
51214
24
65525
65521
0
51238
24
65525
65521
0
51264
24
65525
65522
0
51289
24
65525
65522
0
51313
24
65525
65522
0
51339
25
65525
65521
0
51363
25
65525
65521
0
51388
25
65525
65521
0
51414
25
65525
65521
0
51438
25
65525
65521
0
51464
27
65525
65520
0
51488
27
65525
65520
0
51513
27
65525
65520
0
51538
27
65525
65520
0
51563
27
65525
65520
0
51588
27
65525
65520
0
51613
27
65526
65520
0
51638
27
65526
65520
0
51663
28
65526
65520
0
51688
28
65526
65520
0
51713
28
65526
65520
0
51738
28
65526
65520
0
51763
28
65526
65520
0
51787
28
65526
65520
0
51813
27
65526
65520
0
51837
27
65526
65520
0
51863
27
65527
65520
0
51888
27
65527
65520
0
51912
27
65527
65520
0
51938
27
65527
65520
0
51962
27
65527
65520
0
51987
27
65527
65520
0
52013
27
65527
65520
0
52037
27
65527
65520
0
52063
27
65527
65520
0
52087
27
65527
65520
0
52112
27
65527
65520
0
52137
27
65528
65520
0
52162
27
65528
65520
0
52187
27
65528
65520
0
52212
27
65528
65520
0
52237
27
65528
65520
0
52262
27
65528
65520
0
52287
27
65528
65520
0
52312
27
65528
65520
0
52337
27
65528
65520
0
52362
27
65528
65520
0
52386
27
65528
65520
0
52412
27
65528
65520
0
52436
27
65528
65520
0
52462
27
65528
65520
0
52487
26
65528
65520
0
52511
26
65528
65520
0
52537
26
65528
65520
0
52561
26
65528
65520
0
52586
26
65528
65520
0
52612
27
65528
65520
0
52636
27
65528
65520
0
52662
27
65528
65520
0
52686
26
65528
65520
0
52711
26
65528
65520
0
52737
26
65528
65520
0
52761
26
65528
65520
0
52786
26
65528
65520
0
52811