30
65511
65496
0
43598
29
65511
65496
0
43624
29
65511
65496
0
43649
29
65511
65496
0
43674
29
65512
65496
0
43699
29
65512
65496
0
43723
29
65511
65496
0
43749
29
65511
65496
0
43773
29
65511
65496
0
43798
29
65512
65496
0
43824
29
65512
65496
0
43848
29
65512
65496
0
43874
29
65511
65496
0
43898
29
65511
65496
0
43923
30
65512
65496
0
43949
30
65512
65496
0
43973
30
65512
65496
0
43998
29
65511
65496
0
44023
29
65511
65496
0
44048
29
65511
65496
0
44073
29
65511
65496
0
44098
29
65511
65496
0
44123
29
65511
65496
0
44148
29
65511
65496
0
44173
29
65511
65496
0
44197
29
65511
65496
0
44223
29
65511
65496
0
44248
29
65511
65496
0
44273
29
65511
65496
0
44298
29
65511
65496
0
44322
29
65511
65496
0
44348
29
65511
65496
0
44372
29
65511
65496
0
44397
29
65511
65496
0
44423
30
65511
65496
0
44447
30
65511
65496
0
44473
29
65511
65496
0
44497
29
65511
65496
0
44522
29
65511
65496
0
44548
29
65512
65496
0
44572
29
65512
65496
0
44597
29
65512
65496
0
44622
29
65511
65496
0
44647
29
65511
65496
0
44673
30
65512
65496
0
44697
30
65512
65496
0
44722
30
65512
65496
0
44747
29
65511
65496
0
44772
29
65511
65496
0
44796
29
65511
65496
0
44822
29
65511
65496
0
44847
29
65511
65496
0
44872
29
65511
65496
0
44897
29
65512
65496
0
44921
29
65512
65496
0
44947
29
65511
65496
0
44972
29
65511
65496
0
44996
29
65511
65496
0
45022
29
65512
65496
0
45046
29
65512
65496
0
45072
29
65512
65496
0
45096
29
65511
65496
0
45121
29
65511
65496
0
45147
29
65511
65496
0
45171
29
65512
65496
0
45196
29
65512
65496
0
45221
30
65512
65496
0
45246
30
65512
65496
0
45272
30
65512
65496
0
45296
29
65512
65496
0
45321
29
65512
65496
0
45346
29
65512
65496
0
45371
29
65511
65496
0
45395
29
65511
65496
0
45421
29
65512
65496
0
45446
29
65512
65496
0
45471
29
65512
65496
0
45496
29
65511
65496
0
45520
29
65511
65496
0
45546
29
65511
65496
0
45571
29
65511
65496
0
45595
29
65511
65496
0
45621
29
65511
65496
0
45645
30
65511
65496
0
45671
30
65511
65496
0
45696
29
65511
65496
0
45720
29
65511
65496
0
45746
29
65511
65496
0
45770
29
65512
65496
0
45795
29
65512
65496
0
45820
29
65512
65496
0
45845
29
65512
65496
0
45871
29
65512
65496
0
45895
29
65512
65496
0
45920
29
65512
65496
0
45945
29
65512
65496
0
45970
29
65511
65496
0
45995
29
65511
65496
0
46020
29
65511
65496
0
46045
29
65512
65496
0
46070
29
65512
65496
0
46095
29
65512
65496
0
46119
29
65512
65496
0
46145
29
65512
65496
0
46170
29
65512
65496
0
46194
29
65512
65496
0
46220
29
65512
65496
0
46244
29
65512
65496
0
46270
29
65512
65496
0
46295
29
65512
65496
0
46319
29
65512
65496
0
46345
29
65512
65496
0
46369
29
65512
65496
0
46394
29
65511
65496
0
46419
29
65511
65496
0
46444
29
65512
65496
0
46470
29
65512
65496
0
46494
29
65512
65496
0
46519
29
65512
65496
0
46544
29
65512
65496
0
46569
29
65512
65496
0
46594
29
65512
65496
0
46619
29
65512
65496
0
46644
29
65511
65496
0
46669
29
65511
65496
0
46694
29
65511
65496
0
46718
29
65512
65496
0
46744
29
65512
65496
0
46769
29
65512
65496
0
46793
29
65512
65496
0
46819
29
65512
65496
0
46843
29
65512
65496
0
46869
29
65512
65496
0
46894
29
65512
65496
0
46918
29
65511
65496
0
46944
29
65511
65496
0
46968
29
65511
65496
0
46993
29
65512
65496
0
47019
29
65512
65496
0
47043
29
65512
65496
0
47069
30
65512
65496
0
47093
30
65512
65496
0
47118
30
65512
65496
0
47143
29
65512
65496
0
47168
29
65512
65496
0
47193
29
65512
65496
0
47218
29
65512
65496
0
47243
29
65512
65496
0
47268
29
65512
65496
0
47293
29
65512
65496
0
47318
29
65512
65496
0
47343
29
65512
65496
0
47368
29
65512
65496
0
47392
29
65512
65496
0
47418
29
65512
65496
0
47442
29
65512
65496
0
47468
29
65511
65496
0
47493
29
65511
65496
0
47517
29
65511
65496
0
47543
29
65512
65496
0
47567
29
65512
65496
0
47592
29
65512
65496
0
47618
29
65512
65496
0
47642
29
65512
65496
0
47668
29
65512
65496
0
47692
29
65512
65496
0
47717
29
65512
65496
0
47742
29
65512
65496
0
47767
29
65512
65496
0
47792
29
65512
65496
0
47817
29
65511
65496
0
47842
29
65511
65496
0
47867
29
65511
65496
0
47892
29
65512
65496
0
47917
29
65512
65496
0
47942
29
65512
65496
0
47967
29
65512
65496
0
47991
29
65512
65496
0
48017
29
65511
65496
0
48041
29
65511
65496
0
48067
29
65511
65496
0
48092
29
65512
65496
0
48116
29
65512
65496
0
48142
29
65512
65496
0
48166
29
65512
65496
0
48191
29
65512
65496
0
48217
29
65511
65496
0
48241
29
65511
65496
0
48267
29
65511
65496
0
48291
29
65512
65496
0
48316
29
65512
65496
0
48342
29
65512
65496
0
48366
29
65512
65496
0
48391
29
65512
65496
0
48416
29
65512
65496
0
48441
29
65512
65496
0
48466
29
65512
65496
0
48491
29
65512
65496
0
48516
29
65512
65496
0
48541
29
65512
65496
0
48566
29
65511
65496
0
48590
29
65511
65496
0
48616
29
65511
65496
0
48641
29
65511
65496
0
48666
29
65511
65496
0
48691
29
65511
65496
0
48715
29
65511
65496
0
48741
29
65511
65496
0
48765
29
65512
65496
0
48790
29
65512
65496
0
48816
29
65512
65496
0
48840
30
65512
65496
0
48866
30
65512
65496
0
48890
29
65511
65496
0
48915
29
65511
65496
0
48941
29
65511
65496
0
48965
29
65512
65496
0
48990
29
65512
65496
0
49015
29
65512
65496
0
49040
29
65512
65496
0
49065
29
65512
65496
0
49090
29
65512
65496
0
49115
29
65512
65496
0
49140
29
65512
65496
0
49165
29
65512
65496
0
49189
29
65512
65496
0
49215
29
65512
65496
0
49240
29
65511
65496
0
49265
29
65511
65496
0
49290
29
65511
65496
0
49314
29
65511
65496
0
49340
29
65511
65496
0
49364
29
65511
65497
0
49389
29
65511
65497
0
49415
29
65511
65497
0
49439
29
65512
65496
0
49465
29
65512
65496
0
49489
29
65512
65496
0
49514
29
65512
65496
0
49540
29
65512
65496
0
49564
29
65512
65496
0
49589
29
65512
65496
0
49614
29
65512
65496
0
49639
29
65512
65496
0
49665
29
65512
65496
0
49689
29
65512
65496
0
49714
29
65512
65496
0
49739
29
65512
65496
0
49764
29
65512
65496
0
49788
29
65512
65496
0
49814
29
65512
65496
0
49839
29
65512
65496
0
49864
29
65512
65496
0
49889
29
65512
65496
0
49913
30
65512
65496
0
49939
30
65512
65496
0
49964
30
65512
65496
0
49988
29
65511
65496
0
50014
29
65511
65496
0
50038
29
65511
65496
0
50064
29
65512
65496
0
50088
29
65512
65496
0
50113
29
65512
65496
0
50139
29
65512
65496
0
50163
29
65512
65496
0
50188
29
65511
65496
0
50213
29
65511
65496
0
50238
29
65511
65496
0
50264
29
65512
65496
0
50288
29
65512
65496
0
50313
29
65512
65496
0
50338
29
65511
65496
0
50363
29
65511
65496
0
50387
29
65512
65496
0
50413
29
65512
65496
0
50438
29
65512
65496
0
50463
29
65512
65496
0
50488
29
65512
65496
0
50512
29
65512
65496
0
50538
30
65512
65496
0
50563
30
65512
65496
0
50587
30
65512
65496
0
50613
29
65512
65496
0
50637
29
65512
65496
0
50663
30
65512
65496
0
50688
30
65512
65496
0
50712
30
65512
65496
0
50738
30
65512
65496
0
50762
30
65512
65496
0
50787
30
65512
65496
0
50812
29
65512
65496
0
50837
29
65512
65496
0
50863
29
65512
65496
0
50887
29
65512
65496
0
50912
29
65512
65496
0
50937
29
65512
65496
0
50962
29
65512
65496
0
50987
29
65512
65496
0
51012
29
65512
65496
0
51037
29
65512
65496
0
51062
29
65512
65496
0
51087
29
65512
65496
0
51111
29
65512
65496
0
51137
29
65512
65496
0
51162
29
65512
65496
0
51186
29
65512
65496
0
51212
29
65512
65496
0
51236
29
65512
65496
0
51262
29
65512
65496
0
51287
29
65512
65496
0
51311
29
65512
65496
0
51337
29
65512
65496
0
51361
29
65512
65497
0
51386
29
65512
65497
0
51411
29
65512
65496
0
51436
29
65512
65496
0
51462
29
65512
65496
0
51486
29
65512
65496
0
51511
29
65512
65496
0
51536
29
65512
65496
0
51561
29
65512
65496
0
51586
29
65512
65496
0
51611
29
65512
65496
0
51636
29
65512
65496
0
51661
29
65512
65496
0
51686
29
65512
65496
0
51710
29
65512
65496
0
51736
29
65512
65496
0
51761
29
65512
65496
0
51785
29
65512
65496
0
51811
29
65512
65496
0
51835
29
65512
65496
0
51861
29
65512
65496
0
51886
29
65512
65496
0
51910
29
65512
65496
0
51936
29
65512
65496
0
51960
29
65512
65497
0
51985
29
65512
65497
0
52011
29
65512
65497
0
52035
29
65512
65496
0
52061
29
65512
65496
0
52085
29
65512
65496
0
52110
29
65512
65496
0
52135
29
65512
65496
0
52160
29
65512
65497
0
52185
29
65512
65497
0
52210
29
65512
65497
0
52235
30
65512
65496
0
52260
30
65512
65496
0
52285
30
65512
65496
0
52310
29
65512
65496
0
52335
29
65512
65496
0
52360
29
65512
65496
0
52384
29
65512
65496
0
52410
29
65512
65496
0
52434
29
65512
65496
0
52460
29
65512
65496
0
52485
29
65512
65496
0
52509
29
65512
65497
0
52535
29
65512
65497
0
52559
29
65512
65497
0
52584
30
65512
65496
0
52610
30
65512
65496
0
52634
29
65512
65496
0
52660
29
65512
65496
0
52684
29
65512
65496
0
52709
29
65512
65496
0
52734
29
65512
65496
0
52759
29
65512
65496
0
52784
29
65512
65496
0
52809
29
65512
65496
0
52834
29
65512
65496
0
52859
29
65512
65496
0
52884
29
65512
65496
0
52909
29
65512
65496
0
52934
29
65512
65496
0
52959
29
65512
65496
0
52983
30
65512
65497
0
53009
30
65512
65497
0
53033
30
65512
65497
0
53059
29
65512
65496
0
53084
29
65512
65496
0
53108
30
65512
65496
0
53134
30
65512
65496
0
53158
30
65512
65496
0
53183
29
65512
65496
0
53209
29
65512
65496
0
53233
29
65512
65496
0
53259
29
65512
65497
0
53283
29
65512
65497
0
53308
29
65512
65497
0
53334
29
65512
65496
0
53358
29
65512
65496
0
53383
29
65512
65496
0
53408
29
65512
65496
0
53433
29
65512
65496
0
53458
29
65512
65496
0
53483
29
65512
65496
0
53508
29
65512
65496
0
53533
29
65512
65497
0
53558
29
65512
65497
0
53582
29
65511
65497
0
53608
30
65511
65497
0
53633
30
65511
65497
0
53658
29
65512
65497
0
53683
29
65512
65497
0
53707
29
65512
65497
0
53733
29
65512
65497
0
53757
29
65512
65497
0
53782
29
65512
65497
0
53808
29
65512
65496
0
53832
29
65512
65496
0
53858
29
65512
65496
0
53882
29
65512
65496
0
53907
29
65512
65496
0
53933
29
65512
65497
0
53957
29
65512
65497
0
53982
29
65512
65497
0
54007
29
65512
65496
0
54032
29
65512
65496
0
54057
29
65512
65496
0
54082
29
65512
65497
0
54107
29
65512
65497
0
54132
29
65512
65496
0
54157
29
65512
65496
0
54181
29
65512
65496
0
54207
29
65512
65497
0
54232
29
65512
65497
0
54257
29
65512
65497
0
54282
29
65512
65496
0
54306
29
65512
65496
0
54332
29
65512
65496
0
54356
29
65512
65496
0
54381
29
65512
65496
0
54407
29
65512
65497
0
54431
29
65512
65497
0
54457
29
65512
65497
0
54481
29
65512
65496
0
54506
29
65512
65496
0
54532
29
65512
65496
0
54556
29
65512
65496
0
54581
29
65512
65496
0
54606
29
65512
65496
0
54631
29
65512
65496
0
54657
29
65512
65496
0
54681
29
65512
65496
0
54706
29
65512
65496
0
54731
29
65512
65496
0
54756
29
65512
65496
0
54780
29
65512
65496
0
54806
29
65512
65496
0
54831
29
65512
65496
0
54856
29
65512
65496
0
54881
29
65512
65497
0
54905
29
65512
65497
0
54931
29
65512
65497
0
54956
29
65512
65497
0
54980
29
65512
65497
0
55006
29
65512
65497
0
55030
29
65512
65496
0
55056
29
65512
65496
0
55080
29
65512
65496
0
55105
29
65512
65496
0
55131
29
65512
65496
0
55155
29
65512
65496
0
55180
29
65512
65496
0
55205
29
65512
65496
0
55230
29
65512
65497
0
55256
29
65512
65497
0
55280
29
65512
65497
0
55305
29
65512
65496
0
55330
29
65512
65496
0
55355
29
65512
65497
0
55379
29
65512
65497
0
55405
29
65512
65497
0
55430
29
65512
65497
0
55455
29
65512
65497
0
55480
29
65512
65497
0
55504
29
65512
65496
0
55530
29
65512
65496
0
55555
29
65512
65496
0
55579
29
65512
65496
0
55605
29
65512
65496
0
55629
29
65512
65497
0
55655
29
65512
65497
0
55680
29
65512
65497
0
55704
29
65512
65497
0
55730
29
65512
65497
0
55754
29
65512
65497
0
55779
29
65512
65497
0
55804
29
65512
65497
0
55829
29
65512
65497
0
55855
29
65512
65497
0
55879
29
65512
65497
0
55904
29
65512
65497
0
55929
29
65512
65497
0
55954
29
65512
65497
0
55979
29
65512
65497
0
56004
29
65512
65497
0
56029
29
65512
65497
0
56054
29
65512
65497
0
56079
29
65512
65497
0
56103
29
65512
65497
0
56129
29
65512
65497
0
56154
29
65512
65497
0
56178
29
65512
65496
0
56204
29
65512
65496
0
56228
29
65512
65496
0
56254
29
65512
65497
0
56279
29
65512
65497
0
56303
29
65512
65497
0
56329
29
65512
65496
0
56353
29
65512
65496
0
56378
29
65512
65496
0
56403
29
65512
65496
0
56428
29
65512
65496
0
56454
29
65512
65496
0
56478
29
65512
65496
0
56503
29
65512
65496
0
56528
29
65512
65496
0
56553
29
65512
65496
0
56578
29
65512
65496
0
56603
29
65512
65496
0
56628
29
65512
65496
0
56653
29
65512
65496
0
56678
29
65512
65496
0
56702
29
65512
65496
0
56728
29
65512
65496
0
56753
29
65512
65496
0
56777
29
65512
65496
0
56803
29
65512
65497
0
56827
29
65512
65497
0
56853
29
65512
65496
0
56878
29
65512
65496
0
56902
29
65512
65496
0
56928
29
65512
65497
0
56952
29
65512
65497
0
56977
29
65512
65497
0
57003
29
65512
65497
0
57027
29
65512
65497
0
57053
29
65512
65497
0
57077
29
65512
65496
0
57102
29
65512
65496
0
57127
29
65512
65497
0
57152
29
65512
65497
0
57177
29
65512
65497
0
57202
29
65512
65496
0
57227
29
65512
65496
0
57252
29
65512
65496
0
57277
29
65512
65496
0
57302
29
65512
65496
0
57327
29
65512
65497
0
57352
29
65512
65497
0
57376
29
65512
65497
0
57402
29
65512
65497
0
57426
29
65512
65497
0
57452
29
65512
65497
0
57477
29
65512
65496
0
57501
29
65512
65496
0
57527
29
65512
65496
0
57551
29
65512
65497
0
57576
29
65512
65497
0
57602
29
65512
65496
0
57626
29
65512
65496
0
57652
29
65512
65496
0
57676
29
65512
65496
0
57701
29
65512
65496
0
57726
29
65512
65496
0
57751
29
65512
65496
0
57776
29
65512
65496
0
57801
29
65512
65497
0
57826
29
65512
65497
0
57851
29
65512
65497
0
57876
29
65512
65497
0
57901
29
65512
65497
0
57926
29
65512
65497
0
57951
29
65512
65497
0
57975
29
65512
65497
0
58001
29
65512
65497
0
58025
29
65512
65497
0
58051
29
65512
65497
0
58076
29
65512
65497
0
58100
29
65512
65497
0
58126
29
65512
65497
0
58150
29
65512
65497
0
58175
29
65512
65497
0
58201
29
65512
65497
0
58225
29
65512
65497
0
58251
29
65512
65497
0
58275
29
65512
65497
0
58300
29
65512
65497
0
58326
29
65512
65497
0
58350
29
65512
65497
0
58375
29
65512
65497
0
58400
29
65512
65497
0
58425
29
65512
65497
0
58450
29
65512
65497
0
58475
29
65512
65497
0
58500
29
65512
65497
0
58525
29
65512
65497
0
58550
29
65512
65496
0
58574
29
65512
65496
0
58600
29
65512
65496
0
58625
29
65512
65497
0
58650
29
65512
65497
0
58675
29
65512
65497
0
58699
29
65512
65497
0
58725
29
65512
65497
0
58749
29
65512
65497
0
58774
29
65512
65497
0
58800
29
65512
65497
0
58824
29
65512
65497
0
58850
29
65512
65497
0
58874
29
65512
65497
0
58899
29
65512
65497
0
58925
29
65512
65497
0
58949
29
65512
65497
0
58974
29
65512
65497
0
58999
29
65512
65497
0
59024
29
65512
65497
0
59049
29
65512
65497
0
59074
29
65512
65497
0
59099
29
65512
65497
0
59124
29
65512
65497
0
59149
29
65512
65497
0
59173
29
65512
65497
0
59199
29
65512
65497
0
59224
29
65512
65497
0
59249
29
65512
65497
0
59274
29
65512
65497
0
59298
29
65512
65497
0
59324
29
65512
65497
0
59348
29
65512
65497
0
59373
29
65512
65497
0
59399
29
65512
65497
0
59423
29
65512
65497
0
59449
29
65512
65497
0
59473
29
65512
65497
0
59498
29
65512
65497
0
59524
29
65512
65497
0
59548
29
65512
65497
0
59573
29
65512
65497
0
59598
29
65512
65497
0
59623
29
65512
65497
0
59649
29
65512
65497
0
59673
29
65512
65497
0
59698
29
65512
65497
0
59723
29
65512
65497
0
59748
29
65512
65497
0
59772
29
65512
65497
0
59798
29
65513
65497
0
59823
29
65513
65497
0
59848
29
65513
65497
0
59873
29
65513
65497
0
59897
29
65513
65497
0
59923
29
65513
65497
0
59948
29
65513
65497
0
59972
29
65513
65497
0
59998
29
65513
65497
0
60022
29
65513
65497
0
60048
29
65512
65498
0
60072
29
65512
65498
0
60097
29
65512
65498
0
60123
29
65512
65497
0
60147
29
65512
65497
0
60172
29
65512
65497
0
60197
29
65513
65497
0
60222
29
65513
65497
0
60248
29
65513
65497
0
60272
29
65512
65498
0
60297
29
65512
65498
0
60322
29
65513
65498
0
60347
29
65513
65498
0
60371
29
65513
65498
0
60397
29
65513
65498
0
60422
29
65513
65498
0
60447
29
65513
65498
0
60472
29
65513
65498
0
60496
29
65513
65498
0
60522
29
65513
65498
0
60547
29
65513
65497
0
60571
29
65513
65497
0
60597
29
65513
65498
0
60621
29
65513
65498
0
60647
29
65513
65498
0
60672
29
65513
65498
0
60696
29
65513
65498
0
60722
29
65513
65498
0
60746
28
65513
65498
0
60771
28
65513
65498
0
60796
28
65513
65498
0
60821
28
65513
65498
0
60847
28
65513
65498
0
60871
28
65513
65498
0
60896
28
65513
65498
0
60921
28
65513
65498
0
60946
28
65513
65498
0
60971
28
65513
65498
0
60996
28
65513
65498
0
61021
28
65513
65498
0
61046
28
65513
65498
0
61071
28
65513
65498
0
61095
28
65513
65498
0
61121
28
65513
65498
0
61146
27
65513
65498
0
61170
27
65513
65498
0
61196
27
65513
65498
0
61220
27
65513
65499
0
61246
27
65513
65499
0
61271
27
65513
65499
0
61295
27
65513
65499
0
61321
27
65513
65499
0
61345
27
65514
65499
0
61370
27
65514
65499
0
61395
27
65514
65499
0
61420
27
65514
65499
0
61446
27
65514
65499
0
61470
27
65514
65499
0
61495
26
65514
65498
0
61520
26
65514
65498
0
61545
26
65514
65499
0
61570
26
65514
65499
0
61595
26
65514
65499
0
61620
25
65514
65499
0
61645
25
65514
65499
0
61670
25
65514
65499
0
61694
25
65515
65499
0
61720
25
65515
65499
0
61745
25
65515
65499
0
61769
24
65515
65498
0
61795
24
65515
65498
0
61819
23
65515
65498
0
61845
23
65515
65498
0
61870
23
65515
65498
0
61894
23
65515
65498
0
61920
23
65515
65498
0
61944
23
65515
65498
0
61969
22
65515
65498
0
61995
22
65515
65498
0
62019
21
65515
65497
0
62045
21
65515
65497
0
62069
21
65515
65497
0
62094
20
65516
65496
0
62119
20
65516
65496
0
62144
20
65516
65496
0
62169
19
65516
65495
0
62194
19
65516
65495
0
62219
19
65516
65495
0
62244
18
65516
65493
0
62269
18
65516
65493
0
62294
18
65516
65491
0
62319
18
65516
65491
0
62344
18
65516
65491
0
62368
18
65517
65489
0
62394
18
65517
65489
0
62418
18
65517
65489
0
62444
18
65517
65487
0
62469
18
65517
65487
0
62493
18
65517
65487
0
62519
20
65516
65485
0
62543
20
65516
65485
0
62568
22
65516
65483
0
62594
22
65516
65483
0
62618
22
65516
65483
0
62644
23
65514
65483
0
62668
23
65514
65483
0
62693
23
65514
65483
0
62718
25
65510
65483
0
62743
25
65510
65483
0
62768
26
65506
65484
0
62793
26
65506
65484
0
62818
26
65506
65484
0
62843
27
65502
65486
0
62868
27
65502
65486
0
62893
27
65502
65486
0
62918
28
65497
65486
0
62943
28
65497
65486
0
62967
28
65497
65486
0
62993
29
65493
65487
0
63017
29
65493
65487
0
63043
30
65491
65486
0
63068
30
65491
65486
0
63092
30
65491
65486
0
63118
33
65491
65486
0
63142
33
65491
65486
0
63167
33
65491
65486
0
63193
37
65492
65485
0
63217
37
65492
65485
0
63243
37
65492
65485
0
63267
39
65496
65488
0
63292
39
65496
65488
0
63318
40
65501
65490
0
63342
40
65501
65490
0
63367
40
65501
65490
0
63392
37
65506
65493
0
63417
37
65506
65493
0
63442
37
65506
65493
0
63467
34
65511
65493
0
63492
34
65511
65493
0
63517
33
65516
65494
0
63542
33
65516
65494
0
63566
33
65516
65494
0
63592
33
65519
65493
0
63617
33
65519
65493
0
63642
33
65519
65493
0
63667
33
65521
65495
0
63691
33
65521
65495
0
63717
33
65521
65495
0
63741
34
65522
65495
0
63766
34
65522
65495
0
63792
35
65522
65496
0
63816
35
65522
65496
0
63842
35
65522
65496
0
63866
36
65520
65498
0
63891
36
65520
65498
0
63917
36
65520
65498
0
63941
37
65517
65500
0
63966
37
65517
65500
0
63991
37
65517
65500
0
64016
37
65514
65502
0
64041
37
65514
65502
0
64066
37
65510
65503
0
64091
37
65510
65503
0
64116
37
65510
65503
0
64141
37
65507
65506
0
64165
37
65507
65506
0
64191
37
65507
65506
0
64216
36
65504
65508
0
64241
36
65504
65508
0
64266
35
65502
65509
0
64290
35
65502
65509
0
64316
35
65502
65509
0
64340
33
65500
65510
0
64365
33
65500
65510
0
64391
33
65500
65510
0
64415
32
65498
65510
0
64441
32
65498
65510
0
64465
32
65498
65510
0
64490
30
65497
65511
0
64516
30
65497
65511
0
64540
28
65496
65510
0
64565
28
65496
65510
0
64590
28
65496
65510
0
64615
26
65495
65510
0
64641
26
65495
65510
0
64665
26
65495
65510
0
64690
24
65495
65509
0
64715
24
65495
65509
0
64740
24
65495
65509
0
64764
24
65495
65509
0
64790
24
65495
65509
0
64815
20
65497
65503
0
64840
20
65497
65503
0
64865
20
65497
65503
0
64889
20
65498
65499
0
64915
20
65498
65499
0
64940
20
65498
65499
0
64964
21
65498
65496
0
64990
21
65498
65496
0
65014
22
65498
65494
0
65040
22
65498
65494
0
65064
22
65498
65494
0
65089
23
65498
65492
0
65115
23
65498
65492
0
65139
23
65498
65492
0
65164
24
65498
65492
0
65189
24
65498
65492
0
65214
24
65498
65492
0
65240
26
65498
65491
0
65264
26
65498
65491
0
65289
27
65499
65494
0
65314
27
65499
65494
0
65339
27
65499
65494
0
65363
26
65502
65497
0
65389
26
65502
65497
0
65414
26
65502
65497
0
65439
24
65504
65498
0
65464
24
65504
65498
0
65488
23
65507
65497
0
65514
23
65507
65497
0
3
23
65507
65497
0
23
23
65507
65497
0
46
23
65507
65497
0
67
23
65507
65497
0
89
23
65507
65497
0
111
22
65512
65495
0
134
22
65512
65495
0
156
22
65512
65495
0
180
22
65515
65494
0
202
22
65515
65494
0
225
22
65515
65494
0
248
22
65517
65493
0
271
22
65517
65493
0
293
22
65517
65493
0
317
21
65519
65492
0
339
21
65519
65492
0
362
21
65519
65492
0
386
21
65519
65492
0
408
21
65519
65492
0
431
20
65522
65488
0
454
20
65522
65488
0
477
20
65522
65488
0
499
19
65522
65487
0
523
19
65522
65487
0
545
19
65522
65487
0
569
19
65521
65484
0
591
19
65521
65484
0
614
19
65521
65484
0
637
18
65519
65481
0
660
18
65519
65481
0
683
18
65519
65481
0
706
21
65516
65478
0
729
21
65516
65478
0
751
21
65516
65478
0
775
24
65513
65476
0
797
24
65513
65476
0
820
24
65513
65476
0
843
29
65510
65475
0
866
29
65510
65475
0
888
29
65510
65475
0
912
34
65508
65479
0
934
34
65508
65479
0
957
34
65508
65479
0
980
35
65508
65485
0
1003
35
65508
65485
0
1027
35
65508
65485
0
1051
32
65509
65490
0
1075
32
65509
65490
0
1099
32
65509
65490
0
1123
29
65509
65491
0
1146
29
65509
65491
0
1171
29
65509
65491
0
1195
26
65509
65490
0
1218
26
65509
65490
0
1243
26
65509
65490
0
1266
24
65508
65489
0
1290
24
65508
65489
0
1314
24
65506
65488
0
1338
23
65506
65488
0
1361
23
65506
65488
0
1386
22
65505
65485
0
1410
22
65505
65485
0
1434
22
65505
65485
0
1458
21
65505
65483
0
1481
21
65505
65483
0
1506
21
65505
65483
0
1529
21
65504
65479
0
1553
21
65504
65479
0
1577
21
65504
65479
0
1601
23
65505
65476
0
1625
23
65505
65476
0
1649
23
65505
65476
0
1673
26
65505
65472
0
1696
26
65505
65472
0
1721
26
65505
65472
0
1744
31
65505
65470
0
1769
31
65505
65470
0
1793
35
65505
65470
0
1816
35
65505
65470
0
1841
35
65505
65470
0
1864
39
65505
65472
0
1888
39
65505
65472
0
1912
39
65505
65472
0
1936
42
65505
65474
0
1959
42
65505
65474
0
1984
42
65505
65474
0
2008
44
65505
65477
0
2032
44
65505
65477
0
2056
44
65505
65477
0
2079
45
65505
65479
0
2104
45
65505
65479
0
2127
45
65505
65479
0
2151
45
65506
65482
0
2176
45
65506
65482
0
2199
46
65506
65485
0
2223
46
65506
65485
0
2247
46
65506
65485
0
2271
45
65507
65487
0
2294
45
65507
65487
0
2319
45
65507
65487
0
2342
44
65508
65489
0
2367
44
65508
65489
0
2391
44
65508
65489
0
2414
44
65508
65491
0
2439
44
65508
65491
0
2462
44
65508
65491
0
2486
42
65509
65492
0
2510
42
65509
65492
0
2534
42
65509
65492
0
2557
41
65509
65493
0
2582
41
65509
65493
0
2606
41
65509
65493
0
2630
41
65509
65494
0
2654
41
65509
65494
0
2677
40
65510
65494
0
2702
40
65510
65494
0
2725
40
65510
65494
0
2749
39
65510
65495
0
2774
39
65510
65495
0
2797
39
65510
65495
0
2821
38
65510
65495
0
2845
38
65510
65495
0
2869
38
65510
65495
0
2892
38
65510
65496
0
2917
38
65510
65496
0
2940
38
65510
65496
0
2965
37
65510
65496
0
2989
37
65510
65496
0
3012
37
65510
65496
0
3037
36
65510
65496
0
3060
36
65510
65496
0
3084
36
65510
65496
0
3108
36
65510
65496
0
3132
36
65510
65496
0
3155
36
65511
65496
0
3180
36
65511
65496
0
3204
36
65511
65496
0
3227
35
65510
65496
0
3252
35
65510
65496
0
3275
35
65510
65496
0
3300
35
65510
65496
0
3323
35
65510
65496
0
3347
35
65510
65496
0
3372
35
65511
65497
0
3395
35
65511
65497
0
3419
35
65511
65497
0
3443
34
65511
65497
0
3467
34
65511
65497
0
3490
34
65511
65497
0
3515
34
65510
65497
0
3538
34
65510
65497
0
3563
34
65511
65497
0
3587
34
65511
65497
0
3610
34
65511
65497
0
3635
34
65511
65497
0
3658
34
65511
65497
0
3682
34
65511
65497
0
3706
33
65511
65497
0
3730
33
65511
65497
0
3753
33
65511
65497
0
3778
33
65511
65497
0
3802
33
65511
65497
0
3825
33
65511
65497
0
3850
33
65511
65497
0
3873
33
65511
65497
0
3898
33
65511
65497
0
3921
33
65511
65497
0
3945
33
65511
65497
0
3970
33
65511
65497
0
3993
33
65511
65497
0
4017
33
65511
65497
0
4041
33
65511
65497
0
4065
33
65511
65497
0
4088
33
65511
65497
0
4113
32
65511
65497
0
4136
32
65511
65497
0
4161
32
65511
65497
0
4185
32
65511
65497
0
4208
32
65511
65497
0
4233
32
65511
65497
0
4256
32
65511
65497
0
4280
32
65511
65497
0
4304
32
65511
65497
0
4328
32
65511
65497
0
4352
32
65511
65497
0
4376
32
65511
65497
0
4400
32
65511
65497
0
4423
32
65511
65497
0
4448
32
65511
65497
0
4471
32
65511
65497
0
4496
32
65511
65497
0
4519
32
65511
65497
0
4543
32
65511
65497
0
4568
32
65511
65497
0
4591
32
65511
65497
0
4615
32
65511
65497
0
4639
32
65511
65497
0
4663
32
65511
65497
0
4686
32
65511
65497
0
4711
32
65511
65497
0
4734
32
65511
65497
0
4758
32
65511
65497
0
4783
32
65511
65497
0
4806
32
65511
65497
0
4831
32
65511
65497
0
4854
32
65511
65497
0
4878
32
65511
65497
0
4902
32
65511
65497
0
4926
32
65511
65497
0
4950
32
65511
65497
0
4974
32
65511
65497
0
4998
32
65511
65497
0
5021
32
65511
65497
0
5046
32
65511
65497
0
5069
32
65511
65497
0
5094
32
65511
65497
0
5117
32
65511
65497
0
5141
32
65511
65497
0
5166
32
65511
65497
0
5189
32
65511
65497
0
5213
32
65511
65497
0
5237
32
65511
65497
0
5261
32
65511
65497
0
5284
32
65511
65497
0
5309
32
65511
65497
0
5332
32
65511
65497
0
5356
32
65511
65497
0
5381
32
65511
65497
0
5404
31
65511
65497
0
5429
31
65511
65497
0
5452
31
65511
65497
0
5476
31
65511
65497
0
5500
31
65511
65497
0
5524
31
65511
65497
0
5548
31
65511
65497
0
5572
31
65511
65497
0
5596
31
65511
65497
0
5619
31
65511
65497
0
5644
31
65511
65497
0
5667
31
65511
65497
0
5691
31
65511
65497
0
5715
31
65511
65497
0
5739
31
65511
65497
0
5764
31
65511
65497
0
5787
31
65511
65497
0
5811
31
65511
65497
0
5835
31
65511
65497
0
5859
31
65511
65497
0
5882
31
65511
65497
0
5907
31
65511
65497
0
5931
31
65511
65497
0
5954
31
65511
65497
0
5979
31
65511
65497
0
6002
31
65511
65497
0
6027
31
65511
65497
0
6050
31
65511
65497
0
6074
31
65511
65497
0
6098
31
65511
65497
0
6122
31
65511
65497
0
6146
31
65511
65496
0
6170
31
65511
65496
0
6194
31
65511
65496
0
6217
31
65511
65497
0
6242
31
65511
65497
0
6265
31
65511
65497
0
6289
31
65511
65497
0
6313
31
65511
65497
0
6337
31
65511
65497
0
6362
31
65511
65497
0
6385
31
65511
65497
0
6409
31
65511
65497
0
6433
30
65511
65497
0
6457
30
65511
65497
0
6480
30
65511
65497
0
6505
30
65511
65497
0
6529
30
65511
65497
0
6552
30
65511
65497
0
6577
30
65511
65497
0
6600
30
65511
65497
0
6625
30
65511
65497
0
6648
30
65511
65497
0
6672
30
65511
65497
0
6696
30
65511
65497
0
6720
30
65511
65497
0
6744
30
65511
65497
0
6768
30
65511
65496
0
6792
30
65511
65496
0
6815
30
65511
65496
0
6840
30
65511
65497
0
6863
30
65511
65497
0
6887
30
65511
65497
0
6912
30
65511
65497
0
6935
30
65511
65497
0
6960
30
65511
65497
0
6983
30
65511
65497
0
7007
30
65511
65497
0
7031
30
65511
65497
0
7055
30
65511
65497
0
7078
30
65511
65497
0
7103
30
65511
65496
0
7127
30
65511
65496
0
7150
30
65511
65496
0
7175
30
65511
65497
0
7198
30
65511
65497
0
7223
30
65511
65497
0
7246
30
65511
65496
0
7270
30
65511
65496
0
7294
30
65511
65496
0
7318
30
65511
65497
0
7342
30
65511
65497
0
7366
30
65511
65497
0
7390
30
65511
65496
0
7413
30
65511
65496
0
7438
30
65512
65496
0
7461
30
65512
65496
0
7485
30
65512
65496
0
7510
30
65511
65496
0
7533
30
65511
65496
0
7558
30
65511
65496
0
7581
30
65511
65497
0
7605
30
65511
65497
0
7629
30
65511
65497
0
7653
30
65512
65497
0
7676
30
65512
65497
0
7701
30
65512
65497
0
7725
30
65511
65496
0
7748
30
65511
65496
0
7773
30
65511
65496
0
7796
30
65511
65496
0
7820
30
65511
65496
0
7844
30
65511
65496
0
7868
30
65511
65496
0
7892
30
65511
65496
0
7916
30
65511
65496
0
7940
30
65511
65496
0
7964
30
65511
65496
0
7988
30
65511
65496
0
8011
30
65511
65496
0
8036
30
65511
65496
0
8059
30
65511
65496
0
8083
30
65511
65496
0
8108
30
65511
65496
0
8131
30
65511
65496
0
8156
30
65511
65496
0
8179
30
65511
65496
0
8203
30
65511
65496
0
8227
30
65511
65496
0
8251
30
65511
65496
0
8274
30
65512
65496
0
8299
30
65512
65496
0
8323
30
65511
65496
0
8346
30
65511
65496
0
8371
30
65511
65496
0
8394
30
65512
65496
0
8418
30
65512
65496
0
8442
30
65512
65496
0
8466
30
65512
65497
0
8491
30
65512
65497
0
8514
30
65512
65497
0
8538
30
65511
65496
0
8562
30
65511
65496
0
8586
30
65511
65496
0
8609
30
65511
65496
0
8634
30
65511
65496
0
8657
30
65511
65496
0
8681
30
65511
65496
0
8706
30
65511
65496
0
8729
30
65511
65496
0
8753
30
65511
65496
0
8777
30
65511
65496
0
8801
30
65512
65496
0
8825
30
65512
65496
0
8849
30
65512
65496
0
8872
30
65511
65496
0
8897
30
65511
65496
0
8921
30
65511
65496
0
8944
30
65511
65496
0
8969
30
65511
65496
0
8992
30
65511
65496
0
9016
29
65511
65496
0
9040
29
65511
65496
0
9064
29
65511
65496
0
9089
30
65511
65496
0
9112
30
65511
65496
0
9136
30
65511
65496
0
9160
30
65511
65496
0
9184
30
65511
65496
0
9207
30
65511
65496
0
9232
30
65511
65496
0
9255
30
65511
65496
0
9279
29
65511
65496
0
9304
29
65511
65496
0
9327
29
65511
65496
0
9351
30
65511
65496
0
9375
30
65511
65496
0
9399
30
65511
65496
0
9423
30
65512
65496
0
9447
30
65512
65496
0
9470
30
65512
65496
0
9495
30
65511
65496
0
9519
30
65511
65496
0
9542
30
65511
65496
0
9567
29
65511
65496
0
9590
29
65511
65496
0
9614
30
65511
65496
0
9638
30
65511
65496
0
9662
30
65511
65496
0
9687
29
65511
65496
0
9710
29
65511
65496
0
9734
29
65511
65496
0
9758
30
65511
65496
0
9782
30
65511
65496
0
9805
30
65511
65496
0
9830
30
65511
65496
0
9853
30
65511
65496
0
9877
30
65511
65496
0
9902
30
65511
65496
0
9925
30
65511
65496
0
9949
30
65511
65496
0
9973
30
65511
65497
0
9997
30
65511
65497
0
10021
30
65511
65497
0
10046
30
65511
65497
0
10071
30
65511
65497
0
10096
29
65511
65496
0
10121
29
65511
65496
0
10145
29
65511
65496
0
10171
30
65511
65496
0
10195
30
65511
65496
0
10221
30
65511
65496
0
10246
30
65511
65496
0
10270
30
65511
65496
0
10296
30
65511
65496
0
10320
30
65511
65496
0
10345
30
65511
65496
0
10371
29
65511
65496
0
10395
29
65511
65496
0
10421
29
65511
65496
0
10445
30
65511
65496
0
10470
30
65511
65496
0
10496
30
65511
65496
0
10520
30
65512
65496
0
10545
30
65512
65496
0
10570
30
65512
65496
0
10595
30
65512
65496
0
10620
30
65512
65496
0
10645
30
65512
65496
0
10670
30
65512
65496
0
10695
30
65512
65496
0
10720
30
65512
65496
0
10744
30
65512
65496
0
10770
30
65511
65496
0
10795
30
65511
65496
0
10820
30
65511
65496
0
10845
30
65512
65496
0
10869
30
65512
65496
0
10895
30
65512
65496
0
10919
30
65511
65496
0
10944
30
65511
65496
0
10970
30
65511
65496
0
10994
30
65511
65496
0
11020
30
65511
65496
0
11044
30
65511
65496
0
11069
30
65511
65496
0
11095
30
65511
65496
0
11119
29
65511
65496
0
11144
29
65511
65496
0
11169
29
65511
65496
0
11194
30
65512
65496
0
11219
30
65512
65496
0
11244
30
65512
65496
0
11269
29
65511
65496
0
11294
29
65511
65496
0
11319
30
65511
65496
0
11343
30
65511
65496
0
11369
30
65511
65496
0
11394
29
65512
65496
0
11419
29
65512
65496
0
11444
29
65512
65496
0
11468
30
65512
65496
0
11494
30
65512
65496
0
11518
30
65512
65496
0
11543
30
65512
65496
0
11569
30
65512
65496
0
11593
29
65512
65496
0
11619
29
65512
65496
0
11643
29
65512
65496
0
11668
29
65511
65496
0
11694
29
65511
65496
0
11718
29
65511
65496
0
11743
30
65511
65496
0
11768
30
65511
65496
0
11793
29
65511
65496
0
11819
29
65511
65496
0
11843
29
65511
65496
0
11868
29
65511
65496
0
11893
29
65511
65496
0
11918
29
65511
65496
0
11942
29
65511
65496
0
11968
29
65511
65496
0
11993
29
65511
65496
0
12018
29
65512
65497
0
12043
29
65512
65497
0
12067
29
65511
65496
0
12093
29
65511
65496
0
12118
29
65511
65496
0
12142
29
65511
65496
0
12168
29
65511
65496
0
12192