29
65512
65496
0
953
29
65512
65496
0
975
29
65512
65496
0
998
29
65512
65496
0
1021
29
65512
65496
0
1045
29
65511
65496
0
1069
29
65511
65496
0
1093
29
65512
65496
0
1117
29
65512
65496
0
1140
29
65512
65496
0
1165
29
65512
65496
0
1188
29
65512
65496
0
1212
29
65512
65496
0
1236
29
65512
65496
0
1260
29
65512
65496
0
1285
29
65512
65496
0
1308
29
65511
65496
0
1332
29
65511
65496
0
1356
29
65511
65496
0
1380
29
65511
65496
0
1403
29
65511
65496
0
1428
29
65511
65496
0
1452
29
65512
65496
0
1475
29
65512
65496
0
1500
29
65512
65496
0
1523
29
65512
65496
0
1547
29
65512
65496
0
1571
29
65512
65497
0
1595
29
65512
65497
0
1619
29
65512
65497
0
1643
29
65512
65497
0
1667
29
65512
65497
0
1691
29
65512
65497
0
1715
29
65512
65496
0
1738
29
65512
65496
0
1763
29
65512
65496
0
1786
29
65512
65496
0
1810
29
65512
65496
0
1835
29
65512
65496
0
1858
29
65512
65496
0
1883
29
65512
65496
0
1906
29
65512
65496
0
1930
29
65512
65496
0
1954
29
65512
65496
0
1978
29
65512
65496
0
2001
29
65512
65496
0
2026
29
65512
65496
0
2050
29
65512
65496
0
2073
29
65512
65496
0
2098
29
65512
65496
0
2121
29
65512
65496
0
2145
29
65512
65496
0
2169
29
65512
65496
0
2193
29
65512
65496
0
2217
29
65512
65496
0
2241
29
65512
65496
0
2265
29
65512
65496
0
2289
29
65512
65496
0
2313
29
65512
65496
0
2336
29
65512
65496
0
2361
29
65512
65496
0
2384
29
65512
65496
0
2408
29
65512
65496
0
2433
29
65512
65496
0
2456
29
65512
65497
0
2480
29
65512
65497
0
2504
29
65512
65497
0
2528
29
65512
65496
0
2552
29
65512
65496
0
2576
29
65512
65496
0
2599
29
65512
65496
0
2624
29
65512
65496
0
2648
29
65512
65496
0
2671
29
65512
65497
0
2696
29
65512
65497
0
2719
29
65512
65497
0
2743
29
65512
65496
0
2767
29
65512
65496
0
2791
29
65512
65496
0
2816
29
65512
65496
0
2839
29
65512
65496
0
2863
29
65512
65496
0
2887
29
65512
65496
0
2911
29
65512
65496
0
2934
29
65512
65496
0
2959
29
65512
65496
0
2982
29
65512
65496
0
3006
29
65512
65496
0
3031
29
65512
65496
0
3054
29
65512
65496
0
3078
29
65512
65496
0
3102
29
65512
65496
0
3126
29
65512
65496
0
3150
29
65512
65497
0
3174
29
65512
65497
0
3197
29
65512
65497
0
3222
29
65512
65496
0
3246
29
65512
65496
0
3269
29
65512
65496
0
3294
29
65512
65496
0
3317
29
65512
65496
0
3341
29
65512
65496
0
3365
29
65512
65496
0
3389
29
65512
65496
0
3414
29
65512
65496
0
3437
29
65512
65496
0
3461
29
65512
65496
0
3485
29
65512
65496
0
3509
29
65512
65496
0
3532
29
65512
65496
0
3557
29
65512
65497
0
3580
29
65512
65497
0
3604
29
65512
65497
0
3629
29
65512
65496
0
3652
29
65512
65496
0
3676
29
65512
65496
0
3700
29
65512
65496
0
3724
29
65512
65496
0
3748
29
65512
65496
0
3772
29
65512
65496
0
3795
29
65512
65496
0
3820
29
65512
65496
0
3844
29
65512
65496
0
3867
29
65512
65496
0
3892
29
65512
65496
0
3915
29
65512
65496
0
3939
29
65512
65496
0
3963
29
65512
65497
0
3987
29
65512
65497
0
4011
29
65512
65497
0
4035
29
65512
65496
0
4059
29
65512
65496
0
4083
29
65512
65496
0
4107
29
65512
65496
0
4130
29
65512
65496
0
4155
29
65512
65496
0
4178
29
65512
65496
0
4202
29
65512
65496
0
4227
29
65512
65496
0
4250
29
65512
65496
0
4274
29
65512
65496
0
4298
29
65512
65497
0
4322
29
65512
65497
0
4346
29
65512
65497
0
4370
29
65512
65496
0
4393
29
65512
65496
0
4418
29
65512
65496
0
4442
29
65511
65497
0
4465
29
65511
65497
0
4490
29
65511
65497
0
4513
29
65512
65496
0
4537
29
65512
65496
0
4561
29
65512
65497
0
4585
29
65512
65497
0
4609
29
65512
65497
0
4633
29
65512
65497
0
4657
29
65512
65497
0
4681
29
65512
65497
0
4705
29
65512
65496
0
4728
29
65512
65496
0
4753
29
65512
65496
0
4776
29
65512
65496
0
4800
29
65512
65496
0
4825
29
65512
65496
0
4848
29
65512
65496
0
4872
29
65512
65496
0
4896
29
65512
65496
0
4920
29
65512
65496
0
4944
29
65512
65496
0
4968
29
65512
65496
0
4992
29
65512
65497
0
5016
29
65512
65497
0
5040
29
65512
65497
0
5063
29
65512
65497
0
5088
29
65512
65497
0
5111
29
65512
65497
0
5135
29
65512
65497
0
5159
29
65512
65497
0
5183
29
65512
65496
0
5207
29
65512
65496
0
5231
29
65512
65496
0
5255
29
65512
65497
0
5279
29
65512
65497
0
5303
29
65512
65497
0
5326
29
65512
65497
0
5351
29
65512
65497
0
5374
29
65512
65497
0
5398
29
65512
65496
0
5423
29
65512
65496
0
5446
29
65512
65496
0
5470
29
65512
65496
0
5494
29
65512
65496
0
5518
29
65512
65497
0
5541
29
65512
65497
0
5566
29
65512
65497
0
5590
29
65512
65496
0
5614
29
65512
65496
0
5638
29
65512
65496
0
5661
29
65512
65496
0
5686
29
65512
65496
0
5709
29
65512
65496
0
5733
29
65512
65496
0
5757
29
65512
65496
0
5781
29
65512
65496
0
5805
29
65512
65496
0
5829
29
65512
65496
0
5853
29
65512
65497
0
5877
29
65512
65497
0
5901
29
65512
65497
0
5924
29
65512
65496
0
5949
29
65512
65496
0
5972
29
65512
65496
0
5996
29
65512
65497
0
6021
29
65512
65497
0
6044
29
65512
65497
0
6068
29
65512
65497
0
6092
29
65512
65497
0
6116
29
65512
65497
0
6139
29
65512
65496
0
6164
29
65512
65496
0
6188
29
65512
65496
0
6212
29
65512
65497
0
6236
29
65512
65497
0
6259
29
65512
65497
0
6284
29
65512
65497
0
6307
29
65512
65497
0
6331
29
65512
65497
0
6355
29
65512
65497
0
6379
29
65512
65497
0
6403
29
65512
65497
0
6427
29
65512
65497
0
6451
29
65512
65497
0
6475
29
65512
65497
0
6499
29
65512
65497
0
6522
29
65512
65497
0
6547
29
65512
65496
0
6571
29
65512
65496
0
6594
29
65512
65496
0
6619
29
65512
65497
0
6642
29
65512
65497
0
6666
29
65512
65497
0
6690
29
65512
65497
0
6714
29
65512
65497
0
6737
29
65512
65497
0
6762
29
65512
65497
0
6786
29
65512
65497
0
6810
29
65512
65497
0
6834
29
65512
65497
0
6857
29
65512
65497
0
6882
29
65512
65497
0
6905
29
65512
65497
0
6929
29
65512
65497
0
6953
29
65512
65497
0
6977
29
65512
65497
0
7001
29
65512
65497
0
7025
29
65512
65497
0
7049
29
65512
65497
0
7072
29
65512
65497
0
7097
29
65512
65497
0
7120
29
65512
65497
0
7145
29
65512
65496
0
7169
29
65512
65496
0
7192
29
65512
65496
0
7217
29
65512
65497
0
7240
29
65512
65497
0
7264
29
65512
65497
0
7288
29
65512
65497
0
7312
29
65512
65497
0
7335
29
65512
65497
0
7360
29
65512
65497
0
7384
29
65512
65497
0
7408
29
65512
65497
0
7432
29
65512
65497
0
7455
29
65512
65497
0
7480
29
65512
65497
0
7503
29
65512
65497
0
7527
29
65512
65497
0
7552
29
65512
65497
0
7575
29
65512
65497
0
7599
29
65512
65497
0
7623
29
65512
65497
0
7647
29
65512
65497
0
7670
29
65512
65497
0
7695
29
65512
65497
0
7718
29
65512
65497
0
7743
29
65512
65497
0
7767
29
65512
65497
0
7790
29
65512
65497
0
7815
29
65512
65497
0
7838
29
65512
65497
0
7862
29
65512
65497
0
7886
29
65512
65497
0
7910
29
65512
65497
0
7933
29
65512
65497
0
7958
29
65512
65497
0
7982
29
65512
65497
0
8006
29
65512
65497
0
8030
29
65512
65497
0
8053
29
65512
65497
0
8078
29
65512
65497
0
8101
29
65512
65497
0
8125
29
65512
65497
0
8150
29
65512
65497
0
8173
29
65512
65497
0
8197
29
65512
65497
0
8221
29
65512
65497
0
8245
29
65512
65497
0
8268
29
65512
65497
0
8293
29
65512
65497
0
8316
29
65512
65497
0
8341
29
65512
65497
0
8365
29
65512
65497
0
8388
29
65512
65497
0
8413
29
65512
65497
0
8436
29
65512
65497
0
8460
29
65512
65497
0
8484
29
65512
65497
0
8508
29
65512
65497
0
8531
29
65512
65497
0
8556
29
65512
65497
0
8580
29
65512
65497
0
8603
29
65512
65497
0
8628
29
65512
65497
0
8651
29
65512
65497
0
8676
29
65512
65497
0
8699
29
65512
65497
0
8723
29
65513
65497
0
8748
29
65513
65497
0
8771
29
65513
65497
0
8795
29
65512
65497
0
8819
29
65512
65497
0
8843
29
65512
65497
0
8866
29
65512
65497
0
8891
29
65512
65497
0
8914
29
65512
65498
0
8939
29
65512
65498
0
8963
29
65512
65498
0
8986
29
65512
65497
0
9011
29
65512
65497
0
9034
29
65512
65497
0
9058
29
65512
65497
0
9082
29
65512
65497
0
9106
29
65512
65497
0
9129
29
65512
65497
0
9154
29
65512
65497
0
9178
29
65512
65497
0
9201
29
65512
65498
0
9226
29
65512
65498
0
9249
29
65512
65498
0
9274
29
65512
65498
0
9297
29
65512
65498
0
9321
29
65512
65498
0
9346
29
65512
65498
0
9369
29
65512
65498
0
9393
29
65513
65498
0
9417
29
65513
65498
0
9441
29
65513
65498
0
9464
28
65513
65498
0
9489
28
65513
65498
0
9512
28
65513
65498
0
9536
28
65513
65498
0
9561
28
65513
65498
0
9584
28
65513
65498
0
9609
28
65513
65498
0
9632
28
65513
65498
0
9656
28
65513
65498
0
9680
28
65513
65498
0
9704
28
65513
65498
0
9728
28
65513
65498
0
9752
28
65513
65498
0
9776
28
65513
65498
0
9799
27
65513
65499
0
9824
27
65513
65499
0
9847
27
65513
65499
0
9872
27
65513
65498
0
9895
27
65513
65498
0
9919
27
65513
65498
0
9944
26
65513
65499
0
9967
26
65513
65499
0
9991
26
65513
65499
0
10015
26
65514
65499
0
10040
26
65514
65499
0
10064
26
65514
65499
0
10090
25
65514
65498
0
10115
25
65514
65498
0
10140
25
65514
65499
0
10165
25
65514
65499
0
10189
25
65514
65499
0
10215
24
65514
65499
0
10240
24
65514
65499
0
10264
24
65514
65499
0
10290
23
65514
65498
0
10314
23
65514
65498
0
10340
22
65515
65498
0
10364
22
65515
65498
0
10389
22
65515
65498
0
10415
21
65515
65497
0
10439
21
65515
65497
0
10464
21
65515
65497
0
10489
20
65516
65496
0
10514
20
65516
65496
0
10540
20
65516
65496
0
10564
19
65516
65495
0
10589
19
65516
65495
0
10614
18
65516
65493
0
10639
18
65516
65493
0
10663
18
65516
65493
0
10689
18
65516
65490
0
10714
18
65516
65490
0
10739
18
65516
65490
0
10764
19
65516
65488
0
10788
19
65516
65488
0
10814
19
65516
65488
0
10839
20
65516
65485
0
10863
20
65516
65485
0
10889
22
65516
65483
0
10913
22
65516
65483
0
10939
22
65516
65483
0
10963
25
65515
65483
0
10988
25
65515
65483
0
11014
25
65515
65483
0
11038
28
65513
65484
0
11063
28
65513
65484
0
11088
30
65511
65485
0
11113
30
65511
65485
0
11139
30
65511
65485
0
11163
31
65508
65488
0
11188
31
65508
65488
0
11213
31
65508
65488
0
11238
32
65505
65491
0
11262
32
65505
65491
0
11288
32
65505
65491
0
11313
32
65502
65493
0
11338
32
65502
65493
0
11363
32
65500
65496
0
11387
32
65500
65496
0
11413
32
65500
65496
0
11438
32
65497
65496
0
11462
32
65497
65496
0
11488
32
65497
65496
0
11512
32
65496
65496
0
11538
32
65496
65496
0
11563
32
65496
65496
0
11587
34
65495
65495
0
11613
34
65495
65495
0
11637
36
65495
65496
0
11662
36
65495
65496
0
11687
36
65495
65496
0
11712
37
65496
65498
0
11738
37
65496
65498
0
11762
37
65496
65498
0
11787
36
65497
65499
0
11812
36
65497
65499
0
11837
34
65501
65501
0
11862
34
65501
65501
0
11887
34
65501
65501
0
11912
31
65504
65500
0
11937
31
65504
65500
0
11962
31
65504
65500
0
11986
29
65509
65499
0
12012
29
65509
65499
0
12037
29
65509
65499
0
12061
28
65513
65497
0
12087
28
65513
65497
0
12111
28
65516
65495
0
12137
28
65516
65495
0
12162
28
65516
65495
0
12186
29
65519
65495
0
12212
29
65519
65495
0
12236
29
65519
65495
0
12261
30
65521
65493
0
12286
30
65521
65493
0
12311
30
65523
65495
0
12337
30
65523
65495
0
12361
30
65523
65495
0
12386
32
65523
65494
0
12411
32
65523
65494
0
12436
32
65523
65494
0
12461
33
65523
65494
0
12486
33
65523
65494
0
12511
33
65523
65494
0
12536
35
65523
65495
0
12561
35
65523
65495
0
12585
37
65522
65496
0
12611
37
65522
65496
0
12636
37
65522
65496
0
12660
38
65519
65498
0
12686
38
65519
65498
0
12710
38
65519
65498
0
12736
38
65517
65501
0
12761
38
65517
65501
0
12785
38
65517
65501
0
12811
38
65514
65503
0
12835
38
65514
65503
0
12860
37
65512
65505
0
12886
37
65512
65505
0
12910
37
65512
65505
0
12936
38
65510
65506
0
12960
38
65510
65506
0
12985
38
65510
65506
0
13010
38
65508
65508
0
13035
38
65508
65508
0
13060
38
65508
65508
0
13085
38
65508
65508
0
13110
38
65508
65508
0
13135
35
65505
65511
0
13160
35
65505
65511
0
13185
35
65505
65511
0
13210
35
65503
65512
0
13235
35
65503
65512
0
13259
35
65503
65512
0
13285
33
65502
65514
0
13309
33
65502
65514
0
13335
32
65501
65514
0
13360
32
65501
65514
0
13384
32
65501
65514
0
13410
31
65500
65515
0
13434
31
65500
65515
0
13459
31
65500
65515
0
13485
31
65499
65515
0
13509
31
65499
65515
0
13535
31
65499
65515
0
13559
29
65498
65515
0
13584
29
65498
65515
0
13609
29
65497
65515
0
13634
29
65497
65515
0
13659
29
65497
65515
0
13684
28
65496
65516
0
13709
28
65496
65516
0
13734
28
65496
65516
0
13759
27
65496
65516
0
13784
27
65496
65516
0
13809
26
65495
65516
0
13834
26
65495
65516
0
13858
26
65495
65516
0
13884
25
65495
65516
0
13908
25
65495
65516
0
13934
25
65495
65516
0
13959
24
65495
65516
0
13983
24
65495
65516
0
14009
24
65495
65516
0
14033
24
65495
65516
0
14058
24
65495
65516
0
14084
23
65495
65515
0
14108
23
65495
65515
0
14134
23
65495
65515
0
14158
22
65495
65514
0
14183
22
65495
65514
0
14209
22
65495
65514
0
14233
21
65495
65514
0
14258
21
65495
65514
0
14283
21
65495
65513
0
14308
20
65495
65513
0
14333
20
65495
65513
0
14358
20
65495
65513
0
14383
20
65495
65513
0
14408
20
65495
65513
0
14433
19
65495
65512
0
14457
19
65495
65512
0
14483
19
65495
65512
0
14508
19
65495
65511
0
14533
19
65495
65511
0
14558
19
65495
65511
0
14582
19
65495
65511
0
14608
19
65495
65511
0
14632
19
65495
65510
0
14657
19
65495
65510
0
14683
19
65495
65510
0
14707
19
65495
65510
0
14733
19
65495
65510
0
14757
19
65495
65510
0
14782
19
65495
65510
0
14808
19
65495
65510
0
14832
19
65495
65510
0
14857
19
65495
65510
0
14882
19
65495
65510
0
14907
19
65495
65510
0
14932
19
65495
65510
0
14957
19
65495
65510
0
14982
19
65495
65510
0
15007
19
65495
65510
0
15032
19
65495
65510
0
15056
19
65495
65510
0
15082
19
65495
65510
0
15107
19
65495
65510
0
15132
19
65495
65510
0
15157
19
65495
65510
0
15181
19
65495
65510
0
15207
19
65495
65510
0
15232
19
65495
65510
0
15256
18
65495
65510
0
15282
18
65495
65510
0
15306
18
65495
65510
0
15332
18
65495
65510
0
15356
18
65495
65510
0
15381
19
65495
65510
0
15407
19
65495
65510
0
15431
19
65495
65510
0
15456
19
65495
65510
0
15481
19
65495
65510
0
15506
19
65495
65510
0
15532
19
65495
65510
0
15556
19
65495
65510
0
15581
19
65495
65510
0
15606
19
65495
65510
0
15631
19
65495
65510
0
15655
19
65495
65510
0
15681
19
65495
65510
0
15706
19
65495
65510
0
15731
19
65495
65510
0
15756
19
65495
65510
0
15780
19
65495
65510
0
15806
19
65495
65510
0
15831
19
65495
65510
0
15855
19
65495
65510
0
15881
19
65495
65510
0
15905
19
65495
65510
0
15931
19
65495
65510
0
15955
19
65495
65510
0
15980
19
65495
65510
0
16006
19
65495
65510
0
16030
19
65495
65510
0
16055
18
65495
65510
0
16080
18
65495
65510
0
16105
18
65495
65510
0
16131
18
65495
65510
0
16155
18
65495
65510
0
16180
18
65495
65510
0
16205
19
65495
65510
0
16230
19
65495
65510
0
16254
19
65495
65510
0
16280
19
65495
65510
0
16305
19
65495
65510
0
16330
19
65495
65510
0
16355
19
65495
65510
0
16379
19
65495
65510
0
16405
19
65495
65509
0
16430
19
65495
65509
0
16454
19
65495
65509
0
16480
19
65495
65509
0
16504
19
65495
65509
0
16530
19
65495
65509
0
16555
19
65495
65509
0
16579
19
65495
65509
0
16605
18
65495
65509
0
16629
18
65495
65509
0
16654
18
65495
65509
0
16679
18
65495
65509
0
16704
18
65495
65509
0
16730
18
65495
65509
0
16754
19
65495
65509
0
16779
19
65495
65509
0
16804
19
65495
65509
0
16829
19
65495
65509
0
16854
19
65495
65509
0
16879
18
65495
65509
0
16904
18
65495
65509
0
16929
18
65495
65509
0
16954
19
65495
65509
0
16978
19
65495
65509
0
17004
19
65495
65509
0
17029
19
65495
65509
0
17053
19
65495
65509
0
17079
19
65495
65509
0
17103
19
65495
65509
0
17129
19
65495
65509
0
17154
19
65495
65509
0
17178
19
65495
65509
0
17204
19
65495
65509
0
17228
18
65495
65509
0
17253
18
65495
65509
0
17278
19
65495
65509
0
17303
19
65495
65509
0
17329
19
65495
65509
0
17353
19
65495
65509
0
17378
19
65495
65509
0
17403
19
65495
65509
0
17428
19
65495
65509
0
17453
19
65495
65509
0
17478
19
65495
65509
0
17503
19
65495
65509
0
17528
19
65495
65509
0
17553
19
65495
65509
0
17577
19
65495
65509
0
17603
19
65495
65509
0
17628
19
65495
65509
0
17652
19
65495
65509
0
17678
19
65495
65509
0
17702
19
65495
65509
0
17728
19
65495
65509
0
17753
19
65495
65509
0
17777
19
65495
65509
0
17803
19
65495
65509
0
17827
19
65495
65509
0
17852
19
65495
65509
0
17878
19
65495
65509
0
17902
19
65495
65509
0
17928
19
65495
65509
0
17952
19
65495
65509
0
17977
19
65495
65509
0
18002
19
65495
65509
0
18027
19
65495
65509
0
18052
19
65495
65509
0
18077
19
65495
65509
0
18102
19
65495
65509
0
18127
19
65495
65509
0
18152
19
65495
65509
0
18177
19
65495
65509
0
18202
19
65495
65509
0
18227
19
65495
65509
0
18251
19
65495
65509
0
18277
19
65495
65509
0
18301
19
65495
65509
0
18327
19
65495
65509
0
18352
19
65495
65509
0
18376
19
65495
65509
0
18402
19
65495
65509
0
18426
19
65495
65509
0
18451
19
65495
65509
0
18477
19
65495
65509
0
18501
19
65495
65509
0
18527
19
65495
65509
0
18551
192819
18
65495
65506
0
22844
18
65495
65506
0
22870
18
65495
65506
0
22894
18
65495
65506
0
22920
18
65495
65506
0
22944
18
65495
65506
0
22969
18
65495
65506
0
22994
18
65495
65504
0
23019
18
65495
65504
0
23044
18
65495
65504
0
23069
18
65495
65504
0
23094
18
65495
65504
0
23119
18
65495
65504
0
23144
18
65495
65503
0
23169
18
65495
65503
0
23194
18
65495
65502
0
23219
18
65495
65502
0
23243
18
65495
65502
0
23269
19
65495
65501
0
23293
19
65495
65501
0
23319
19
65495
65501
0
23344
19
65495
65501
0
23368
19
65495
65501
0
23394
19
65495
65501
0
23418
19
65495
65500
0
23443
19
65495
65500
0
23469
19
65495
65499
0
23493
19
65495
65499
0
23519
19
65495
65499
0
23543
19
65495
65499
0
23568
19
65495
65499
0
23593
19
65495
65499
0
23618
20
65494
65498
0
23643
20
65494
65498
0
23668
20
65494
65498
0
23693
20
65494
65498
0
23718
20
65494
65498
0
23743
20
65495
65497
0
23768
20
65495
65497
0
23793
20
65495
65497
0
23818
21
65494
65497
0
23842
21
65494
65497
0
23868
21
65494
65497
0
23892
21
65494
65496
0
23918
21
65494
65496
0
23943
21
65494
65496
0
23967
21
65494
65496
0
23993
21
65494
65496
0
24017
22
65494
65495
0
24042
22
65494
65495
0
24068
22
65494
65495
0
24092
22
65494
65495
0
24118
22
65494
65495
0
24142
22
65494
65495
0
24167
22
65494
65495
0
24193
22
65494
65495
0
24217
23
65494
65495
0
24242
23
65494
65495
0
24267
23
65494
65495
0
24292
23
65494
65495
0
24317
23
65494
65495
0
24342
23
65494
65495
0
24367
23
65494
65495
0
24392
23
65494
65495
0
24417
23
65494
65495
0
24441
23
65494
65495
0
24467
23
65494
65495
0
24492
24
65494
65495
0
24517
24
65494
65495
0
24542
24
65494
65495
0
24566
24
65495
65496
0
24592
24
65495
65496
0
24616
24
65495
65496
0
24641
25
65496
65497
0
24667
25
65496
65497
0
24691
25
65497
65498
0
24717
25
65497
65498
0
24741
25
65497
65498
0
24766
24
65499
65498
0
24792
24
65499
65498
0
24816
24
65499
65498
0
24841
23
65501
65499
0
24866
23
65501
65499
0
24891
23
65503
65499
0
24916
22
65503
65499
0
24941
22
65503
65499
0
24966
21
65505
65498
0
24991
21
65505
65498
0
25016
21
65505
65498
0
25040
21
65507
65497
0
25066
21
65507
65497
0
25091
21
65507
65497
0
25116
20
65509
65496
0
25141
20
65509
65496
0
25165
21
65511
65495
0
25191
21
65511
65495
0
25216
21
65511
65495
0
25240
21
65512
65494
0
25266
21
65512
65494
0
25290
21
65512
65494
0
25316
21
65514
65493
0
25340
21
65514
65493
0
25365
21
65514
65493
0
25391
20
65516
65492
0
25415
20
65516
65492
0
25440
21
65518
65491
0
25465
21
65518
65491
0
25490
21
65518
65491
0
25516
20
65519
65489
0
25540
20
65519
65489
0
25565
20
65519
65489
0
25590
20
65521
65487
0
25615
20
65521
65487
0
25639
20
65521
65487
0
25665
20
65521
65487
0
25690
20
65521
65487
0
25715
20
65522
65484
0
25740
20
65522
65484
0
25764
20
65522
65484
0
25790
20
65521
65483
0
25815
20
65521
65483
0
25839
20
65521
65483
0
25865
20
65520
65482
0
25889
20
65520
65482
0
25915
21
65518
65479
0
25939
21
65518
65479
0
25964
21
65518
65479
0
25990
23
65515
65476
0
26014
23
65515
65476
0
26039
23
65515
65476
0
26064
26
65512
65475
0
26089
26
65512
65475
0
26115
26
65512
65475
0
26139
30
65510
65476
0
26164
30
65510
65476
0
26189
34
65508
65479
0
26214
34
65508
65479
0
26238
34
65508
65479
0
26264
36
65508
65485
0
26289
36
65508
65485
0
26314
36
65508
65485
0
26339
33
65509
65490
0
26363
33
65509
65490
0
26389
29
65509
65491
0
26414
29
65509
65491
0
26438
29
65509
65491
0
26464
26
65509
65491
0
26488
26
65509
65491
0
26514
26
65509
65491
0
26539
24
65508
65490
0
26563
24
65508
65490
0
26589
24
65508
65490
0
26613
23
65507
65488
0
26638
23
65507
65488
0
26663
22
65505
65487
0
26688
22
65505
65487
0
26714
22
65505
65487
0
26738
21
65505
65485
0
26763
21
65505
65485
0
26788
21
65505
65485
0
26813
21
65505
65480
0
26838
21
65505
65480
0
26863
21
65505
65475
0
26888
22
65505
65475
0
26913
22
65505
65475
0
26938
27
65505
65472
0
26962
27
65505
65472
0
26988
27
65505
65472
0
27013
32
65504
65469
0
27037
32
65504
65469
0
27063
32
65504
65469
0
27087
38
65504
65471
0
27113
38
65504
65471
0
27138
42
65504
65473
0
27162
42
65504
65473
0
27188
42
65504
65473
0
27212
44
65504
65477
0
27237
44
65504
65477
0
27262
44
65504
65477
0
27287
45
65505
65480
0
27313
45
65505
65480
0
27337
45
65505
65480
0
27362
46
65505
65484
0
27387
46
65505
65484
0
27412
45
65506
65487
0
27437
45
65506
65487
0
27462
45
65506
65487
0
27487
45
65507
65490
0
27512
45
65507
65490
0
27537
45
65507
65490
0
27561
43
65508
65492
0
27587
43
65508
65492
0
27612
43
65508
65492
0
27636
43
65508
65492
0
27662
43
65508
65492
0
27686
40
65509
65494
0
27712
40
65509
65494
0
27737
40
65509
65494
0
27761
39
65510
65495
0
27787
39
65510
65495
0
27811
39
65510
65495
0
27836
37
65510
65496
0
27862
37
65510
65496
0
27886
36
65510
65496
0
27912
36
65510
65496
0
27936
36
65510
65496
0
27961
35
65510
65497
0
27986
35
65510
65497
0
28011
35
65510
65497
0
28036
35
65510
65497
0
28061
35
65510
65497
0
28086
35
65510
65497
0
28111
34
65510
65497
0
28136
34
65510
65497
0
28161
34
65510
65497
0
28186
34
65510
65497
0
28211
34
65510
65497
0
28235
33
65511
65497
0
28261
33
65511
65497
0
28285
33
65511
65497
0
28311
32
65511
65497
0
28336
32
65511
65497
0
28360
32
65511
65497
0
28386
32
65511
65497
0
28410
32
65511
65497
0
28435
32
65511
65497
0
28461
32
65511
65497
0
28485
32
65511
65497
0
28511
32
65511
65497
0
28535
32
65511
65497
0
28560
32
65511
65497
0
28585
31
65511
65497
0
28610
31
65511
65497
0
28635
31
65511
65497
0
28660
31
65511
65497
0
28685
31
65511
65497
0
28710
31
65511
65497
0
28735
31
65511
65497
0
28760
31
65511
65497
0
28785
31
65511
65497
0
28810
31
65511
65497
0
28834
31
65511
65497
0
28860
31
65511
65497
0
28884
31
65511
65497
0
28910
31
65511
65497
0
28935
31
65511
65497
0
28959
31
65511
65497
0
28985
30
65511
65497
0
29009
30
65511
65497
0
29034
30
65511
65497
0
29060
30
65511
65497
0
29084
30
65511
65497
0
29110
30
65512
65497
0
29134
30
65512
65497
0
29159
30
65512
65497
0
29185
31
65511
65497
0
29209
31
65511
65497
0
29234
31
65511
65497
0
29259
30
65511
65496
0
29284
30
65511
65496
0
29309
30
65511
65496
0
29334
30
65512
65497
0
29359
30
65512
65497
0
29384
30
65512
65497
0
29409
30
65512
65497
0
29433
30
65512
65497
0
29459
30
65511
65497
0
29484
30
65511
65497
0
29509
30
65511
65497
0
29534
30
65512
65497
0
29558
30
65512
65497
0
29584
30
65512
65497
0
29608
30
65512
65497
0
29633
30
65512
65497
0
29659
30
65512
65496
0
29683
30
65512
65496
0
29709
30
65512
65496
0
29733
30
65512
65497
0
29758
30
65512
65497
0
29784
30
65512
65497
0
29808
30
65512
65497
0
29833
30
65512
65497
0
29858
30
65511
65497
0
29883
30
65511
65497
0
29908
30
65511
65497
0
29933
30
65512
65496
0
29958
30
65512
65496
0
29983
30
65512
65496
0
30008
30
65512
65496
0
30032
30
65512
65496
0
30058
30
65512
65496
0
30083
30
65511
65497
0
30108
30
65511
65497
0
30133
30
65512
65497
0
30157
30
65512
65497
0
30183
30
65512
65497
0
30208
30
65512
65496
0
30232
30
65512
65496
0
30258
30
65512
65496
0
30282
30
65511
65496
0
30308
30
65511
65496
0
30332
29
65512
65497
0
30357
29
65512
65497
0
30383
29
65512
65497
0
30407
30
65511
65497
0
30432
30
65511
65497
0
30457
30
65511
65497
0
30482
29
65512
65496
0
30508
29
65512
65496
0
30532
29
65512
65496
0
30557
30
65511
65496
0
30582
30
65511
65496
0
30607
30
65511
65496
0
30631
30
65511
65496
0
30657
30
65511
65496
0
30682
30
65512
65496
0
30707
30
65512
65496
0
30732
30
65512
65496
0
30756
29
65512
65496
0
30782
29
65512
65496
0
30807
29
65512
65496
0
30831
30
65512
65496
0
30857
30
65512
65496
0
30881
30
65512
65496
0
30907
30
65512
65496
0
30931
30
65512
65496
0
30956
29
65512
65496
0
30982
29
65512
65496
0
31006
29
65512
65496
0
31031
29
65512
65496
0
31056
29
65512
65496
0
31081
30
65512
65497
0
31107
30
65512
65497
0
31131
30
65512
65497
0
31156
29
65512
65496
0
31181
29
65512
65496
0
31206
29
65512
65496
0
31230
30
65512
65496
0
31256
30
65512
65496
0
31281
30
65512
65496
0
31306
29
65512
65496
0
31331
29
65512
65496
0
31355
29
65512
65497
0
31381
29
65512
65497
0
31406
29
65512
65497
0
31430
29
65512
65496
0
31456
29
65512
65496
0
31480
29
65512
65496
0
31506
29
65512
65496
0
31531
29
65512
65496
0
31555
29
65511
65496
0
31581
29
65511
65496
0
31605
29
65511
65496
0
31630
30
65512
65496
0
31655
30
65512
65496
0
31680
30
65512
65496
0
31706
30
65512
65496
0
31730
30
65512
65496
0
31755
30
65512
65496
0
31780
29
65512
65496
0
31805
29
65512
65496
0
31830
30
65512
65496
0
31855
30
65512
65496
0
31880
30
65512
65496
0
31905
29
65511
65496
0
31930
29
65511
65496
0
31954
29
65511
65496
0
31980
30
65512
65496
0
32005
30
65512
65496
0
32029
30
65512
65496
0
32055
30
65512
65497
0
32079
30
65512
65497
0
32105
29
65512
65496
0
32130
29
65512
65496
0
32154
29
65512
65496
0
32180
29
65512
65497
0
32204
29
65512
65497
0
32229
29
65512
65497
0
32254
30
65512
65496
0
32279
30
65512
65496
0
32305
29
65512
65496
0
32329
29
65512
65496
0
32354
29
65512
65496
0
32379
29
65512
65496
0
32404
29
65512
65496
0
32429
29
65512
65496
0
32454
29
65512
65496
0
32479
29
65512
65496
0
32504
29
65512
65496
0
32529
30
65512
65496
0
32553
30
65512
65496
0
32579
29
65512
65496
0
32604
29
65512
65496
0
32628
29
65512
65496
0
32654
29
65512
65496
0
32678
29
65512
65496
0
32704
29
65512
65496
0
32729
29
65511
65496
0
32753
29
65511
65496
0
32779
29
65511
65496
0
32803
29
65511
65496
0
32828
29
65511
65496
0
32854
29
65512
65496
0
32878
29
65512
65496
0
32904
29
65512
65496
0
32928
29
65511
65496
0
32953
29
65511
65496
0
32978
29
65511
65496
0
33003
29
65511
65496
0
33028
29
65511
65496
0
33053
29
65512
65496
0
33078
29
65512
65496
0
33103
29
65512
65496
0
33128
30
65511
65496
0
33153
30
65511
65496
0
33178
30
65511
65496
0
33203
29
65512
65496
0
33227
29
65512
65496
0
33253
29
65512
65496
0
33277
29
65511
65496
0
33303
29
65511
65496
0
33328
29
65512
65496
0
33352
29
65512
65496
0
33378
29
65512
65496
0
33402
29
65511
65496
0
33427
29
65511
65496
0
33453
29
65511
65496
0
33477
29
65511
65496
0
33503
29
65511
65496
0
33527
29
65511
65496
0
33552
29
65511
65496
0
33577
29
65511
65496
0
33602
29
65511
65496
0
33627
29
65511
65496
0
33652
29
65511
65496
0
33677
29
65512
65496
0
33702
29
65512
65496
0
33727
29
65512
65496
0
33752
29
65512
65496
0
33777
29
65512
65496
0
33802
29
65512
65496
0
33826
29
65512
65496
0
33852
29
65512
65496
0
33876
30
65512
65497
0
33902
30
65512
65497
0
33927
30
65512
65497
0
33951
29
65512
65496
0
33977
29
65512
65496
0
34001
29
65512
65496
0
34026
29
65512
65496
0
34052
29
65512
65496
0
34076
29
65512
65496
0
34102
29
65512
65496
0
34126
29
65512
65496
0
34151
29
65512
65496
0
34177
29
65512
65496
0
34201
29
65512
65496
0
34226
30
65512
65496
0
34251
30
65512
65496
0
34276
29
65512
65496
0
34301
29
65512
65496
0
34326
29
65512
65496
0
34351
29
65512
65496
0
34376
29
65512
65496
0
34401
29
65512
65496
0
34425