65525
65488
65499
0
44231
65525
65488
65499
0
44260
65525
65488
65499
0
44288
65525
65488
65499
0
44315
65525
65488
65499
0
44344
65525
65488
65499
0
44371
65525
65488
65500
0
44400
65525
65488
65500
0
44428
65525
65488
65499
0
44456
65525
65488
65499
0
44484
65525
65488
65499
0
44512
65525
65488
65499
0
44540
65525
65488
65499
0
44568
65525
65488
65500
0
44597
65525
65488
65500
0
44624
65525
65488
65499
0
44652
65525
65488
65499
0
44681
65525
65488
65499
0
44708
65525
65488
65499
0
44737
65525
65488
65499
0
44765
65525
65488
65499
0
44793
65525
65488
65499
0
44821
65525
65488
65499
0
44849
65525
65488
65499
0
44877
65525
65488
65499
0
44905
65525
65488
65499
0
44934
65525
65488
65499
0
44961
65525
65488
65499
0
44990
65525
65487
65499
0
45018
65525
65487
65499
0
45045
65525
65488
65499
0
45074
65525
65488
65499
0
45102
65525
65488
65499
0
45130
65525
65488
65499
0
45158
65525
65488
65499
0
45186
65525
65488
65499
0
45214
65525
65488
65499
0
45242
65525
65488
65499
0
45271
65525
65488
65499
0
45298
65525
65488
65499
0
45327
65525
65487
65499
0
45355
65525
65487
65499
0
45382
65525
65488
65499
0
45411
65525
65488
65499
0
45438
65525
65488
65499
0
45467
65525
65488
65499
0
45495
65525
65488
65499
0
45523
65525
65488
65499
0
45551
65525
65488
65499
0
45579
65525
65488
65499
0
45607
65525
65488
65499
0
45635
65525
65488
65499
0
45664
65525
65488
65499
0
45691
65525
65488
65499
0
45720
65525
65488
65499
0
45748
65525
65488
65499
0
45775
65525
65488
65499
0
45804
65525
65488
65499
0
45832
65525
65488
65499
0
45860
65525
65487
65499
0
45888
65525
65487
65499
0
45916
65525
65487
65499
0
45944
65525
65488
65499
0
45972
65525
65488
65499
0
46001
65525
65488
65499
0
46028
65525
65488
65499
0
46057
65525
65488
65499
0
46085
65525
65488
65499
0
46112
65525
65488
65499
0
46141
65525
65488
65499
0
46169
65525
65488
65499
0
46197
65525
65488
65499
0
46225
65525
65488
65499
0
46254
65525
65488
65499
0
46281
65525
65488
65499
0
46309
65525
65488
65499
0
46338
65525
65488
65499
0
46365
65525
65488
65499
0
46394
65525
65488
65499
0
46422
65525
65488
65499
0
46449
65525
65488
65499
0
46478
65525
65488
65499
0
46505
65525
65488
65499
0
46534
65525
65488
65499
0
46562
65525
65488
65499
0
46590
65525
65488
65499
0
46618
65525
65488
65499
0
46646
65525
65488
65499
0
46674
65525
65488
65499
0
46702
65525
65488
65499
0
46731
65525
65488
65499
0
46758
65525
65488
65500
0
46787
65525
65488
65500
0
46815
65525
65488
65499
0
46842
65525
65488
65499
0
46871
65525
65488
65499
0
46899
65525
65488
65499
0
46927
65525
65488
65499
0
46955
65525
65488
65499
0
46983
65525
65488
65499
0
47011
65525
65488
65499
0
47039
65525
65488
65499
0
47068
65525
65488
65499
0
47095
65525
65488
65499
0
47124
65525
65488
65499
0
47152
65525
65488
65499
0
47179
65525
65488
65499
0
47208
65525
65488
65499
0
47236
65525
65488
65500
0
47264
65525
65488
65500
0
47292
65525
65488
65499
0
47321
65525
65488
65499
0
47348
65525
65488
65499
0
47376
65525
65488
65499
0
47405
65525
65488
65499
0
47432
65525
65488
65500
0
47461
65525
65488
65500
0
47489
65525
65488
65499
0
47517
65525
65488
65499
0
47545
65525
65488
65499
0
47572
65525
65488
65500
0
47601
65525
65488
65500
0
47629
65525
65488
65499
0
47657
65525
65488
65499
0
47685
65525
65488
65499
0
47713
65525
65488
65499
0
47741
65525
65488
65499
0
47769
65525
65488
65500
0
47798
65525
65488
65500
0
47825
65525
65487
65499
0
47854
65525
65487
65499
0
47882
65525
65487
65499
0
47909
65525
65488
65499
0
47938
65525
65488
65499
0
47966
65525
65488
65499
0
47994
65525
65488
65499
0
48022
65525
65488
65499
0
48051
65525
65487
65499
0
48078
65525
65487
65499
0
48106
65525
65488
65500
0
48135
65525
65488
65500
0
48162
65525
65488
65500
0
48191
65525
65488
65499
0
48219
65525
65488
65499
0
48246
65525
65488
65500
0
48275
65525
65488
65500
0
48303
65525
65488
65499
0
48331
65525
65488
65499
0
48359
65525
65488
65499
0
48388
65525
65488
65499
0
48415
65525
65488
65499
0
48443
65525
65488
65499
0
48472
65525
65488
65499
0
48499
65525
65488
65499
0
48528
65525
65488
65499
0
48556
65525
65488
65499
0
48584
65525
65488
65500
0
48612
65525
65488
65500
0
48640
65525
65488
65500
0
48668
65525
65488
65499
0
48696
65525
65488
65499
0
48724
65525
65488
65499
0
48752
65525
65488
65499
0
48780
65525
65488
65499
0
48808
65525
65488
65499
0
48836
65525
65488
65499
0
48865
65525
65488
65499
0
48892
65525
65488
65499
0
48921
65525
65488
65500
0
48949
65525
65488
65500
0
48976
65525
65488
65500
0
49005
65525
65488
65499
0
49033
65525
65488
65499
0
49061
65525
65488
65499
0
49089
65525
65488
65499
0
49118
65525
65488
65499
0
49145
65525
65488
65499
0
49173
65525
65488
65499
0
49202
65525
65488
65499
0
49229
65525
65488
65499
0
49258
65525
65488
65499
0
49286
65525
65488
65499
0
49314
65525
65488
65499
0
49342
65525
65488
65499
0
49370
65525
65488
65499
0
49398
65525
65488
65499
0
49426
65525
65488
65499
0
49455
65525
65488
65499
0
49482
65525
65488
65500
0
49510
65525
65488
65500
0
49539
65525
65488
65499
0
49566
65525
65488
65499
0
49595
65525
65488
65499
0
49623
65525
65488
65500
0
49651
65525
65488
65500
0
49679
65525
65488
65499
0
49707
65525
65488
65499
0
49735
65525
65488
65499
0
49763
65525
65488
65499
0
49792
65525
65488
65499
0
49819
65525
65488
65499
0
49848
65525
65488
65499
0
49875
65525
65488
65499
0
49903
65525
65488
65499
0
49932
65525
65488
65499
0
49959
65525
65488
65499
0
49988
65525
65488
65499
0
50016
65525
65488
65499
0
50043
65525
65488
65499
0
50072
65525
65488
65499
0
50100
65525
65488
65499
0
50128
65525
65488
65499
0
50156
65525
65488
65499
0
50185
65525
65488
65499
0
50212
65525
65488
65499
0
50240
65525
65488
65499
0
50269
65525
65488
65499
0
50296
65525
65488
65500
0
50325
65525
65488
65500
0
50353
65525
65488
65499
0
50381
65525
65488
65499
0
50409
65525
65488
65499
0
50437
65525
65488
65499
0
50465
65525
65488
65499
0
50493
65525
65488
65499
0
50522
65525
65488
65499
0
50549
65525
65488
65499
0
50577
65525
65488
65499
0
50606
65525
65488
65499
0
50633
65525
65488
65500
0
50662
65525
65488
65500
0
50690
65525
65488
65499
0
50718
65525
65488
65499
0
50746
65525
65488
65499
0
50774
65525
65488
65500
0
50802
65525
65488
65500
0
50830
65525
65487
65499
0
50859
65525
65487
65499
0
50886
65525
65487
65499
0
50915
65525
65488
65499
0
50942
65525
65488
65499
0
50970
65525
65488
65499
0
50999
65525
65488
65499
0
51026
65525
65488
65499
0
51055
65525
65487
65499
0
51083
65525
65487
65499
0
51111
65525
65488
65500
0
51139
65525
65488
65500
0
51167
65525
65488
65500
0
51195
65525
65488
65500
0
51223
65525
65488
65500
0
51252
65525
65488
65499
0
51279
65525
65488
65499
0
51307
65525
65488
65500
0
51336
65525
65488
65500
0
51363
65525
65488
65500
0
51392
65525
65488
65499
0
51420
65525
65488
65499
0
51448
65525
65488
65500
0
51476
65525
65488
65500
0
51504
65525
65488
65500
0
51532
65525
65487
65499
0
51560
65525
65487
65499
0
51589
65525
65488
65499
0
51616
65525
65488
65499
0
51645
65525
65488
65499
0
51673
65525
65488
65499
0
51700
65525
65488
65499
0
51729
65525
65488
65499
0
51757
65525
65488
65499
0
51785
65525
65488
65499
0
51813
65525
65488
65499
0
51841
65525
65488
65499
0
51869
65525
65488
65499
0
51897
65525
65488
65499
0
51926
65525
65488
65499
0
51953
65525
65488
65499
0
51982
65525
65488
65499
0
52009
65525
65487
65499
0
52037
65525
65487
65499
0
52066
65525
65488
65499
0
52093
65525
65488
65499
0
52122
65525
65488
65499
0
52150
65525
65488
65499
0
52178
65525
65488
65499
0
52206
65525
65488
65499
0
52234
65525
65488
65499
0
52262
65525
65488
65499
0
52290
65525
65488
65499
0
52319
65525
65488
65499
0
52346
65525
65488
65499
0
52374
65525
65488
65499
0
52403
65525
65488
65499
0
52430
65525
65488
65499
0
52459
65525
65488
65499
0
52487
65524
65488
65499
0
52515
65524
65488
65499
0
52543
65525
65488
65499
0
52571
65525
65488
65499
0
52599
65524
65488
65499
0
52627
65524
65488
65499
0
52656
65524
65488
65499
0
52683
65525
65488
65499
0
52712
65525
65488
65499
0
52740
65525
65488
65499
0
52767
65525
65488
65499
0
52796
65525
65488
65499
0
52824
65525
65488
65499
0
52852
65525
65488
65499
0
52880
65525
65488
65499
0
52909
65525
65488
65499
0
52936
65525
65488
65499
0
52964
65524
65488
65499
0
52993
65524
65488
65499
0
53020
65524
65488
65500
0
53049
65524
65488
65500
0
53076
65525
65488
65499
0
53104
65525
65488
65499
0
53133
65525
65488
65499
0
53160
65524
65488
65500
0
53189
65524
65488
65500
0
53217
65524
65488
65499
0
53245
65524
65488
65499
0
53273
65524
65488
65499
0
53301
65524
65488
65499
0
53329
65524
65488
65499
0
53357
65524
65488
65499
0
53386
65524
65488
65499
0
53413
65524
65488
65499
0
53442
65524
65488
65498
0
53470
65524
65488
65498
0
53497
65524
65488
65500
0
53526
65524
65488
65500
0
53554
65524
65488
65499
0
53582
65524
65488
65499
0
53610
65524
65488
65499
0
53638
65524
65488
65499
0
53666
65524
65488
65499
0
53694
65524
65488
65499
0
53723
65524
65488
65499
0
53750
65524
65488
65499
0
53779
65524
65488
65499
0
53807
65524
65488
65499
0
53834
65524
65488
65499
0
53863
65524
65488
65499
0
53891
65524
65488
65499
0
53919
65524
65488
65498
0
53947
65524
65488
65498
0
53976
65523
65488
65499
0
54003
65523
65488
65499
0
54031
65524
65488
65499
0
54060
65524
65488
65499
0
54087
65524
65488
65499
0
54116
65523
65488
65499
0
54144
65523
65488
65499
0
54171
65523
65488
65499
0
54200
65523
65488
65499
0
54227
65523
65488
65499
0
54256
65523
65488
65499
0
54284
65523
65488
65499
0
54312
65523
65488
65499
0
54340
65523
65488
65499
0
54368
65523
65488
65499
0
54396
65523
65488
65499
0
54424
65523
65488
65499
0
54453
65523
65488
65499
0
54480
65523
65488
65499
0
54509
65522
65488
65499
0
54537
65522
65488
65499
0
54564
65522
65488
65499
0
54593
65522
65489
65499
0
54621
65522
65489
65499
0
54649
65522
65488
65499
0
54677
65522
65488
65499
0
54706
65522
65488
65499
0
54733
65521
65488
65499
0
54761
65521
65488
65499
0
54790
65521
65488
65499
0
54817
65521
65488
65499
0
54846
65521
65488
65499
0
54874
65521
65488
65499
0
54901
65521
65488
65499
0
54930
65520
65489
65499
0
54958
65520
65489
65499
0
54986
65520
65489
65499
0
55014
65520
65489
65499
0
55043
65520
65489
65499
0
55070
65519
65489
65499
0
55098
65519
65489
65499
0
55127
65519
65489
65498
0
55154
65519
65489
65498
0
55183
65519
65489
65498
0
55211
65518
65489
65498
0
55239
65518
65489
65498
0
55267
65517
65489
65497
0
55294
65517
65489
65497
0
55323
65516
65489
65498
0
55351
65516
65489
65498
0
55379
65516
65489
65498
0
55407
65515
65490
65497
0
55435
65515
65490
65497
0
55463
65513
65490
65495
0
55491
65513
65490
65495
0
55520
65513
65490
65495
0
55547
65511
65490
65495
0
55576
65511
65490
65495
0
55604
65509
65491
65492
0
55631
65509
65491
65492
0
55660
65509
65491
65492
0
55688
65507
65491
65491
0
55716
65507
65491
65491
0
55744
65506
65491
65486
0
55773
65506
65491
65486
0
55800
65505
65492
65480
0
55828
65505
65492
65480
0
55857
65505
65492
65480
0
55884
65506
65492
65474
0
55913
65506
65492
65474
0
55941
65510
65491
65467
0
55968
65510
65491
65467
0
55997
65510
65491
65467
0
56025
65518
65490
65464
0
56053
65518
65490
65464
0
56081
65527
65489
65466
0
56110
65527
65489
65466
0
56137
65527
65489
65466
0
56165
65533
65488
65471
0
56194
65533
65488
65471
0
56221
0
65485
65478
0
56250
0
65485
65478
0
56273
0
65485
65478
0
56297
2
65485
65484
0
56322
2
65485
65484
0
56345
2
65485
65484
0
56370
2
65484
65491
0
56393
2
65484
65491
0
56417
2
65484
65491
0
56441
2
65484
65491
0
56465
2
65484
65491
0
56488
5
65479
65494
0
56513
5
65479
65494
0
56537
5
65479
65494
0
56560
6
65478
65499
0
56585
6
65478
65499
0
56608
6
65478
65499
0
56632
1
65480
65504
0
56656
1
65480
65504
0
56680
1
65480
65504
0
56705
65530
65484
65502
0
56728
65530
65484
65502
0
56756
65526
65492
65495
0
56784
65526
65492
65495
0
56812
65526
65492
65495
0
56841
65528
65497
65488
0
56868
65528
65497
65488
0
56896
65530
65501
65487
0
56925
65530
65501
65487
0
56952
65530
65501
65487
0
56981
65533
65503
65486
0
57009
65533
65503
65486
0
57037
65534
65505
65486
0
57065
65534
65505
65486
0
57093
65534
65505
65486
0
57121
0
65506
65486
0
57149
0
65506
65486
0
57174
2
65505
65487
0
57197
2
65505
65487
0
57221
2
65505
65487
0
57245
5
65504
65490
0
57269
5
65504
65490
0
57292
5
65504
65490
0
57317
6
65502
65494
0
57340
6
65502
65494
0
57364
6
65502
65494
0
57389
7
65499
65497
0
57412
7
65499
65497
0
57437
7
65499
65497
0
57460
7
65497
65501
0
57484
7
65497
65501
0
57508
7
65495
65504
0
57532
7
65495
65504
0
57555
7
65495
65504
0
57580
5
65492
65507
0
57604
5
65492
65507
0
57627
5
65492
65507
0
57652
5
65491
65510
0
57675
5
65491
65510
0
57699
5
65491
65510
0
57723
4
65489
65513
0
57747
4
65489
65513
0
57772
4
65489
65513
0
57795
3
65488
65514
0
57819
3
65488
65514
0
57843
3
65488
65514
0
57867
2
65487
65517
0
57890
2
65487
65517
0
57915
2
65487
65517
0
57938
1
65485
65519
0
57962
1
65485
65519
0
57987
0
65484
65521
0
58010
0
65484
65521
0
58035
0
65484
65521
0
58058
65535
65482
65523
0
58082
65535
65482
65523
0
58110
65535
65482
65523
0
58138
65534
65481
65524
0
58167
65534
65481
65524
0
58194
65532
65480
65525
0
58222
65532
65480
65525
0
58251
65532
65480
65525
0
58278
65530
65479
65526
0
58307
65530
65479
65526
0
58335
65528
65477
65526
0
58362
65528
65477
65526
0
58391
65526
65476
65525
0
58419
65526
65476
65525
0
58447
65526
65476
65525
0
58475
65524
65475
65523
0
58504
65524
65475
65523
0
58531
65522
65472
65521
0
58559
65522
65472
65521
0
58588
65522
65472
65521
0
58615
65522
65471
65518
0
58644
65522
65471
65518
0
58672
65522
65469
65514
0
58700
65522
65469
65514
0
58728
65522
65469
65514
0
58756
65524
65468
65512
0
58784
65524
65468
65512
0
58812
65525
65469
65511
0
58841
65525
65469
65511
0
58868
65526
65469
65510
0
58896
65526
65469
65510
0
58925
65526
65469
65510
0
58952
65527
65470
65510
0
58981
65527
65470
65510
0
59009
65527
65470
65509
0
59037
65527
65470
65509
0
59065
65527
65470
65509
0
59092
65527
65471
65510
0
59121
65527
65471
65510
0
59149
65528
65472
65509
0
59177
65528
65472
65509
0
59205
65528
65472
65509
0
59234
65528
65472
65511
0
59261
65528
65472
65511
0
59289
65528
65474
65511
0
59318
65528
65474
65511
0
59345
65527
65475
65514
0
59374
65527
65475
65514
0
59402
65527
65475
65514
0
59429
65527
65476
65513
0
59458
65527
65476
65513
0
59486
65526
65476
65513
0
59514
65526
65476
65513
0
59542
65526
65476
65513
0
59571
65526
65477
65513
0
59598
65526
65477
65513
0
59626
65525
65478
65513
0
59655
65525
65478
65513
0
59682
65525
65478
65513
0
59711
65525
65479
65513
0
59739
65525
65479
65513
0
59767
65524
65479
65514
0
59795
65524
65479
65514
0
59823
65524
65480
65514
0
59851
65524
65480
65514
0
59879
65524
65480
65514
0
59908
65523
65480
65514
0
59935
65523
65480
65514
0
59964
65523
65480
65514
0
59992
65523
65480
65514
0
60019
65523
65480
65514
0
60048
65523
65480
65514
0
60076
65523
65480
65514
0
60104
65524
65480
65514
0
60132
65524
65480
65514
0
60160
65524
65480
65514
0
60188
65523
65480
65514
0
60216
65523
65480
65514
0
60244
65524
65479
65513
0
60272
65524
65479
65513
0
60301
65524
65480
65513
0
60328
65524
65480
65513
0
60356
65524
65480
65513
0
60385
65524
65479
65513
0
60412
65524
65479
65513
0
60441
65524
65479
65513
0
60469
65524
65479
65513
0
60497
65524
65479
65513
0
60525
65524
65479
65513
0
60553
65524
65479
65513
0
60581
65525
65479
65513
0
60609
65525
65479
65513
0
60638
65525
65479
65513
0
60665
65525
65478
65513
0
60693
65525
65478
65513
0
60722
65525
65478
65513
0
60749
65525
65478
65513
0
60778
65526
65478
65513
0
60806
65526
65478
65513
0
60834
65526
65478
65513
0
60862
65526
65478
65512
0
60890
65526
65478
65512
0
60918
65526
65477
65513
0
60946
65526
65477
65513
0
60975
65526
65477
65513
0
61002
65526
65477
65512
0
61031
65526
65477
65512
0
61059
65526
65477
65512
0
61086
65526
65477
65512
0
61115
65526
65477
65512
0
61143
65526
65477
65513
0
61171
65526
65477
65513
0
61199
65526
65476
65514
0
61227
65526
65476
65514
0
61255
65526
65476
65514
0
61283
65526
65476
65514
0
61312
65526
65476
65514
0
61339
65527
65476
65513
0
61368
65527
65476
65513
0
61395
65527
65476
65513
0
61423
65527
65476
65513
0
61452
65527
65476
65513
0
61479
65527
65475
65513
0
61508
65527
65475
65513
0
61536
65527
65475
65512
0
61564
65527
65475
65512
0
61592
65527
65475
65512
0
61620
65527
65475
65512
0
61648
65527
65475
65512
0
61676
65527
65475
65512
0
61705
65527
65475
65512
0
61732
65528
65474
65512
0
61761
65528
65474
65512
0
61789
65528
65474
65512
0
61816
65528
65474
65512
0
61845
65528
65474
65512
0
61873
65528
65474
65512
0
61901
65528
65474
65512
0
61929
65528
65474
65512
0
61957
65528
65474
65512
0
61985
65528
65474
65512
0
62013
65528
65474
65511
0
62042
65528
65474
65511
0
62069
65528
65474
65511
0
62098
65528
65473
65512
0
62126
65528
65473
65512
0
62153
65528
65473
65511
0
62182
65528
65473
65511
0
62210
65528
65472
65511
0
62238
65528
65472
65511
0
62266
65528
65472
65511
0
62295
65528
65472
65511
0
62322
65528
65472
65511
0
62350
65528
65472
65510
0
62379
65528
65472
65510
0
62406
65528
65472
65510
0
62435
65528
65471
65510
0
62462
65528
65471
65510
0
62490
65528
65470
65510
0
62519
65528
65470
65510
0
62546
65528
65470
65510
0
62575
65528
65470
65509
0
62603
65528
65470
65509
0
62631
65527
65470
65510
0
62659
65527
65470
65510
0
62687
65526
65469
65510
0
62715
65526
65469
65510
0
62743
65526
65469
65510
0
62772
65526
65468
65511
0
62799
65526
65468
65511
0
62828
65525
65469
65511
0
62856
65525
65469
65511
0
62883
65525
65469
65511
0
62912
65524
65469
65512
0
62940
65524
65469
65512
0
62968
65523
65469
65514
0
62996
65523
65469
65514
0
63024
65523
65469
65514
0
63052
65523
65469
65514
0
63080
65523
65469
65514
0
63109
65522
65470
65518
0
63136
65522
65470
65518
0
63165
65523
65472
65521
0
63193
65523
65472
65521
0
63220
65523
65472
65521
0
63249
65523
65474
65523
0
63277
65523
65474
65523
0
63305
65525
65475
65524
0
63333
65525
65475
65524
0
63362
65525
65475
65524
0
63389
65526
65476
65525
0
63417
65526
65476
65525
0
63446
65528
65477
65526
0
63473
65528
65477
65526
0
63502
65528
65478
65526
0
63529
65530
65478
65526
0
63558
65530
65478
65526
0
63586
65532
65479
65526
0
63613
65532
65479
65526
0
63642
65533
65480
65525
0
63670
65533
65480
65525
0
63698
65533
65480
65525
0
63726
65535
65482
65523
0
63754
65535
65482
65523
0
63782
0
65483
65522
0
63810
0
65483
65522
0
63835
0
65483
65522
0
63858
1
65484
65520
0
63882
1
65484
65520
0
63906
1
65484
65520
0
63930
2
65486
65518
0
63953
2
65486
65518
0
63978
2
65486
65518
0
64002
3
65487
65516
0
64026
3
65487
65516
0
64050
3
65487
65516
0
64073
4
65488
65514
0
64098
4
65488
65514
0
64121
6
65489
65513
0
64145
6
65489
65513
0
64169
6
65489
65513
0
64193
6
65491
65510
0
64217
6
65491
65510
0
64241
6
65491
65510
0
64265
7
65492
65507
0
64288
7
65492
65507
0
64313
7
65492
65507
0
64336
8
65494
65505
0
64361
8
65494
65505
0
64385
8
65494
65505
0
64408
8
65495
65503
0
64433
8
65495
65503
0
64456
8
65495
65503
0
64480
8
65496
65502
0
64504
8
65496
65502
0
64528
8
65497
65501
0
64551
8
65497
65501
0
64576
8
65497
65501
0
64600
8
65497
65501
0
64624
8
65497
65501
0
64648
8
65497
65501
0
64671
8
65497
65501
0
64696
8
65497
65501
0
64719
8
65497
65501
0
64743
8
65497
65501
0
64768
8
65497
65501
0
64791
8
65497
65501
0
64815
8
65497
65502
0
64839
8
65497
65502
0
64863
8
65497
65502
0
64886
8
65498
65501
0
64911
8
65498
65501
0
64934
8
65498
65501
0
64959
9
65497
65501
0
64983
9
65497
65501
0
65006
8
65497
65502
0
65031
8
65497
65502
0
65054
8
65497
65502
0
65078
8
65498
65501
0
65102
8
65498
65501
0
65126
8
65498
65501
0
65149
8
65497
65501
0
65174
8
65497
65501
0
65198
8
65497
65501
0
65222
8
65497
65501
0
65246
8
65497
65501
0
65269
8
65497
65501
0
65294
9
65497
65501
0
65317
9
65497
65501
0
65341
9
65497
65501
0
65366
8
65497
65501
0
65389
8
65497
65501
0
65413
8
65497
65501
0
65437
9
65497
65501
0
65461
9
65497
65501
0
65484
8
65497
65501
0
65509
8
65497
65501
0
65532
8
65497
65501
0
21
9
65498
65500
0
41
9
65498
65500
0
62
9
65498
65500
0
82
9
65498
65500
0
104
8
65498
65501
0
125
8
65498
65501
0
147
8
65498
65501
0
169
8
65498
65500
0
191
8
65498
65500
0
212
8
65498
65500
0
235
8
65498
65500
0
257
8
65498
65500
0
278
8
65498
65500
0
301
8
65498
65500
0
322
8
65498
65500
0
344
8
65498
65500
0
366
8
65498
65499
0
388
8
65498
65499
0
409
8
65498
65499
0
432
8
65498
65500
0
453
8
65498
65500
0
475
8
65498
65500
0
497
8
65499
65499
0
519
8
65499
65499
0
540
8
65499
65499
0
563
8
65499
65499
0
584
8
65499
65499
0
606
8
65499
65499
0
628
8
65499
65499
0
650
8
65499
65499
0
671
8
65499
65499
0
694
8
65499
65499
0
715
8
65499
65498
0
737
8
65499
65498
0
759
8
65499
65498
0
781
8
65499
65498
0
802
8
65499
65498
0
825
8
65499
65498
0
846
8
65500
65498
0
868
8
65500
65498
0
890
8
65500
65498
0
912
7
65500
65498
0
933
7
65500
65498
0
956
7
65500
65498
0
977
7
65500
65498
0
999
7
65500
65498
0
1021
7
65500
65498
0
1044
7
65501
65496
0
1067
7
65501
65496
0
1090
7
65501
65496
0
1113
7
65501
65497
0
1135
7
65501
65497
0
1159
7
65501
65497
0
1181
7
65501
65496
0
1204
7
65501
65496
0
1227
7
65501
65496
0
1250
7
65501
65496
0
1272
7
65501
65496
0
1296
7
65501
65496
0
1318
7
65501
65496
0
1341
7
65501
65496
0
1364
7
65501
65496
0
1387
6
65502
65495
0
1410
6
65502
65495
0
1433
6
65502
65495
0
1456
7
65502
65494
0
1478
7
65502
65494
0
1502
7
65502
65494
0
1524
6
65502
65494
0
1547
6
65502
65494
0
1570
6
65502
65494
0
1593
6
65503
65493
0
1616
6
65503
65493
0
1639
6
65503
65493
0
1661
6
65503
65492
0
1685
6
65503
65492
0
1708
6
65503
65492
0
1730
6
65503
65491
0
1754
6
65503
65491
0
1776
6
65503
65491
0
1799
6
65504
65492
0
1822
6
65504
65492
0
1845
6
65504
65492
0
1867
6
65504
65490
0
1891
6
65504
65490
0
1913
6
65504
65490
0
1936
5
65504
65490
0
1959
5
65504
65490
0
1982
5
65504
65490
0
2004
4
65505
65489
0
2028
4
65505
65489
0
2051
4
65505
65489
0
2073
3
65505
65489
0
2097
3
65505
65489
0
2119
3
65505
65489
0
2142
2
65505
65489
0
2165
2
65505
65489
0
2188
2
65505
65489
0
2210
2
65505
65488
0
2234
2
65505
65488
0
2256
2
65505
65488
0
2279
2
65506
65488
0
2302
2
65506
65488
0
2325
2
65506
65488
0
2349
2
65505
65487
0
2371
2
65505
65487
0
2394
2
65505
65487
0
2417
1
65506
65487
0
2440
1
65506
65487
0
2462
1
65506
65487
0
2486
1
65505
65487
0
2508
1
65505
65487
0
2531
1
65505
65487
0
2554
2
65505
65487
0
2577
2
65505
65487
0
2599
2
65505
65487
0
2623
2
65505
65486
0
2646
2
65505
65486
0
2668
2
65505
65486
0
2692
2
65505
65488
0
2714
2
65505
65488
0
2737
2
65505
65488
0
2760
2
65505
65487
0
2783
2
65505
65487
0
2805
2
65505
65487
0
2829
3
65505
65489
0
2851
3
65505
65489
0
2874
3
65505
65489
0
2897
4
65505
65490
0
2920
4
65505
65490
0
2942
4
65505
65490
0
2966
5
65504
65491
0
2989
5
65504
65491
0
3011
5
65504
65491
0
3035
6
65502
65494
0
3057
6
65502
65494
0
3081
6
65502
65494
0
3103
6
65501
65496
0
3126
6
65501
65496
0
3149
6
65501
65496
0
3172
7
65499
65499
0
3194
7
65499
65499
0
3218
7
65499
65499
0
3240
6
65496
65501
0
3263
6
65496
65501
0
3287
6
65496
65501
0
3309
6
65494
65505
0
3332
6
65494
65505
0
3355
6
65494
65505
0
3378
5
65492
65507
0
3400
5
65492
65507
0
3424
5
65492
65507
0
3446
5
65492
65507
0
3469
5
65492
65507
0
3492
4
65488
65513
0
3515
4
65488
65513
0
3537
4
65488
65513
0
3561
4
65488
65513
0
3584
4
65488
65513
0
3606
4
65488
65513
0
3630
1
65484
65519
0
3652
1
65484
65519
0
3675
1
65484
65519
0
3698
0
65482
65521
0
3721
0
65482
65521
0
3743
0
65482
65521
0
3767
65534
65481
65523
0
3789
65534
65481
65523
0
3817
65534
65481
65523
0
3844
65532
65479
65525
0
3870
65532
65479
65525
0
3898
65529
65477
65525
0
3924
65529
65477
65525
0
3952
65529
65477
65525
0
3979
65525
65475
65524
0
4005
65525
65475
65524
0
4033
65525
65472
65524
0
4060
65522
65472
65520
0
4087
65522
65472
65520
0
4114
65522
65469
65515
0
4141
65522
65469
65515
0
4168
65522
65469
65515
0
4195
65524
65468
65511
0
4222
65524
65468
65511
0
4249
65526
65469
65508
0
4276
65526
65469
65508
0
4303
65526
65469
65508
0
4330
65528
65469
65508
0
4358
65528
65469
65508
0
4384
65529
65471
65509
0
4412
65529
65471
65509
0
4439
65529
65471
65509
0
4465
65528
65474
65510
0
4493
65528
65474
65510
0
4519
65527
65477
65512
0
4547
65527
65477
65512
0
4574
65527
65477
65512
0
4600
65524
65480
65512
0
4628
65524
65480
65512
0
4655
65520
65483
65512
0
4682
65520
65483
65512
0
4709
65520
65483
65512
0
4736
65517
65485
65509
0
4763
65517
65485
65509
0
4790
65515
65488
65507
0
4817
65515
65488
65507
0
4844
65515
65488
65507
0
4871
65514
65489
65504
0
4898
65514
65489
65504
0
4925
65513
65491
65501
0
4953
65513
65491
65501
0
4979
65513
65491
65501
0
5006
65512
65493
65498
0
5033
65512
65493
65498
0
5060
65511
65495
65495
0
5088
65511
65495
65495
0
5114
65511
65495
65495
0
5141
65510
65497
65491
0
5169
65510
65497
65491
0
5195
65510
65498
65486
0
5223
65510
65498
65486
0
5250
65510
65498
65486
0
5277
65511
65498
65482
0
5304
65511
65498
65482
0
5330
65515
65498
65480
0
5358
65515
65498
65480
0
5385
65515
65498
65480
0
5412
65517
65498
65480
0
5439
65517
65498
65480
0
5466
65518
65496
65480
0
5493
65518
65496
65480
0
5520
65518
65496
65480
0
5548
65518
65495
65480
0
5574
65518
65495
65480
0
5601
65519
65493
65479
0
5628
65519
65493
65479
0
5655
65519
65493
65479
0
5683
65520
65491
65480
0
5709
65520
65491
65480
0
5736
65520
65491
65480
0
5764
65522
65489
65479
0
5790
65522
65489
65479
0
5818
65526
65488
65479
0
5844
65526
65488
65479
0
5871
65526
65488
65479
0
5899
65530
65487
65482
0
5925
65530
65487
65482
0
5953
65532
65487
65485
0
5980
65532
65487
65485
0
6006
65532
65487
65485
0
6034
65533
65487
65489
0
6061
65533
65487
65489
0
6088
65532
65488
65491
0
6115
65532
65488
65491
0
6142
65532
65488
65491
0
6169
65531
65488
65494
0
6196
65531
65488
65494
0
6223
65530
65488
65495
0
6250
65530
65488
65495
0
6278
65530
65488
65495
0
6304
65529
65488
65496
0
6331
65529
65488
65496
0
6359
65528
65488
65497
0
6385
65528
65488
65497
0
6413
65528
65488
65497
0
6439
65527
65488
65496
0
6466
65527
65488
65496
0
6494
65526
65488
65496
0
6520
65526
65488
65496
0
6548
65526
65488
65496
0
6575
65526
65488
65496
0
6601
65526
65488
65496
0
6629
65525
65487
65496
0
6656
65525
65487
65496
0
6683
65525
65487
65496
0
6710
65525
65487
65496
0
6736
65525
65487
65496
0
6764
65524
65488
65495
0
6791
65524
65488
65495
0
6818
65524
65488
65495
0
6845
65524
65487
65496
0
6872
65524
65487
65496
0
6899
65523
65487
65496
0
6926
65523
65487
65496
0
6953
65523
65487
65496
0
6980
65523
65487
65495
0
7008
65523
65487
65495
0
7034
65523
65487
65496
0
7061
65523
65487
65496
0
7089
65523
65487
65496
0
7115
65523
65487
65495
0
7143
65523
65487
65495
0
7170
65523
65487
65496
0
7196
65523
65487
65496
0
7224
65523
65487
65496
0
7250
65523
65487
65496
0
7278
65523
65487
65496
0
7305
65523
65487
65496
0
7331
65523
65487
65495
0
7359
65523
65487
65495
0
7386
65523
65487
65496
0
7413
65523
65487
65496
0
7440
65523
65487
65496
0
7467
65523
65487
65495
0
7494
65523
65487
65495
0
7521
65523
65487
65496
0
7548
65523
65487
65496
0
7575
65523
65487
65496
0
7602
65523
65487
65496
0
7629
65523
65487
65496
0
7656
65524
65487
65496
0
7684
65524
65487
65496
0
7710
65524
65487
65496
0
7737
65525
65487
65496
0
7764
65525
65487
65496
0
7791
65525
65488
65496
0
7819
65525
65488
65496
0
7845
65525
65488
65496
0
7873
65526
65488
65496
0
7900
65526
65488
65496
0
7926
65527
65488
65496
0
7954
65527
65488
65496
0
7981
65527
65488
65496
0
8008
65528
65488
65495
0
8035
65528
65488
65495
0
8061
65530
65488
65495
0
8089
65530
65488
65495
0
8116
65530
65488
65495
0
8143
65532
65488
65493
0
8170
65532
65488
65493
0
8197
65533
65487
65490
0
8224
65533
65487
65490
0
8251
65533
65487
65490
0
8279
65534
65488
65486
0
8305
65534
65488
65486
0
8332
65532
65487
65482
0
8359
65532
65487
65482
0
8386
65532
65487
65482
0
8414
65529
65488
65479
0
8440
65529
65488
65479
0
8467
65525
65489
65478
0
8495
65525
65489
65478
0
8521
65525
65489
65478
0
8549
65522
65490
65479
0
8576
65522
65490
65479
0
8602
65520
65492
65479
0
8630
65520
65492
65479
0
8656
65520
65492
65479
0
8684
65518
65494
65479
0
8711
65518
65494
65479
0
8738
65517
65496
65481
0
8765
65517
65496
65481
0
8792
65517
65496
65481
0
8819
65517
65498
65480
0
8846
65517
65498
65480
0
8873
65517
65498
65481
0
8900
65516
65498
65481
0
8927
65516
65498
65481
0
8954
65515
65499
65481
0
8981
65515
65499
65481
0
9009
65515
65499
65481
0
9035
65512
65499
65482
0
9062
65512
65499
65482
0
9090
65510
65499
65486
0
9116
65510
65499
65486
0
9144
65510
65499
65486
0
9170
65509
65497
65490
0
9197
65509
65497
65490
0
9225
65510
65496
65495
0
9251
65510
65496
65495
0
9279
65510
65496
65495
0
9306
65511
65495
65498
0
9332
65511
65495
65498
0
9360
65513
65492
65500
0
9387
65513
65492
65500
0
9414
65513
65492
65500
0
9441
65513
65491
65503
0
9467
65513
65491
65503
0
9495
65515
65489
65506
0
9522
65515
65489
65506
0
9549
65515
65489
65506
0
9576
65516
65487
65509
0
9604
65516
65487
65509
0
9630
65519
65484
65512
0
9657
65519
65484
65512
0
9684
65519
65484
65512
0
9711
65523
65482
65513
0
9739
65523
65482
65513
0
9765
65526
65478
65512
0
9792
65526
65478
65512
0
9820
65526
65478
65512
0
9846
65528
65475
65510
0
9874
65528
65475
65510
0
9901
65529
65472
65509
0
9927
65529
65472
65509
0
9955
65529
65472
65509
0
9981
65528
65470
65507
0
10009
65528
65470
65507
0
10037
65526
65469
65508
0
10064
65526
65469
65508
0
10093
65526
65469
65508
0
10121
65524
65468
65511
0
10149
65524
65468
65511
0
10177
65522
65470
65516
0
10206
65522
65470
65516
0
10233
65522
65470
65516
0
10261
65524
65473
65523
0
10290
65524
65473
65523
0
10317
65529
65475
65524
0
10346
65529
65475
65524
0
10374
65532
65478
65524
0
10402
65532
65478
65524
0
10430
65532
65478
65524
0
10458
65535
65480
65522
0
10486
65535
65480
65522
0
10514
1
65483
65519
0
10543
1
65483
65519
0
10566
1
65483
65519
0
10590
3
65485
65516
0
10614
3
65485
65516
0
10638
3
65485
65516
0
10661
5
65489
65511
0
10686
5
65489
65511
0
10710
5
65489
65511
0
10733
5
65492
65506
0
10758
5
65492
65506
0
10781
5
65492
65506
0
10806
6
65497
65501
0
10829
6
65497
65501
0
10853
6
65501
65495
0
10877
5
65501
65495
0
10901
5
65501
65495
0
10925
3
65504
65491
0
10949
3
65504
65491
0
10973
3
65504
65491
0
10996
1
65504
65488
0
11021
1
65504
65488
0
11044
1
65504
65488
0
11069
65535
65502
65488
0
11092
65535
65502
65488
0
11120
65535
65502
65488
0
11149
65532
65498
65489
0
11176
65532
65498
65489
0
11205
65532
65490
65490
0
11233
65532
65490
65490
0
11260
65535
65483
65494
0
11289
65535
65483
65494
0
11317
65535
65483
65494
0
11345
3
65477
65494
0
11373
3
65477
65494
0
11397
3
65477
65494
0
11421
6
65476
65492
0
11445
6
65476
65492
0
11469
6
65476
65492
0
11493
6
65476
65492
0
11516
6
65476
65492
0
11541
5
65475
65490
0
11565
5
65475
65490
0
11588
5
65475
65490
0
11613
4
65476
65491
0
11636
4
65476
65491
0
11660
4
65476
65491
0
11684
3
65476
65490
0
11708
3
65476
65490
0
11731
3
65476
65490
0
11756
2
65476
65490
0
11780
2
65476
65490
0
11804
2
65476
65490
0
11828
1
65476
65490
0
11851
1
65476
65490
0
11876
1
65476
65490
0
11899
1
65476
65490
0
11923
1
65476
65490
0
11948
2
65478
65490
0
11971
2
65478
65490
0
11995
2
65478
65490
0
12019
1
65478
65488
0
12043
1
65478
65488
0
12067
1
65478
65488
0
12091
1
65478
65488
0
12114
1
65478
65488
0
12139
1
65478
65488
0
12163
1
65479
65486
0
12186
1
65479
65486
0
12211
1
65479
65486
0
12234
2
65480
65485
0
12258
2
65480
65485
0
12282
2
65480
65485
0
12306
0
65480
65483
0
12329
0
65480
65483
0
12354
0
65480
65483
0
12378
0
65480
65483
0
12402
0
65480
65483
0
12426
65535
65481
65480
0
12449
65535
65481
65480
0
12478
65535
65481
65480
0
12506
65535
65482
65478
0
12534
65535
65482
65478
0
12562
65534
65483
65476
0
12590
65534
65483
65476
0
12618
65534
65483
65476
0
12646
65533
65483
65475
0
12675
65533
65483
65475
0
12702
65532
65484
65474
0
12730
65532
65484
65474
0
12759
65531
65485
65473
0
12786
65531
65485
65473
0
12815
65531
65485
65473
0
12843
65530
65486
65472
0
12871
65530
65486
65472
0
12899
65530
65486
65471
0
12926
65530
65486
65471
0
12955
65530
65486
65471
0
12983
65529
65486
65471
0
13011
65529
65486
65471
0
13039
65529
65487
65470
0
13068
65529
65487
65470
0
13095
65529
65487
65470
0
13123
65529
65487
65470
0
13152
65529
65487
65470
0
13179
65529
65487
65470
0
13208
65529
65487
65470
0
13236
65530
65486
65471
0
13264
65530
65486
65471
0
13292
65530
65486
65471
0
13320
65531
65486
65473
0
13348
65531
65486
65473
0
13376
65533
65485
65474
0
13405
65533
65485
65474
0
13432
65533
65485
65474
0
13460
65534
65483
65477
0
13489
65534
65483
65477
0
13516
0
65482
65479
0
13545
0
65482
65479
0
13569
0
65482
65479
0
13592
0
65480
65482
0
13617
0
65480
65482
0
13640
0
65480
65482
0
13665
1
65480
65486
0
13688
1
65480
65486
0
13712
1
65480
65486
0
13736
2
65479
65489
0
13760
2
65479
65489
0
13784
2
65479
65489
0
13808
2
65477
65491
0
13832
2
65477
65491
0
13855
3
65476
65491
0
13880
3
65476
65491
0
13903
3
65476
65491
0
13927
5
65477
65493
0
13952
5
65477
65493
0
13975
5
65477
65493
0
14000
6
65475
65494
0
14023
6
65475
65494
0
14047
6
65475
65494
0
14071
4
65479
65498
0
14095
4
65479
65498
0
14118
4
65479
65498
0
14143
65534
65483
65499
0
14167
65534
65483
65499
0
14194
65530
65491
65494
0
14223
65530
65491
65494
0
14251
65530
65491
65494
0
14279
65530
65497
65491
0
14307
65530
65497
65491
0
14336
65532
65501
65490
0
14363
65532
65501
65490
0
14391
65532
65501
65490
0
14419
65533
65503
65491
0
14447
65533
65503
65491
0
14476
65535
65504
65491
0
14503
65535
65504
65491
0
14532
1
65504
65492
0
14560
1
65504
65492
0
14583
1
65504
65492
0
14608
2
65502
65495
0
14631
2
65502
65495
0
14655
2
65502
65495
0
14680
4
65500
65499
0
14703
4
65500
65499
0
14727
4
65500
65499
0
14751
5
65496
65502
0
14775
5
65496
65502
0
14799
5
65496
65502
0
14823
4
65493
65505
0
14846
4
65493
65505
0
14871
4
65493
65505
0
14895
4
65491
65508
0
14918
4
65491
65508
0
14943
4
65491
65508
0
14966
3
65488
65511
0
14990
3
65488
65511
0
15014
2
65486
65513
0
15038
2
65486
65513
0
15063
2
65486
65513
0
15086
1
65484
65515
0
15110
1
65484
65515
0
15134
1
65484
65515
0
15158
0
65482
65517
0
15181
0
65482
65517
0
15206
0
65482
65517
0
15229
0
65481
65519
0
15253
0
65481
65519
0
15278
0
65481
65519
0
15301
65535
65479
65520
0
15325
65535
65479
65520
0
15353
65533
65478
65522
0
15381
65533
65478
65522
0
15410
65533
65478
65522
0
15437
65532
65476
65523
0
15466
65532
65476
65523
0
15494
65529
65475
65523
0
15521
65529
65475
65523
0
15550
65529
65475
65523
0
15578
65527
65474
65521
0
15606
65527
65474
65521
0
15634
65524
65473
65520
0
15663
65524
65473
65520
0
15690
65524
65473
65520
0
15718
65524
65473
65520
0
15747
65524
65473
65520
0
15774
65522
65469
65512
0
15803
65522
65469
65512
0
15831
65523
65468
65508
0
15858
65523
65468
65508
0
15887
65523
65468
65508
0
15915
65526
65468
65506
0
15943
65526
65468
65506
0
15971
65527
65469
65505
0
16000
65527
65469
65505
0
16027
65527
65469
65505
0
16055
65528
65470
65505
0
16083
65528
65470
65505
0
16111
65529
65472
65505
0
16140
65529
65472
65505
0
16167
65529
65474
65507
0
16196
65529
65474
65507
0
16224
65529
65474
65507
0
16251
65528
65476
65508
0
16280
65528
65476
65508
0
16308
65527
65478
65510
0
16336
65527
65478
65510
0
16364
65527
65478
65510
0
16393
65524
65481
65511
0
16420
65524
65481
65511
0
16448
65521
65483
65511
0
16477
65521
65483
65511
0
16504
65521
65483
65511
0
16533
65518
65485
65510
0
16561
65518
65485
65510
0
16588
65516
65487
65507
0
16617
65516
65487
65507
0
16645
65515
65489
65505
0
16673
65515
65489
65505
0
16701
65515
65489
65505
0
16730
65514
65492
65502
0
16757
65514
65492
65502
0
16785
65513
65494
65499
0
16814
65513
65494
65499
0
16841
65513
65494
65499
0
16870
65511
65496
65496
0
16898
65511
65496
65496
0
16926
65510
65498
65491
0
16954
65510
65498
65491
0
16982
65510
65498
65491
0
17010
65510
65500
65487
0
17038
65510
65500
65487
0
17067
65513
65500
65482
0
17094
65513
65500
65482
0
17122
65516
65500
65481
0
17150
65516
65500
65481
0
17178
65516
65500
65481
0
17207
65517
65498
65482
0
17234
65517
65498
65482
0
17263
65517
65495
65480
0
17291
65517
65495
65480
0
17318
65517
65495
65480
0
17347
65521
65492
65479
0
17375
65521
65492
65479
0
17403
65526
65488
65477
0
17431
65526
65488
65477
0
17460
65526
65488
65477
0
17487
65534
65487
65483
0
17515
65534
65487
65483
0
17544
65532
65488
65492
0
17571
65532
65488
65492
0
17600
65528
65488
65496
0
17628
65528
65488
65496
0
17655
65528
65488
65496
0
17684
65523
65487
65496
0
17712
65523
65487
65496
0
17740
65521
65486
65493
0
17768
65521
65486
65493
0
17797
65521
65486
65493
0
17824
65521
65484
65491
0
17852
65521
65484
65491
0
17881
65521
65483
65491
0
17908
65521
65483
65491
0
17937
65521
65483
65491
0
17965
65519
65482
65489
0
17993
65519
65482
65489
0
18021
65520
65482
65484
0
18049
65520
65482
65484
0
18077
65524
65483
65480
0
18105
65524
65483
65480
0
18134
65524
65483
65480
0
18161
65529
65483
65478
0
18190
65529
65483
65478
0
18217
65534
65484
65480
0
18245
65534
65484
65480
0
18274
65534
65484
65480
0
18301
0
65485
65483
0
18330
0
65485
65483
0
18354
1
65485
65487
0
18377
1
65485
65487
0
18402
1
65485
65487
0
18425
1
65486
65489
0
18449
1
65486
65489
0
18473
1
65486
65489
0
18497
1
65487
65493
0
18521
1
65487
65493
0
18545
1
65487
65493
0
18569
0
65487
65495
0
18593
0
65487
65495
0
18617
0
65487
65495
0
18640
65535
65488
65496
0
18665
65535
65488
65496
0
18693
65534
65488
65499
0
18720
65534
65488
65499
0
18749
65534
65488
65499
0
18777
65532
65488
65499
0
18805
65532
65488
65499
0
18833
65531
65488
65500
0
18862
65531
65488
65500
0
18889
65531
65488
65500
0
18917
65530
65488
65500
0
18946
65530
65488
65500
0
18973
65529
65488
65500
0
19002
65529
65488
65500
0
19030
65529
65488
65500
0
19058
65529
65488
65500
0
19086
65529
65488
65500
0
19113
65528
65488
65500
0
19142
65528
65488
65500
0
19170
65527
65488
65501
0
19198
65527
65488
65501
0
19226
65527
65488
65501
0
19255
65527
65488
65501
0
19282
65527
65488
65501
0
19310
65527
65488
65500
0
19339
65527
65488
65500
0
19366
65527
65488
65500
0
19395
65527
65488
65501
0
19423
65527
65488
65501
0
19450
65527
65488
65500
0
19479
65527
65488
65500
0
19507
65526
65488
65501
0
19535
65526
65488
65501
0
19563
65526
65488
65501
0
19592
65526
65488
65500
0
19619
65526
65488
65500
0
19647
65526
65488
65500
0
19676
65526
65488
65500
0
19703
65526
65488
65500
0
19732
65526
65488
65500
0
19760
65526
65488
65500
0
19788
65526
65488
65500
0
19816
65526
65488
65500
0
19844
65526
65488
65500
0
19872
65526
65488
65500
0
19900
65526
65488
65500
0
19929
65526
65488
65500
0
19956
65526
65488
65500
0
19984
65525
65488
65500
0
20013
65525
65488
65500
0
20040
65525
65488
65500
0
20069
65525
65488
65500
0
20097
65525
65488
65500
0
20125
65525
65488
65500
0
20153
65525
65488
65500
0
20180
65525
65488
65500
0
20209
65525
65488
65500
0
20237
65525
65488
65500
0
20265
65525
65488
65500
0
20293
65525
65488
65500
0
20322
65525
65488
65500
0
20349
65525
65488
65500
0
20377
65525
65488
65500
0
20406
65525
65488
65500
0
20433
65525
65488
65500
0
20462
65525
65488
65500
0
20490
65525
65488
65500
0
20517
65525
65488
65500
0
20546
65525
65488
65500
0
20574
65525
65488
65500
0
20602
65525
65488
65499
0
20630
65525
65488
65499
0
20659
65525
65488
65499
0
20686
65525
65488
65500
0
20714
65525
65488
65500
0
20743
65525
65488
65500
0
20770
65525
65488
65500
0
20799
65525
65488
65500
0
20827
65525
65488
65499
0
20855
65525
65488
65499
0
20883
65525
65488
65500
0
20911
65525
65488
65500
0
20939
65525
65488
65499
0
20967
65525
65488
65499
0
20996
65525
65488
65499
0
21023
65525
65488
65499
0
21052
65525
65488
65499
0
21080
65525
65488
65500
0
21107
65525
65488
65500
0
21136
65525
65488
65500
0
21164
65525
65488
65499
0
21192
65525
65488
65499
0
21220
65525
65488
65500
0
21248
65525
65488
65500
0
21276
65525
65488
65500
0
21304
65525
65488
65499
0
21332
65525
65488
65499
0
21360
65525
65488
65499
0
21389
65525
65488
65499
0
21416
65525
65488
65499
0
21444
65525
65488
65499
0
21473
65525
65488
65499
0
21500
65525
65488
65499
0
21529
65525
65488
65499
0
21557
65525
65488
65500
0
21585
65525
65488
65500
0
21613
65525
65488
65500
0
21641
65525
65488
65499
0
21669
65525
65488
65499
0
21697
65525
65488
65499
0
21726
65525
65488
65499
0
21753
65525
65488
65499
0
21781
65525
65488
65499
0
21810
65525
65488
65499
0
21837
65525
65488
65499
0
21866
65525
65488
65499
0
21894
65525
65488
65499
0
21922
65525
65488
65499
0
21950
65525
65488
65499
0
21978
65525
65488
65499
0
22006
65525
65488
65499
0
22034
65525
65488
65499
0
22063
65525
65488
65499
0
22090
65525
65488
65499
0
22119
65525
65488
65500
0
22147
65525
65488
65500
0
22174
65525
65488
65499
0
22203
65525
65488
65499
0
22231
65525
65488
65499
0
22259
65525
65488
65500
0
22287