65533
3
65482
0
43126
65533
3
65482
0
43150
65533
3
65482
0
43173
65533
4
65482
0
43198
65533
4
65482
0
43222
65533
4
65482
0
43245
65533
3
65482
0
43270
65533
3
65482
0
43293
65533
3
65482
0
43317
65533
3
65482
0
43341
65533
3
65482
0
43365
65533
3
65482
0
43388
65533
3
65481
0
43413
65533
3
65481
0
43437
65533
3
65481
0
43461
65533
3
65482
0
43485
65533
3
65482
0
43508
65533
3
65482
0
43533
65533
3
65482
0
43556
65533
3
65482
0
43580
65533
3
65481
0
43604
65533
3
65481
0
43628
65533
3
65481
0
43652
65533
3
65481
0
43676
65533
3
65481
0
43700
65533
3
65481
0
43724
65533
3
65482
0
43748
65533
3
65482
0
43771
65533
3
65482
0
43796
65533
3
65482
0
43820
65533
3
65482
0
43843
65533
3
65482
0
43868
65533
3
65482
0
43891
65533
3
65482
0
43915
65533
3
65482
0
43939
65533
3
65482
0
43963
65533
3
65482
0
43986
65533
3
65482
0
44011
65533
3
65482
0
44035
65533
3
65482
0
44059
65533
3
65481
0
44083
65533
3
65481
0
44106
65533
3
65481
0
44131
65533
4
65481
0
44154
65533
4
65481
0
44178
65533
4
65481
0
44203
65533
3
65482
0
44226
65533
3
65482
0
44250
65533
3
65482
0
44274
65533
3
65482
0
44298
65533
3
65482
0
44322
65533
3
65482
0
44346
65533
3
65482
0
44369
65533
3
65482
0
44394
65533
3
65482
0
44418
65533
3
65481
0
44441
65533
3
65481
0
44466
65533
3
65481
0
44489
65533
3
65481
0
44513
65533
3
65481
0
44537
65533
3
65482
0
44561
65533
3
65482
0
44584
65533
3
65482
0
44609
65533
3
65482
0
44633
65533
3
65482
0
44657
65533
3
65482
0
44681
65533
3
65481
0
44704
65533
3
65481
0
44729
65533
3
65481
0
44752
65533
3
65482
0
44776
65533
3
65482
0
44801
65533
3
65482
0
44824
65533
4
65481
0
44848
65533
4
65481
0
44872
65533
4
65481
0
44896
65533
3
65482
0
44919
65533
3
65482
0
44944
65533
3
65482
0
44967
65533
3
65482
0
44992
65533
3
65482
0
45016
65533
3
65482
0
45039
65533
3
65482
0
45064
65533
3
65482
0
45087
65533
3
65481
0
45111
65533
3
65481
0
45135
65533
3
65481
0
45159
65533
3
65482
0
45182
65533
3
65482
0
45207
65533
3
65482
0
45231
65533
3
65482
0
45255
65533
3
65482
0
45279
65533
3
65482
0
45302
65533
3
65482
0
45327
65533
3
65482
0
45350
65533
3
65482
0
45374
65533
3
65482
0
45399
65533
3
65482
0
45422
65533
3
65481
0
45446
65533
3
65481
0
45470
65533
3
65481
0
45494
65533
3
65482
0
45517
65533
3
65482
0
45542
65533
3
65482
0
45565
65533
3
65481
0
45590
65533
3
65481
0
45614
65533
3
65481
0
45637
65533
3
65482
0
45662
65533
3
65482
0
45685
65533
3
65482
0
45709
65533
3
65481
0
45733
65533
3
65481
0
45757
65533
3
65481
0
45780
65533
3
65481
0
45805
65533
3
65481
0
45829
65533
3
65481
0
45853
65533
3
65481
0
45877
65533
3
65481
0
45900
65533
3
65482
0
45925
65533
3
65482
0
45948
65533
3
65482
0
45972
65533
3
65482
0
45997
65533
3
65482
0
46020
65533
3
65482
0
46044
65533
3
65482
0
46068
65533
3
65482
0
46092
65533
3
65482
0
46115
65533
3
65482
0
46140
65533
3
65482
0
46163
65533
3
65482
0
46188
65533
3
65482
0
46212
65533
3
65482
0
46235
65533
3
65482
0
46260
65533
3
65482
0
46283
65533
3
65482
0
46307
65533
3
65481
0
46331
65533
3
65481
0
46355
65533
3
65481
0
46379
65533
3
65482
0
46403
65533
3
65482
0
46427
65533
3
65482
0
46450
65533
3
65482
0
46475
65533
3
65482
0
46498
65533
3
65482
0
46523
65533
4
65482
0
46546
65533
4
65482
0
46570
65533
4
65482
0
46595
65533
3
65481
0
46618
65533
3
65481
0
46642
65533
3
65481
0
46666
65533
3
65482
0
46690
65533
3
65482
0
46713
65533
3
65482
0
46738
65533
3
65481
0
46761
65533
3
65481
0
46786
65533
3
65481
0
46810
65533
3
65481
0
46833
65533
3
65481
0
46858
65533
3
65481
0
46881
65533
3
65481
0
46905
65533
3
65481
0
46929
65533
3
65482
0
46953
65533
3
65482
0
46977
65533
3
65482
0
47001
65533
3
65482
0
47025
65533
3
65482
0
47048
65533
3
65482
0
47073
65533
3
65482
0
47096
65533
3
65482
0
47121
65533
3
65482
0
47144
65533
3
65482
0
47168
65533
3
65482
0
47193
65533
3
65482
0
47216
65533
3
65482
0
47240
65533
3
65482
0
47264
65533
3
65482
0
47288
65533
3
65482
0
47311
65533
3
65482
0
47336
65533
3
65482
0
47360
65533
3
65482
0
47384
65533
3
65482
0
47408
65533
3
65482
0
47431
65533
3
65482
0
47456
65533
3
65482
0
47479
65533
3
65482
0
47503
65533
3
65482
0
47527
65533
3
65482
0
47551
65533
3
65482
0
47575
65533
3
65482
0
47599
65533
3
65482
0
47623
65533
3
65482
0
47646
65533
3
65482
0
47671
65533
3
65482
0
47694
65533
3
65482
0
47719
65533
3
65482
0
47742
65533
3
65482
0
47766
65533
3
65482
0
47791
65533
3
65482
0
47814
65533
3
65482
0
47838
65533
3
65482
0
47862
65533
3
65482
0
47886
65533
3
65482
0
47909
65533
3
65482
0
47934
65533
3
65482
0
47958
65533
3
65482
0
47981
65533
3
65482
0
48006
65533
3
65482
0
48029
65533
3
65482
0
48054
65533
3
65482
0
48077
65533
3
65482
0
48101
65533
3
65482
0
48125
65533
3
65482
0
48149
65532
3
65482
0
48173
65532
3
65482
0
48197
65532
3
65482
0
48221
65533
3
65482
0
48244
65533
3
65482
0
48269
65533
3
65482
0
48292
65533
3
65482
0
48317
65533
3
65482
0
48340
65533
3
65482
0
48364
65533
3
65482
0
48389
65533
3
65482
0
48412
65533
3
65482
0
48436
65533
3
65482
0
48460
65533
3
65482
0
48484
65533
3
65482
0
48507
65532
3
65482
0
48532
65532
3
65482
0
48556
65532
3
65482
0
48579
65532
3
65482
0
48604
65532
3
65482
0
48627
65532
3
65482
0
48652
65532
3
65482
0
48675
65532
3
65482
0
48699
65532
3
65482
0
48723
65532
3
65482
0
48747
65532
3
65482
0
48771
65532
3
65482
0
48795
65532
3
65482
0
48819
65532
3
65482
0
48842
65532
3
65482
0
48867
65532
3
65482
0
48890
65532
3
65482
0
48915
65532
3
65482
0
48939
65532
3
65482
0
48962
65532
3
65482
0
48987
65532
3
65482
0
49010
65532
3
65482
0
49034
65532
3
65482
0
49058
65532
3
65481
0
49082
65532
3
65481
0
49105
65532
3
65482
0
49130
65532
3
65482
0
49154
65532
3
65482
0
49177
65532
3
65482
0
49202
65532
3
65482
0
49225
65532
3
65482
0
49250
65532
3
65482
0
49273
65532
3
65482
0
49297
65532
3
65482
0
49321
65531
3
65482
0
49345
65531
3
65482
0
49369
65531
3
65482
0
49393
65531
3
65482
0
49417
65531
3
65482
0
49440
65531
3
65482
0
49465
65531
3
65482
0
49488
65531
3
65482
0
49512
65531
3
65482
0
49537
65531
3
65482
0
49560
65531
3
65482
0
49585
65531
3
65482
0
49608
65531
3
65482
0
49632
65531
3
65482
0
49656
65530
3
65482
0
49680
65530
3
65482
0
49703
65530
3
65482
0
49728
65530
3
65482
0
49752
65530
3
65482
0
49775
65530
3
65482
0
49800
65530
3
65482
0
49823
65530
3
65482
0
49848
65530
3
65482
0
49871
65529
3
65482
0
49895
65529
3
65482
0
49920
65529
3
65482
0
49943
65528
3
65482
0
49967
65528
3
65482
0
49991
65528
3
65482
0
50015
65528
3
65482
0
50038
65528
3
65482
0
50063
65527
2
65482
0
50086
65527
2
65482
0
50110
65527
2
65482
0
50135
65526
2
65482
0
50158
65526
2
65482
0
50183
65526
2
65482
0
50206
65524
2
65481
0
50230
65524
2
65481
0
50254
65524
2
65481
0
50278
65522
2
65480
0
50301
65522
2
65480
0
50326
65522
2
65480
0
50350
65520
2
65478
0
50373
65520
2
65478
0
50398
65520
2
65478
0
50421
65518
2
65476
0
50446
65518
2
65476
0
50469
65517
2
65471
0
50493
65517
2
65471
0
50518
65517
2
65471
0
50541
65518
1
65465
0
50565
65518
1
65465
0
50589
65518
1
65465
0
50613
65522
0
65461
0
50636
65522
0
65461
0
50661
65522
0
65461
0
50684
65526
65533
65458
0
50708
65526
65533
65458
0
50737
65531
65525
65457
0
50764
65531
65525
65457
0
50793
65531
65525
65457
0
50821
1
65517
65458
0
50849
1
65517
65458
0
50873
1
65517
65458
0
50896
5
65513
65459
0
50921
5
65513
65459
0
50945
11
65515
65463
0
50968
11
65515
65463
0
50994
11
65515
65463
0
51018
15
65523
65468
0
51043
15
65523
65468
0
51068
15
65523
65468
0
51093
12
65531
65477
0
51119
12
65531
65477
0
51143
12
65531
65477
0
51168
7
0
65480
0
51193
7
0
65480
0
51213
7
0
65480
0
51232
6
3
65480
0
51253
6
3
65480
0
51272
6
3
65480
0
51292
5
5
65482
0
51312
5
5
65482
0
51332
5
5
65482
0
51351
5
5
65482
0
51371
5
4
65485
0
51391
5
4
65485
0
51410
5
4
65485
0
51430
5
2
65487
0
51450
5
2
65487
0
51470
5
2
65487
0
51489
5
2
65487
0
51509
6
65534
65489
0
51529
6
65534
65489
0
51553
6
65534
65489
0
51577
5
65531
65491
0
51601
5
65531
65491
0
51624
5
65531
65491
0
51649
5
65527
65491
0
51673
5
65527
65491
0
51696
4
65524
65492
0
51721
4
65524
65492
0
51744
4
65524
65492
0
51768
3
65522
65493
0
51792
3
65522
65493
0
51816
3
65522
65493
0
51840
1
65521
65493
0
51864
1
65521
65493
0
51888
1
65521
65493
0
51912
0
65520
65493
0
51936
0
65520
65493
0
51959
0
65520
65493
0
51984
65534
65519
65492
0
52007
65534
65519
65492
0
52035
65532
65519
65490
0
52064
65532
65519
65490
0
52091
65532
65519
65490
0
52120
65531
65519
65487
0
52148
65531
65519
65487
0
52176
65532
65520
65483
0
52204
65532
65520
65483
0
52232
65532
65520
65483
0
52260
65534
65520
65485
0
52288
65534
65520
65485
0
52317
65535
65521
65484
0
52344
65535
65521
65484
0
52372
65535
65522
65484
0
52401
65535
65522
65484
0
52428
65535
65522
65484
0
52457
65535
65522
65485
0
52485
65535
65522
65485
0
52513
0
65522
65486
0
52541
0
65522
65486
0
52564
0
65522
65486
0
52589
0
65523
65488
0
52613
0
65523
65488
0
52636
0
65523
65488
0
52661
65535
65524
65489
0
52684
65535
65524
65489
0
52713
65535
65524
65489
0
52741
65534
65525
65490
0
52768
65534
65525
65490
0
52797
65533
65526
65490
0
52825
65533
65526
65490
0
52853
65532
65527
65491
0
52881
65532
65527
65491
0
52910
65532
65527
65491
0
52937
65531
65528
65490
0
52965
65531
65528
65490
0
52994
65530
65529
65490
0
53021
65530
65529
65490
0
53050
65530
65529
65490
0
53078
65529
65530
65491
0
53105
65529
65530
65491
0
53134
65529
65532
65491
0
53161
65529
65532
65491
0
53190
65529
65532
65491
0
53218
65528
65533
65491
0
53246
65528
65533
65491
0
53274
65528
65534
65491
0
53302
65528
65534
65491
0
53330
65527
65535
65490
0
53358
65527
65535
65490
0
53387
65527
65535
65490
0
53414
65527
65535
65490
0
53443
65527
65535
65490
0
53471
65527
0
65490
0
53498
65527
0
65490
0
53523
65527
0
65490
0
53547
65527
0
65490
0
53570
65527
0
65490
0
53595
65527
0
65490
0
53618
65526
0
65490
0
53643
65526
0
65490
0
53666
65526
0
65490
0
53690
65527
1
65490
0
53714
65527
1
65490
0
53738
65527
1
65490
0
53762
65526
0
65490
0
53786
65526
0
65490
0
53810
65526
1
65491
0
53833
65526
1
65491
0
53858
65526
1
65491
0
53881
65526
0
65490
0
53905
65526
0
65490
0
53929
65526
0
65490
0
53953
65527
0
65490
0
53978
65527
0
65490
0
54001
65527
0
65490
0
54025
65526
0
65490
0
54049
65526
0
65490
0
54073
65526
0
65490
0
54096
65527
0
65490
0
54121
65527
0
65490
0
54145
65527
0
65490
0
54168
65527
0
65490
0
54193
65527
0
65490
0
54216
65527
0
65490
0
54241
65527
0
65490
0
54264
65527
0
65490
0
54288
65527
0
65490
0
54312
65527
0
65490
0
54336
65527
0
65490
0
54360
65527
0
65490
0
54384
65527
0
65490
0
54408
65527
0
65490
0
54431
65527
0
65491
0
54456
65527
0
65491
0
54479
65527
0
65491
0
54503
65527
0
65490
0
54528
65527
0
65490
0
54551
65527
0
65490
0
54576
65527
0
65491
0
54599
65527
0
65491
0
54623
65527
0
65491
0
54647
65527
65535
65490
0
54671
65527
65535
65490
0
54699
65527
65535
65490
0
54727
65527
65535
65490
0
54755
65527
65535
65490
0
54784
65527
65535
65490
0
54811
65527
65535
65490
0
54840
65528
65534
65491
0
54867
65528
65534
65491
0
54895
65528
65534
65491
0
54924
65528
65534
65491
0
54951
65528
65534
65491
0
54980
65528
65533
65491
0
55008
65528
65533
65491
0
55035
65528
65532
65491
0
55064
65528
65532
65491
0
55092
65528
65532
65491
0
55120
65529
65531
65491
0
55148
65529
65531
65491
0
55177
65530
65530
65491
0
55204
65530
65530
65491
0
55232
65530
65530
65491
0
55261
65531
65528
65491
0
55288
65531
65528
65491
0
55317
65532
65527
65491
0
55345
65532
65527
65491
0
55373
65532
65526
65491
0
55401
65533
65526
65491
0
55429
65533
65526
65491
0
55457
65535
65524
65490
0
55485
65535
65524
65490
0
55514
65535
65523
65487
0
55541
65535
65523
65487
0
55569
65535
65523
65487
0
55598
65535
65522
65486
0
55625
65535
65522
65486
0
55654
65535
65522
65485
0
55682
65535
65522
65485
0
55710
65535
65522
65485
0
55738
65535
65522
65484
0
55766
65535
65522
65484
0
55794
65535
65521
65483
0
55822
65535
65521
65483
0
55851
65535
65521
65483
0
55878
65535
65521
65483
0
55907
65535
65521
65483
0
55934
65532
65520
65484
0
55962
65532
65520
65484
0
55991
65531
65519
65486
0
56018
65531
65519
65486
0
56047
65531
65519
65486
0
56075
65532
65519
65489
0
56103
65532
65519
65489
0
56131
65534
65519
65491
0
56159
65534
65519
65491
0
56187
65534
65519
65491
0
56215
0
65519
65492
0
56244
0
65519
65492
0
56267
0
65520
65493
0
56291
0
65520
65493
0
56315
0
65520
65493
0
56339
2
65521
65493
0
56363
2
65521
65493
0
56387
2
65521
65493
0
56411
3
65522
65493
0
56434
3
65522
65493
0
56459
3
65522
65493
0
56482
4
65523
65493
0
56507
4
65523
65493
0
56530
4
65523
65493
0
56554
5
65525
65492
0
56579
5
65525
65492
0
56602
5
65525
65492
0
56626
5
65527
65492
0
56650
5
65527
65492
0
56674
6
65529
65490
0
56697
6
65529
65490
0
56722
6
65529
65490
0
56745
6
65532
65490
0
56770
6
65532
65490
0
56794
6
65532
65490
0
56817
6
65534
65489
0
56842
6
65534
65489
0
56865
6
65534
65489
0
56889
6
0
65488
0
56913
6
0
65488
0
56933
6
0
65488
0
56952
6
2
65486
0
56973
6
2
65486
0
56992
6
2
65486
0
57012
6
2
65486
0
57031
6
4
65485
0
57052
6
4
65485
0
57071
6
4
65485
0
57091
6
5
65484
0
57111
6
5
65484
0
57131
6
5
65484
0
57150
6
5
65484
0
57170
6
5
65482
0
57190
6
5
65482
0
57209
6
5
65482
0
57229
7
4
65481
0
57249
7
4
65481
0
57269
7
4
65481
0
57288
7
4
65481
0
57309
8
2
65479
0
57328
8
2
65479
0
57348
8
2
65479
0
57368
10
0
65478
0
57388
10
0
65478
0
57408
10
0
65478
0
57428
13
65533
65476
0
57450
13
65533
65476
0
57475
13
65533
65476
0
57499
16
65528
65473
0
57525
16
65528
65473
0
57549
16
65528
65473
0
57575
17
65523
65468
0
57600
17
65523
65468
0
57624
17
65523
65468
0
57650
14
65517
65461
0
57674
14
65517
65461
0
57699
11
65514
65459
0
57724
11
65514
65459
0
57749
11
65514
65459
0
57775
7
65512
65456
0
57799
7
65512
65456
0
57823
7
65512
65456
0
57847
3
65512
65455
0
57871
3
65512
65455
0
57894
3
65512
65455
0
57919
65535
65513
65452
0
57943
65535
65513
65452
0
57971
65533
65518
65454
0
57999
65533
65518
65454
0
58027
65533
65518
65454
0
58055
65530
65522
65455
0
58083
65530
65522
65455
0
58112
65528
65526
65456
0
58139
65528
65526
65456
0
58168
65528
65526
65456
0
58195
65526
65530
65458
0
58223
65526
65530
65458
0
58252
65524
65533
65459
0
58279
65524
65533
65459
0
58308
65524
65535
65460
0
58336
65524
65535
65460
0
58363
65524
65535
65460
0
58392
65523
0
65460
0
58420
65523
0
65460
0
58444
65523
0
65460
0
58468
65523
0
65461
0
58491
65523
0
65461
0
58516
65521
0
65461
0
58540
65521
0
65461
0
58563
65521
0
65461
0
58588
65521
1
65461
0
58611
65521
1
65461
0
58636
65521
1
65461
0
58659
65522
1
65461
0
58683
65522
1
65461
0
58707
65522
1
65461
0
58731
65522
1
65461
0
58755
65522
1
65461
0
58779
65522
1
65461
0
58803
65521
1
65461
0
58826
65521
1
65461
0
58851
65521
1
65461
0
58874
65522
1
65461
0
58899
65522
1
65461
0
58923
65522
1
65461
0
58946
65521
0
65461
0
58971
65521
0
65461
0
58994
65521
1
65461
0
59018
65521
1
65461
0
59042
65521
1
65461
0
59066
65521
1
65461
0
59089
65521
1
65461
0
59114
65521
1
65461
0
59138
65521
1
65461
0
59161
65521
1
65461
0
59186
65521
1
65461
0
59209
65521
1
65461
0
59234
65521
1
65461
0
59257
65521
1
65461
0
59281
65521
1
65461
0
59305
65521
1
65461
0
59329
65521
1
65461
0
59353
65521
1
65461
0
59377
65521
1
65461
0
59401
65521
0
65461
0
59424
65521
0
65461
0
59449
65521
0
65461
0
59472
65521
1
65461
0
59496
65521
1
65461
0
59521
65521
1
65461
0
59544
65521
1
65461
0
59569
65521
1
65461
0
59592
65521
1
65461
0
59616
65521
0
65461
0
59640
65521
0
65461
0
59664
65521
0
65461
0
59687
65521
1
65461
0
59712
65521
1
65461
0
59736
65521
1
65461
0
59759
65521
1
65461
0
59784
65521
1
65461
0
59807
65521
1
65461
0
59832
65521
0
65461
0
59855
65521
0
65461
0
59879
65521
1
65461
0
59904
65521
1
65461
0
59927
65521
1
65461
0
59951
65522
0
65461
0
59975
65522
0
65461
0
59999
65522
0
65461
0
60022
65522
0
65461
0
60047
65522
0
65461
0
60070
65522
0
65461
0
60094
65522
0
65460
0
60119
65522
0
65460
0
60142
65522
0
65460
0
60167
65523
0
65460
0
60190
65523
0
65460
0
60214
65523
0
65460
0
60238
65523
0
65460
0
60262
65523
0
65460
0
60285
65523
0
65460
0
60310
65524
65535
65460
0
60334
65524
65535
65460
0
60361
65525
65534
65459
0
60390
65525
65534
65459
0
60418
65525
65534
65459
0
60446
65525
65533
65459
0
60474
65525
65533
65459
0
60503
65526
65531
65458
0
60530
65526
65531
65458
0
60558
65528
65529
65458
0
60587
65528
65529
65458
0
60614
65528
65529
65458
0
60643
65529
65525
65457
0
60670
65529
65525
65457
0
60699
65533
65522
65457
0
60727
65533
65522
65457
0
60754
65533
65522
65457
0
60783
65535
65518
65456
0
60811
65535
65518
65456
0
60839
2
65515
65457
0
60867
2
65515
65457
0
60891
2
65515
65457
0
60915
8
65514
65460
0
60939
8
65514
65460
0
60963
8
65514
65460
0
60987
13
65516
65465
0
61010
13
65516
65465
0
61036
13
65516
65465
0
61061
16
65521
65472
0
61085
16
65521
65472
0
61111
14
65529
65478
0
61135
14
65529
65478
0
61160
14
65529
65478
0
61186
9
65535
65482
0
61210
9
65535
65482
0
61235
9
65535
65482
0
61258
4
2
65485
0
61282
4
2
65485
0
61302
4
2
65485
0
61322
2
3
65488
0
61341
2
3
65488
0
61362
2
3
65488
0
61381
2
3
65488
0
61401
3
2
65488
0
61420
3
2
65488
0
61441
3
2
65488
0
61460
4
65535
65489
0
61479
4
65535
65489
0
61504
4
65535
65489
0
61528
4
65530
65490
0
61551
4
65530
65490
0
61576
4
65530
65490
0
61599
4
65526
65491
0
61623
4
65526
65491
0
61647
4
65526
65491
0
61671
3
65523
65493
0
61696
3
65523
65493
0
61719
3
65523
65493
0
61743
1
65521
65493
0
61767
1
65521
65493
0
61791
0
65519
65492
0
61814
0
65519
65492
0
61839
0
65519
65492
0
61862
65533
65519
65491
0
61886
65533
65519
65491
0
61915
65533
65519
65491
0
61942
65531
65519
65487
0
61971
65531
65519
65487
0
61999
65533
65520
65483
0
62027
65533
65520
65483
0
62055
65533
65520
65483
0
62083
65534
65521
65483
0
62111
65534
65521
65483
0
62139
65535
65522
65484
0
62168
65535
65522
65484
0
62195
65535
65522
65485
0
62223
65535
65522
65485
0
62252
65535
65522
65485
0
62279
0
65523
65486
0
62308
0
65523
65486
0
62331
0
65523
65486
0
62355
0
65523
65488
0
62380
0
65523
65488
0
62403
65535
65524
65489
0
62428
65535
65524
65489
0
62455
65535
65524
65489
0
62483
65535
65525
65490
0
62512
65535
65525
65490
0
62539
65534
65525
65490
0
62568
65534
65525
65490
0
62596
65534
65525
65490
0
62623
65534
65525
65490
0
62652
65534
65525
65490
0
62680
65535
65525
65490
0
62708
65535
65525
65490
0
62736
65535
65525
65490
0
62765
65534
65525
65490
0
62792
65534
65525
65490
0
62820
65535
65525
65490
0
62849
65535
65525
65490
0
62876
65534
65525
65490
0
62905
65534
65525
65490
0
62932
65534
65525
65490
0
62961
65534
65525
65490
0
62989
65534
65525
65490
0
63016
65534
65525
65490
0
63045
65534
65525
65490
0
63073
65534
65525
65490
0
63101
65535
65524
65490
0
63129
65535
65524
65490
0
63157
65535
65525
65490
0
63185
65535
65525
65490
0
63213
65535
65525
65490
0
63242
65534
65525
65490
0
63269
65534
65525
65490
0
63298
65534
65525
65490
0
63326
65534
65525
65490
0
63353
65534
65525
65489
0
63382
65534
65525
65489
0
63410
65534
65525
65489
0
63438
65534
65525
65490
0
63466
65534
65525
65490
0
63495
65534
65525
65490
0
63522
65534
65525
65490
0
63550
65534
65525
65490
0
63579
65535
65525
65491
0
63606
65535
65525
65491
0
63635
65534
65525
65491
0
63663
65534
65525
65491
0
63691
65534
65525
65491
0
63719
65535
65525
65490
0
63747
65535
65525
65490
0
63775
65534
65525
65490
0
63803
65534
65525
65490
0
63832
65534
65525
65490
0
63859
65534
65525
65490
0
63887
65534
65525
65490
0
63916
65535
65525
65490
0
63943
65535
65525
65490
0
63972
65534
65525
65489
0
64000
65534
65525
65489
0
64028
65534
65525
65489
0
64056
65534
65525
65489
0
64083
65534
65525
65489
0
64112
65535
65525
65489
0
64140
65535
65525
65489
0
64168
65535
65525
65489
0
64196
65534
65525
65490
0
64225
65534
65525
65490
0
64252
65534
65525
65490
0
64280
65534
65525
65490
0
64309
65534
65525
65490
0
64336
65534
65525
65490
0
64365
65534
65525
65490
0
64393
65535
65525
65490
0
64420
65535
65525
65490
0
64449
65534
65525
65490
0
64477
65534
65525
65490
0
64505
65534
65525
65490
0
64533
65535
65525
65490
0
64562
65535
65525
65490
0
64589
65534
65525
65490
0
64617
65534
65525
65490
0
64646
65534
65525
65490
0
64673
65534
65525
65490
0
64702
65534
65525
65490
0
64730
65534
65525
65490
0
64758
65534
65525
65490
0
64786
65534
65525
65489
0
64814
65534
65525
65489
0
64842
65534
65525
65489
0
64870
65535
65525
65490
0
64899
65535
65525
65490
0
64926
65535
65525
65490
0
64954
65535
65525
65490
0
64983
65535
65525
65490
0
65010
65534
65525
65489
0
65039
65534
65525
65489
0
65067
65535
65525
65490
0
65095
65535
65525
65490
0
65123
65535
65525
65490
0
65150
65535
65525
65490
0
65179
65535
65525
65490
0
65207
65535
65525
65490
0
65235
65535
65525
65490
0
65263
65534
65525
65490
0
65292
65534
65525
65490
0
65319
65534
65525
65490
0
65347
65534
65525
65490
0
65376
65534
65525
65490
0
65403
65534
65525
65490
0
65432
65534
65525
65490
0
65460
65534
65525
65490
0
65488
65535
65525
65490
0
65516
65535
65525
65490
0
8
65534
65525
65490
0
32
65534
65525
65490
0
57
65534
65525
65490
0
81
65535
65525
65490
0
107
65535
65525
65490
0
133
65535
65525
65490
0
159
65535
65525
65490
0
185
65535
65525
65490
0
210
65535
65525
65490
0
237
65535
65525
65490
0
263
65535
65525
65490
0
289
65534
65525
65490
0
315
65534
65525
65490
0
340
65534
65525
65490
0
367
65534
65525
65490
0
393
65534
65525
65490
0
419
65535
65525
65489
0
445
65535
65525
65489
0
471
65535
65525
65489
0
497
65535
65524
65489
0
523
65535
65524
65489
0
548
65535
65524
65489
0
575
65535
65524
65489
0
601
65535
65524
65489
0
627
0
65524
65488
0
653
0
65524
65488
0
674
0
65524
65488
0
697
0
65524
65488
0
718
0
65524
65488
0
740
0
65524
65488
0
762
0
65523
65487
0
784
0
65523
65487
0
805
0
65523
65487
0
828
0
65523
65486
0
849
0
65523
65486
0
871
0
65523
65486
0
893
65535
65523
65486
0
915
65535
65523
65486
0
941
65535
65523
65486
0
967
65535
65522
65485
0
993
65535
65522
65485
0
1019
65535
65522
65485
0
1046
65535
65523
65484
0
1073
65535
65523
65484
0
1100
65535
65522
65484
0
1127
65535
65522
65484
0
1155
65535
65522
65484
0
1181
65534
65521
65484
0
1208
65534
65521
65484
0
1235
65534
65521
65483
0
1262
65534
65521
65483
0
1290
65534
65521
65483
0
1316
65533
65520
65484
0
1343
65533
65520
65484
0
1371
65531
65520
65486
0
1397
65531
65520
65486
0
1425
65531
65520
65486
0
1452
65532
65519
65489
0
1478
65532
65519
65489
0
1506
65534
65519
65491
0
1532
65534
65519
65491
0
1560
65534
65519
65491
0
1587
65535
65519
65492
0
1613
65535
65519
65492
0
1641
0
65520
65493
0
1668
0
65520
65493
0
1691
0
65520
65493
0
1714
2
65521
65493
0
1736
2
65521
65493
0
1760
2
65521
65493
0
1782
3
65522
65493
0
1805
3
65522
65493
0
1828
3
65522
65493
0
1851
4
65524
65492
0
1873
4
65524
65492
0
1897
4
65524
65492
0
1920
4
65526
65492
0
1942
4
65526
65492
0
1966
4
65526
65492
0
1988
6
65529
65492
0
2011
6
65529
65492
0
2034
6
65529
65492
0
2057
5
65531
65491
0
2079
5
65531
65491
0
2103
5
65531
65491
0
2125
5
65534
65490
0
2149
5
65534
65490
0
2171
5
65534
65490
0
2194
4
1
65489
0
2217
4
1
65489
0
2236
4
1
65489
0
2254
4
1
65489
0
2273
4
2
65488
0
2292
4
2
65488
0
2311
4
2
65488
0
2329
5
3
65487
0
2349
5
3
65487
0
2367
5
3
65487
0
2385
5
3
65487
0
2404
5
4
65486
0
2423
5
4
65486
0
2442
5
4
65486
0
2460
5
4
65486
0
2479
6
3
65483
0
2498
6
3
65483
0
2516
6
3
65483
0
2535
7
2
65483
0
2554
7
2
65483
0
2573
7
2
65483
0
2591
7
2
65483
0
2610
9
1
65482
0
2629
9
1
65482
0
2648
9
1
65482
0
2666
9
1
65482
0
2685
9
1
65482
0
2704
9
1
65482
0
2722
9
1
65482
0
2741
15
65533
65479
0
2760
15
65533
65479
0
2784
15
65533
65479
0
2807
17
65530
65475
0
2832
17
65530
65475
0
2855
17
65530
65475
0
2879
18
65526
65471
0
2904
18
65526
65471
0
2927
18
65526
65471
0
2952
18
65523
65468
0
2975
18
65523
65468
0
2999
18
65523
65468
0
3023
18
65521
65467
0
3047
18
65521
65467
0
3070
17
65520
65466
0
3095
17
65520
65466
0
3119
17
65520
65466
0
3142
17
65519
65464
0
3167
17
65519
65464
0
3190
17
65519
65464
0
3215
17
65519
65464
0
3238
17
65519
65464
0
3262
17
65519
65464
0
3287
17
65520
65464
0
3310
17
65520
65464
0
3334
17
65520
65464
0
3358
17
65519
65464
0
3382
17
65519
65464
0
3405
17
65519
65464
0
3430
17
65519
65463
0
3453
17
65519
65463
0
3477
17
65519
65463
0
3502
18
65520
65465
0
3525
18
65520
65465
0
3550
17
65519
65463
0
3573
17
65519
65463
0
3597
17
65519
65463
0
3621
17
65519
65462
0
3645
17
65519
65462
0
3668
17
65519
65462
0
3693
18
65519
65465
0
3717
18
65519
65465
0
3740
18
65519
65465
0
3765
17
65519
65464
0
3788
17
65519
65464
0
3813
17
65519
65464
0
3836
17
65520
65465
0
3860
17
65520
65465
0
3885
17
65520
65465
0
3908
17
65520
65465
0
3932
17
65520
65465
0
3956
17
65520
65465
0
3980
18
65520
65466
0
4003
18
65520
65466
0
4028
18
65520
65467
0
4051
18
65520
65467
0
4075
18
65520
65467
0
4100
18
65520
65466
0
4123
18
65520
65466
0
4148
18
65520
65466
0
4171
18
65520
65466
0
4195
18
65520
65466
0
4219
18
65520
65466
0
4243
18
65519
65465
0
4267
18
65519
65465
0
4291
18
65519
65465
0
4315
18
65519
65465
0
4338
18
65519
65465
0
4363
18
65519
65465
0
4386
17
65520
65466
0
4410
17
65520
65466
0
4434
17
65520
65466
0
4458
17
65520
65466
0
4483
17
65520
65466
0
4506
18
65520
65467
0
4530
18
65520
65467
0
4554
18
65520
65467
0
4578
18
65520
65466
0
4601
18
65520
65466
0
4626
18
65520
65466
0
4649
18
65519
65465
0
4673
18
65519
65465
0
4698
18
65519
65465
0
4721
17
65519
65465
0
4746
17
65519
65465
0
4769
17
65519
65465
0
4793
18
65519
65466
0
4817
18
65519
65466
0
4841
18
65519
65466
0
4865
17
65519
65464
0
4889
17
65519
65464
0
4913
17
65519
65464
0
4936
17
65519
65464
0
4961
17
65519
65464
0
4984
18
65520
65466
0
5008
18
65520
65466
0
5032
18
65520
65466
0
5056
18
65519
65466
0
5081
18
65519
65466
0
5104
18
65519
65466
0
5128
17
65519
65465
0
5152
17
65519
65465
0
5176
17
65519
65465
0
5199
18
65519
65466
0
5224
18
65519
65466
0
5248
18
65519
65466
0
5271
18
65519
65465
0
5296
18
65519
65465
0
5319
18
65519
65465
0
5344
17
65519
65465
0
5367
17
65519
65465
0
5391
18
65520
65467
0
5415
18
65520
65467
0
5439
18
65520
65467
0
5463
17
65519
65466
0
5487
17
65519
65466
0
5511
17
65519
65466
0
5534
18
65520
65467
0
5559
18
65520
65467
0
5582
18
65520
65467
0
5606
17
65520
65467
0
5630
17
65520
65467
0
5654
17
65520
65467
0
5679
18
65522
65469
0
5702
18
65522
65469
0
5726
18
65522
65469
0
5750
18
65522
65469
0
5774
18
65522
65469
0
5797
18
65522
65469
0
5822
18
65524
65471
0
5846
18
65524
65471
0
5869
18
65526
65475
0
5894
18
65526
65475
0
5917
18
65526
65475
0
5941
17
65528
65476
0
5965
17
65528
65476
0
5989
17
65528
65476
0
6013
15
65530
65480
0
6037
15
65530
65480
0
6061
15
65530
65480
0
6085
13
65533
65481
0
6109
13
65533
65481
0
6132
13
65533
65481
0
6157
11
65535
65483
0
6180
11
65535
65483
0
6204
11
65535
65483
0
6228
8
0
65484
0
6252
8
0
65484
0
6270
8
0
65484
0
6290
6
2
65485
0
6308
6
2
65485
0
6327
6
2
65485
0
6346
6
2
65485
0
6365
5
2
65486
0
6383
5
2
65486
0
6402
5
2
65486
0
6421
3
3
65487
0
6439
3
3
65487
0
6458
3
3
65487
0
6477
3
3
65487
0
6496
3
3
65488
0
6514
3
3
65488
0
6533
3
3
65488
0
6552
3
3
65488
0
6571
3
2
65488
0
6589
3
2
65488
0
6608
3
2
65488
0
6627
3
1
65489
0
6645
3
1
65489
0
6664
3
1
65489
0
6683
3
1
65489
0
6702
3
65535
65490
0
6720
3
65535
65490
0
6744
3
65535
65490
0
6766
3
65532
65491
0
6789
3
65532
65491
0
6812
3
65532
65491
0
6835
3
65528
65491
0
6857
3
65528
65491
0
6881
3
65528
65491
0
6903
3
65525
65492
0
6926
3
65525
65492
0
6949
3
65525
65492
0
6972
3
65523
65492
0
6994
3
65523
65492
0
7018
3
65523
65492
0
7041
1
65521
65492
0
7063
1
65521
65492
0
7087
1
65521
65492
0
7109
0
65520
65492
0
7132
0
65520
65492
0
7155
0
65520
65492
0
7178
65533
65519
65490
0
7200
65533
65519
65490
0
7228
65531
65520
65486
0
7255
65531
65520
65486
0
7282
65531
65520
65486
0
7309
65533
65521
65483
0
7335
65533
65521
65483
0
7363
65533
65521
65483
0
7390
65535
65522
65483
0
7417
65535
65522
65483
0
7444
0
65523
65485
0
7471
0
65523
65485
0
7494
0
65523
65485
0
7517
65535
65525
65489
0
7540
65535
65525
65489
0
7567
65535
65525
65489
0
7593
65531
65529
65491
0
7621
65531
65529
65491
0
7648
65529
65534
65490
0
7675
65529
65534
65490
0
7702
65529
65534
65490
0
7729
65526
2
65490
0
7756
65526
2
65490
0
7779
65521
8
65488
0
7801
65521
8
65488
0
7825
65521
8
65488
0
7847
65519
8
65478
0
7870
65519
8
65478
0
7894
65519
8
65478
0
7916
65521
3
65469
0
7940
65521
3
65469
0
7962
65521
3
65469
0
7985
65532
65535
65464
0
8008
65532
65535
65464
0
8035
65532
65535
65464
0
8061
0
65534
65476
0
8089
0
65534
65476
0
8112
0
65534
65476
0
8134
65529
65533
65478
0
8158
65529
65533
65478
0
8184
65526
65530
65472
0
8212
65526
65530
65472
0
8239
65526
65530
65472
0
8265
65527
65527
65466
0
8293
65527
65527
65466
0
8320
65533
65529
65461
0
8347
65533
65529
65461
0
8374
65533
65529
65461
0
8400
6
65531
65463
0
8428
6
65531
65463
0
8451
6
65531
65463
0
8474
10
65533
65469
0
8497
10
65533
65469
0
8520
10
65533
65469
0
8545
10
0
65476
0
8568
10
0
65476
0
8588
10
0
65476
0
8608
7
1
65480
0
8628
7
1
65480
0
8646
7
1
65480
0
8665
7
1
65480
0
8684
4
1
65482
0
8702
4
1
65482
0
8721
4
1
65482
0
8740
1
2
65483
0
8759
1
2
65483
0
8777
1
2
65483
0
8796
1
2
65483
0
8815
0
2
65483
0
8834
0
2
65483
0
8852
0
2
65483
0
8871
0
2
65483
0
8890
65535
2
65483
0
8908