26
65521
65492
0
2193
26
65521
65492
0
2204
26
65521
65492
0
2229
25
65521
65492
0
2252
25
65521
65492
0
2277
25
65521
65492
0
2300
26
65521
65492
0
2324
26
65521
65492
0
2349
26
65521
65492
0
2372
26
65521
65492
0
2396
26
65521
65492
0
2420
26
65521
65492
0
2444
25
65521
65492
0
2467
25
65521
65492
0
2492
26
65521
65492
0
2515
26
65521
65492
0
2540
26
65521
65492
0
2564
25
65521
65492
0
2587
25
65521
65492
0
2612
25
65521
65492
0
2635
25
65521
65492
0
2659
25
65521
65492
0
2683
25
65521
65492
0
2707
26
65521
65492
0
2731
26
65521
65492
0
2755
26
65521
65492
0
2779
25
65521
65492
0
2802
25
65521
65492
0
2827
25
65521
65492
0
2850
25
65521
65492
0
2875
25
65521
65492
0
2898
25
65521
65492
0
2922
25
65521
65492
0
2947
25
65521
65492
0
2970
26
65521
65492
0
2994
26
65521
65492
0
3018
26
65521
65492
0
3042
25
65521
65492
0
3065
25
65521
65492
0
3090
25
65521
65492
0
3113
25
65521
65492
0
3138
25
65521
65492
0
3162
25
65521
65492
0
3185
25
65521
65492
0
3210
25
65521
65492
0
3233
25
65521
65492
0
3257
26
65521
65492
0
3281
26
65521
65492
0
3305
26
65521
65492
0
3329
25
65521
65492
0
3353
25
65521
65492
0
3377
25
65521
65492
0
3400
25
65521
65492
0
3425
25
65521
65492
0
3448
26
65521
65492
0
3473
26
65521
65492
0
3496
26
65521
65492
0
3520
26
65521
65492
0
3545
26
65521
65492
0
3568
26
65521
65492
0
3592
26
65521
65492
0
3616
26
65521
65492
0
3640
26
65521
65492
0
3663
26
65521
65492
0
3688
26
65521
65492
0
3712
26
65521
65492
0
3735
25
65521
65492
0
3760
25
65521
65492
0
3783
25
65521
65492
0
3808
26
65521
65492
0
3831
26
65521
65492
0
3855
26
65521
65492
0
3879
26
65521
65492
0
3903
26
65521
65492
0
3927
25
65521
65492
0
3951
25
65521
65492
0
3975
25
65521
65492
0
3998
26
65521
65492
0
4023
26
65521
65492
0
4046
26
65521
65492
0
4071
26
65521
65492
0
4094
26
65521
65492
0
4118
26
65521
65492
0
4143
26
65521
65492
0
4166
26
65521
65492
0
4190
26
65521
65492
0
4214
26
65521
65492
0
4238
26
65521
65492
0
4261
26
65521
65492
0
4286
25
65521
65492
0
4310
25
65521
65492
0
4333
26
65521
65492
0
4358
26
65521
65492
0
4381
26
65521
65492
0
4406
26
65521
65492
0
4429
26
65521
65492
0
4453
26
65521
65492
0
4477
25
65521
65492
0
4501
25
65521
65492
0
4525
25
65521
65492
0
4549
25
65521
65492
0
4573
25
65521
65492
0
4596
25
65521
65492
0
4621
25
65521
65492
0
4644
25
65521
65492
0
4669
25
65521
65492
0
4692
26
65521
65492
0
4716
26
65521
65492
0
4741
26
65521
65492
0
4764
26
65521
65492
0
4788
26
65521
65492
0
4812
26
65521
65492
0
4836
26
65521
65492
0
4859
26
65521
65492
0
4884
26
65521
65492
0
4908
26
65521
65492
0
4931
26
65521
65492
0
4956
26
65521
65492
0
4979
26
65521
65492
0
5004
26
65521
65492
0
5027
26
65521
65492
0
5051
26
65521
65492
0
5075
26
65521
65492
0
5099
26
65521
65492
0
5123
26
65521
65492
0
5147
26
65521
65492
0
5171
25
65521
65492
0
5194
25
65521
65492
0
5219
25
65521
65492
0
5242
25
65521
65492
0
5266
25
65521
65492
0
5291
26
65521
65492
0
5314
26
65521
65492
0
5339
26
65521
65492
0
5362
26
65521
65492
0
5386
26
65521
65492
0
5410
26
65521
65492
0
5434
26
65521
65492
0
5457
26
65521
65492
0
5482
26
65521
65492
0
5506
26
65521
65492
0
5529
26
65521
65492
0
5554
26
65521
65492
0
5577
25
65521
65492
0
5602
25
65521
65492
0
5625
26
65521
65492
0
5649
26
65521
65492
0
5673
26
65521
65492
0
5697
25
65521
65492
0
5721
25
65521
65492
0
5745
25
65521
65492
0
5769
26
65521
65492
0
5792
26
65521
65492
0
5817
26
65521
65492
0
5840
26
65521
65492
0
5864
26
65521
65492
0
5889
26
65521
65492
0
5912
26
65521
65492
0
5937
26
65521
65492
0
5960
26
65521
65492
0
5984
25
65521
65492
0
6008
25
65521
65492
0
6032
25
65521
65492
0
6055
26
65521
65492
0
6080
26
65521
65492
0
6104
26
65521
65492
0
6127
26
65521
65492
0
6152
26
65521
65492
0
6175
26
65521
65492
0
6200
26
65521
65492
0
6223
26
65521
65492
0
6247
25
65521
65492
0
6272
25
65521
65492
0
6295
25
65521
65492
0
6319
26
65521
65492
0
6343
26
65521
65492
0
6367
26
65521
65492
0
6390
26
65521
65492
0
6415
26
65521
65492
0
6438
26
65521
65492
0
6462
26
65521
65492
0
6487
26
65521
65492
0
6510
26
65521
65492
0
6535
25
65521
65493
0
6558
25
65521
65493
0
6582
25
65521
65492
0
6606
25
65521
65492
0
6630
25
65521
65492
0
6653
25
65521
65492
0
6678
25
65521
65492
0
6702
25
65521
65492
0
6725
26
65521
65492
0
6750
26
65521
65492
0
6773
26
65521
65492
0
6797
25
65521
65492
0
6821
25
65521
65492
0
6845
25
65521
65492
0
6870
25
65521
65492
0
6893
25
65521
65492
0
6917
25
65521
65492
0
6941
26
65521
65492
0
6965
26
65521
65492
0
6988
26
65521
65492
0
7013
26
65521
65492
0
7036
26
65521
65492
0
7060
25
65521
65492
0
7085
25
65521
65492
0
7108
25
65521
65492
0
7133
25
65521
65492
0
7156
25
65521
65492
0
7180
25
65521
65492
0
7204
26
65521
65492
0
7228
26
65521
65492
0
7251
26
65521
65492
0
7276
25
65521
65492
0
7300
25
65521
65492
0
7323
25
65521
65492
0
7348
26
65521
65492
0
7371
26
65521
65492
0
7395
26
65521
65492
0
7419
26
65521
65492
0
7443
26
65521
65492
0
7468
25
65521
65492
0
7491
25
65521
65492
0
7515
25
65521
65492
0
7539
26
65521
65492
0
7563
26
65521
65492
0
7586
26
65521
65492
0
7611
25
65521
65492
0
7634
25
65521
65492
0
7658
25
65521
65492
0
7683
26
65521
65492
0
7706
26
65521
65492
0
7731
26
65521
65492
0
7754
25
65521
65492
0
7778
25
65521
65492
0
7802
25
65521
65492
0
7826
26
65521
65492
0
7849
26
65521
65492
0
7874
25
65521
65492
0
7898
25
65521
65492
0
7921
25
65521
65492
0
7946
26
65521
65492
0
7969
26
65521
65492
0
7993
26
65521
65492
0
8017
26
65521
65492
0
8041
26
65521
65492
0
8066
26
65521
65492
0
8089
25
65521
65492
0
8113
25
65521
65492
0
8137
25
65521
65492
0
8161
26
65521
65492
0
8184
26
65521
65492
0
8209
26
65521
65492
0
8232
26
65521
65492
0
8256
26
65521
65492
0
8281
26
65521
65492
0
8304
26
65521
65492
0
8328
26
65521
65492
0
8352
26
65521
65492
0
8376
26
65521
65492
0
8400
26
65521
65492
0
8424
26
65521
65492
0
8448
26
65521
65492
0
8472
26
65521
65492
0
8496
26
65521
65492
0
8519
26
65521
65492
0
8544
26
65521
65492
0
8567
25
65521
65492
0
8591
25
65521
65492
0
8615
25
65521
65492
0
8639
25
65521
65492
0
8664
25
65521
65492
0
8687
25
65521
65492
0
8711
26
65521
65492
0
8735
26
65521
65492
0
8759
26
65521
65492
0
8782
26
65521
65492
0
8807
26
65521
65492
0
8830
25
65521
65492
0
8854
25
65521
65492
0
8879
25
65521
65492
0
8902
26
65521
65492
0
8926
26
65521
65492
0
8950
26
65521
65492
0
8974
25
65521
65492
0
8998
25
65521
65492
0
9022
25
65521
65492
0
9046
26
65521
65492
0
9070
26
65521
65492
0
9094
26
65521
65492
0
9117
25
65521
65492
0
9142
25
65521
65492
0
9165
25
65521
65492
0
9189
26
65521
65492
0
9213
26
65521
65492
0
9237
26
65521
65492
0
9262
26
65521
65492
0
9285
26
65521
65492
0
9309
25
65521
65492
0
9333
25
65521
65492
0
9357
25
65521
65492
0
9380
25
65521
65492
0
9405
25
65521
65492
0
9428
25
65521
65492
0
9452
26
65521
65492
0
9477
26
65521
65492
0
9500
26
65521
65492
0
9524
25
65521
65492
0
9548
25
65521
65492
0
9572
25
65521
65492
0
9596
25
65521
65492
0
9620
25
65521
65492
0
9644
25
65521
65492
0
9668
26
65521
65492
0
9692
26
65521
65492
0
9715
25
65521
65492
0
9740
25
65521
65492
0
9763
25
65521
65492
0
9787
25
65521
65492
0
9811
25
65521
65492
0
9835
25
65521
65492
0
9859
25
65521
65492
0
9883
25
65521
65492
0
9907
25
65521
65492
0
9931
26
65521
65492
0
9955
26
65521
65492
0
9978
26
65521
65492
0
10003
25
65521
65492
0
10028
25
65521
65492
0
10052
25
65521
65492
0
10078
25
65521
65492
0
10102
25
65521
65492
0
10128
25
65521
65492
0
10152
25
65521
65492
0
10177
25
65521
65492
0
10203
26
65521
65492
0
10227
26
65521
65492
0
10252
26
65521
65492
0
10277
25
65521
65492
0
10302
25
65521
65492
0
10328
25
65521
65492
0
10352
25
65521
65492
0
10377
25
65521
65492
0
10402
25
65521
65492
0
10427
25
65521
65492
0
10451
25
65521
65492
0
10477
26
65521
65492
0
10502
26
65521
65492
0
10527
26
65521
65492
0
10552
25
65521
65492
0
10576
25
65521
65492
0
10602
26
65521
65492
0
10627
26
65521
65492
0
10651
26
65521
65492
0
10677
26
65521
65493
0
10701
26
65521
65493
0
10727
26
65521
65493
0
10752
26
65521
65492
0
10776
26
65521
65492
0
10802
26
65521
65492
0
10826
25
65521
65492
0
10851
25
65521
65492
0
10876
25
65521
65492
0
10901
25
65521
65492
0
10927
25
65521
65492
0
10951
26
65521
65492
0
10976
26
65521
65492
0
11001
26
65521
65492
0
11026
25
65521
65492
0
11051
25
65521
65492
0
11076
25
65521
65492
0
11101
25
65521
65492
0
11126
25
65521
65492
0
11151
26
65521
65492
0
11175
26
65521
65492
0
11201
26
65521
65492
0
11226
25
65521
65492
0
11250
25
65521
65492
0
11276
25
65521
65492
0
11300
25
65521
65493
0
11326
25
65521
65493
0
11351
25
65521
65492
0
11375
25
65521
65492
0
11401
25
65521
65492
0
11425
25
65521
65492
0
11450
25
65521
65492
0
11475
25
65521
65492
0
11500
26
65521
65492
0
11526
26
65521
65492
0
11550
26
65521
65492
0
11575
25
65521
65493
0
11600
25
65521
65493
0
11625
25
65521
65492
0
11650
25
65521
65492
0
11675
25
65521
65492
0
11700
26
65521
65492
0
11725
26
65521
65492
0
11750
26
65521
65492
0
11774
25
65521
65492
0
11800
25
65521
65492
0
11825
26
65521
65491
0
11849
26
65521
65491
0
11875
26
65521
65491
0
11899
25
65521
65492
0
11925
25
65521
65492
0
11950
25
65521
65492
0
11974
25
65521
65493
0
12000
25
65521
65493
0
12024
25
65521
65493
0
12049
26
65521
65492
0
12075
26
65521
65492
0
12099
25
65521
65492
0
12125
25
65521
65492
0
12149
25
65521
65492
0
12174
25
65521
65492
0
12199
25
65521
65492
0
12224
25
65521
65492
0
12249
25
65521
65492
0
12274
25
65521
65492
0
12299
25
65521
65492
0
12324
26
65521
65493
0
12349
26
65521
65493
0
12374
26
65521
65492
0
12399
26
65521
65492
0
12424
26
65521
65492
0
12448
25
65521
65492
0
12474
25
65521
65492
0
12498
25
65521
65492
0
12524
25
65521
65492
0
12549
25
65521
65492
0
12573
25
65521
65492
0
12599
25
65521
65492
0
12623
25
65521
65492
0
12648
25
65521
65492
0
12674
25
65521
65492
0
12698
25
65521
65492
0
12724
26
65521
65492
0
12748
26
65521
65492
0
12773
26
65521
65492
0
12798
26
65521
65492
0
12823
26
65521
65492
0
12848
25
65521
65492
0
12873
25
65521
65492
0
12898
25
65521
65492
0
12923
25
65521
65492
0
12948
25
65521
65492
0
12973
25
65521
65492
0
12998
26
65521
65492
0
13023
26
65521
65492
0
13047
26
65521
65492
0
13073
25
65521
65492
0
13097
25
65521
65492
0
13123
25
65521
65492
0
13148
25
65521
65492
0
13172
25
65521
65492
0
13198
25
65521
65492
0
13222
25
65521
65492
0
13247
25
65521
65492
0
13273
26
65521
65492
0
13297
26
65521
65492
0
13323
26
65521
65492
0
13347
25
65521
65493
0
13372
25
65521
65493
0
13398
25
65521
65492
0
13422
25
65521
65492
0
13447
25
65521
65492
0
13472
26
65521
65492
0
13497
26
65521
65492
0
13522
26
65521
65492
0
13547
25
65521
65492
0
13572
25
65521
65492
0
13597
26
65521
65492
0
13622
26
65521
65492
0
13646
26
65521
65492
0
13672
26
65521
65492
0
13697
26
65521
65492
0
13722
26
65521
65492
0
13747
26
65521
65492
0
13771
26
65521
65492
0
13797
26
65521
65492
0
13821
25
65521
65492
0
13846
25
65521
65492
0
13872
25
65521
65492
0
13896
25
65521
65492
0
13922
25
65521
65492
0
13946
25
65521
65492
0
13971
25
65521
65492
0
13997
25
65521
65492
0
14021
26
65521
65492
0
14046
26
65521
65492
0
14071
26
65521
65492
0
14096
26
65521
65492
0
14121
26
65521
65492
0
14146
25
65521
65492
0
14171
25
65521
65492
0
14196
25
65521
65492
0
14221
25
65521
65492
0
14245
25
65521
65492
0
14271
25
65521
65492
0
14296
25
65521
65492
0
14321
25
65521
65492
0
14346
26
65521
65492
0
14370
26
65521
65492
0
14396
26
65521
65492
0
14420
25
65521
65492
0
14445
25
65521
65492
0
14471
25
65521
65492
0
14495
26
65521
65492
0
14521
26
65521
65492
0
14545
26
65521
65492
0
14570
25
65521
65492
0
14596
25
65521
65492
0
14620
26
65521
65492
0
14645
26
65521
65492
0
14670
26
65521
65492
0
14695
26
65521
65492
0
14721
26
65521
65492
0
14745
26
65521
65492
0
14770
25
65521
65492
0
14795
25
65521
65492
0
14820
25
65521
65492
0
14844
25
65521
65492
0
14870
25
65521
65492
0
14895
26
65521
65492
0
14920
26
65521
65492
0
14945
26
65521
65492
0
14969
25
65521
65492
0
14995
25
65521
65492
0
15020
25
65521
65492
0
15044
25
65521
65492
0
15070
25
65521
65492
0
15094
25
65521
65492
0
15120
25
65521
65492
0
15144
25
65521
65492
0
15169
26
65521
65492
0
15195
26
65521
65492
0
15219
26
65521
65492
0
15244
26
65521
65492
0
15269
26
65521
65492
0
15294
26
65521
65492
0
15320
25
65521
65492
0
15344
25
65521
65492
0
15369
26
65521
65492
0
15394
26
65521
65492
0
15419
26
65521
65492
0
15443
25
65521
65492
0
15469
25
65521
65492
0
15494
25
65521
65492
0
15519
25
65521
65492
0
15544
25
65521
65492
0
15568
25
65521
65492
0
15594
26
65521
65492
0
15619
26
65521
65492
0
15643
26
65521
65492
0
15669
26
65521
65492
0
15693
26
65521
65492
0
15719
26
65521
65492
0
15744
26
65521
65492
0
15768
26
65521
65492
0
15794
25
65521
65492
0
15818
25
65521
65492
0
15843
25
65521
65492
0
15868
25
65521
65492
0
15893
25
65521
65492
0
15919
25
65521
65493
0
15943
25
65521
65493
0
15968
25
65521
65493
0
15993
25
65521
65492
0
16018
25
65521
65492
0
16043
25
65521
65492
0
16068
25
65521
65492
0
16093
25
65521
65492
0
16118
25
65521
65492
0
16143
25
65521
65492
0
16167
25
65521
65492
0
16193
25
65521
65492
0
16218
25
65521
65492
0
16242
25
65521
65492
0
16268
25
65521
65492
0
16292
25
65521
65492
0
16318
25
65521
65492
0
16343
25
65521
65492
0
16367
25
65521
65492
0
16393
25
65521
65492
0
16417
25
65521
65492
0
16442
25
65521
65492
0
16467
25
65521
65492
0
16492
25
65521
65492
0
16518
25
65521
65492
0
16542
25
65521
65492
0
16567
25
65521
65492
0
16592
25
65521
65492
0
16617
25
65521
65493
0
16642
25
65521
65493
0
16667
25
65521
65492
0
16692
25
65521
65492
0
16717
25
65521
65492
0
16742
25
65521
65493
0
16766
25
65521
65493
0
16792
25
65521
65493
0
16817
25
65521
65492
0
16841
25
65521
65492
0
16867
25
65521
65493
0
16891
25
65521
65493
0
16917
25
65521
65493
0
16942
25
65521
65492
0
16966
25
65521
65492
0
16992
25
65521
65492
0
17016
25
65521
65492
0
17041
25
65521
65492
0
17067
25
65521
65492
0
17091
25
65521
65493
0
17117
25
65521
65493
0
17141
25
65521
65493
0
17166
25
65521
65493
0
17191
25
65521
65493
0
17216
25
65521
65493
0
17241
25
65521
65493
0
17266
25
65521
65493
0
17291
25
65521
65493
0
17316
25
65521
65493
0
17341
25
65521
65493
0
17366
25
65521
65493
0
17391
25
65521
65493
0
17416
24
65521
65493
0
17440
24
65521
65493
0
17466
24
65521
65493
0
17490
24
65521
65493
0
17516
24
65521
65493
0
17541
24
65521
65493
0
17565
24
65521
65493
0
17591
24
65521
65493
0
17615
24
65521
65493
0
17640
24
65521
65493
0
17666
24
65521
65493
0
17690
23
65521
65492
0
17716
23
65521
65492
0
17740
23
65521
65492
0
17765
23
65520
65493
0
17790
23
65520
65493
0
17815
23
65520
65493
0
17840
23
65521
65493
0
17865
23
65521
65493
0
17890
22
65520
65493
0
17915
22
65520
65493
0
17940
22
65520
65493
0
17965
22
65520
65494
0
17990
22
65520
65494
0
18015
22
65520
65494
0
18039
21
65519
65494
0
18065
21
65519
65494
0
18089
21
65519
65494
0
18115
20
65519
65494
0
18140
20
65519
65494
0
18164
18
65518
65493
0
18190
18
65518
65493
0
18214
18
65518
65493
0
18239
15
65517
65493
0
18265
15
65517
65493
0
18289
15
65517
65493
0
18315
11
65515
65491
0
18339
11
65515
65491
0
18364
11
65515
65491
0
18390
10
65511
65486
0
18414
10
65511
65486
0
18439
12
65508
65479
0
18464
12
65508
65479
0
18489
12
65508
65479
0
18514
20
65508
65476
0
18539
20
65508
65476
0
18564
20
65508
65476
0
18589
28
65509
65477
0
18614
28
65509
65477
0
18638
28
65509
65477
0
18664
28
65509
65477
0
18689
28
65509
65477
0
18714
24
65513
65486
0
18739
24
65513
65486
0
18763
24
65513
65486
0
18789
20
65515
65487
0
18813
20
65515
65487
0
18838
20
65515
65487
0
18864
19
65518
65483
0
18888
19
65518
65483
0
18914
22
65521
65480
0
18938
22
65521
65480
0
18963
22
65521
65480
0
18989
26
65523
65486
0
19013
26
65523
65486
0
19038
26
65523
65486
0
19063
20
65524
65491
0
19088
20
65524
65491
0
19113
20
65524
65491
0
19138
17
65523
65488
0
19163
17
65523
65488
0
19188
20
65516
65481
0
19213
20
65516
65481
0
19237
20
65516
65481
0
19263
27
65512
65482
0
19288
27
65512
65482
0
19313
27
65512
65482
0
19338
28
65508
65485
0
19362
28
65508
65485
0
19388
28
65506
65487
0
19412
28
65506
65487
0
19437
28
65506
65487
0
19463
29
65506
65486
0
19487
29
65506
65486
0
19513
29
65506
65486
0
19537
29
65507
65485
0
19562
29
65507
65485
0
19588
29
65507
65485
0
19612
31
65509
65484
0
19637
31
65509
65484
0
19662
31
65510
65484
0
19687
31
65510
65484
0
19713
31
65510
65484
0
19737
31
65512
65484
0
19762
31
65512
65484
0
19787
31
65512
65484
0
19812
32
65513
65484
0
19836
32
65513
65484
0
19862
32
65513
65484
0
19887
32
65513
65484
0
19912
32
65513
65484
0
19937
32
65514
65484
0
19961
32
65514
65484
0
19987
32
65514
65484
0
20012
32
65514
65484
0
20036
32
65514
65484
0
20062
32
65514
65484
0
20086
32
65514
65484
0
20112
32
65514
65484
0
20136
32
65514
65484
0
20161
32
65514
65484
0
20187
32
65514
65484
0
20211
33
65515
65484
0
20236
33
65515
65484
0
20261
33
65515
65484
0
20286
32
65515
65485
0
20312
32
65515
65485
0
20336
32
65515
65485
0
20361
32
65515
65485
0
20386
32
65515
65485
0
20411
33
65515
65485
0
20435
33
65515
65485
0
20461
33
65515
65485
0
20486
33
65515
65485
0
20511
33
65515
65485
0
20536
33
65515
65485
0
20560
33
65515
65485
0
20586
33
65515
65485
0
20611
33
65515
65485
0
20635
33
65515
65485
0
20661
33
65515
65485
0
20685
33
65516
65485
0
20711
33
65516
65485
0
20736
33
65516
65485
0
20760
34
65516
65485
0
20786
34
65516
65485
0
20810
34
65516
65485
0
20835
34
65516
65485
0
20860
34
65516
65485
0
20885
34
65516
65485
0
20911
33
65516
65485
0
20935
33
65516
65485
0
20960
34
65516
65484
0
20985
34
65516
65484
0
21010
34
65516
65484
0
21035
34
65516
65485
0
21060
34
65516
65485
0
21085
34
65516
65485
0
21110
34
65516
65484
0
21135
34
65516
65484
0
21159
34
65517
65484
0
21185
34
65517
65484
0
21210
34
65517
65484
0
21234
33
65517
65484
0
21260
33
65517
65484
0
21284
33
65517
65484
0
21310
34
65517
65485
0
21335
34
65517
65485
0
21359
34
65517
65485
0
21385
34
65517
65484
0
21409
34
65517
65484
0
21434
34
65517
65485
0
21459
34
65517
65485
0
21484
34
65517
65485
0
21510
33
65517
65484
0
21534
33
65517
65484
0
21559
33
65517
65484
0
21584
33
65516
65484
0
21609
33
65516
65484
0
21634
33
65516
65484
0
21659
33
65516
65484
0
21684
33
65516
65484
0
21709
33
65516
65484
0
21734
33
65516
65484
0
21758
33
65516
65484
0
21784
32
65515
65484
0
21809
32
65515
65484
0
21833
32
65515
65484
0
21859
32
65515
65484
0
21883
32
65515
65484
0
21909
32
65515
65484
0
21934
32
65515
65484
0
21958
32
65515
65484
0
21984
32
65515
65484
0
22008
32
65515
65484
0
22033
32
65515
65484
0
22059
32
65515
65484
0
22083
32
65515
65484
0
22109
32
65515
65484
0
22133
32
65515
65484
0
22158
32
65515
65484
0
22183
32
65515
65483
0
22208
32
65515
65483
0
22233
32
65515
65483
0
22258
32
65514
65483
0
22283
32
65514
65483
0
22308
32
65514
65483
0
22333
32
65514
65483
0
22358
32
65514
65483
0
22383
32
65514
65483
0
22408
32
65513
65484
0
22432
32
65513
65484
0
22458
32
65512
65483
0
22482
32
65512
65483
0
22508
32
65512
65483
0
22533
32
65510
65483
0
22557
32
65510
65483
0
22583
32
65510
65483
0
22607
30
65509
65482
0
22632
30
65509
65482
0
22658
30
65509
65482
0
22682
30
65508
65482
0
22708
30
65508
65482
0
22732
30
65506
65482
0
22757
30
65506
65482
0
22782
30
65506
65482
0
22807
29
65505
65482
0
22832
29
65505
65482
0
22857
29
65505
65482
0
22882
28
65506
65482
0
22907
28
65506
65482
0
22932
27
65507
65481
0
22957
27
65507
65481
0
22982
27
65507
65481
0
23007
26
65510
65480
0
23031
26
65510
65480
0
23057
26
65510
65480
0
23081
22
65512
65479
0
23107
22
65512
65479
0
23132
22
65512
65479
0
23156
16
65515
65482
0
23182
16
65515
65482
0
23206
16
65519
65490
0
23231
16
65519
65490
0
23257
16
65519
65490
0
23281
20
65519
65492
0
23307
20
65519
65492
0
23331
20
65519
65492
0
23356
23
65518
65492
0
23382
23
65518
65492
0
23406
23
65518
65492
0
23431
25
65515
65489
0
23456
25
65515
65489
0
23481
24
65516
65485
0
23506
24
65516
65485
0
23531
24
65516
65485
0
23556
21
65518
65484
0
23581
21
65518
65484
0
23606
21
65518
65484
0
23630
21
65520
65481
0
23656
21
65520
65481
0
23681
21
65520
65483
0
23706
21
65520
65483
0
23731
21
65520
65483
0
23755
21
65519
65483
0
23781
21
65519
65483
0
23805
21
65519
65483
0
23830
22
65518
65483
0
23856
22
65518
65483
0
23880
22
65518
65483
0
23906
24
65517
65483
0
23930
24
65517
65483
0
23955
26
65517
65483
0
23981
26
65517
65483
0
24005
26
65517
65483
0
24030
27
65517
65482
0
24055
27
65517
65482
0
24080
27
65517
65482
0
24105
30
65517
65482
0
24130
30
65517
65482
0
24155
30
65517
65482
0
24180
30
65515
65481
0
24205
30
65515
65481
0
24229
30
65515
65480
0
24255
30
65515
65480
0
24280
30
65515
65480
0
24305
29
65514
65479
0
24330
29
65514
65479
0
24354
29
65514
65479
0
24380
25
65513
65479
0
24404
25
65513
65479
0
24429
25
65513
65479
0
24455
25
65513
65479
0
24479
25
65513
65479
0
24505
30
65516
65478
0
24529
30
65516
65478
0
24554
30
65516
65478
0
24580
27
65516
65477
0
24604
27
65516
65477
0
24629
27
65516
65477
0
24654
27
65516
65477
0
24679
27
65516
65477
0
24705
29
65518
65480
0
24729
29
65518
65480
0
24754
29
65518
65480
0
24779
27
65518
65480
0
24804
27
65518
65480
0
24828
27
65518
65480
0
24854
25
65518
65481
0
24879
25
65518
65481
0
24904
25
65518
65481
0
24929
23
65519
65480
0
24953
23
65519
65480
0
24979
22
65520
65480
0
25004
22
65520
65480
0
25028
22
65520
65480
0
25054
22
65521
65480
0
25078
22
65521
65480
0
25104
22
65521
65480
0
25128
22
65520
65481
0
25153
22
65520
65481
0
25179
22
65520
65481
0
25203
25
65517
65486
0
25228
25
65517
65486
0
25253
22
65519
65491
0
25278
22
65519
65491
0
25304
22
65519
65491
0
25328
17
65518
65488
0
25353
17
65518
65488
0
25378
17
65518
65488
0
25403
21
65513
65479
0
25427
21
65513
65479
0
25453
21
65513
65479
0
25478
21
65513
65479
0
25503
21
65513
65479
0
25528
28
65506
65480
0
25552
28
65506
65480
0
25578
28
65506
65480
0
25603
30
65507
65480
0
25627
30
65507
65480
0
25653
30
65507
65480
0
25677
32
65509
65481
0
25703
32
65509
65481
0
25728
33
65512
65482
0
25752
33
65512
65482
0
25778
33
65512
65482
0
25802
32
65514
65482
0
25827
32
65514
65482
0
25852
32
65514
65482
0
25877
32
65515
65483
0
25903
32
65515
65483
0
25927
32
65515
65483
0
25952
32
65515
65483
0
25977
32
65515
65483
0
26002
33
65515
65483
0
26027
33
65515
65483
0
26052
33
65515
65483
0
26077
34
65517
65485
0
26102
34
65517
65485
0
26127
34
65517
65485
0
26151
33
65519
65487
0
26177
33
65519
65487
0
26202
33
65519
65487
0
26226
33
65519
65487
0
26252
33
65519
65487
0
26276
31
65518
65483
0
26302
31
65518
65483
0
26327
31
65518
65483
0
26351
34
65517
65481
0
26377
34
65517
65481
0
26401
34
65517
65481
0
26426
38
65518
65481
0
26451
38
65518
65481
0
26476
39
65519
65485
0
26502
39
65519
65485
0
26526
39
65519
65485
0
26551
39
65520
65489
0
26576
39
65520
65489
0
26601
39
65520
65489
0
26626
37
65520
65490
0
26651
37
65520
65490
0
26676
37
65520
65490
0
26701
36
65519
65490
0
26726
36
65519
65490
0
26750
36
65519
65490
0
26776
36
65519
65490
0
26801
36
65519
65490
0
26825
37
65519
65491
0
26851
37
65519
65491
0
26875
37
65519
65491
0
26901
37
65520
65492
0
26926
37
65520
65492
0
26950
37
65520
65492
0
26976
37
65521
65494
0
27000
37
65521
65494
0
27025
36
65522
65495
0
27051
36
65522
65495
0
27075
36
65522
65495
0
27101
36
65522
65496
0
27125
36
65522
65496
0
27150
36
65522
65496
0
27175
35
65522
65497
0
27200
35
65522
65497
0
27225
35
65522
65497
0
27250
35
65522
65497
0
27275
35
65522
65497
0
27300
34
65523
65497
0
27325
34
65523
65497
0
27350
34
65523
65497
0
27375
34
65523
65498
0
27400
34
65523
65498
0
27424
34
65523
65498
0
27450
33
65523
65498
0
27474
33
65523
65498
0
27500
33
65523
65498
0
27525
33
65523
65498
0
27549
33
65523
65498
0
27575
33
65523
65498
0
27599
33
65523
65498
0
27624
33
65523
65498
0
27650
33
65523
65498
0
27674
33
65523
65498
0
27700
33
65523
65498
0
27724
33
65523
65498
0
27749
33
65523
65498
0
27774
33
65524
65498
0
27799
33
65524
65498
0
27824
33
65524
65498
0
27849
33
65523
65498
0
27874
33
65523
65498
0
27899
33
65523
65498
0
27924
33
65524
65498
0
27949
33
65524
65498
0
27974
33
65524
65498
0
27999
33
65524
65498
0
28023
33
65524
65498
0
28049
34
65523
65497
0
28073
34
65523
65497
0
28099
34
65523
65497
0
28124
34
65523
65497
0
28148
34
65523
65497
0
28174
34
65523
65497
0
28198
35
65523
65497
0
28223
35
65523
65497
0
28249
35
65523
65496
0
28273
35
65523
65496
0
28299
35
65523
65496
0
28323
36
65522
65496
0
28348
36
65522
65496
0
28374
36
65522
65496
0
28398
36
65522
65495
0
28423
36
65522
65495
0
28448
36
65522
65495
0
28473
37
65521
65494
0
28498
37
65521
65494
0
28523
37
65520
65492
0
28548
37
65520
65492
0
28573
37
65520
65492
0
28598
37
65520
65491
0
28622
37
65520
65491
0
28648
37
65520
65491
0
28673
36
65520
65490
0
28698
36
65520
65490
0
28723
36
65520
65490
0
28747
36
65520
65490
0
28773
36
65520
65490
0
28797
37
65520
65489
0
28822
37
65520
65489
0
28848
37
65520
65489
0
28872
38
65520
65488
0
28898
38
65520
65488
0
28922
38
65520
65488
0
28947
39
65519
65486
0
28973
39
65519
65486
0
28997
39
65518
65483
0
29022
39
65518
65483
0
29047
39
65518
65483
0
29072
37
65518
65481
0
29097
37
65518
65481
0
29122
37
65518
65481
0
29147
34
65517
65481
0
29172
34
65517
65481
0
29197
34
65517
65481
0
29221
31
65518
65483
0
29247
31
65518
65483
0
29272
31
65519
65485
0
29297
31
65519
65485
0
29322
31
65519
65485
0
29346
32
65519
65487
0
29372
32
65519
65487
0
29396
32
65519
65487
0
29421
34
65518
65486
0
29447
34
65518
65486
0
29471
34
65518
65486
0
29497
34
65516
65484
0
29521
34
65516
65484
0
29546
33
65515
65483
0
29572
33
65515
65483
0
29596
33
65515
65483
0
29621
32
65515
65483
0
29646
32
65515
65483
0
29671
32
65515
65483
0
29697
32
65515
65483
0
29721
32
65515
65483
0
29746
32
65514
65482
0
29771
32
65514
65482
0
29796
32
65514
65482
0
29820
32
65514
65482
0
29846
32
65514
65482
0
29871
32
65514
65482
0
29896
32
65512
65482
0
29921
32
65512
65482
0
29945
32
65512
65482
0
29971
32
65509
65481
0
29996
32
65509
65481
0
30020
31
65506
65481
0
30046
31
65506
65481
0
30070
31
65506
65481
0
30096
30
65505
65481
0
30120
30
65505
65481
0
30145
30
65505
65481
0
30171
28
65506
65480
0
30195
28
65506
65480
0
30220
28
65506
65480
0
30245
26
65509
65479
0
30270
26
65509
65479
0
30296
18
65513
65479
0
30320
18
65513
65479
0
30345
18
65513
65479
0
30370
17
65517
65490
0
30395
17
65517
65490
0
30419
17
65517
65490
0
30445
22
65517
65491
0
30470
22
65517
65491
0
30495
22
65517
65491
0
30520
22
65517
65491
0
30544
22
65517
65491
0
30570
23
65516
65484
0
30595
23
65516
65484
0
30619
23
65516
65484
0
30645
21
65519
65482
0
30669
21
65519
65482
0
30695
21
65519
65482
0
30720
21
65520
65481
0
30744
21
65520
65481
0
30770
22
65520
65482
0
30794
22
65520
65482
0
30819
22
65520
65482
0
30844
22
65519
65481
0
30869
22
65519
65481
0
30895
22
65519
65481
0
30919
23
65518
65481
0
30944
23
65518
65481
0
30969
23
65518
65481
0
30994
23
65518
65483
0
31019
23
65518
65483
0
31044
25
65518
65483
0
31069
25
65518
65483
0
31094
25
65518
65483
0
31119
26
65518
65484
0
31143
26
65518
65484
0
31169
26
65518
65484
0
31194
26
65517
65483
0
31218
26
65517
65483
0
31244
26
65517
65483
0
31268
26
65517
65483
0
31294
26
65517
65483
0
31319
27
65518
65482
0
31343
27
65518
65482
0
31369
27
65518
65482
0
31393
26
65517
65482
0
31418
26
65517
65482
0
31443
26
65517
65482
0
31468
26
65517
65481
0
31494
26
65517
65481
0
31518
26
65517
65481
0
31543
26
65517
65481
0
31568
26
65517
65481
0
31593
26
65519
65485
0
31618
26
65519
65485
0
31643
26
65519
65485
0
31668
24
65518
65480
0
31693
24
65518
65480
0
31718
24
65518
65480
0
31742
24
65520
65484
0
31768
24
65520
65484
0
31793
22
65521
65481
0
31817
22
65521
65481
0
31843
22
65521
65481
0
31867
22
65521
65481
0
31893
22
65521
65481
0
31918
22
65521
65481
0
31942
21
65521
65482
0
31968
21
65521
65482
0
31992
21
65521
65482
0
32017
22
65519
65483
0
32043
22
65519
65483
0
32067
25
65516
65485
0
32093
25
65516
65485
0
32117
25
65516
65485
0
32142
24
65517
65488
0
32167
24
65517
65488
0
32192
24
65517
65488
0
32217
17
65518
65490
0
32242
17
65518
65490
0
32267
19
65513
65480
0
32292
19
65513
65480
0
32317
19
65513
65480
0
32342
26
65509
65479
0
32367
26
65509
65479
0
32392
26
65509
65479
0
32416
28
65506
65479
0
32442
28
65506
65479
0
32466
28
65506
65479
0
32492
30
65507
65479
0
32517
30
65507
65479
0
32541
32
65510
65480
0
32567
32
65510
65480
0
32591
32
65510
65480
0
32616
32
65512
65481
0
32642
32
65512
65481
0
32666
32
65512
65481
0
32692
32
65515
65482
0
32716
32
65515
65482
0
32741
32
65515
65482
0
32766
32
65515
65482
0
32791
32
65515
65482
0
32816
33
65515
65483
0
32841
33
65515
65483
0
32866
33
65515
65483
0
32891
34
65519
65486
0
32916
34
65519
65486
0
32941
34
65519
65486
0
32966
30
65519
65485
0
32991
30
65519
65485
0
33015
30
65519
65485
0
33041
34
65517
65480
0
33065
34
65517
65480
0
33091
39
65519
65483
0
33116
39
65519
65483
0
33140
39
65519
65483
0
33166
37
65520
65489
0
33190
37
65520
65489
0
33215
37
65520
65489
0
33241
37
65520
65490
0
33265
37
65520
65490
0
33291
36
65522
65496
0
33315
36
65522
65496
0
33340
36
65522
65496
0
33366
31
65524
65498
0
33390
31
65524
65498
0
33415
31
65524
65498
0
33440
29
65523
65498
0
33465
29
65523
65498
0
33490
29
65523
65498
0
33515
29
65521
65497
0
33540
29
65521
65497
0
33565
29
65519
65497
0
33590
29
65519
65497
0
33614
29
65519
65497
0
33640
28
65519
65498
0
33665
28
65519
65498
0
33690
28
65519
65498
0
33715
27
65519
65497
0
33739
27
65519
65497
0
33765
27
65519
65497
0
33789
26
65520
65496
0
33814
26
65520
65496
0
33840
25
65520
65495
0
33864
25
65520
65495
0
33890
25
65520
65495
0
33914
25
65520
65494
0
33939
25
65520
65494
0
33965
25
65520
65494
0
33989
25
65521
65494
0
34014
25
65521
65494
0
34039
25
65521
65494
0
34064
25
65521
65494
0
34089
25
65521
65494
0
34114
25
65521
65493
0
34139
25
65521
65493
0
34164
25
65521
65493
0
34189
25
65521
65493
0
34213
25
65521
65493
0
34239
25
65521
65493
0
34264
25
65521
65493
0
34289
25
65521
65493
0
34314
25
65521
65493
0
34338
25
65521
65493
0
34364
25
65521
65493
0
34388
25
65521
65493
0
34413
25
65521
65493
0
34439
25
65521
65493
0
34463
25
65521
65493
0
34489
25
65521
65493
0
34513
25
65521
65493
0
34538
25
65521
65492
0
34564
25
65521
65492
0
34588
25
65521
65493
0
34613
25
65521
65493
0
34638
25
65521
65493
0
34663
25
65521
65493
0
34689
25
65521
65493
0
34713
25
65521
65493
0
34738
25
65521
65492
0
34763
25
65521
65492
0
34788
25
65521
65492
0
34812
25
65521
65492
0
34838
25
65521
65492
0
34863
25
65521
65492
0
34888
25
65521
65492
0
34913
25
65521
65492
0
34937
25
65521
65492
0
34963
25
65521
65492
0
34988
25
65521
65492
0
35012
26
65521
65492
0
35038
26
65521
65492
0
35062
25
65521
65492
0
35088
25
65521
65492
0
35112
25
65521
65492
0
35137
25
65521
65492
0
35163
25
65521
65492
0
35187
25
65521
65492
0
35212
26
65521
65492
0
35237
26
65521
65492
0
35262
26
65521
65492
0
35288
25
65521
65492
0
35312
25
65521
65492
0
35337
25
65521
65492
0
35362
25
65521
65492
0
35387
25
65521
65492
0
35411
25
65521
65492
0
35437
25
65521
65492
0
35462
25
65521
65492
0
35487
25
65521
65492
0
35512
25
65521
65492
0
35536
25
65521
65492
0
35562
25
65521
65492
0
35587
25
65521
65492
0
35611
25
65521
65492
0
35637
25
65521
65492
0
35661
25
65521
65492
0
35687
26
65521
65492
0
35712
26
65521
65492
0
35736
26
65521
65492
0
35762
26
65521
65492
0
35786
26
65521
65492
0
35811
25
65521
65492
0
35836
25
65521
65492
0
35861
25
65521
65492
0
35887
25
65521
65492
0
35911
25
65521
65492
0
35936
25
65521
65492
0
35961
26
65521
65493
0
35986
26
65521
65493
0
36011
26
65521
65493
0
36036
25
65521
65492
0
36061
25
65521
65492
0
36086
25
65521
65492
0
36111
25
65521
65492
0
36135
25
65521
65492
0
36161
26
65521
65492
0
36186
26
65521
65492
0
36210
26
65521
65492
0
36236
25
65521
65492
0
36260
25
65521
65492
0
36286
25
65521
65492
0
36311
25
65521
65492
0
36335
25
65521
65492
0
36361
25
65521
65492
0
36385
25
65521
65492
0
36410
25
65521
65492
0
36435
25
65521
65493
0
36460
25
65521
65493
0
36486
25
65521
65493
0
36510
25
65521
65492
0
36535
25
65521
65492
0
36560
25
65521
65492
0
36585
25
65521
65492
0
36610
25
65521
65492
0
36635
26
65521
65492
0
36660
26
65521
65492
0
36685
26
65521
65492
0
36710
26
65521
65492
0
36734
26
65521
65492
0
36760
26
65521
65492
0
36785
26
65521
65493
0
36809
26
65521
65493
0
36835
26
65521
65492
0
36859
26
65521
65492
0
36885
26
65521
65492
0
36910
25
65521
65492
0
36934
25
65521
65492
0
36960
25
65521
65492
0
36984
26
65521
65492
0
37009
26
65521
65492
0
37035
26
65521
65492
0
37059
25
65521
65492
0
37085
25
65521
65492
0
37109
25
65521
65492
0
37134
25
65521
65492
0
37159
25
65521
65492
0
37184
25
65521
65492
0
37209
25
65521
65492
0
37234
25
65521
65492
0
37259
25
65521
65492
0
37284
25
65521
65492
0
37309
25
65521
65492
0
37334
25
65521
65493
0
37359
25
65521
65493
0
37384
25
65521
65492
0
37408
25
65521
65492
0
37434
25
65521
65492
0
37458
25
65521
65492
0
37484
25
65521
65492
0
37509
25
65521
65492
0
37533
26
65521
65492
0
37559
26
65521
65492
0
37583
25
65521
65492
0
37608
25
65521
65492
0
37634
25
65521
65492
0
37658
26
65521
65492
0
37684
26
65521
65492
0
37708
26
65521
65492
0
37733
25
65521
65492
0
37758
25
65521
65492
0
37783
25
65521
65492
0
37808
25
65521
65492
0
37833
25
65521
65492
0
37858
25
65521
65492
0
37883
25
65521
65492
0
37908
25
65521
65492
0
37933
25
65521
65492
0
37958
25
65521
65492
0
37983
25
65521
65492
0
38007
25
65521
65493
0
38033
25
65521
65493
0
38057
25
65521
65493
0
38083
26
65521
65492
0
38108
26
65521
65492
0
38132
25
65521
65492
0
38158
25
65521
65492
0
38182
25
65521
65492
0
38207
25
65521
65492
0
38233
25
65521
65492
0
38257
25
65521
65492
0
38283
25
65521
65492
0
38307
25
65521
65492
0
38332
25
65521
65492
0
38358
25
65521
65492
0
38382
25
65521
65492
0
38407
26
65521
65493
0
38432
26
65521
65493
0
38457
26
65521
65493
0
38482
25
65521
65492
0
38507
25
65521
65492
0
38532
25
65521
65492
0
38557
25
65521
65492
0
38582
25
65521
65492
0
38606
25
65521
65492
0
38632
25
65521
65492
0
38657
25
65521
65492
0
38682