65517
65528
65483
0
54256
65517
65528
65483
0
54284
65517
65528
65483
0
54311
65517
65528
65483
0
54340
65518
65528
65483
0
54368
65518
65528
65483
0
54396
65518
65528
65483
0
54424
65518
65529
65483
0
54452
65518
65529
65483
0
54480
65518
65528
65483
0
54508
65518
65528
65483
0
54537
65518
65528
65483
0
54564
65518
65528
65483
0
54593
65518
65528
65483
0
54621
65518
65528
65483
0
54648
65518
65528
65483
0
54677
65518
65528
65483
0
54705
65518
65528
65484
0
54733
65518
65528
65484
0
54761
65517
65528
65484
0
54790
65517
65528
65484
0
54817
65518
65528
65484
0
54845
65518
65528
65484
0
54874
65518
65528
65484
0
54901
65517
65528
65483
0
54930
65517
65528
65483
0
54958
65518
65528
65483
0
54985
65518
65528
65483
0
55014
65518
65528
65483
0
55042
65518
65528
65484
0
55070
65518
65528
65484
0
55098
65518
65528
65484
0
55127
65518
65528
65484
0
55154
65518
65528
65484
0
55182
65518
65528
65484
0
55211
65518
65528
65484
0
55238
65518
65528
65484
0
55267
65518
65528
65484
0
55294
65518
65529
65483
0
55323
65518
65529
65483
0
55351
65518
65529
65483
0
55378
65518
65528
65484
0
55407
65518
65528
65484
0
55435
65518
65528
65483
0
55463
65518
65528
65483
0
55491
65518
65528
65483
0
55519
65517
65528
65484
0
55547
65517
65528
65484
0
55575
65517
65528
65483
0
55604
65517
65528
65483
0
55631
65517
65528
65483
0
55660
65517
65528
65483
0
55688
65517
65528
65483
0
55715
65517
65528
65484
0
55744
65517
65528
65484
0
55772
65518
65528
65484
0
55800
65518
65528
65484
0
55828
65518
65528
65484
0
55857
65518
65528
65484
0
55884
65518
65528
65484
0
55912
65517
65528
65484
0
55941
65517
65528
65484
0
55968
65517
65528
65484
0
55997
65518
65528
65484
0
56025
65518
65528
65484
0
56053
65517
65528
65483
0
56081
65517
65528
65483
0
56109
65517
65528
65483
0
56137
65517
65528
65484
0
56165
65517
65528
65484
0
56194
65517
65528
65483
0
56221
65517
65528
65483
0
56249
65517
65528
65483
0
56278
65517
65528
65483
0
56305
65517
65528
65483
0
56334
65517
65528
65483
0
56361
65517
65528
65483
0
56390
65517
65528
65484
0
56418
65517
65528
65484
0
56445
65517
65528
65484
0
56474
65517
65528
65483
0
56502
65517
65528
65483
0
56530
65518
65528
65484
0
56558
65518
65528
65484
0
56587
65518
65528
65484
0
56614
65518
65528
65484
0
56642
65518
65528
65484
0
56671
65518
65528
65483
0
56698
65518
65528
65483
0
56727
65518
65528
65484
0
56755
65518
65528
65484
0
56782
65518
65528
65484
0
56811
65517
65528
65484
0
56839
65517
65528
65484
0
56867
65518
65528
65483
0
56895
65518
65528
65483
0
56924
65518
65528
65483
0
56951
65517
65528
65483
0
56979
65517
65528
65483
0
57008
65517
65528
65484
0
57035
65517
65528
65484
0
57064
65517
65528
65484
0
57092
65518
65528
65483
0
57120
65518
65528
65483
0
57148
65517
65528
65484
0
57176
65517
65528
65484
0
57204
65517
65528
65484
0
57232
65517
65528
65484
0
57261
65517
65528
65484
0
57288
65517
65528
65484
0
57316
65517
65528
65484
0
57345
65518
65528
65484
0
57372
65518
65528
65484
0
57401
65518
65528
65484
0
57428
65517
65528
65484
0
57457
65517
65528
65484
0
57485
65518
65528
65484
0
57512
65518
65528
65484
0
57541
65518
65528
65484
0
57569
65518
65528
65484
0
57597
65518
65528
65484
0
57625
65518
65528
65484
0
57654
65518
65528
65484
0
57681
65518
65528
65483
0
57709
65518
65528
65483
0
57738
65518
65528
65483
0
57765
65517
65528
65484
0
57794
65517
65528
65484
0
57822
65518
65528
65484
0
57850
65518
65528
65484
0
57878
65518
65528
65484
0
57906
65517
65528
65484
0
57934
65517
65528
65484
0
57962
65518
65528
65484
0
57991
65518
65528
65484
0
58018
65518
65528
65484
0
58046
65517
65528
65484
0
58075
65517
65528
65484
0
58102
65517
65528
65484
0
58131
65517
65528
65484
0
58159
65517
65528
65484
0
58187
65517
65528
65484
0
58215
65517
65528
65484
0
58243
65517
65528
65483
0
58271
65517
65528
65483
0
58299
65518
65528
65483
0
58328
65518
65528
65483
0
58355
65518
65528
65483
0
58384
65517
65528
65484
0
58412
65517
65528
65484
0
58439
65518
65528
65483
0
58468
65518
65528
65483
0
58496
65518
65528
65483
0
58524
65517
65528
65483
0
58552
65517
65528
65483
0
58579
65517
65528
65484
0
58608
65517
65528
65484
0
58636
65517
65528
65484
0
58664
65517
65528
65484
0
58692
65517
65528
65484
0
58721
65517
65528
65484
0
58748
65517
65528
65484
0
58776
65517
65528
65484
0
58805
65517
65528
65484
0
58832
65517
65528
65484
0
58861
65518
65528
65484
0
58889
65518
65528
65484
0
58917
65517
65528
65484
0
58945
65517
65528
65484
0
58973
65517
65528
65484
0
59001
65517
65528
65484
0
59029
65517
65528
65484
0
59058
65518
65528
65484
0
59085
65518
65528
65484
0
59113
65518
65528
65484
0
59142
65517
65528
65484
0
59169
65517
65528
65484
0
59198
65517
65528
65483
0
59226
65517
65528
65483
0
59254
65517
65528
65483
0
59282
65517
65528
65483
0
59310
65517
65528
65483
0
59338
65517
65528
65484
0
59366
65517
65528
65484
0
59395
65517
65528
65484
0
59422
65517
65528
65484
0
59451
65517
65528
65484
0
59479
65517
65528
65483
0
59506
65517
65528
65483
0
59535
65518
65528
65484
0
59563
65518
65528
65484
0
59591
65518
65528
65484
0
59619
65518
65528
65484
0
59648
65518
65528
65484
0
59675
65517
65528
65483
0
59703
65517
65528
65483
0
59731
65517
65528
65484
0
59759
65517
65528
65484
0
59788
65517
65528
65484
0
59815
65518
65528
65483
0
59843
65518
65528
65483
0
59872
65518
65528
65484
0
59899
65518
65528
65484
0
59928
65518
65528
65484
0
59956
65517
65528
65484
0
59984
65517
65528
65484
0
60012
65517
65528
65484
0
60040
65517
65528
65484
0
60068
65517
65528
65484
0
60096
65517
65528
65484
0
60125
65517
65528
65484
0
60152
65517
65528
65484
0
60181
65517
65528
65484
0
60209
65517
65528
65484
0
60236
65517
65528
65484
0
60265
65517
65528
65484
0
60293
65517
65528
65484
0
60321
65517
65528
65484
0
60349
65517
65528
65484
0
60377
65517
65528
65484
0
60405
65517
65528
65484
0
60433
65517
65528
65484
0
60462
65517
65528
65484
0
60489
65517
65528
65484
0
60518
65517
65528
65484
0
60546
65517
65528
65484
0
60573
65517
65528
65484
0
60602
65517
65528
65484
0
60630
65517
65528
65484
0
60658
65517
65528
65484
0
60686
65517
65528
65483
0
60715
65517
65528
65483
0
60742
65517
65528
65483
0
60770
65517
65528
65484
0
60798
65517
65528
65484
0
60826
65517
65528
65483
0
60855
65517
65528
65483
0
60882
65517
65528
65483
0
60910
65517
65528
65484
0
60939
65517
65528
65484
0
60966
65517
65528
65484
0
60995
65517
65528
65484
0
61023
65517
65528
65484
0
61051
65517
65528
65483
0
61079
65517
65528
65483
0
61107
65517
65528
65484
0
61135
65517
65528
65484
0
61163
65517
65528
65484
0
61192
65517
65528
65484
0
61219
65517
65528
65484
0
61248
65517
65528
65484
0
61276
65517
65528
65484
0
61303
65517
65528
65484
0
61332
65517
65528
65484
0
61360
65517
65528
65484
0
61388
65517
65528
65484
0
61416
65517
65528
65484
0
61445
65517
65528
65484
0
61472
65517
65528
65484
0
61500
65517
65528
65484
0
61529
65517
65528
65484
0
61556
65517
65528
65484
0
61585
65517
65528
65484
0
61613
65517
65528
65484
0
61640
65517
65528
65484
0
61669
65517
65528
65484
0
61697
65517
65528
65484
0
61725
65517
65528
65484
0
61753
65517
65528
65484
0
61782
65517
65528
65484
0
61809
65517
65528
65484
0
61837
65517
65528
65484
0
61865
65517
65528
65484
0
61893
65517
65528
65484
0
61922
65517
65528
65484
0
61949
65517
65528
65484
0
61978
65517
65528
65484
0
62006
65517
65527
65484
0
62033
65517
65527
65484
0
62062
65517
65528
65484
0
62090
65517
65528
65484
0
62118
65517
65527
65484
0
62146
65517
65527
65484
0
62174
65517
65527
65484
0
62202
65517
65527
65484
0
62230
65517
65527
65484
0
62259
65517
65528
65484
0
62286
65517
65528
65484
0
62315
65517
65528
65484
0
62343
65517
65528
65484
0
62370
65517
65528
65484
0
62399
65517
65527
65484
0
62427
65517
65527
65484
0
62455
65517
65527
65484
0
62483
65517
65527
65484
0
62512
65517
65527
65484
0
62539
65517
65528
65484
0
62567
65517
65528
65484
0
62596
65517
65527
65484
0
62623
65517
65527
65484
0
62652
65517
65527
65484
0
62680
65517
65527
65484
0
62707
65517
65527
65484
0
62736
65516
65527
65484
0
62764
65516
65527
65484
0
62792
65516
65527
65484
0
62820
65516
65527
65484
0
62849
65516
65527
65484
0
62876
65517
65527
65484
0
62904
65517
65527
65484
0
62932
65517
65527
65484
0
62960
65516
65527
65484
0
62989
65516
65527
65484
0
63016
65517
65527
65484
0
63045
65517
65527
65484
0
63073
65517
65527
65484
0
63100
65517
65527
65484
0
63129
65517
65527
65484
0
63157
65516
65527
65483
0
63185
65516
65527
65483
0
63213
65516
65527
65484
0
63242
65516
65527
65484
0
63269
65516
65527
65484
0
63297
65516
65527
65484
0
63326
65516
65527
65484
0
63353
65517
65527
65484
0
63382
65517
65527
65484
0
63410
65517
65527
65484
0
63437
65516
65527
65484
0
63466
65516
65527
65484
0
63494
65516
65527
65484
0
63522
65516
65527
65484
0
63550
65517
65527
65484
0
63579
65517
65527
65484
0
63606
65517
65527
65484
0
63634
65517
65527
65484
0
63663
65517
65527
65484
0
63690
65516
65527
65484
0
63719
65516
65527
65484
0
63747
65516
65527
65484
0
63775
65516
65527
65484
0
63803
65516
65527
65484
0
63831
65516
65527
65484
0
63859
65516
65527
65484
0
63887
65516
65527
65484
0
63916
65516
65527
65484
0
63943
65516
65527
65484
0
63971
65516
65527
65484
0
64000
65516
65527
65484
0
64027
65517
65527
65484
0
64056
65517
65527
65484
0
64083
65517
65527
65484
0
64112
65517
65527
65484
0
64140
65517
65527
65484
0
64167
65517
65527
65484
0
64196
65517
65527
65484
0
64224
65517
65527
65484
0
64252
65516
65527
65484
0
64280
65516
65527
65484
0
64309
65516
65527
65484
0
64336
65516
65527
65484
0
64364
65516
65527
65484
0
64393
65517
65527
65484
0
64420
65517
65527
65484
0
64449
65517
65527
65484
0
64477
65517
65527
65484
0
64504
65517
65527
65484
0
64533
65517
65527
65484
0
64561
65517
65527
65484
0
64589
65516
65527
65484
0
64617
65516
65527
65484
0
64646
65516
65527
65484
0
64673
65516
65527
65484
0
64701
65516
65527
65484
0
64730
65517
65527
65484
0
64757
65517
65527
65484
0
64786
65517
65527
65484
0
64814
65517
65527
65484
0
64842
65517
65527
65484
0
64870
65517
65527
65484
0
64898
65517
65527
65484
0
64926
65517
65527
65484
0
64954
65517
65527
65484
0
64983
65516
65527
65484
0
65010
65516
65527
65484
0
65039
65516
65527
65484
0
65067
65516
65527
65484
0
65094
65516
65527
65484
0
65123
65517
65527
65484
0
65150
65517
65527
65484
0
65179
65517
65527
65484
0
65207
65516
65527
65484
0
65234
65516
65527
65484
0
65263
65516
65527
65484
0
65291
65516
65527
65484
0
65319
65516
65527
65484
0
65347
65517
65527
65484
0
65376