65528,65534,65512,1,54592
65528,65534,65512,1,54620
65528,65534,65512,1,54647
65528,65534,65512,1,54676
65528,65534,65512,1,54704
65528,65534,65512,1,54732
65528,65534,65512,1,54760
65528,65534,65511,1,54789
65528,65534,65511,1,54816
65528,65534,65511,1,54844
65528,65534,65511,1,54873
65528,65534,65511,1,54900
65528,65534,65511,1,54929
65528,65534,65511,1,54957
65528,65534,65511,1,54984
65528,65534,65510,1,55013
65528,65534,65510,1,55041
65528,65535,65510,1,55069
65528,65535,65510,1,55097
65528,65535,65510,1,55126
65528,65535,65510,1,55153
65528,65535,65510,1,55181
65528,0,65509,1,55209
65528,0,65509,1,55233
65528,0,65509,1,55258
65528,0,65508,1,55281
65528,0,65508,1,55305
65528,0,65508,1,55329
65528,0,65509,1,55353
65528,0,65509,1,55376
65528,0,65509,1,55401
65528,0,65508,1,55425
65528,0,65508,1,55448
65528,1,65508,1,55473
65528,1,65508,1,55496
65528,1,65508,1,55521
65528,1,65508,1,55544
65528,1,65508,1,55568
65528,1,65508,1,55592
65528,1,65507,1,55616
65528,1,65507,1,55640
65528,1,65507,1,55664
65527,1,65507,1,55688
65527,1,65507,1,55711
65527,1,65507,1,55736
65527,2,65507,1,55759
65527,2,65507,1,55783
65527,2,65507,1,55808
65527,2,65507,1,55831
65527,2,65507,1,55856
65527,2,65507,1,55879
65527,2,65507,1,55903
65527,2,65507,1,55927
65526,2,65506,1,55951
65526,2,65506,1,55974
65526,2,65506,1,55999
65526,2,65507,1,56023
65526,2,65507,1,56046
65526,2,65507,1,56071
65526,3,65507,1,56094
65526,3,65507,1,56118
65526,3,65507,1,56142
65526,3,65507,1,56166
65526,3,65507,1,56190
65526,3,65507,1,56214
65526,3,65507,1,56238
65526,3,65507,1,56262
65526,3,65507,1,56286
65526,3,65507,1,56309
65526,3,65507,1,56334
65526,2,65507,1,56357
65526,2,65507,1,56381
65526,2,65507,1,56406
65526,3,65507,1,56429
65526,3,65507,1,56454
65526,3,65507,1,56477
65526,3,65507,1,56501
65526,3,65507,1,56525
65526,3,65507,1,56549
65527,3,65506,1,56572
65527,3,65506,1,56597
65527,3,65506,1,56621
65526,3,65506,1,56644
65526,3,65506,1,56669
65526,3,65506,1,56692
65526,3,65506,1,56716
65526,3,65506,1,56740
65526,3,65506,1,56764
65526,3,65506,1,56788
65526,3,65506,1,56812
65525,3,65506,1,56836
65525,3,65506,1,56860
65525,3,65506,1,56884
65525,4,65506,1,56907
65525,4,65506,1,56932
65525,4,65506,1,56955
65525,4,65507,1,56979
65525,4,65507,1,57004
65525,4,65507,1,57027
65525,4,65507,1,57052
65525,4,65507,1,57075
65525,4,65507,1,57099
65524,5,65507,1,57123
65524,5,65507,1,57147
65524,5,65507,1,57170
65524,5,65507,1,57195
65524,5,65507,1,57219
65524,5,65507,1,57242
65524,6,65507,1,57267
65524,6,65507,1,57290
65524,6,65508,1,57314
65524,6,65508,1,57338
65524,6,65508,1,57362
65524,7,65508,1,57387
65524,7,65508,1,57410
65524,7,65508,1,57434
65525,8,65509,1,57458
65525,8,65509,1,57482
65525,8,65509,1,57505
65526,9,65509,1,57530
65526,9,65509,1,57553
65526,9,65509,1,57577
65526,9,65510,1,57602
65526,9,65510,1,57625
65526,9,65510,1,57649
65527,10,65510,1,57673
65527,10,65510,1,57698
65527,10,65510,1,57723
65527,10,65510,1,57748
65527,10,65510,1,57773
65527,10,65511,1,57798
65527,10,65511,1,57823
65527,10,65511,1,57847
65526,10,65511,1,57873
65526,10,65511,1,57897
65526,10,65511,1,57923
65526,9,65511,1,57948
65526,9,65511,1,57971
65526,9,65511,1,57996
65526,8,65510,1,58019
65526,8,65510,1,58043
65526,8,65510,1,58067
65526,8,65510,1,58091
65526,8,65510,1,58115
65526,8,65510,1,58139
65526,8,65510,1,58163
65526,8,65510,1,58187
65526,8,65510,1,58211
65526,8,65510,1,58234
65526,8,65510,1,58259
65526,8,65510,1,58283
65526,8,65510,1,58306
65526,8,65510,1,58331
65525,8,65511,1,58354
65525,8,65511,1,58378
65525,8,65511,1,58402
65526,7,65511,1,58426
65526,7,65511,1,58450
65526,7,65511,1,58474
65528,7,65510,1,58498
65528,7,65510,1,58522
65528,8,65508,1,58546
65528,8,65508,1,58569
65528,8,65508,1,58594
65528,10,65506,1,58617
65528,10,65506,1,58642
65528,10,65506,1,58668
65527,13,65503,1,58692