34.38
34.19
34.00
33.81
33.61
33.29
33.23
33.04
32.84
32.72
32.72
32.72
32.72
32.72
32.72
32.72
32.72
32.78
32.97
33.17
33.36
33.55
33.74
33.94
34.13
34.45
34.83
35.15
35.35
35.54
35.73
35.92
36.12
36.31
36.50
36.57
36.57
36.57
36.57
36.57
36.57
36.57
36.57
36.57
36.37
36.05
35.99
35.80
35.60
35.41
35.22
35.03
34.83
34.77
34.77
34.77
34.77
34.77
34.77
34.77
34.77
34.77
34.77
34.71
34.90
35.22
35.28
35.48
35.67
35.86
36.05
36.24
36.44
36.57
36.57
36.57
36.57
36.57
36.57
36.57
36.57
36.37
36.18
35.99
35.80
35.48
35.41
35.22
35.03
34.83
34.64
34.64
34.64
34.64
34.64
34.64
34.64
34.64
34.64
34.64
34.64
34.64
34.64
34.64
34.64
34.64
34.64
34.64
34.64
34.64
34.64
34.64
34.64
34.64
34.64
34.64
34.64
34.64
34.64
34.64
34.64
34.64
34.64
34.64
34.64
34.64
34.64
34.83
35.03
35.22
35.41
35.60
35.80
35.99
36.18
36.50
36.50
36.50
36.50
36.50
36.50
36.50
36.50
36.50
36.50
36.31
36.18
35.99
35.80
35.60
35.41
35.22
35.03
34.83
34.83
35.15
35.22
35.41
35.60
35.80
35.99
36.18
36.37
36.37
36.18
35.86
35.80
35.60
35.41
35.22
35.03
34.83
34.64
34.64
34.64
34.64
34.64
34.64
34.64
34.64
34.64
34.64
34.64
34.64
34.64
34.64
34.64
34.64
34.64
34.64
34.64
34.83
35.03
35.22
35.41
35.73
35.80
35.99
36.18
36.37
36.37
36.18
35.99
35.80
35.60
35.28
35.22
939.99
939.87
939.87
939.99
940.11
940.22
940.34
940.45
36.12
36.18
36.37
36.57
36.57
36.57
36.57
36.57
36.57
36.57
36.57
36.57
36.57
36.57
36.57
36.57
36.57
36.57
36.57
36.57
36.57
36.57
36.57
36.57
36.57
36.57
36.57
36.57
36.57
36.57
36.57
36.57
36.57
36.57
36.57
36.57
36.57
36.57
36.31
35.92
35.28
35.15
34.77
34.38
34.00
33.61
33.23
32.84
32.78
32.97
33.29
33.36
33.55
33.74
33.94
34.13
34.32
34.51
34.64
34.64
34.64
34.64
34.64
34.64
34.64
34.64
34.64
34.64
34.64
34.64
34.64
34.64
34.64
34.64
34.64
34.83
35.03
35.22
35.41
35.60
35.92
35.99
36.18
36.37
36.57
36.57
36.57
36.57
36.57
36.57
36.57
36.57
36.57
36.50
36.31
36.12
35.92
35.73
35.54
35.35
35.03
34.96
34.64
34.51
34.51
34.51
34.51
34.51
34.51
34.51
34.51
34.51
34.83
35.03
35.22
35.41
35.60
35.80
35.99
36.18
36.50
36.57
36.57
36.57
36.57
36.57
36.57
36.57
36.57
36.57
36.57
36.57
36.57
36.57
36.57
36.57
36.57
36.57
36.57
36.31
35.67
35.54
35.15
34.77
34.38
34.00
33.61
33.23
33.10
33.36
34.00
34.13
34.51
34.90
35.28
35.67
36.05
36.24
36.18
35.99
35.67
35.60
35.41
35.22
35.03
34.83
34.96
35.35
35.73
36.12
36.76
36.89
37.27
37.66
38.04
38.43
38.49
38.49
38.49
38.49
38.49
38.49
38.49
38.49
38.49
38.36
38.17
37.98
37.78
37.59
37.27
37.21
37.01
36.82
36.44
36.18
35.99
35.80
35.60
35.41
35.09
35.03
34.83
34.64
34.64
34.64
34.64
34.64
34.64
34.64
34.64
34.64
34.71
34.71
34.71
34.71
34.71
34.71
34.71
34.71
34.71
34.58
34.51
34.51
34.51
34.51
34.51
34.51
34.51
34.51
34.64
34.64
34.64
34.64
34.64
34.64
34.64
34.64
34.64
34.64
34.64
34.64
34.64
34.64
34.64
34.64
34.64
34.64
34.64
34.58
34.26
34.19
34.00
33.81
33.61
33.42
33.23
33.04
32.91
32.97
33.29
33.36
33.55
33.74
33.94
34.13
34.32
34.51
34.64
34.64
34.64
34.64
34.64
34.64
34.64
34.64
34.58
34.38
34.19
34.00
33.68
33.61
33.42
33.23
33.04
33.10
33.36
33.74
34.13
34.51
35.16
35.28
35.67
36.05
36.44
36.57
36.57
36.57
36.57
36.57
36.57
36.57
1889.57
1889.57
1889.57
1889.57
1889.57
1889.57
1889.57
1889.57
36.57
36.57
36.57
36.57
36.57
36.57
36.57
36.57
36.57
36.57
36.57
36.57
36.57
36.57
36.57
36.57
36.57
36.57
36.57
36.37
36.05
35.99
35.80
35.60
35.41
35.22
35.03
34.83
34.64
34.64
34.64
34.64
34.64
34.64
34.64
34.64
34.64
34.64
34.64
34.64
34.64
34.64
34.64
34.64
34.64
34.64
34.64
34.64
34.64
34.64
34.64
34.64
34.64
34.64
34.64
34.64
34.64
34.64
34.64
34.64
34.64
34.64
34.64
34.64
34.83
35.03
35.22
35.41
35.60
35.80
36.12
36.18
36.37
36.50
36.31
36.12
35.92
35.73
35.54
35.35
35.03
34.96
34.77
34.71
34.90
35.09
35.28
35.48
35.67
35.86
36.18
36.24
36.24
36.18
35.99
35.80
35.60
35.41
35.22
35.03
34.71
34.64
34.64
34.64
34.64
34.64
34.64
34.64
34.64
34.64
34.64
34.64
34.64
34.64
34.64
34.64
34.64
34.64
34.64
34.83
35.15
35.22
35.41
35.60
35.80
35.99
36.18
36.37
36.37
36.18
35.86
35.80
35.60
35.41
35.22
35.03
34.83
34.83
35.03
35.22
35.54
35.60
35.80
35.99
36.18
36.37
36.57
36.37
36.18
35.99
35.67
35.60
35.41
35.22
35.03
34.83
34.64
34.64
34.64
34.64
34.64
34.64
34.64
34.64
34.64
34.83
35.03
35.22
35.41
35.60
35.92
35.99
36.18
36.37
36.50
36.50
36.50
36.50
36.50
36.50
36.50
36.50
36.50
36.37
36.24
36.05
35.86
35.67
35.48
35.28
34.96
34.90
34.83
34.77
34.77
34.77
34.77
34.77
34.77
34.77
34.77
34.45
34.13
33.94
33.74
33.55
33.36
33.17
32.97
32.78
32.72
32.72
32.72
32.72
32.72
32.72
32.72
32.72
32.72
32.72
32.78
33.10
33.29
33.49
33.68
33.87
34.06
34.26
34.45
34.83
35.15
35.22
35.41
35.60
35.80
35.99
36.18
36.37
36.37
36.18
35.86
35.80
35.60
35.41
35.22
35.03
34.83
34.83
35.03
35.22
35.54
35.60
35.80
35.99
36.18
36.37
36.31
35.92
35.54
35.15
34.51
34.38
34.00
33.61
33.23
33.10
33.36
33.74
34.13
34.51
35.16
35.28
35.67
36.05
36.44
36.57
36.57
36.57
36.57
36.57
36.57
36.57
36.57
36.57
36.57
36.57
36.57
36.57
36.57
36.57
36.57
36.57
36.57
36.37
36.18
35.99
35.80
35.60
35.41
35.22
34.90
34.83
2413.28
2413.28
2413.28
2413.28
2413.28
2413.28
2413.28
2413.17
35.15
35.22
35.41
35.60
35.80
35.99
36.18
36.37
36.57
36.57
36.57
36.57
36.57
36.57
36.57
36.57
36.57
36.57
36.57
36.57
36.57
36.57
36.57
36.57
36.57
36.57
36.57
36.57
36.57
36.57
36.57
36.57
36.57
36.57
36.57
36.57
36.57
36.57
36.57
36.57
36.57
36.57
36.57
36.57
36.57
36.57
36.57
36.57
36.57
36.57
36.57
36.57
36.57
36.57
36.37
36.18
35.99
35.80
35.60
35.41
35.09
35.03
34.83
34.83
35.03
35.22
35.41
35.60
35.80
35.99
36.31
36.37
36.37
36.18
35.99
35.80
35.60
35.41
35.22
35.03
34.71
34.96
35.15
35.35
35.54
35.73
35.92
36.12
36.31
36.50
36.24
36.18
35.99
35.80
35.60
35.41
35.22
35.03
34.83
34.64
34.64
34.64
34.64
34.64
34.64
34.64
34.64
34.64
34.64
34.64
34.64
34.64
34.64
34.64
34.64
34.64
34.64
34.64
34.83
35.03
35.35
35.41
35.60
35.80
35.99
36.18
36.37
36.37
36.18
35.99
35.67
35.60
35.41
35.22
35.03
34.83
34.64
34.64
34.64
34.64
34.64
34.64
34.64
34.64
34.64
34.64
34.64
34.64
34.64
34.64
34.64
34.64
34.64
34.64
34.64
34.64
34.64
34.64
34.64
34.64
34.64
34.64
34.64
34.64
34.64
34.64
34.64
34.64
34.64
34.64
34.64
34.64
34.64
34.64
34.64
34.64
34.64
34.64
34.64
34.64
34.64
34.64
34.83
35.03
35.22
35.41
35.60
35.80
35.99
36.18
36.50
36.57
36.57
36.57
36.57
36.57
36.57
36.57
36.57
36.57
36.57
36.57
36.57
36.57
36.57
36.57
36.57
36.57
36.57
36.37
36.05
35.99
35.80
35.60
35.41
35.22
35.03
34.83
34.64
34.64
34.64
34.64
34.64
34.64
34.64
34.64
34.64
34.64
34.64
34.64
34.64
34.64
34.64
34.64
34.64
34.64
34.64
34.83
35.03
35.22
35.54
35.60
35.80
35.99
36.18
36.37
36.37
36.18
35.99
35.80
35.48
35.41
35.22
35.03
34.83
34.58
34.38
34.19
34.00
33.81
33.49
33.42
33.23
33.04
32.91
32.97
33.17
33.36
33.55
33.74
34.06
34.13
34.32
34.51
34.64
34.64
34.64
34.64
34.64
34.64
34.64
34.64
34.83
35.03
35.22
35.41
35.60
35.80
35.99
36.18
36.50
36.57
36.57
36.57
36.57
36.57
36.57
36.57
36.57
36.57
36.57
36.57
1889.57
1889.57
1889.57
1889.57
1889.57
1889.57
1889.46
1889.35
37.21
37.27
37.46
37.66
37.85
38.04
38.04
37.85
37.53
37.14
36.50
36.37
35.99
35.60
35.22
34.83
34.71
34.90
35.09
35.28
35.60
35.67
35.86
36.05
36.24
36.24
36.18
35.99
35.80
35.60
35.28
35.22
35.03
34.83
34.83
35.03
35.22
35.41
35.60
35.80
36.12
36.18
36.37
36.57
36.57
36.57
36.57
36.57
36.57
36.57
36.57
36.57
36.57
36.57
36.57
36.57
36.57
36.57
36.57
36.57
36.57
36.57
36.57
36.57
36.57
36.57
36.57
36.57
36.57
36.57
36.24
36.18
35.99
35.80
35.60
35.41
35.22
35.03
34.83
34.64
34.64
34.64
34.64
34.64
34.64
34.64
34.64
34.64
34.64
34.64
34.64
34.64
34.64
34.64
34.64
34.64
34.64
34.64
34.83
35.03
35.35
35.41
35.60
35.80
35.99
36.18
36.37
36.37
36.18
35.99
35.67
35.60
35.41
35.22
35.03
34.83
34.64
34.64
34.64
34.64
34.64
34.64
34.64
34.64
34.64
34.58
34.38
34.19
34.00
33.81
33.49
33.42
33.23
33.04
32.91
32.97
33.17
33.36
33.55
33.74
34.06
34.13
34.32
34.51
34.83
35.03
35.22
35.41
35.60
35.80
36.12
36.18
36.37
36.37
36.18
35.99
35.80
35.60
35.41
35.22
34.90
34.83
34.83
35.03
35.22
35.41
35.60
35.80
35.99
36.18
36.50
36.44
36.24
36.05
35.86
35.67
35.48
35.28
35.09
34.90
34.45
34.64
34.64
34.64
34.64
34.64
34.64
34.64
34.64
34.83
35.15
35.22
35.41
35.60
35.80
35.99
36.18
36.37
36.69
36.89
37.21
37.27
37.46
37.66
37.85
38.04
38.23
38.43
38.17
37.78
37.14
37.01
36.63
36.24
35.86
35.48
35.09
34.90
35.03
35.22
35.54
35.60
35.80
35.99
36.18
36.37
36.57
36.57
36.57
36.57
36.57
36.57
36.57
36.57
36.57
36.57
36.57
36.57
36.57
36.57
36.57
36.57
36.57
36.57
36.37
36.18
35.99
35.80
35.60
35.41
35.09
35.03
34.83
34.64
34.64
34.64
34.64
34.64
34.64
34.64
34.64
34.64
34.77
34.77
34.77
34.77
34.77
34.77
34.77
34.77
34.77
34.77
34.64
34.64
34.64
34.64
34.64
34.64
34.64
34.64
34.64
34.45
34.45
34.45
34.45
34.45
34.45
34.45
34.45
34.45
34.58
34.64
34.64
34.64
34.64
34.64
34.64
34.64
34.64
34.83
35.15
35.22
940.11
940.23
940.34
940.46
940.58
940.69
940.81
940.81
36.57
36.57
36.57
36.57
36.57
36.57
36.50
36.31
36.12
35.92
35.60
35.54
35.35
35.15
34.96
34.58
34.26
34.06
33.87
33.68
33.36
33.29
33.10
32.91
32.72
32.72
32.72
32.72
32.72
32.72
32.72
32.72
32.72
32.72
32.91
33.10
33.29
33.49
33.68
33.87
34.19
34.26
34.45
34.51
34.51
34.51
34.51
34.51
34.51
34.51
34.51
34.51
34.45
34.38
34.19
34.00
33.81
33.61
33.42
33.23
32.91
33.29
33.55
33.94
34.32
34.71
35.09
35.48
35.86
36.24
36.50
36.57
36.57
36.57
36.57
36.57
36.57
36.57
36.57
36.57
36.57
36.57
36.57
36.57
36.57
36.57
36.57
36.57
36.57
36.57
36.57
36.57
36.57
36.57
36.57
36.57
36.57
36.50
36.12
35.73
35.09
34.96
34.58
34.19
33.81
33.42
33.04
32.97
33.36
33.74
34.39
34.51
34.90
35.28
35.67
36.05
36.24
36.18
35.99
35.80
35.48
35.41
35.22
35.03
34.83
34.64
34.64
34.64
34.64
34.64
34.64
34.64
34.64
34.64
34.83
35.03
35.22
35.41
35.60
35.80
36.12
36.18
36.37
36.57
36.57
36.57
36.57
36.57
36.57
36.57
36.57
36.57
36.31
35.92
35.54
35.15
34.77
34.38
34.00
33.61
32.97
32.84
32.72
32.72
32.72
32.72
32.72
32.72
32.72
32.72
32.72
33.04
33.23
33.42
33.61
33.81
34.00
34.19
34.38
34.58
34.38
34.64
34.64
34.64
34.64
34.64
34.64
34.64
34.64
34.64
34.64
34.64
34.64
34.64
34.64
34.64
34.64
34.64
34.83
35.03
35.35
35.41
35.60
35.80
35.99
36.18
36.37
36.31
35.92
35.54
34.90
34.77
34.38
34.00
33.61
33.23
33.10
33.36
33.74
34.13
34.77
34.90
35.28
35.67
36.05
36.44
36.57
36.57
36.57
36.57
36.57
36.57
36.57
36.57
36.57
36.50
36.31
36.12
35.92
35.73
35.41
35.35
35.15
34.96
34.77
34.64
34.64
34.64
34.64
34.64
34.64
34.64
34.64
34.64
34.64
34.64
34.64
34.64
34.64
34.64
34.64
34.64
34.51
34.51
34.51
34.51
34.51
34.51
34.51
34.51
34.51
34.83
35.15
35.35
35.54
35.73
35.92
36.12
36.31
36.50
36.24
36.18
35.99
35.80
35.60
35.41
35.22
35.03
34.83
34.58
34.26
34.19
34.00
33.81
33.61
33.42
33.23
33.04
32.84
32.78
33.10
33.17
2473.26
2473.37
2473.49
2473.60
2473.71
2473.83
2473.94
2473.94
34.77
34.77
34.77
34.77
34.77
34.64
34.64
34.51
34.51
34.51
34.51
34.51
34.51
34.51
34.45
34.38
34.19
34.00
33.81
33.61
33.29
33.23
33.04
33.10
33.36
33.74
34.13
34.51
34.90
35.28
35.92
36.05
36.18
35.92
35.54
35.15
34.77
34.38
34.00
33.61
32.97
32.84
32.72
32.72
32.72
32.72
32.72
32.72
32.72
32.72
32.78
33.10
33.29
33.49
33.68
33.87
34.06
34.26
34.45
34.83
35.15
35.22
35.41
35.60
35.80
35.99
36.18
36.37
36.57
36.57
36.57
36.57
36.57
36.57
36.57
36.57
36.57
36.57
36.57
36.57
36.57
36.57
36.57
36.57
36.57
36.57
36.57
36.37
36.18
35.99
35.67
35.60
35.41
35.22
35.03
34.83
34.64
34.64
34.64
34.64
34.64
34.64
34.64
34.64
34.64
34.83
35.03
35.22
35.41
35.60
35.92
35.99
36.18
36.37
36.31
35.92
35.54
35.15
34.77
34.38
33.74
33.61
33.23
33.10
33.36
33.74
34.13
34.51
34.90
35.28
35.92
36.05
36.44
36.57
36.57
36.57
36.57
36.57
36.57
36.57
36.57
36.57
36.57
36.57
36.57
36.57
36.57
36.57
36.57
36.57
36.57
36.57
36.57
36.57
36.57
36.57
36.57
36.57
36.57
36.57
36.57
36.57
36.57
36.57
36.57
36.57
36.57
36.57
36.57
36.57
36.57
36.57
36.57
36.57
36.57
36.57
36.57
36.57
36.57
36.57
36.57
36.57
36.57
36.57
36.57
36.57
36.57
36.57
36.57
36.57
36.57
36.57
36.57
36.57
36.57
36.57
36.57
36.57
36.57
36.57
36.57
36.57
36.57
36.57
36.57
36.57
36.37
36.18
35.99
35.80
35.48
35.41
35.22
35.03
34.83
34.83
35.03
35.22
35.41
35.60
35.92
35.99
36.18
36.37
36.57
36.57
36.57
36.57
36.57
36.57
36.57
36.57
36.57
36.37
36.18
35.99
35.80
35.60
35.41
35.22
34.90
34.83
34.64
34.64
34.64
34.64
34.64
34.64
34.64
34.64
34.64
34.64
34.64
34.64
34.64
34.64
34.64
34.64
34.64
34.64
34.96
35.03
35.22
35.41
35.60
35.80
35.99
36.18
36.37
36.57
36.57
36.57
36.57
36.57
36.57
36.57
36.57
36.57
36.57
36.57
36.57
36.57
36.57
36.57
36.57
36.57
36.57
36.57
36.57
36.57
36.57
36.57
36.57
36.57
36.57
36.57
36.57
36.57
36.57
36.57
36.57
36.57
1889.57
1889.57
1889.57
1889.68
1889.79
1889.90
1890.00
1890.11
35.28
35.22
35.03
35.03
35.03
35.22
35.41
35.60
35.80
35.99
36.31
36.37
36.57
36.57
36.57
36.57
36.57
36.57
36.57
36.57
36.57
36.24
36.05
35.86
35.67
35.48
35.28
35.09
34.90
34.71
34.90
34.64
34.64
34.64
34.64
34.64
34.64
34.64
34.64
34.64
34.38
34.64
34.64
34.64
34.64
34.64
34.64
34.64
34.64
34.83
35.15
35.22
35.41
35.60
35.80
35.99
36.18
36.37
36.57
36.57
36.57
36.57
36.57
36.57
36.57
36.57
36.57
36.37
36.18
35.99
35.67
35.60
35.41
35.22
35.03
34.83
34.64
34.64
34.64
34.64
34.64
34.64
34.64
34.64
34.64
34.64
34.64
34.64
34.64
34.64
34.64
34.64
34.64
34.64
34.64
34.64
34.64
34.64
34.64
34.64
34.64
34.64
34.64
34.64
34.83
35.03
35.22
35.41
35.60
35.80
36.12
36.18
36.37
36.37
36.18
35.99
35.80
35.60
35.41
35.22
34.90
34.83
34.83
35.03
35.22
35.41
35.60
35.80
35.99
36.18
36.50
36.57
36.57
36.57
36.57
36.57
36.57
36.57
36.57
36.57
36.24
36.18
35.99
35.80
35.60
35.41
35.22
35.03
34.83
34.64
34.64
34.64
34.64
34.64
34.64
34.64
34.64
34.64
34.83
35.03
35.35
35.41
35.60
35.80
35.99
36.18
36.37
36.57
36.57
36.57
36.57
36.57
36.57
36.57
36.57
36.57
36.57
36.57
36.57
36.57
36.57
36.57
36.57
36.57
36.57
36.57
36.37
36.18
35.99
35.80
35.48
35.41
35.22
35.03
34.83
34.64
34.64
34.64
34.64
34.64
34.64
34.64
34.64
34.64
34.83
35.03
35.22
35.41
35.60
35.80
36.12
36.18
36.37
36.57
36.57
36.57
36.57
36.57
36.57
36.57
36.57
36.57
36.37
36.18
35.99
35.80
35.60
35.41
35.22
35.03
34.71
34.64
34.64
34.64
34.64
34.64
34.64
34.64
34.64
34.64
34.64
34.51
34.32
34.13
33.94
33.74
33.55
33.36
33.17
32.97
32.84
33.10
33.29
33.49
33.68
33.87
34.06
34.26
34.45
34.64
34.64
34.64
34.64
34.64
34.64
34.64
34.64
34.64
34.64
34.64
34.64
34.64
34.64
34.64
34.64
34.64
34.64
34.83
35.03
35.22
35.54
35.60
35.80
35.99
36.18
36.37
36.57
36.57
36.57
36.57
36.57
36.57
36.57
36.57
36.57
36.57
36.50
36.31
36.12
35.92
35.60
35.54
1124.71
1124.81
1124.81
1124.81
1124.70
1124.59
1124.48
1124.38
35.99
36.05
36.24
36.44
36.57
36.57
36.57
36.57
36.57
36.57
36.57
36.24
36.05
35.86
35.67
35.48
35.28
35.09
34.90
34.71
34.96
35.03
35.22
35.41
35.60
35.80
35.99
36.18
36.37
36.37
36.05
35.99
35.80
35.60
35.41
35.22
35.03
34.83
34.71
34.71
34.71
34.71
34.71
34.71
34.71
34.71
34.71
34.71
34.64
34.64
34.64
34.64
34.64
34.64
34.64
34.64
34.64
34.64
34.64
34.64
34.64
34.64
34.64
34.64
34.64
34.58
34.58
34.58
34.58
34.58
34.58
34.58
34.58
34.58
34.58
34.58
34.38
34.19
34.00
33.81
33.49
33.42
33.23
33.04
32.91
32.97
33.17
33.36
33.55
33.74
34.06
34.13
34.32
34.45
34.38
34.19
34.00
33.81
33.61
33.42
33.10
33.04
33.10
33.36
33.74
34.13
34.51
34.90
35.28
35.67
36.31
36.44
36.57
36.57
36.57
36.57
36.57
36.57
36.57
36.57
36.57
36.57
36.57
36.57
36.57
36.57
36.57
36.57
36.57
36.31
35.67
35.54
35.15
34.77
34.38
34.00
33.61
33.23
32.84
32.97
33.62
33.74
34.13
34.51
34.90
35.28
35.67
36.05
36.44
36.57
36.57
36.57
36.57
36.57
36.57
36.57
36.57
36.57
36.57
36.57
36.57
36.57
36.57
36.57
36.57
36.57
36.50
36.31
36.12
35.92
35.60
35.54
35.35
35.15
34.96
34.83
34.90
35.09
35.28
35.48
35.80
35.86
36.05
36.24
36.44
36.57
36.57
36.57
36.57
36.57
36.57
36.57
36.57
36.57
36.57
36.57
36.57
36.57
36.57
36.57
36.57
36.57
36.57
36.31
35.92
35.54
35.15
34.77
34.38
34.00
33.36
33.23
33.10
33.36
33.74
34.13
34.51
34.90
35.28
35.67
36.31
36.44
36.57
36.57
36.57
36.57
36.57
36.57
36.57
36.57
36.18
35.80
35.41
35.03
34.64
34.26
33.87
33.49
33.10
32.78
33.10
33.17
33.36
33.55
33.74
33.94
34.13
34.32
34.51
34.64
34.64
34.64
34.64
34.64
34.64
34.64
34.64
34.83
35.03
35.22
35.54
35.60
35.80
35.99
36.18
36.37
36.57
36.57
36.57
36.57
36.57
36.57
36.57
36.57
36.57
36.57
36.57
36.57
36.57
36.57
36.57
36.57
36.57
36.57
36.57
36.57
36.57
36.57
36.57
36.57
36.57
36.57
36.57
36.57
36.57
36.57
36.57
36.57
36.57
36.57
36.57
36.57
1889.57
1889.46
1889.35
1889.24
1889.13
1889.03
1888.92
1888.81
37.98
37.85
37.85
37.72
37.53
37.34
37.14
36.95
36.76
36.57
36.57
36.57
36.57
36.57
36.57
36.57
36.57
36.57
36.50
36.31
35.99
35.92
35.73
35.54
35.35
35.15
34.96
34.83
34.90
35.09
35.41
35.48
35.67
35.86
36.05
36.24
36.44
36.57
36.57
36.57
36.57
36.57
36.57
36.57
36.57
36.57
36.37
36.18
35.99
35.80
35.48
35.41
35.22
35.03
34.83
34.83
35.03
35.22
35.41
35.60
35.92
35.99
36.18
36.37
36.57
36.57
36.57
36.57
36.57
36.57
36.57
36.57
36.57
36.57
36.57
36.57
36.57
36.57
36.57
36.57
36.57
36.57
36.31
35.92
35.54
35.15
34.77
34.38
34.00
33.61
32.97
32.84
32.72
32.72
32.72
32.72
32.72
32.72
32.72
32.72
32.72
32.84
33.04
33.23
33.42
33.61
33.81
34.00
34.19
34.38
34.83
34.64
34.64
34.64
34.64
34.64
34.64
34.64
34.64
34.64
34.64
34.64
34.64
34.64
34.64
34.64
34.64
34.64
34.51
34.51
34.51
34.51
34.51
34.51
34.51
34.51
34.51
34.64
34.77
34.77
34.77
34.77
34.77
34.77
34.77
34.77
34.77
34.64
34.64
34.64
34.64
34.64
34.64
34.64
34.64
34.64
34.64
34.64
34.64
34.64
34.64
34.64
34.64
34.64
34.64
34.64
34.64
34.64
34.64
34.64
34.64
34.64
34.64
34.64
34.64
34.64
34.64
34.64
34.64
34.64
34.64
34.64
34.64
34.71
34.90
35.09
35.28
35.48
35.67
35.86
36.18
36.24
36.44
36.57
36.57
36.57
36.57
36.57
36.57
36.57
36.57
36.57
36.57
36.57
36.57
36.57
36.57
36.57
36.57
36.57
36.57
36.57
36.57
36.57
36.57
36.57
36.57
36.57
36.57
36.57
36.57
36.57
36.57
36.57
36.57
36.57
36.57
36.57
36.57
36.57
36.57
36.57
36.57
36.57
36.57
36.57
36.57
36.57
36.37
36.18
35.86
35.80
35.60
35.41
35.22
35.03
34.83
34.77
34.96
35.15
35.48
35.54
35.73
35.92
36.12
36.31
36.57
36.63
36.63
36.63
36.63
36.63
36.63
36.63
36.63
36.63
36.57
36.57
36.57
36.57
36.57
36.57
36.57
36.57
36.37
36.18
35.99
35.80
35.60
35.41
35.09
35.03
34.83
34.77
34.77
34.77
34.77
34.77
34.77
34.77
34.77
34.77
34.58
34.26
34.06
33.87
33.68
33.49
33.29
33.10
32.78
32.72
992.92
993.15
993.38
993.61
993.84
994.07
994.30
994.54
36.31
36.44
36.57
36.57
36.57
36.57
36.57
36.57
36.57
36.37
36.05
35.99
35.80
35.60
35.41
35.22
35.03
34.83
34.83
35.03
35.35
35.41
35.60
35.80
35.99
36.18
36.37
36.57
36.57
36.57
36.57
36.57
36.57
36.57
36.57
36.57
36.57
36.57
36.57
36.57
36.57
36.57
36.57
36.57
36.57
36.37
36.18
35.99
35.80
35.60
35.28
35.22
35.03
34.83
34.64
34.64
34.64
34.64
34.64
34.64
34.64
34.64
34.64
34.64
34.83
35.03
35.22
35.41
35.60
35.80
36.12
36.18
36.37
36.50
36.31
36.12
35.92
35.73
35.54
35.35
35.03
34.96
34.83
34.90
35.09
35.28
35.48
35.67
35.86
36.05
36.37
36.44
36.57
36.57
36.57
36.57
36.57
36.57
36.57
36.57
36.24
36.18
35.99
35.80
35.60
35.41
35.22
35.03
34.83
34.83
35.15
35.22
35.41
35.60
35.80
35.99
36.18
36.37
36.31
35.92
35.28
35.15
34.77
34.38
34.00
33.61
33.23
32.84
32.72
32.72
32.72
32.72
32.72
32.72
32.72
32.72
32.72
32.97
33.36
33.74
34.39
34.51
34.90
35.28
35.67
36.05
36.44
36.57
36.57
36.57
36.57
36.57
36.57
36.57
36.57
36.31
35.92
35.54
35.15
34.77
34.13
34.00
33.61
33.23
32.91
32.97
33.17
33.36
33.55
33.74
34.06
34.13
34.32
34.51
34.64
34.64
34.64
34.64
34.64
34.64
34.64
34.64
34.64
34.64
34.64
34.64
34.64
34.64
34.64
34.64
34.64
34.64
34.83
35.03
35.22
35.41
35.60
35.80
35.99
36.18
36.50
36.44
36.24
36.05
35.86
35.67
35.48
35.28
35.09
34.90
34.77
35.03
35.22
35.41
35.60
35.80
35.99
36.18
36.37
36.50
36.18
36.12
35.92
35.73
35.54
35.35
35.15
34.96
34.83
34.90
35.22
35.28
35.48
35.67
35.86
36.05
36.24
36.44
36.57
36.57
36.57
36.57
36.57
36.57
36.57
36.57
36.50
36.31
36.12
35.92
35.60
35.54
35.35
35.15
34.96
34.77
34.64
34.64
34.64
34.64
34.64
34.64
34.64
34.64
34.64
34.51
34.51
34.51
34.51
34.51
34.51
34.51
34.51
34.51
34.64
34.77
34.77
34.77
34.77
34.77
34.77
34.77
34.77
34.83
34.90
35.09
35.28
35.48
35.67
35.86
36.18
36.24
36.37
36.31
36.12
35.92
35.73
35.54
35.35
35.15
34.83
34.90
2997.14
2997.25
2997.36
2997.47
2997.59
2997.70
2997.81
2997.81
36.12
36.12
35.92
35.73
35.54
35.35
35.15
34.96
34.77
34.64
34.64
34.64
34.64
34.64
34.64
34.64
34.45
34.26
34.06
33.87
33.55
33.49
33.29
33.10
32.91
32.97
33.36
33.74
34.13
34.51
35.16
35.28
35.67
36.05
36.44
36.57
36.57
36.57
36.57
36.57
36.57
36.57
36.57
36.57
36.50
36.31
36.12
35.92
35.73
35.54
35.22
35.15
34.96
34.83
34.90
35.09
35.28
35.48
35.67
35.86
36.18
36.24
36.37
36.31
36.12
35.92
35.73
35.54
35.35
35.15
34.83
34.77
34.64
34.64
34.64
34.64
34.64
34.64
34.64
34.64
34.38
34.64
34.64
34.64
34.64
34.64
34.64
34.64
34.64
34.64
34.64
34.64
34.64
34.64
34.64
34.64
34.64
34.64
34.64
34.64
34.64
34.64
34.64
34.64
34.64
34.64
34.64
34.64
34.77
34.77
34.77
34.77
34.77
34.77
34.77
34.77
34.77
34.83
34.90
35.09
35.41
35.48
35.67
35.86
36.05
36.24
36.24
36.18
35.99
35.80
35.48
35.41
35.22
35.03
34.83
34.77
34.77
34.77
34.77
34.77
34.77
34.77
34.77
34.77
34.77
34.64
34.64
34.64
34.64
34.64
34.64
34.64
34.64
34.64
34.64
34.64
34.64
34.64
34.64
34.64
34.64
34.64
34.71
34.71
34.71
34.71
34.71
34.71
34.71
34.71
34.71
34.71
34.77
34.77
34.77
34.77
34.77
34.77
34.77
34.77
34.77
34.90
34.96
35.15
35.35
35.54
35.73
35.92
36.12
36.31
36.12
35.80
35.41
35.03
34.64
34.26
33.87
33.49
33.10
32.91
33.23
33.29
33.49
33.68
33.87
34.06
34.26
34.45
34.64
34.64
34.64
34.64
34.64
34.64
34.64
34.64
34.64
34.64
34.64
34.64
34.64
34.64
34.64
34.64
34.64
34.64
34.64
34.64
34.64
34.64
34.64
34.64
34.64
34.64
34.64
34.64
34.64
34.64
34.64
34.64
34.64
34.64
34.64
34.64
34.64
34.64
34.64
34.64
34.64
34.64
34.64
34.64
34.64
34.64
34.64
34.64
34.64
34.64
34.64
34.64
34.64
34.64
34.64
34.51
34.51
34.51
34.51
34.51
34.51
34.51
34.51
34.51
34.64
34.77
34.77
34.77
34.77
34.77
34.77
34.77
34.77
34.77
34.64
34.64
34.64
34.64
34.64
34.64
34.64
34.64
34.64
34.64
34.64
34.64
34.64
34.64
34.64
34.64
34.64
34.64
34.64
34.64
3192.46
3192.46
3192.46
3192.46
3192.46
3192.46
3192.46
3192.46
34.51
34.51
34.51
34.51
34.51
34.51
34.64
34.77
34.77
34.77
34.77
34.77
34.77
34.77
34.77
34.64
34.51
34.51
34.51
34.51
34.51
34.51
34.51
34.51
34.64
34.77
34.77
34.77
34.77
34.77
34.77
34.77
34.77
34.77
34.64
34.64
34.64
34.64
34.64
34.64
34.64
34.64
34.71
34.90
35.09
35.28
35.48
35.67
35.86
36.05
36.37
36.12
36.05
35.86
35.67
35.48
35.28
35.09
34.90
34.71
34.58
34.26
34.06
33.87
33.68
33.49
33.29
33.10
32.91
32.72
32.72
32.72
32.72
32.72
32.72
32.72
32.72
32.72
32.72
32.91
33.23
33.29
33.49
33.68
33.87
34.06
34.26
34.45
34.45
34.26
33.94
33.87
33.68
33.49
33.29
33.10
32.91
33.10
33.68
34.26
35.22
35.41
35.99
36.57
37.14
37.72
38.17
38.17
37.98
37.78
37.46
37.40
37.21
37.01
36.82
36.69
36.63
36.63
36.63
36.63
36.63
36.63
36.63
36.63
36.63
36.57
36.57
36.57
36.57
36.57
36.57
36.57
36.57
36.50
36.50
36.50
36.50
36.50
36.50
36.50
36.50
36.50
36.50
36.50
36.31
36.12
35.92
35.73
35.54
35.35
35.03
34.96
34.83
34.90
35.09
35.28
35.48
35.67
35.86
36.05
36.37
36.44
36.57
36.57
36.57
36.57
36.57
36.57
36.57
36.57
36.50
36.18
35.99
35.80
35.60
35.41
35.22
35.03
34.83
34.64
34.64
34.64
34.64
34.64
34.64
34.64
34.64
34.64
34.51
34.51
34.51
34.51
34.51
34.51
34.51
34.51
34.51
34.58
34.71
34.71
34.71
34.71
34.71
34.71
34.71
34.71
34.71
34.71
34.71
34.71
34.71
34.71
34.71
34.71
34.71
34.71
34.71
34.64
34.64
34.64
34.64
34.64
34.64
34.64
34.64
34.45
34.26
34.06
33.87
33.68
33.36
33.29
33.10
32.91
32.72
32.72
32.72
32.72
32.72
32.72
32.72
32.72
32.72
32.97
33.36
33.74
34.13
34.51
34.90
35.28
35.92
36.05
36.44
36.57
36.57
36.57
36.57
36.57
36.57
36.57
36.57
36.44
36.24
36.05
35.86
35.67
35.48
35.28
35.09
34.90
34.71
34.77
34.96
35.15
35.35
35.54
35.73
35.92
36.12
36.31
36.44
36.18
35.99
35.80
35.60
35.41
35.22
35.03
34.83
34.77
35.09
35.15
35.35
35.54
35.73
35.92
36.12
36.31
36.24
36.12
35.80
35.73
552.87
552.75
552.63
552.51
552.40
552.28
552.29
552.29
34.77
34.77
34.77
34.77
34.77
34.64
34.64
34.51
34.51
34.51
34.51
34.51
34.51
34.51
34.64
34.77
34.77
34.77
34.77
34.77
34.77
34.77
34.77
34.77
34.64
34.64
34.64
34.64
34.64
34.64
34.64
34.64
34.64
34.64
34.64
34.64
34.64
34.64
34.64
34.64
34.64
34.64
34.64
34.64
34.64
34.64
34.64
34.64
34.64
34.64
34.64
34.77
34.96
35.15
35.35
35.54
35.73
35.92
36.12
36.31
36.44
36.18
35.99
35.80
35.60
35.41
35.22
35.03
34.83
34.51
34.51
34.51
34.51
34.51
34.51
34.51
34.51
34.51
34.71
35.03
35.35
35.41
35.60
35.80
35.99
36.18
36.37
36.57
36.57
36.57
36.57
36.57
36.57
36.57
36.57
36.57
36.50
36.31
36.12
35.92
35.60
35.54
35.35
35.15
34.96
34.77
34.71
34.90
35.09
35.28
35.60
35.67
35.86
36.05
36.24
36.44
36.57
36.57
36.57
36.57
36.57
36.57
36.57
36.57
36.57
36.57
36.57
36.57
36.57
36.57
36.57
36.57
36.57
36.57
36.57
36.57
36.57
36.57
36.57
36.57
36.57
36.57
36.57
36.57
36.57
36.57
36.57
36.57
36.57
36.57
36.57
36.24
36.05
35.86
35.67
35.48
35.28
35.09
34.90
34.71
34.90
34.64
34.64
34.64
34.64
34.64
34.64
34.64
34.64
34.64
34.64
34.64
34.64
34.64
34.64
34.64
34.64
34.64
34.64
34.71
35.03
35.09
35.28
35.48
35.67
35.86
36.05
36.24
36.37
36.31
35.99
35.92
35.73
35.54
35.35
35.15
34.96
34.83
34.90
35.09
35.41
35.48
35.67
35.86
36.05
36.24
36.44
36.57
36.57
36.57
36.57
36.57
36.57
36.57
36.57
36.31
35.92
35.54
35.15
34.77
34.13
34.00
33.61
33.23
33.04
33.10
33.29
33.49
33.68
33.87
34.19
34.26
34.45
34.64
34.64
34.64
34.64
34.64
34.64
34.64
34.64
34.64
34.64
34.45
34.26
34.06
33.87
33.68
33.49
33.29
32.97
32.91
32.72
32.72
32.72
32.72
32.72
32.72
32.72
32.72
32.72
33.04
33.23
33.42
33.61
33.81
34.00
34.19
34.38
34.58
34.64
34.64
34.64
34.64
34.64
34.64
34.64
34.64
34.64
34.64
34.64
34.64
34.64
34.64
34.64
34.64
34.64
34.64
34.64
34.64
34.64
34.64
34.64
34.64
34.64
34.64
34.64
34.71
34.90
35.09
35.41
35.48
744.90
745.02
745.14
745.25
745.26
745.15
745.03
744.91
35.60
35.54
35.35
35.15
34.96
34.77
34.64
34.64
34.64
34.64
34.64
34.64
34.64
34.64
34.64
34.64
34.64
34.64
34.64
34.64
34.64
34.64
34.64
34.64
34.64
34.64
34.64
34.64
34.64
34.64
34.64
34.64
34.51
34.51
34.51
34.51
34.51
34.51
34.51
34.51
34.51
34.51
34.64
34.64
34.64
34.64
34.64
34.64
34.64
34.64
34.96
35.03
35.22
35.41
35.60
35.80
35.99
36.18
36.37
36.50
36.18
36.12
35.92
35.73
35.54
35.35
35.15
34.96
34.77
34.71
35.03
35.09
35.28
35.48
35.67
35.86
36.05
36.24
36.37
36.31
35.99
35.92
35.73
35.54
35.35
35.15
34.96
34.83
34.90
35.09
35.41
35.48
35.67
35.86
36.05
36.24
36.44
36.57
36.57
36.57
36.57
36.57
36.57
36.57
36.57
36.50
36.31
36.12
35.92
35.73
35.41
35.35
35.15
34.96
34.77
34.64
34.64
34.64
34.64
34.64
34.64
34.64
34.64
34.64
34.64
34.64
34.64
34.64
34.64
34.64
34.64
34.64
34.64
34.64
34.64
34.64
34.64
34.64
34.64
34.64
34.64
34.64
34.64
34.64
34.64
34.64
34.64
34.64
34.64
34.64
34.64
34.77
34.96
35.15
35.35
35.54
35.73
35.92
36.12
36.31
36.44
36.18
35.99
35.80
35.60
35.41
35.22
35.03
34.83
34.64
34.64
34.64
34.64
34.64
34.64
34.64
34.64
34.64
34.64
34.64
34.64
34.64
34.64
34.64
34.64
34.64
34.64
34.71
34.90
35.09
35.41
35.48
35.67
35.86
36.05
36.24
36.44
36.57
36.57
36.57
36.57
36.57
36.57
36.57
36.57
36.57
36.50
36.31
36.12
35.92
35.60
35.54
35.35
35.15
34.96
34.77
34.64
34.64
34.64
34.64
34.64
34.64
34.64
34.64
34.64
34.64
34.64
34.64
34.64
34.64
34.64
34.64
34.64
34.64
34.64
34.64
34.64
34.64
34.64
34.64
34.64
34.64
34.71
34.90
35.09
35.28
35.48
35.67
35.86
36.05
36.37
36.44
36.57
36.57
36.57
36.57
36.57
36.57
36.57
36.57
36.50
36.18
35.99
35.80
35.60
35.41
35.22
35.03
34.83
34.64
34.71
35.03
35.22
35.41
35.60
35.80
35.99
36.18
36.37
36.50
36.18
36.12
35.92
35.73
35.54
35.35
35.15
34.96
34.83
34.90
35.22
35.28
35.48
35.67
35.86
36.05
36.24
36.37
36.31
36.12
35.80
35.73
552.76
552.65
552.53
552.41
552.29
552.28
552.28
552.28
34.64
34.64
34.64
34.64
34.64
34.64
34.64
34.64
34.64
34.64
34.64
34.64
34.64
34.71
34.90
35.09
35.28
35.48
35.67
35.86
36.18
36.24
36.44
36.57
36.57
36.57
36.57
36.57
36.57
36.57
36.57
36.57
36.57
36.57
36.57
36.57
36.57
36.57
36.57
36.57
36.57
36.44
36.24
36.05
35.86
35.67
35.48
35.28
35.09
34.90
34.45
34.64
34.64
34.64
34.64
34.64
34.64
34.64
34.64
34.77
34.77
34.77
34.77
34.77
34.77
34.77
34.77
34.77
34.83
34.90
35.22
35.28
35.48
35.67
35.86
36.05
36.24
36.44
36.57
36.57
36.57
36.57
36.57
36.57
36.57
36.57
36.50
36.31
36.12
35.92
35.60
35.54
35.35
35.15
34.96
34.77
34.51
34.51
34.51
34.51
34.51
34.51
34.51
34.51
34.51
34.71
35.03
35.22
35.41
35.60
35.92
35.99
36.18
36.37
36.57
36.57
36.57
36.57
36.57
36.57
36.57
36.57
36.57
36.50
36.31
36.12
35.92
35.73
35.54
35.35
35.03
34.96
34.83
34.90
35.09
35.28
35.48
35.67
35.86
36.05
36.37
36.44
36.57
36.57
36.57
36.57
36.57
36.57
36.57
36.57
36.24
36.18
35.99
35.80
35.60
35.41
35.22
35.03
34.83
34.64
34.64
34.64
34.64
34.64
34.64
34.64
34.64
34.64
34.64
34.83
35.15
35.22
35.41
35.60
35.80
35.99
36.18
36.37
36.57
36.57
36.57
36.57
36.57
36.57
36.57
36.57
36.57
36.50
36.31
36.12
35.80
35.73
35.54
35.35
35.15
34.96
34.58
34.26
34.06
33.87
33.55
33.49
33.29
33.10
32.91
32.72
32.72
32.72
32.72
32.72
32.72
32.72
32.72
32.72
32.72
32.72
32.72
32.72
32.72
32.72
32.72
32.72
32.72
32.78
33.17
33.55
33.94
34.32
34.71
35.09
35.73
35.86
36.24
36.57
36.57
36.57
36.57
36.57
36.57
36.57
36.57
36.57
36.50
36.31
36.12
35.92
35.73
35.54
35.35
35.15
34.83
34.77
34.64
34.64
34.64
34.64
34.64
34.64
34.64
34.64
34.64
34.64
34.64
34.64
34.64
34.64
34.64
34.64
34.64
34.64
34.64
34.64
34.64
34.64
34.64
34.64
34.64
34.64
34.71
34.90
35.22
35.28
35.48
35.67
35.86
36.05
36.24
36.44
36.57
36.57
36.57
36.57
36.57
36.57
36.57
36.57
36.57
36.31
35.92
35.54
34.90
34.77
548.94
549.15
549.36
549.35
549.35
549.13
548.93
548.72
35.16
35.28
35.67
36.05
36.37
36.31
36.12
35.92
35.73
35.54
35.22
35.15
34.96
34.64
34.51
34.51
34.51
34.51
34.51
34.51
34.51
34.51
34.71
35.03
35.22
35.41
35.60
35.80
35.99
36.18
36.50
36.24
36.05
35.86
35.67
35.48
35.28
35.09
34.90
34.71
34.90
34.64
34.64
34.64
34.64
34.64
34.64
34.64
34.64
34.64
34.64
34.64
34.64
34.64
34.64
34.64
34.64
34.64
34.64
34.64
34.64
34.64
34.64
34.64
34.64
34.64
34.64
34.64
34.71
34.90
35.22
35.28
35.48
35.67
35.86
36.05
36.24
36.44
36.57
36.57
36.57
36.57
36.57
36.57
36.57
36.57
36.57
36.57
36.57
36.57
36.57
36.57
36.57
36.57
36.57
36.57
36.57
36.57
36.57
36.57
36.57
36.57
36.57
36.57
36.31
35.92
35.54
35.15
34.77
34.38
33.74
33.61
33.23
32.84
32.72
32.72
32.72
32.72
32.72
32.72
32.72
32.72
32.78
33.17
33.55
33.94
34.32
34.71
35.09
35.48
36.12
36.24
36.57
36.57
36.57
36.57
36.57
36.57
36.57
36.57
36.57
36.57
36.57
36.57
36.57
36.57
36.57
36.57
36.57
36.57
36.24
36.18
35.99
35.80
35.60
35.41
35.22
35.03
34.83
34.83
35.15
35.22
35.41
35.60
35.80
35.99
36.18
36.37
36.57
36.57
36.57
36.57
36.57
36.57
36.57
36.57
36.57
36.57
36.57
36.57
36.57
36.57
36.57
36.57
36.57
36.57
36.57
36.57
36.57
36.57
36.57
36.57
36.57
36.57
36.57
36.57
36.50
36.31
36.12
35.92
35.60
35.54
35.35
35.15
34.96
34.64
34.51
34.51
34.51
34.51
34.51
34.51
34.51
34.51
34.71
35.03
35.22
35.41
35.60
35.80
36.12
36.18
36.37
36.37
36.18
35.99
35.80
35.60
35.41
35.22
34.90
34.83
34.83
35.03
35.22
35.41
35.60
35.80
35.99
36.18
36.50
36.57
36.57
36.57
36.57
36.57
36.57
36.57
36.57
36.57
36.50
36.18
35.99
35.80
35.60
35.41
35.22
35.03
34.83
34.64
34.38
34.64
34.64
34.64
34.64
34.64
34.64
34.64
34.64
34.83
35.15
35.22
35.41
35.60
35.80
35.99
36.18
36.37
36.57
36.57
36.57
36.57
36.57
36.57
36.57
36.57
36.57
36.50
36.31
36.12
35.80
35.73
35.54
35.35
35.15
34.96
34.83
34.90
35.09
35.28
35.60
35.67
2420.84
2420.96
2421.07
2421.18
2421.18
2421.18
2421.18
2421.18
36.57
36.57
36.50
36.31
36.12
35.92
35.73
35.54
35.35
35.15
34.83
34.90
34.96
35.15
35.35
35.54
35.73
35.92
36.12
36.31
36.44
36.18
35.99
35.80
35.60
35.41
35.22
35.03
34.83
34.64
34.64
34.64
34.64
34.64
34.64
34.64
34.64
34.64
34.64
34.71
35.03
35.09
35.28
35.48
35.67
35.86
36.05
36.24
36.24
36.18
35.86
35.80
35.60
35.41
35.22
35.03
34.83
34.83
35.03
35.22
35.54
35.60
35.80
35.99
36.18
36.37
36.57
36.57
36.57
36.57
36.57
36.57
36.57
36.57
36.57
36.50
36.31
36.12
35.92
35.73
35.41
35.35
35.15
34.96
34.77
34.64
34.64
34.64
34.64
34.64
34.64
34.64
34.64
34.64
34.64
34.64
34.64
34.64
34.64
34.64
34.64
34.64
34.64
34.71
34.90
35.09
35.28
35.48
35.67
35.86
36.18
36.24
36.44
36.57
36.57
36.57
36.57
36.57
36.57
36.57
36.57
36.57
36.57
36.57
36.57
36.57
36.57
36.57
36.57
36.57
36.57
36.57
36.57
36.57
36.57
36.57
36.57
36.57
36.57
36.57
36.57
36.57
36.57
36.57
36.57
36.57
36.57
36.57
36.57
36.57
36.57
36.57
36.57
36.57
36.57
36.57
36.57
36.57
36.37
36.18
35.86
35.80
35.60
35.41
35.22
35.03
34.83
34.83
35.03
35.22
35.54
35.60
35.80
35.99
36.18
36.37
36.63
36.63
36.63
36.63
36.63
36.63
36.63
36.63
36.63
36.57
36.50
36.50
36.50
36.50
36.50
36.50
36.50
36.50
36.31
36.18
35.99
35.80
35.60
35.41
35.09
35.03
34.83
34.64
34.64
34.64
34.64
34.64
34.64
34.64
34.64
34.64
34.83
35.03
35.22
35.41
35.60
35.80
35.99
36.18
36.50
36.44
36.24
36.05
35.86
35.67
35.48
35.28
35.09
34.90
34.71
34.77
34.96
35.15
35.35
35.54
35.73
35.92
36.12
36.31
36.18
36.18
35.99
35.80
35.60
35.41
35.22
35.03
34.83
34.83
35.15
35.22
35.41
35.60
35.80
35.99
36.18
36.37
36.57
36.57
36.57
36.57
36.57
36.57
36.57
36.57
36.57
36.57
36.57
36.57
36.57
36.57
36.57
36.57
36.57
36.57
36.50
36.31
36.12
35.92
35.60
35.54
35.35
35.15
34.96
34.83
34.90
35.09
35.28
35.48
35.80
35.86
36.05
36.24
36.44
36.57
36.57
36.57
36.57
36.57
36.57
36.57
1889.57
1889.57
1889.57
1889.57
1889.57
1889.57
1889.57
1889.57
36.57
36.57
36.57
36.57
36.57
36.57
36.57
36.57
36.57
36.57
36.57
36.57
36.57
36.57
36.57
36.57
36.57
36.57
36.57
36.57
36.57
36.57
36.57
36.57
36.57
36.57
36.57
36.57
36.57
36.57
36.57
36.57
36.57
36.57
36.57
36.57
36.57
36.37
36.18
35.99
35.67
35.60
35.41
35.22
35.03
34.83
34.64
34.64
34.64
34.64
34.64
34.64
34.64
34.64
34.64
34.64
34.64
34.64
34.64
34.64
34.64
34.64
34.64
34.64
34.64
34.83
35.03
35.22
35.41
35.60
35.92
35.99
36.18
36.37
36.57
36.57
36.57
36.57
36.57
36.57
36.57
36.57
36.57
36.69
36.89
37.08
37.27
37.46
37.66
37.85
38.17
38.23
38.30
38.17
37.98
37.78
37.59
37.40
37.21
37.01
36.69
36.63
36.57
36.57
36.57
36.57
36.57
36.57
36.57
36.57
36.57
36.57
36.57
36.57
36.57
36.57
36.57
36.57
36.57
36.37
36.05
35.99
35.80
35.60
35.41
35.22
35.03
34.83
34.83
35.03
35.35
35.41
35.60
35.80
35.99
36.18
36.37
36.57
36.37
36.18
35.86
35.80
35.60
35.41
35.22
35.03
34.83
34.83
35.03
35.22
35.54
35.60
35.80
35.99
36.18
36.37
36.57
36.57
36.57
36.57
36.57
36.57
36.57
36.57
36.57
36.57
36.57
36.57
36.57
36.57
36.57
36.57
36.57
36.57
36.57
36.57
36.57
36.57
36.57
36.57
36.57
36.57
36.57
36.57
36.57
36.57
36.57
36.57
36.57
36.57
36.57
36.57
36.57
36.57
36.57
36.57
36.57
36.57
36.57
36.57
36.57
36.57
36.57
36.57
36.57
36.57
36.57
36.57
36.57
36.57
36.57
36.57
36.57
36.57
36.57
36.57
36.57
36.57
36.57
36.57
36.57
36.57
36.57
36.57
36.57
36.57
36.57
36.57
36.57
36.57
36.57
36.57
36.57
36.57
36.57
36.57
36.57
36.57
36.63
36.82
37.14
37.21
37.40
37.59
37.78
37.98
38.17
38.23
37.98
37.59
36.95
36.82
36.44
36.05
35.67
35.28
34.90
34.64
34.64
34.64
34.64
34.64
34.64
34.64
34.64
34.64
34.64
34.64
34.64
34.64
34.64
34.64
34.64
34.64
34.64
34.45
34.26
34.06
33.87
33.68
33.36
33.29
33.10
32.91
32.97
33.36
33.74
34.13
34.51
34.90
35.54
35.67
36.05
36.44
36.57
36.57
36.57
36.57
36.57
36.57
36.57
36.57
1889.57
1889.57
1889.57
1889.57
1889.57
1889.57
1889.57
1889.57
36.57
36.57
36.57
36.57
36.57
36.57
36.57
36.57
36.63
36.63
36.63
36.63
36.63
36.63
36.63
36.63
36.63
36.63
36.57
36.57
36.57
36.57
36.57
36.57
36.57
36.57
36.31
36.12
35.92
35.73
35.41
35.35
35.15
34.96
34.77
34.58
34.83
35.03
35.22
35.41
35.73
35.80
35.99
36.18
36.37
36.57
36.57
36.57
36.57
36.57
36.57
36.57
36.57
36.57
36.69
36.89
37.08
37.27
37.46
37.66
37.98
38.04
38.23
38.30
38.17
37.98
37.78
37.59
37.40
37.21
36.89
36.82
36.63
36.57
36.57
36.57
36.57
36.57
36.57
36.57
36.57
36.24
36.05
35.86
35.67
35.48
35.28
35.09
34.90
34.71
34.96
35.03
35.22
35.41
35.60
35.80
35.99
36.18
36.37
36.37
36.05
35.99
35.80
35.60
35.41
35.22
35.03
34.83
34.64
34.83
35.15
35.22
35.41
35.60
35.80
35.99
36.18
36.37
36.69
36.89
37.21
37.27
37.46
37.66
37.85
38.04
38.23
38.30
38.17
37.98
37.66
37.59
37.40
37.21
37.01
36.82
36.63
36.57
36.57
36.57
36.57
36.57
36.57
36.57
36.57
36.57
36.57
36.57
36.57
36.57
36.57
36.57
36.57
36.57
36.57
36.57
36.57
36.57
36.57
36.57
36.57
36.57
36.57
36.57
36.57
36.57
36.57
36.57
36.57
36.57
36.57
36.57
36.57
36.57
36.57
36.57
36.57
36.57
36.57
36.57
36.57
36.57
36.57
36.57
36.57
36.57
36.57
36.57
36.57
36.57
36.57
36.57
36.57
36.57
36.57
36.57
36.57
36.57
36.57
36.57
36.57
36.57
36.57
36.57
36.57
36.57
36.57
36.57
36.57
36.50
36.18
36.12
35.92
35.73
35.54
35.35
35.15
34.96
34.83
34.90
35.22
35.28
35.48
35.67
35.86
36.05
36.24
36.37
36.31
36.12
35.80
35.73
35.54
35.35
35.15
34.96
34.77
34.64
34.64
34.64
34.64
34.64
34.64
34.64
34.64
34.64
34.64
34.64
34.64
34.64
34.64
34.64
34.64
34.64
34.64
34.71
34.90
35.09
35.28
35.48
35.80
35.86
36.05
36.24
36.44
36.57
36.57
36.57
36.57
36.57
36.57
36.57
36.57
36.50
36.31
36.12
35.92
35.73
35.54
35.35
35.03
34.96
34.77
34.64
34.64
34.64
34.64
34.64
34.64
34.64
34.64
34.64
34.64
34.64
34.64
34.64
34.64
34.64
34.64
34.64
34.71
35.03
737.12
737.01
736.91
736.80
736.70
736.59
736.49
736.38
36.57
36.57
36.57
36.57
36.57
36.57
36.57
36.57
36.57
36.57
36.57
36.57
36.57
36.57
36.57
36.57
36.57
36.50
36.31
36.12
35.80
35.73
35.54
35.35
35.15
34.96
34.58
34.26
34.06
33.87
33.55
33.49
33.29
33.10
32.91
32.97
33.36
33.74
34.13
34.51
35.16
35.28
35.67
36.05
36.44
36.57
36.57
36.57
36.57
36.57
36.57
36.57
36.57
36.57
36.57
36.57
36.57
36.57
36.57
36.57
36.57
36.57
36.57
36.57
36.57
36.57
36.57
36.57
36.57
36.57
36.57
36.57
36.50
36.31
36.12
35.92
35.73
35.54
35.35
35.15
34.83
34.90
34.96
35.15
35.35
35.54
35.73
35.92
36.12
36.31
36.50
36.57
36.57
36.57
36.57
36.57
36.57
36.57
36.57
36.57
36.57
36.57
36.57
36.57
36.57
36.57
36.57
36.57
36.50
36.31
35.99
35.92
35.73
35.54
35.35
35.15
34.96
34.77
34.64
34.64
34.64
34.64
34.64
34.64
34.64
34.64
34.64
34.64
34.64
34.64
34.64
34.64
34.64
34.64
34.64
34.64
34.64
34.64
34.64
34.64
34.64
34.64
34.64
34.64
34.64
34.64
34.64
34.64
34.64
34.64
34.64
34.64
34.64
34.64
34.71
34.90
35.09
35.28
35.48
35.67
35.99
36.05
36.24
36.44
36.57
36.57
36.57
36.57
36.57
36.57
36.57
36.57
36.50
36.31
36.12
35.92
35.73
35.54
35.35
35.15
34.83
34.90
34.96
35.15
35.35
35.54
35.73
35.92
36.12
36.31
36.44
36.18
35.99
35.80
35.60
35.41
35.22
35.03
34.83
34.64
34.64
34.64
34.64
34.64
34.64
34.64
34.64
34.64
34.64
34.71
35.03
35.09
35.28
35.48
35.67
35.86
36.05
36.24
36.37
36.31
35.99
35.92
35.73
35.54
35.35
35.15
34.96
34.77
34.64
34.64
34.64
34.64
34.64
34.64
34.64
34.64
34.71
34.90
35.09
35.28
35.60
35.67
35.86
36.05
36.24
36.44
36.57
36.57
36.57
36.57
36.57
36.57
36.57
36.57
36.57
36.57
36.57
36.57
36.57
36.57
36.57
36.57
36.57
36.50
36.31
36.12
35.92
35.73
35.54
35.35
35.03
34.96
34.77
34.64
34.64
34.64
34.64
34.64
34.64
34.64
34.64
34.64
34.64
34.64
34.64
34.64
34.64
34.64
34.64
34.64
34.64
34.77
34.96
35.15
35.35
35.54
35.73
35.92
36.12
36.31
36.50
36.57
1889.57
1889.57
1889.57
1889.57
1889.57
1889.57
1889.57
1889.57
36.57
36.57
36.57
36.57
36.57
36.57
36.50
36.31
36.12
35.92
35.60
35.54
35.35
35.15
34.96
34.77
34.64
34.64
34.64
34.64
34.64
34.64
34.64
34.64
34.71
34.90
35.09
35.28
35.48
35.67
35.99
36.05
36.24
36.37
36.31
36.12
35.92
35.73
35.54
35.35
35.03
34.96
34.77
34.45
34.26
34.06
33.87
33.68
33.49
33.29
32.97
32.91
32.97
33.36
33.74
34.13
34.51
34.90
35.28
35.67
36.31
36.44
36.57
36.57
36.57
36.57
36.57
36.57
36.57
36.57
36.57
36.57
36.57
36.57
36.57
36.57
36.57
36.57
36.57
36.50
36.18
36.12
35.92
35.73
35.54
35.35
35.15
34.96
34.58
34.26
33.94
33.87
33.68
33.49
33.29
33.10
32.91
32.72
32.72
32.72
32.72
32.72
32.72
32.72
32.72
32.72
32.72
32.72
32.72
32.72
32.72
32.72
32.72
32.72
32.72
32.72
32.97
33.36
33.74
34.13
34.77
34.90
35.28
35.67
36.05
36.44
36.57
36.57
36.57
36.57
36.57
36.57
36.57
36.57
36.37
36.18
35.99
35.80
35.60
35.41
35.09
35.03
34.83
34.77
34.77
34.77
34.77
34.77
34.77
34.77
34.77
34.77
34.77
34.64
34.64
34.64
34.64
34.64
34.64
34.64
34.64
34.77
34.96
35.15
35.35
35.54
35.73
35.92
36.12
36.31
36.44
36.18
35.99
35.80
35.60
35.41
35.22
35.03
34.83
34.64
34.71
35.03
35.22
35.41
35.60
35.80
35.99
36.18
36.37
36.57
36.57
36.57
36.57
36.57
36.57
36.57
36.57
36.57
36.50
36.31
35.99
35.92
35.73
35.54
35.35
35.15
34.96
34.83
34.90
35.09
35.41
35.48
35.67
35.86
36.05
36.24
36.24
36.18
35.99
35.80
35.48
35.41
35.22
35.03
34.83
34.77
34.77
34.77
34.77
34.77
34.77
34.77
34.77
34.77
34.58
34.26
34.06
33.87
33.68
33.49
33.17
33.10
32.91
32.72
32.72
32.72
32.72
32.72
32.72
32.72
32.72
32.72
32.72
32.91
33.10
33.29
33.49
33.68
33.87
34.06
34.38
34.45
34.71
34.90
35.09
35.28
35.48
35.67
35.86
36.05
36.37
36.31
36.24
36.05
35.86
35.67
35.48
35.28
35.09
34.90
34.71
34.64
34.64
34.64
34.64
34.64
34.64
34.64
34.64
34.64
34.64
34.64
34.64
34.64
34.64
34.64
34.64
34.64
34.71
34.90
35.22
35.28
932.56
932.45
932.35
932.24
932.13
932.03
932.03
932.03
36.57
36.57
36.57
36.57
36.57
36.57
36.57
36.57
36.57
36.57
36.57
36.57
36.57
36.57
36.57
36.57
36.57
36.57
36.57
36.57
36.57
36.57
36.57
36.57
36.50
36.31
36.12
35.92
35.73
35.54
35.22
35.15
34.96
34.83
34.90
35.09
35.28
35.48
35.67
35.86
36.18
36.24
36.44
36.57
36.57
36.57
36.57
36.57
36.57
36.57
36.57
36.24
36.05
35.86
35.67
35.48
35.28
35.09
34.90
34.71
34.96
35.03
35.22
35.41
35.60
35.80
35.99
36.18
36.37
36.57
36.57
36.57
36.57
36.57
36.57
36.57
36.57
36.57
36.57
36.50
36.18
36.12
35.92
35.73
35.54
35.35
35.15
34.96
34.77
34.64
34.64
34.64
34.64
34.64
34.64
34.64
34.64
34.71
34.90
35.09
35.41
35.48
35.67
35.86
36.05
36.24
36.24
36.18
35.99
35.80
35.48
35.41
35.22
35.03
34.83
34.83
35.03
35.22
35.41
35.60
35.92
35.99
36.18
36.37
36.50
36.31
36.12
35.92
35.73
35.54
35.22
35.15
34.96
34.83
34.90
35.09
35.28
35.48
35.67
35.86
36.18
36.24
36.44
36.57
36.57
36.57
36.57
36.57
36.57
36.57
36.57
36.57
36.50
36.31
36.12
35.92
35.73
35.54
35.35
35.15
34.83
34.90
34.96
35.15
35.35
35.54
35.73
35.92
36.12
36.31
36.18
36.18
35.99
35.80
35.60
35.41
35.22
35.03
34.83
34.64
34.64
34.64
34.64
34.64
34.64
34.64
34.64
34.64
34.64
34.64
34.64
34.64
34.64
34.64
34.64
34.64
34.64
34.83
35.03
35.22
35.54
35.60
35.80
35.99
36.18
36.37
36.57
36.57
36.57
36.57
36.57
36.57
36.57
36.57
36.57
36.57
36.63
36.63
36.63
36.63
36.63
36.63
36.63
36.63
36.63
36.57
36.50
36.50
36.50
36.50
36.50
36.50
36.50
36.50
36.63
36.89
37.08
37.27
37.46
37.66
37.98
38.04
38.23
38.30
38.17
37.98
37.78
37.59
37.40
37.21
36.89
36.82
36.63
36.57
36.57
36.57
36.57
36.57
36.57
36.57
36.57
36.57
36.57
36.57
36.57
36.57
36.57
36.57
36.57
36.57
36.57
36.57
36.57
36.57
36.57
36.57
36.57
36.57
36.57
36.57
36.57
36.57
36.57
36.57
36.57
36.57
36.57
36.57
36.57
36.37
36.05
35.99
35.80
35.60
35.41
35.22
35.03
34.83
34.83
35.03
35.35
35.41
2616.27
2616.39
2616.50
2616.61
2616.72
2616.84
2616.84
2616.84
36.57
36.57
36.57
36.57
36.57
36.57
36.57
36.57
36.57
36.57
36.57
36.57
36.57
36.57
36.57
36.57
36.57
36.57
36.57
36.57
36.57
36.57
36.57
36.57
36.57
36.57
36.57
36.57
36.57
36.57
36.57
36.57
36.57
36.57
36.57
36.57
36.57
36.57
36.57
36.57
36.57
36.57
36.57
36.57
36.57
36.57
36.57
36.57
36.57
36.37
36.05
35.99
35.80
35.60
35.41
35.22
35.03
34.83
34.64
34.83
35.15
35.22
35.41
35.60
35.80
35.99
36.18
36.37
36.57
36.57
36.57
36.57
36.57
36.57
36.57
36.57
36.57
36.69
36.89
37.08
37.40
37.46
37.66
37.85
38.04
38.23
38.30
38.17
37.98
37.78
37.46
37.40
37.21
37.01
36.82
36.63
36.57
36.57
36.57
36.57
36.57
36.57
36.57
36.57
36.57
36.57
36.57
36.57
36.57
36.57
36.57
36.57
36.57
36.57
36.57
36.57
36.57
36.57
36.57
36.57
36.57
36.57
36.57
36.57
36.57
36.57
36.57
36.57
36.57
36.57
36.57
36.57
36.57
36.57
36.57
36.57
36.57
36.57
36.57
36.57
36.57
36.12
35.73
35.35
34.96
34.58
34.19
33.81
33.42
33.04
33.17
33.49
33.87
34.26
34.64
35.03
35.41
35.80
36.18
36.57
36.57
36.57
36.57
36.57
36.57
36.57
36.57
36.57
36.57
36.57
36.57
36.57
36.57
36.57
36.57
36.57
36.57
36.57
36.57
36.57
36.57
36.57
36.57
36.57
36.57
36.57
36.57
36.57
36.57
36.57
36.57
36.57
36.57
36.57
36.57
36.57
36.57
36.57
36.57
36.57
36.57
36.57
36.57
36.57
36.57
36.57
36.57
36.57
36.57
36.57
36.57
36.57
36.57
36.57
36.37
36.18
35.99
35.80
35.60
35.41
35.09
35.03
34.83
34.77
34.77
34.77
34.77
34.77
34.77
34.77
34.77
34.77
34.83
34.90
35.09
35.28
35.48
35.67
35.86
36.05
36.37
36.44
36.57
36.57
36.57
36.57
36.57
36.57
36.57
36.57
36.24
36.18
35.99
35.80
35.60
35.41
35.22
35.03
34.83
34.64
34.90
34.64
34.64
34.64
34.64
34.64
34.64
34.64
34.64
34.51
34.51
34.51
34.51
34.51
34.51
34.51
34.51
34.51
34.71
35.03
35.35
35.41
35.60
35.80
35.99
36.18
36.37
36.37
36.18
35.99
35.67
35.60
35.41
35.22
35.03
34.83
34.83
35.03
35.22
35.41
35.73
35.80
1313.22
1313.11
1313.00
1312.90
1312.90
1312.90
1312.90
1312.90
36.57
36.57
36.57
36.57
36.57
36.57
36.57
36.57
36.57
36.57
36.57
36.57
36.57
36.57
36.57
36.57
36.57
36.57
36.57
36.57
36.57
36.57
36.57
36.57
36.57
36.57
36.57
36.57
36.57
36.57
36.57
36.57
36.57
36.57
36.57
36.57
36.57
36.57
36.57
36.57
36.57
36.57
36.57
36.57
36.57
36.57
36.57
36.57
36.57
36.57
36.57
36.57
36.57
36.57
36.57
36.57
36.57
36.57
36.57
36.57
36.57
36.57
36.57
36.57
36.57
36.57
36.57
36.57
36.57
36.57
36.57
36.57
36.57
36.57
36.57
36.57
36.57
36.57
36.57
36.57
36.57
36.57
36.57
36.57
36.57
36.57
36.57
36.57
36.57
36.57
36.57
36.57
36.57
36.57
36.57
36.57
36.57
36.57
36.57
36.57
36.57
36.57
36.57
36.57
36.57
36.57
36.57
36.57
36.57
36.57
36.57
36.57
36.57
36.57
36.57
36.57
36.57
36.57
36.57
36.57
36.57
36.57
36.57
36.57
36.57
36.57
36.57
36.57
36.57
36.57
36.57
36.57
36.57
36.57
36.57
36.57
36.57
36.57
36.57
36.57
36.57
36.57
36.57
36.57
36.57
36.57
36.57
36.57
36.57
36.57
36.57
36.57
36.57
36.57
36.57
36.57
36.57
36.57
36.57
36.57
36.57
36.57
36.57
36.57
36.57
36.57
36.57
36.57
36.57
36.57
36.57
36.57
36.57
36.57
36.57
36.57
36.37
36.18
35.99
35.80
35.48
35.41
35.22
35.03
34.83
34.64
34.64
34.64
34.64
34.64
34.64
34.64
34.64
34.64
34.83
35.03
35.22
35.41
35.60
35.80
36.12
36.18
36.37
36.57
36.57
36.57
36.57
36.57
36.57
36.57
36.57
36.57
36.57
36.57
36.57
36.57
36.57
36.57
36.57
36.57
36.57
36.57
36.57
36.57
36.57
36.57
36.57
36.57
36.57
36.57
36.57
36.57
36.57
36.57
36.57
36.57
36.57
36.57
36.57
36.57
36.76
36.95
37.14
37.34
37.53
37.72
37.91
38.11
38.30
38.36
38.04
37.98
37.78
37.59
37.40
37.21
37.01
36.82
36.63
36.57
36.57
36.57
36.57
36.57
36.57
36.57
36.57
36.57
36.57
36.57
36.57
36.57
36.57
36.57
36.57
36.57
36.57
36.57
36.57
36.57
36.57
36.57
36.57
36.57
36.57
36.57
36.57
36.57
36.57
36.57
36.57
36.57
36.57
36.57
36.50
36.31
36.12
35.92
35.73
35.54
35.22
35.15
2804.70
2804.70
2804.81
2804.92
2805.04
2805.15
2805.26
2805.37
36.12
35.86
35.86
35.80
35.60
35.41
35.22
35.03
34.83
34.64
34.71
35.03
35.22
35.41
35.60
35.80
35.99
36.18
36.37
36.57
36.57
36.57
36.57
36.57
36.57
36.57
36.57
36.57
36.57
36.57
36.57
36.57
36.57
36.57
36.57
36.57
36.57
36.63
36.63
36.63
36.63
36.63
36.63
36.63
36.63
36.63
36.57
36.50
36.50
36.50
36.50
36.50
36.50
36.50
36.50
36.31
36.18
35.99
35.80
35.60
35.28
35.22
35.03
34.83
34.83
35.03
35.22
35.41
35.60
35.80
36.12
36.18
36.37
36.57
36.57
36.57
36.57
36.57
36.57
36.57
36.57
36.57
36.57
36.57
36.57
36.57
36.57
36.57
36.57
36.57
36.57
36.57
36.57
36.57
36.57
36.57
36.57
36.57
36.57
36.57
36.57
36.57
36.57
36.57
36.57
36.57
36.57
36.57
36.57
36.57
36.57
36.57
36.57
36.57
36.57
36.57
36.57
36.57
36.57
36.57
36.57
36.57
36.57
36.57
36.57
36.57
36.57
36.57
36.57
36.57
36.57
36.57
36.57
36.57
36.57
36.57
36.57
36.57
36.37
36.18
35.86
35.80
35.60
35.41
35.22
35.03
34.83
34.83
35.03
35.22
35.54
35.60
35.80
35.99
36.18
36.37
36.69
36.89
37.08
37.27
37.59
37.66
37.85
38.04
38.23
38.11
37.78
37.40
37.01
36.63
35.99
35.86
35.48
35.09
34.90
35.03
35.22
35.41
35.60
35.80
36.12
36.18
36.37
36.37
36.18
35.99
35.80
35.60
35.41
35.22
34.90
34.83
34.83
35.03
35.22
35.41
35.60
35.80
35.99
36.18
36.50
36.12
35.73
35.35
34.96
34.58
34.19
33.81
33.42
33.04
32.78
33.17
33.55
33.94
34.32
34.71
35.09
35.48
35.86
36.24
36.50
36.57
36.57
36.57
36.57
36.57
36.57
36.57
36.57
36.57
36.57
36.57
36.57
36.57
36.57
36.57
36.57
36.57
36.63
36.63
36.63
36.63
36.63
36.63
36.63
36.63
36.63
36.57
36.50
36.50
36.50
36.50
36.50
36.50
36.50
36.50
36.63
36.89
37.08
37.27
37.59
37.66
37.85
38.04
38.23
38.30
38.17
37.98
37.78
37.59
37.27
37.21
37.01
36.82
36.63
36.57
36.57
36.57
36.57
36.57
36.57
36.57
36.57
36.57
36.57
36.57
36.57
36.57
36.57
36.57
36.57
36.57
36.57
36.69
36.89
37.08
37.27
37.46
37.66
37.85
38.17
38.23
500.76
500.64
500.52
500.40
500.28
500.16
500.04
499.92
36.69
36.63
36.57
36.57
36.57
36.57
36.57
36.57
36.57
36.57
36.57
36.57
36.57
36.57
36.57
36.57
36.57
36.57
36.57
36.57
36.57
36.57
36.57
36.57
36.57
36.57
36.57
36.57
36.57
36.57
36.57
36.57
36.57
36.57
36.57
36.57
36.50
36.31
36.12
35.92
35.60
35.54
35.35
35.15
34.96
34.77
34.71
34.90
35.09
35.28
35.60
35.67
35.86
36.05
36.24
36.24
36.18
35.99
35.80
35.60
35.28
35.22
35.03
34.83
34.64
34.64
34.64
34.64
34.64
34.64
34.64
34.64
34.64
34.83
35.03
35.22
35.41
35.60
35.80
35.99
36.31
36.37
36.57
36.57
36.57
36.57
36.57
36.57
36.57
36.57
36.57
36.44
36.24
36.05
35.86
35.67
35.48
35.28
35.09
34.90
34.71
34.64
34.64
34.64
34.64
34.64
34.64
34.64
34.64
34.64
34.64
34.64
34.64
34.64
34.64
34.64
34.64
34.64
34.64
34.71
35.03
35.09
35.28
35.48
35.67
35.86
36.05
36.24
36.44
36.57
36.57
36.57
36.57
36.57
36.57
36.57
36.57
36.57
36.57
36.57
36.57
36.57
36.57
36.57
36.57
36.57
36.57
36.57
36.57
36.57
36.57
36.57
36.57
36.57
36.57
36.50
36.31
36.12
35.92
35.73
35.41
35.35
35.15
34.96
34.77
34.64
34.64
34.64
34.64
34.64
34.64
34.64
34.64
34.64
34.64
34.64
34.64
34.64
34.64
34.64
34.64
34.64
34.64
34.71
34.90
35.09
35.28
35.48
35.67
35.86
36.18
36.24
36.44
36.57
36.57
36.57
36.57
36.57
36.57
36.57
36.57
36.57
36.57
36.57
36.57
36.57
36.57
36.57
36.57
36.57
36.50
36.18
35.99
35.80
35.60
35.41
35.22
35.03
34.83
34.64
34.64
34.64
34.64
34.64
34.64
34.64
34.64
34.64
34.64
34.64
34.64
34.64
34.64
34.64
34.64
34.64
34.64
34.77
34.96
35.15
35.48
35.54
35.73
35.92
36.12
36.31
36.50
36.50
36.50
36.50
36.50
36.50
36.50
36.50
36.50
36.50
36.50
36.57
36.57
36.57
36.57
36.57
36.57
36.57
36.57
36.57
36.57
36.57
36.57
36.57
36.57
36.57
36.57
36.57
36.57
36.57
36.57
36.57
36.57
36.57
36.57
36.57
36.57
36.57
36.57
36.57
36.57
36.57
36.57
36.57
36.57
36.57
36.50
36.31
36.12
35.92
35.73
35.54
35.35
35.15
34.83
34.77
548.84
548.84
548.84
548.84
548.84
548.84
548.84
548.84
34.71
35.03
35.22
35.41
35.60
35.80
35.99
36.18
36.37
36.57
36.57
36.57
36.57
36.57
36.57
36.57
36.57
36.57
36.69
36.89
37.21
37.27
37.46
37.66
37.85
38.04
38.23
38.11
37.78
37.40
36.76
36.63
36.24
35.86
35.48
35.09
34.90
35.03
35.22
35.41
35.73
35.80
35.99
36.18
36.37
36.57
36.57
36.57
36.57
36.57
36.57
36.57
36.57
36.57
36.57
36.57
36.57
36.57
36.57
36.57
36.57
36.57
36.57
36.57
36.57
36.57
36.57
36.57
36.57
36.57
36.57
36.57
36.57
36.57
36.57
36.57
36.57
36.57
36.57
36.57
36.57
36.57
36.57
36.57
36.57
36.57
36.57
36.57
36.57
36.57
36.57
36.57
36.57
36.57
36.57
36.57
36.57
36.57
36.57
36.57
36.69
36.57
36.57
36.57
36.57
36.57
36.57
36.57
36.57
36.50
36.50
36.50
36.50
36.50
36.50
36.50
36.50
36.50
36.50
36.57
36.57
36.57
36.57
36.57
36.57
36.57
36.57
36.37
36.18
35.99
35.67
35.60
35.41
35.22
35.03
34.83
34.83
35.03
35.22
35.41
35.73
35.80
35.99
36.18
36.37
36.57
36.37
36.18
35.99
35.80
35.48
35.41
35.22
35.03
34.83
34.83
35.03
35.22
35.41
35.60
35.92
35.99
36.18
36.37
36.57
36.57
36.57
36.57
36.57
36.57
36.57
36.57
36.57
36.57
36.57
36.57
36.57
36.57
36.57
36.57
36.57
36.57
36.57
36.57
36.57
36.57
36.57
36.57
36.57
36.57
36.57
36.57
36.57
36.57
36.57
36.57
36.57
36.57
36.57
36.57
36.24
36.18
35.99
35.80
35.60
35.41
35.22
35.03
34.83
34.64
34.64
34.64
34.64
34.64
34.64
34.64
34.64
34.64
34.64
34.83
35.15
35.22
35.41
35.60
35.80
35.99
36.18
36.37
36.50
36.31
35.99
35.92
35.73
35.54
35.35
35.15
34.96
34.83
34.90
35.09
35.41
35.48
35.67
35.86
36.05
36.24
36.44
36.57
36.57
36.57
36.57
36.57
36.57
36.57
36.57
36.57
36.57
36.57
36.57
36.57
36.57
36.57
36.57
36.57
36.57
36.57
36.57
36.57
36.57
36.57
36.57
36.57
36.57
36.50
36.31
36.12
35.92
35.73
35.54
35.35
35.03
34.96
34.77
34.71
34.90
35.09
35.28
35.48
35.67
35.86
36.18
36.24
36.44
36.57
36.57
36.57
36.57
36.57
36.57
36.57
36.57
36.57
1889.57
1889.57
1889.57
1889.57
1889.57
1889.57
1889.57
1889.57
36.57
36.57
36.57
36.57
36.57
36.57
36.57
36.57
36.57
36.57
36.57
36.57
36.57
36.57
36.57
36.57
36.57
36.57
36.57
36.57
36.57
36.57
36.57
36.57
36.57
36.31
35.92
35.54
35.15
34.77
34.13
34.00
33.61
33.23
33.04
33.10
33.29
33.49
33.68
33.87
34.19
34.26
34.45
34.64
34.64
34.64
34.64
34.64
34.64
34.64
34.64
34.64
34.71
34.90
35.09
35.28
35.48
35.67
35.86
36.05
36.37
36.44
36.57
36.57
36.57
36.57
36.57
36.57
36.57
36.57
36.57
36.44
36.24
36.05
35.86
35.67
35.48
35.28
35.09
34.90
34.77
35.03
35.22
35.41
35.60
35.80
35.99
36.18
36.37
36.57
36.57
36.57
36.57
36.57
36.57
36.57
36.57
36.57
36.57
36.57
36.57
36.57
36.57
36.57
36.57
36.57
36.57
36.57
36.57
36.57
36.57
36.57
36.57
36.57
36.57
36.57
36.37
36.18
35.99
35.80
35.48
35.41
35.22
35.03
34.83
34.64
34.64
34.64
34.64
34.64
34.64
34.64
34.64
34.64
34.64
34.83
35.03
35.22
35.41
35.60
35.92
35.99
36.18
36.37
36.50
36.31
36.12
35.92
35.73
35.54
35.22
35.15
34.96
34.77
34.64
34.64
34.64
34.64
34.64
34.64
34.64
34.64
34.64
34.64
34.64
34.64
34.64
34.64
34.64
34.64
34.64
34.64
34.64
34.64
34.64
34.64
34.64
34.64
34.64
34.64
34.64
34.64
34.64
34.64
34.64
34.64
34.64
34.64
34.64
34.71
35.03
35.09
35.28
35.48
35.67
35.86
36.05
36.24
36.44
36.50
36.18
36.12
35.92
35.73
35.54
35.35
35.15
34.96
34.83
34.90
35.22
35.28
35.48
35.67
35.86
36.05
36.24
36.44
36.57
36.57
36.57
36.57
36.57
36.57
36.57
36.57
36.57
36.57
36.57
36.57
36.57
36.57
36.57
36.57
36.57
36.57
36.57
36.57
36.57
36.57
36.57
36.57
36.57
36.57
36.57
36.57
36.57
36.57
36.57
36.57
36.57
36.57
36.57
36.50
36.31
36.12
35.92
35.73
35.54
35.35
35.03
34.96
34.77
34.71
34.90
35.09
35.28
35.48
35.67
35.86
36.18
36.24
36.44
36.57
36.57
36.57
36.57
36.57
36.57
36.57
36.57
36.57
36.57
36.57
36.57
36.57
36.57
36.57
36.57
36.57
36.57
36.57
36.57
36.57
36.57
36.57
36.57
36.57
36.57
36.57
36.57
36.57
1889.57
1889.57
1889.57
1889.57
1889.57
1889.57
1889.57
1889.57
36.57
36.57
36.57
36.57
36.57
36.63
36.63
36.63
36.63
36.63
36.63
36.63
36.63
36.63
36.63
36.57
36.57
36.57
36.57
36.57
36.57
36.57
36.57
36.57
36.57
36.57
36.57
36.57
36.57
36.57
36.57
36.57
36.50
36.50
36.50
36.50
36.50
36.50
36.50
36.50
36.50
36.50
36.57
36.57
36.57
36.57
36.57
36.57
36.57
36.57
36.57
36.57
36.57
36.57
36.57
36.57
36.57
36.57
36.57
36.57
36.57
36.57
36.57
36.57
36.57
36.57
36.57
36.57
36.57
36.50
36.18
36.12
35.92
35.73
35.54
35.35
35.15
34.96
34.58
34.26
33.94
33.87
33.68
33.49
33.29
33.10
32.91
32.97
33.36
33.74
34.39
34.51
34.90
35.28
35.67
36.05
36.44
36.57
36.57
36.57
36.57
36.57
36.57
36.57
36.57
36.57
36.50
36.31
36.12
35.92
35.60
35.54
35.35
35.15
34.96
34.77
34.64
34.64
34.64
34.64
34.64
34.64
34.64
34.64
34.71
34.90
35.09
35.28
35.48
35.67
35.99
36.05
36.24
36.44
36.57
36.57
36.57
36.57
36.57
36.57
36.57
36.57
36.57
36.57
36.57
36.57
36.57
36.57
36.57
36.57
36.57
36.44
36.24
36.05
35.86
35.67
35.48
35.28
35.09
34.90
34.71
34.64
34.64
34.64
34.64
34.64
34.64
34.64
34.64
34.64
34.64
34.64
34.64
34.64
34.64
34.64
34.64
34.64
34.64
34.71
35.03
35.09
35.28
35.48
35.67
35.86
36.05
36.24
36.37
36.31
35.99
35.92
35.73
35.54
35.35
35.15
34.96
34.83
34.90
35.09
35.41
35.48
35.67
35.86
36.05
36.24
36.44
36.57
36.57
36.57
36.57
36.57
36.57
36.57
36.57
36.57
36.57
36.57
36.57
36.57
36.57
36.57
36.57
36.57
36.50
36.31
36.12
35.92
35.73
35.54
35.22
35.15
34.96
34.83
34.90
35.09
35.28
35.48
35.67
35.86
36.18
36.24
36.44
36.57
36.57
36.57
36.57
36.57
36.57
36.57
36.57
36.57
36.50
36.31
36.12
35.92
35.73
35.54
35.35
35.15
34.83
35.03
35.09
35.28
35.48
35.67
35.86
36.05
36.24
36.44
36.31
36.18
35.99
35.80
35.60
35.41
35.22
35.03
34.83
34.71
35.03
35.09
35.28
35.48
35.67
35.86
36.05
36.24
36.37
36.31
35.99
35.92
35.73
35.54
35.35
35.15
34.96
34.83
34.90
35.09
35.41
35.48
744.90
745.02
745.14
745.25
745.37
745.38
745.38
745.38
36.57
36.57
36.57
36.57
36.57
36.57
36.57
36.57
36.57
36.57
36.57
36.57
36.57
36.57
36.50
36.31
36.12
35.92
35.73
35.54
35.22
35.15
34.96
34.77
34.64
34.64
34.64
34.64
34.64
34.64
34.64
34.64
34.71
34.90
35.09
35.28
35.48
35.67
35.86
36.05
36.37
36.44
36.57
36.57
36.57
36.57
36.57
36.57
36.57
36.57
36.57
36.57
36.57
36.57
36.57
36.57
36.57
36.57
36.57
36.57
36.57
36.57
36.57
36.57
36.57
36.57
36.57
36.57
36.37
36.18
35.86
35.80
35.60
35.41
35.22
35.03
34.83
34.64
34.83
35.03
35.35
35.41
35.60
35.80
35.99
36.18
36.37
36.57
36.57
36.57
36.57
36.57
36.57
36.57
36.57
36.57
36.50
36.31
36.12
35.92
35.60
35.54
35.35
35.15
34.96
34.83
34.90
35.09
35.28
35.48
35.80
35.86
36.05
36.24
36.37
36.31
36.12
35.92
35.73
35.54
35.22
35.15
34.96
34.77
34.64
34.64
34.64
34.64