34
65535
65504
0
2054
34
65535
65504
0
2058
34
65535
65504
0
2061
34
65535
65504
0
2065
34
65535
65504
0
2071
34
65535
65504
0
2076
34
65535
65504
0
2082
34
65535
65504
0
2088
34
65535
65504
0
2095
34
65535
65504
0
2101

34
65535
65504
0
2107
34
65535
65504
0
2112
34
65535
65504
0
2118
34
65535
65504
0
2124
34
65535
65504
0
2130
34
65535
65504
0
2137
34
65535
65504
0
2143
34
65535
65504
0
2148
34
65535
65504
0
2154
34
65535
65504
0
2160
34
65535
65504
0
2166
34
65535
65504
0
2172
34
65535
65504
0
2179
34
65535
65504
0
2184
34
65535
65504
0
2190
34
65535
65504
0
2196
34
65535
65504
0
2202
34
65535
65504
0
2208
34
65535
65504
0
2214
34
65535
65504
0
2221
34
65535
65504
0
2226
34
65535
65504
0
2232
34
65535
65504
0
2238
34
65535
65504
0
2244
34
65535
65504
0
2250
34
65535
65504
0
2256
34
65535
65504
0
2262
34
65535
65504
0
2268
34
65535
65504
0
2274
34
65535
65504
0
2280
34
65535
65504
0
2286
34
65535
65504
0
2292

34
65535
65504
0
2297
34
65535
65504
0
2304
34
65535
65504
0
2310
34
65535
65504
0
2316
34
65535
65504
0
2322
34
65535
65504
0
2328
34
65535
65504
0
2333
34
65535
65504
0
2339
34
65535
65504
0
2345
34
65535
65504
0
2352
34
65535
65504
0
2358
34
65535
65504
0
2364
34
65535
65504
0
2370
34
65535
65504
0
2375
34
65535
65504
0
2381
34
65535
65504
0
2387
34
65535
65504
0
2394
34
65535
65504
0
2400
34
65535
65504
0
2406
34
65535
65504
0
2411
34
65535
65504
0
2417
34
65535
65504
0
2423
34
65535
65504
0
2429
34
65535
65504
0
2436
34
65535
65504
0
2442
34
65535
65504
0
2447
34
65535
65504
0
2453
34
65535
65504
0
2459
34
65535
65504
0
2465
34
65535
65504
0
2471
34
65535
65504
0
2478
34
65535
65504
0
2483

34
65535
65504
0
2489
34
65535
65504
0
2495
34
65535
65504
0
2501
34
65535
65504
0
2507
34
65535
65504
0
2513
34
65535
65504
0
2520
34
65535
65504
0
2525
34
65535
65504
0
2531
34
65535
65504
0
2537
34
65535
65504
0
2543
34
65535
65504
0
2549
34
65535
65504
0
2555
34
65535
65504
0
2561
34
65535
65504
0
2567
34
65535
65504
0
2573
34
65535
65504
0
2579
34
65535
65504
0
2585
34
65535
65504
0
2591
34
65535
65504
0
2596
34
65535
65504
0
2603
34
65535
65504
0
2609
34
65535
65504
0
2615
34
65535
65505
0
2621
34
65535
65505
0
2627
34
65535
65505
0
2632
34
65535
65505
0
2638
34
65535
65505
0
2644
34
65535
65505
0
2651
34
65535
65505
0
2657
34
65535
65505
0
2663
34
65535
65505
0
2669
34
65535
65505
0
2674

34
65535
65505
0
2680
34
65535
65504
0
2686
34
65535
65504
0
2693
34
65535
65504
0
2699
34
65535
65504
0
2705
34
65535
65504
0
2710
34
65535
65504
0
2716
34
65535
65504
0
2722
34
65535
65504
0
2728
34
65535
65504
0
2735
34
65535
65504
0
2741
34
65535
65504
0
2746
34
65535
65504
0
2752
34
65535
65504
0
2758
34
65535
65504
0
2764
34
65535
65504
0
2770
34
65535
65504
0
2777
34
65535
65504
0
2782
34
65535
65504
0
2788
34
65535
65504
0
2794
34
65535
65504
0
2800
34
65535
65504
0
2806
34
65535
65504
0
2812
34
65535
65504
0
2818
34
65535
65504
0
2824
34
65535
65504
0
2830
34
65535
65504
0
2836
34
65535
65504
0
2842
34
65535
65504
0
2848
34
65535
65504
0
2854
34
65535
65504
0
2860
34
65535
65504
0
2866

34
65535
65504
0
2872
34
65535
65504
0
2878
34
65535
65504
0
2884
34
65535
65504
0
2890
34
65535
65504
0
2895
34
65535
65504
0
2902
34
65535
65504
0
2908
34
65535
65504
0
2914
34
65535
65504
0
2920
34
65535
65504
0
2926
34
65535
65504
0
2931
34
65535
65504
0
2937
34
65535
65504
0
2944
34
65535
65504
0
2950
34
65535
65504
0
2956
34
65535
65504
0
2962
34
65535
65504
0
2967
34
65535
65504
0
2973
34
65535
65504
0
2979
34
65535
65504
0
2985
34
65535
65504
0
2992
34
65535
65504
0
2998
34
65535
65504
0
3004
34
65535
65504
0
3009
34
65535
65504
0
3015
34
65535
65504
0
3021
34
65535
65504
0
3027
34
65535
65504
0
3034
34
65535
65504
0
3040
34
65535
65504
0
3045
34
65535
65504
0
3051
34
65535
65504
0
3057

34
65535
65504
0
3063
34
65535
65504
0
3069
34
65535
65504
0
3076
34
65535
65504
0
3081
34
65535
65504
0
3087
34
65535
65504
0
3093
34
65535
65504
0
3099
34
65535
65504
0
3105
34
65535
65504
0
3111
34
65535
65504
0
3117
34
65535
65504
0
3123
34
65535
65504
0
3129
34
65535
65504
0
3135
34
65535
65504
0
3141
34
65535
65504
0
3147
34
65535
65504
0
3153
34
65535
65504
0
3159
34
65535
65504
0
3165
34
65535
65504
0
3171
34
65535
65504
0
3177
34
65535
65504
0
3183
34
65535
65504
0
3189
34
65535
65504
0
3194
34
65535
65504
0
3201
34
65535
65504
0
3207
34
65535
65504
0
3213
34
65535
65504
0
3219
34
65535
65504
0
3225
34
65535
65504
0
3230
34
65535
65504
0
3236
34
65535
65504
0
3243
34
65535
65504
0
3249

34
65535
65504
0
3255
34
65535
65504
0
3261
34
65535
65504
0
3266
34
65535
65504
0
3272
34
65535
65504
0
3278
34
65535
65504
0
3284
34
65535
65504
0
3291
34
65535
65504
0
3297
34
65535
65504
0
3303
34
65535
65504
0
3308
34
65535
65504
0
3314
34
65535
65504
0
3320
34
65535
65504
0
3326
34
65535
65504
0
3333
34
65535
65504
0
3339
34
65535
65504
0
3344
34
65535
65504
0
3350
34
65535
65504
0
3356
34
65535
65504
0
3362
34
65535
65504
0
3368
34
65535
65504
0
3375
34
65535
65504
0
3380
34
65535
65504
0
3386
34
65535
65504
0
3392
34
65535
65504
0
3398
34
65535
65504
0
3404
34
65535
65504
0
3410
34
65535
65504
0
3416
34
65535
65504
0
3422
34
65535
65504
0
3428
34
65535
65504
0
3434
34
65535
65504
0
3440

34
65535
65504
0
3446
34
65535
65504
0
3452
34
65535
65504
0
3458
34
65535
65504
0
3464
34
65535
65504
0
3470
34
65535
65504
0
3476
34
65535
65504
0
3482
34
65535
65504
0
3488
34
65535
65504
0
3493
34
65535
65504
0
3500
34
65535
65504
0
3506
34
65535
65504
0
3512
34
65535
65504
0
3518
34
65535
65504
0
3524
34
65535
65504
0
3529
34
65535
65504
0
3535
34
65535
65504
0
3542
34
65535
65504
0
3548
34
65535
65504
0
3554
34
65535
65504
0
3560
34
65535
65504
0
3565
34
65535
65505
0
3571
34
65535
65505
0
3577
34
65535
65505
0
3584
34
65535
65505
0
3590
34
65535
65505
0
3596
34
65535
65505
0
3602
34
65535
65505
0
3607
34
65535
65505
0
3613
34
65535
65505
0
3619
34
65535
65505
0
3625
34
65535
65505
0
3632

34
65535
65505
0
3638
34
65535
65504
0
3643
34
65535
65504
0
3649
34
65535
65504
0
3655
34
65535
65504
0
3661
34
65535
65504
0
3667
34
65535
65504
0
3674
34
65535
65504
0
3679
34
65535
65504
0
3685
34
65535
65504
0
3691
34
65535
65504
0
3697
34
65535
65504
0
3703
34
65535
65504
0
3709
34
65535
65504
0
3715
34
65535
65504
0
3721
34
65535
65504
0
3727
34
65535
65504
0
3733
34
65535
65504
0
3739
34
65535
65504
0
3745
34
65535
65504
0
3751
34
65535
65504
0
3757
34
65535
65504
0
3763
34
65535
65504
0
3769
34
65535
65504
0
3775
34
65535
65504
0
3781
34
65535
65504
0
3787
34
65535
65504
0
3792
34
65535
65504
0
3799
34
65535
65504
0
3805
34
65535
65504
0
3811
34
65535
65504
0
3817
34
65535
65504
0
3823

34
65535
65504
0
3828
34
65535
65504
0
3834
34
65535
65504
0
3841
34
65535
65504
0
3847
34
65535
65504
0
3853
34
65535
65504
0
3859
34
65535
65504
0
3864
34
65535
65504
0
3870
34
65535
65504
0
3876
34
65535
65504
0
3883
34
65535
65504
0
3889
34
65535
65504
0
3895
34
65535
65504
0
3901
34
65535
65504
0
3906
34
65535
65504
0
3912
34
65535
65504
0
3918
34
65535
65504
0
3924
34
65535
65504
0
3931
34
65535
65504
0
3937
34
65535
65504
0
3942
34
65535
65504
0
3948
34
65535
65504
0
3954
34
65535
65504
0
3960
34
65535
65504
0
3966
34
65535
65504
0
3973
34
65535
65504
0
3978
34
65535
65504
0
3984
34
65535
65504
0
3990
34
65535
65504
0
3996
34
65535
65504
0
4002
34
65535
65504
0
4008
34
65535
65504
0
4014

34
65535
65504
0
4020
34
65535
65504
0
4026
34
65535
65504
0
4032
34
65535
65504
0
4038
34
65535
65504
0
4044
34
65535
65505
0
4049
34
65535
65505
0
4056
34
65535
65505
0
4062
34
65535
65505
0
4068
34
65535
65505
0
4074
34
65535
65505
0
4080
34
65535
65505
0
4086
34
65535
65505
0
4091
34
65535
65505
0
4098
34
65535
65505
0
4104
34
65535
65505
0
4110
34
65535
65505
0
4116
34
65535
65504
0
4122
34
65535
65504
0
4127
34
65535
65504
0
4133
34
65535
65504
0
4140
34
65535
65504
0
4146
34
65535
65504
0
4152
34
65535
65504
0
4158
34
65535
65504
0
4163
34
65535
65504
0
4169
34
65535
65504
0
4175
34
65535
65504
0
4182
34
65535
65505
0
4188
34
65535
65505
0
4194
34
65535
65505
0
4199
34
65535
65505
0
4205

34
65535
65505
0
4211
34
65535
65505
0
4217
34
65535
65505
0
4224
34
65535
65505
0
4230
34
65535
65505
0
4236
34
65535
65505
0
4241
34
65535
65505
0
4247
34
65535
65504
0
4253
34
65535
65504
0
4259
34
65535
65504
0
4265
34
65535
65504
0
4272
34
65535
65504
0
4277
34
65535
65504
0
4283
34
65535
65504
0
4289
34
65535
65504
0
4295
34
65535
65504
0
4301
34
65535
65504
0
4307
34
65535
65504
0
4313
34
65535
65504
0
4319
34
65535
65504
0
4325
34
65535
65504
0
4331
34
65535
65504
0
4337
34
65535
65504
0
4343
34
65535
65504
0
4348
34
65535
65504
0
4355
34
65535
65504
0
4361
34
65535
65504
0
4367
34
65535
65504
0
4373
34
65535
65504
0
4379
34
65535
65504
0
4385
34
65535
65505
0
4390
34
65535
65505
0
4397

34
65535
65505
0
4403
34
65535
65505
0
4409
34
65535
65505
0
4415
34
65535
65505
0
4421
34
65535
65505
0
4426
34
65535
65505
0
4432
34
65535
65505
0
4439
34
65535
65505
0
4445
34
65535
65505
0
4451
34
65535
65505
0
4457
34
65535
65504
0
4462
34
65535
65504
0
4468
34
65535
65504
0
4474
34
65535
65504
0
4481
34
65535
65504
0
4487
34
65535
65504
0
4493
34
65535
65504
0
4498
34
65535
65504
0
4504
34
65535
65504
0
4510
34
65535
65504
0
4516
34
65535
65504
0
4523
34
65535
65504
0
4529
34
65535
65504
0
4535
34
65535
65504
0
4540
34
65535
65504
0
4546
34
65535
65504
0
4552
34
65535
65504
0
4558
34
65535
65504
0
4564
34
65535
65504
0
4571
34
65535
65504
0
4576
34
65535
65504
0
4582
34
65535
65504
0
4588

34
65535
65504
0
4594
34
65535
65504
0
4600
34
65535
65504
0
4606
34
65535
65504
0
4612
34
65535
65504
0
4618
34
65535
65504
0
4624
34
65535
65504
0
4630
34
65535
65504
0
4636
34
65535
65504
0
4642
34
65535
65504
0
4647
34
65535
65504
0
4654
34
65535
65504
0
4660
34
65535
65504
0
4666
34
65535
65504
0
4672
34
65535
65504
0
4678
34
65535
65504
0
4684
34
65535
65504
0
4689
34
65535
65504
0
4696
34
65535
65504
0
4702
34
65535
65504
0
4708
34
65535
65504
0
4714
34
65535
65504
0
4720
34
65535
65504
0
4725
34
65535
65504
0
4731
34
65535
65504
0
4738
34
65535
65504
0
4744
34
65535
65504
0
4750
34
65535
65504
0
4756
34
65535
65504
0
4761
34
65535
65504
0
4767
34
65535
65504
0
4773
34
65535
65504
0
4780

34
65535
65504
0
4786
34
65535
65504
0
4792
34
65535
65504
0
4797
34
65535
65504
0
4803
34
65535
65504
0
4809
34
65535
65504
0
4815
34
65535
65504
0
4822
34
65535
65504
0
4828
34
65535
65504
0
4834
34
65535
65504
0
4839
34
65535
65504
0
4845
34
65535
65504
0
4851
34
65535
65504
0
4857
34
65535
65504
0
4864
34
65535
65504
0
4870
34
65535
65504
0
4875
34
65535
65504
0
4881
34
65535
65504
0
4887
34
65535
65504
0
4893
34
65535
65504
0
4899
34
65535
65504
0
4905
34
65535
65504
0
4911
34
65535
65504
0
4917
34
65535
65504
0
4923
34
65535
65504
0
4929
34
65535
65504
0
4935
34
65535
65504
0
4941
34
65535
65504
0
4946
34
65535
65504
0
4953
34
65535
65504
0
4959
34
65535
65504
0
4965
34
65535
65504
0
4971

34
65535
65504
0
4977
34
65535
65504
0
4983
34
65535
65504
0
4988
34
65535
65504
0
4995
34
65535
65504
0
5001
34
65535
65504
0
5007
34
65535
65504
0
5013
34
65535
65504
0
5019
34
65535
65504
0
5024
34
65535
65504
0
5030
34
65535
65504
0
5037
34
65535
65504
0
5043
34
65535
65504
0
5049
34
65535
65504
0
5055
34
65535
65504
0
5060
34
65535
65504
0
5066
34
65535
65504
0
5072
34
65535
65504
0
5079
34
65535
65504
0
5085
34
65535
65504
0
5091
34
65535
65504
0
5096
34
65535
65504
0
5102
34
65535
65504
0
5108
34
65535
65504
0
5114
34
65535
65504
0
5121
34
65535
65504
0
5127
34
65535
65504
0
5133
34
65535
65504
0
5138
34
65535
65504
0
5144
34
65535
65504
0
5150
34
65535
65504
0
5156
34
65535
65504
0
5163

34
65535
65504
0
5169
34
65535
65504
0
5174
34
65535
65504
0
5180
34
65535
65504
0
5186
34
65535
65504
0
5192
34
65535
65504
0
5198
34
65535
65504
0
5204
34
65535
65504
0
5210
34
65535
65504
0
5216
34
65535
65504
0
5222
34
65535
65504
0
5228
34
65535
65504
0
5234
34
65535
65504
0
5240
34
65535
65504
0
5245
34
65535
65504
0
5252
34
65535
65504
0
5258
34
65535
65504
0
5264
34
65535
65504
0
5270
34
65535
65504
0
5276
34
65535
65504
0
5282
34
65535
65504
0
5287
34
65535
65504
0
5294
34
65535
65504
0
5300
34
65535
65504
0
5306
34
65535
65504
0
5312
34
65535
65504
0
5318
34
65535
65504
0
5323
34
65535
65504
0
5329
34
65535
65504
0
5336
34
65535
65504
0
5342
34
65535
65504
0
5348
34
65535
65504
0
5354

34
65535
65504
0
5359
34
65535
65504
0
5365
34
65535
65504
0
5371
34
65535
65504
0
5378
34
65535
65504
0
5384
34
65535
65504
0
5390
34
65535
65504
0
5395
34
65535
65504
0
5401
34
65535
65504
0
5407
34
65535
65504
0
5413
34
65535
65504
0
5420
34
65535
65504
0
5426
34
65535
65504
0
5432
34
65535
65504
0
5437
34
65535
65504
0
5443
34
65535
65504
0
5449
34
65535
65504
0
5455
34
65535
65504
0
5462
34
65535
65504
0
5468
34
65535
65504
0
5473
34
65535
65504
0
5479
34
65535
65504
0
5485
34
65535
65504
0
5491
34
65535
65504
0
5497
34
65535
65504
0
5504
34
65535
65504
0
5509
34
65535
65504
0
5515
34
65535
65504
0
5521
34
65535
65504
0
5527
34
65535
65504
0
5533
34
65535
65504
0
5539
34
65535
65504
0
5544

34
65535
65504
0
5551
34
65535
65504
0
5557
34
65535
65504
0
5563
34
65535
65504
0
5569
34
65535
65504
0
5575
34
65535
65504
0
5580
34
65535
65504
0
5586
34
65535
65504
0
5593
34
65535
65504
0
5599
34
65535
65504
0
5605
34
65535
65504
0
5611
34
65535
65504
0
5617
34
65535
65504
0
5622
34
65535
65504
0
5628
34
65535
65504
0
5635
34
65535
65504
0
5641
34
65535
65504
0
5647
34
65535
65504
0
5653
34
65535
65504
0
5658
34
65535
65504
0
5664
34
65535
65504
0
5670
34
65535
65504
0
5677
34
65535
65504
0
5683
35
65535
65505
0
5689
35
65535
65505
0
5694
35
65535
65505
0
5700
35
65535
65505
0
5706
35
65535
65505
0
5712
35
65535
65505
0
5719
35
65535
65505
0
5725
35
65535
65505
0
5730
35
65535
65505
0
5736

35
65535
65505
0
5742
35
65535
65505
0
5748
35
65535
65505
0
5754
35
65535
65505
0
5761
35
65535
65505
0
5767
35
65535
65505
0
5772
35
65535
65505
0
5778
35
65535
65505
0
5784
35
65535
65505
0
5790
35
65535
65505
0
5796
35
65535
65505
0
5803
35
65535
65505
0
5808
35
65535
65505
0
5814
35
65535
65505
0
5820
34
65535
65504
0
5826
34
65535
65504
0
5832
34
65535
65504
0
5838
34
65535
65504
0
5843
34
65535
65504
0
5850
34
65535
65504
0
5856
34
65535
65504
0
5862
34
65535
65504
0
5868
34
65535
65504
0
5874
34
65535
65504
0
5879
34
65535
65504
0
5885
35
65535
65504
0
5892
35
65535
65504
0
5898
35
65535
65504
0
5904
35
65535
65504
0
5910
35
65535
65504
0
5916
35
65535
65504
0
5921
35
65535
65504
0
5927

35
65535
65504
0
5934
35
65535
65504
0
5940
35
65535
65504
0
5946
35
65535
65504
0
5952
35
65535
65504
0
5957
34
65535
65504
0
5963
34
65535
65504
0
5969
34
65535
65504
0
5976
34
65535
65504
0
5982
34
65535
65504
0
5988
34
65535
65504
0
5993
34
65535
65504
0
5999
34
65535
65504
0
6005
34
65535
65504
0
6011
34
65535
65504
0
6018
34
65535
65504
0
6024
35
65535
65504
0
6029
35
65535
65504
0
6035
35
65535
65504
0
6041
35
65535
65504
0
6047
35
65535
65504
0
6053
35
65535
65504
0
6060
35
65535
65504
0
6066
35
65535
65504
0
6071
35
65535
65504
0
6077
35
65535
65504
0
6083
35
65535
65504
0
6089
35
65535
65504
0
6095
35
65535
65504
0
6102
35
65535
65504
0
6107
35
65535
65504
0
6113
35
65535
65504
0
6119

35
65535
65504
0
6125
35
65535
65504
0
6131
35
65535
65504
0
6137
35
65535
65504
0
6142
35
65535
65504
0
6149
35
65535
65504
0
6155
35
65535
65504
0
6161
35
65535
65504
0
6167
35
65535
65504
0
6173
35
65535
65504
0
6178
35
65535
65504
0
6184
35
65535
65504
0
6191
35
65535
65504
0
6197
35
65535
65504
0
6203
35
65535
65504
0
6209
35
65535
65504
0
6215
35
65535
65504
0
6220
35
65535
65504
0
6226
35
65535
65504
0
6233
35
65535
65504
0
6239
35
65535
65504
0
6245
35
65535
65504
0
6251
35
65535
65504
0
6256
35
65535
65504
0
6262
35
65535
65504
0
6268
35
65535
65504
0
6275
35
65535
65504
0
6281
35
65535
65504
0
6287
35
65535
65504
0
6292
35
65535
65504
0
6298
36
65535
65504
0
6304
36
65535
65504
0
6310

36
65535
65504
0
6317
36
65535
65504
0
6323
36
65535
65504
0
6328
36
65535
65504
0
6334
36
65535
65504
0
6340
36
65535
65504
0
6346
36
65535
65504
0
6352
36
65535
65504
0
6359
36
65535
65504
0
6365
36
65535
65504
0
6370
36
65535
65504
0
6376
36
65535
65504
0
6382
36
65535
65504
0
6388
36
65535
65504
0
6394
36
65535
65504
0
6401
36
65535
65504
0
6406
36
65535
65504
0
6412
36
65535
65504
0
6418
36
65535
65504
0
6424
36
65535
65504
0
6430
36
65535
65504
0
6436
36
65535
65504
0
6441
36
65535
65504
0
6448
36
65535
65504
0
6454
36
65535
65504
0
6460
36
65535
65504
0
6466
36
65535
65504
0
6472
36
65535
65504
0
6477
36
65535
65504
0
6483
36
65535
65504
0
6490
36
65535
65504
0
6496
36
65535
65504
0
6502

36
65535
65504
0
6508
36
65535
65504
0
6514
36
65535
65504
0
6519
36
65535
65504
0
6525
36
65535
65504
0
6532
36
65535
65504
0
6538
36
65535
65504
0
6544
36
65535
65504
0
6550
36
65535
65504
0
6555
36
65535
65504
0
6561
36
65535
65504
0
6567
38
65535
65503
0
6574
38
65535
65503
0
6580
38
65535
65503
0
6586
38
65535
65503
0
6591
38
65535
65503
0
6597
38
65535
65503
0
6603
38
65535
65503
0
6609
38
65535
65503
0
6616
38
65535
65503
0
6622
38
65535
65503
0
6627
38
65535
65503
0
6633
38
65535
65503
0
6639
38
65535
65503
0
6645
38
65535
65503
0
6651
38
65535
65503
0
6658
38
65535
65503
0
6664
38
65535
65503
0
6669
38
65535
65503
0
6675
38
65535
65503
0
6681
38
65535
65503
0
6687
38
65535
65503
0
6693

38
65535
65503
0
6700
38
65535
65503
0
6705
39
65535
65502
0
6711
39
65535
65502
0
6717
39
65535
65502
0
6723
39
65535
65502
0
6729
39
65535
65502
0
6735
39
65535
65502
0
6740
39
65535
65502
0
6747
39
65535
65502
0
6753
39
65535
65502
0
6759
39
65535
65502
0
6765
39
65535
65502
0
6771
40
65535
65502
0
6776
40
65535
65502
0
6782
40
65535
65502
0
6789
40
65535
65502
0
6795
40
65535
65502
0
6801
40
65535
65502
0
6807
40
65535
65502
0
6813
40
65535
65502
0
6818
40
65535
65502
0
6824
40
65535
65502
0
6831
40
65535
65502
0
6837
40
65535
65502
0
6843
40
0
65501
0
6849
40
0
65501
0
6853
40
0
65501
0
6858
40
0
65501
0
6863
40
0
65501
0
6868
40
0
65501
0
6874
40
0
65501
0
6878
40
0
65501
0
6883
40
0
65501
0
6888
40
0
65501
0
6893
40
0
65501
0
6898
40
0
65501
0
6903
40
0
65501
0
6907
41
0
65499
0
6913
41
0
65499
0
6918
41
0
65499
0
6923
41
0
65499
0
6928
41
0
65499
0
6933
41
0
65499
0
6937
41
0
65499
0
6942
41
0
65499
0
6947
41
0
65499
0
6952
41
0
65499
0
6958
41
0
65499
0
6963
41
0
65499
0
6967
41
0
65499
0
6972
41
0
65499
0
6977

40
0
65498
0
6982
40
0
65498
0
6987
40
0
65498
0
6991
40
0
65498
0
6996
40
0
65498
0
7002
40
0
65498
0
7007
40
0
65498
0
7012
40
0
65498
0
7017
40
0
65498
0
7021
40
0
65498
0
7026
40
0
65498
0
7031
40
0
65498
0
7036
40
0
65498
0
7042
40
0
65498
0
7047
41
0
65500
0
7051
41
0
65500
0
7056
41
0
65500
0
7061
41
0
65500
0
7066
41
0
65500
0
7071
41
0
65500
0
7075
41
0
65500
0
7080
41
0
65500
0
7086
41
0
65500
0
7091
41
0
65500
0
7096
41
0
65500
0
7101
41
0
65500
0
7105
41
0
65500
0
7110
41
0
65500
0
7115
54
1
65501
0
7120
54
1
65501
0
7126
54
1
65501
0
7131
54
1
65501
0
7135

54
1
65501
0
7140
54
1
65501
0
7145
54
1
65501
0
7150
54
1
65501
0
7155
54
1
65501
0
7159
54
1
65501
0
7164
54
1
65501
0
7170
54
1
65501
0
7175
54
1
65501
0
7180
54
1
65501
0
7185
68
65532
65465
0
7189
68
65532
65465
0
7195
68
65532
65465
0
7201
68
65532
65465
0
7207
68
65532
65465
0
7214
68
65532
65465
0
7220
68
65532
65465
0
7225
68
65532
65465
0
7231
68
65532
65465
0
7237
68
65532
65465
0
7243
68
65532
65465
0
7249
38
65530
65456
0
7256
38
65530
65456
0
7261
38
65530
65456
0
7267

38
65530
65456
0
7273
38
65530
65456
0
7279
38
65530
65456
0
7285
38
65530
65456
0
7291
38
65530
65456
0
7298
38
65530
65456
0
7303
38
65530
65456
0
7309
38
65530
65456
0
7315
38
65530
65456
0
7321
10
0
65483
0
7327
10
0
65483
0
7332
10
0
65483
0
7336
10
0
65483
0
7342
10
0
65483
0
7347
10
0
65483
0
7352
10
0
65483
0
7357
10
0
65483
0
7362
10
0
65483
0
7366
10
0
65483
0
7371
10
0
65483
0
7376

10
0
65483
0
7382
10
0
65483
0
7387
13
3
65514
0
7391
13
3
65514
0
7396
13
3
65514
0
7401
13
3
65514
0
7406
13
3
65514
0
7411
13
3
65514
0
7416
13
3
65514
0
7420
13
3
65514
0
7426
13
3
65514
0
7431
13
3
65514
0
7436
13
3
65514
0
7441
13
3
65514
0
7446
13
3
65514
0
7450
13
3
65514
0
7455
22
4
65514
0
7460
22
4
65514
0
7465
22
4
65514
0
7471
22
4
65514
0
7475
22
4
65514
0
7480
22
4
65514
0
7485
22
4
65514
0
7490
22
4
65514
0
7495
22
4
65514
0
7500
22
4
65514
0
7504
22
4
65514
0
7510
22
4
65514
0
7515
22
4
65514
0
7520
22
4
65514
0
7525
26
7
65512
0
7530
26
7
65512
0
7534

26
7
65512
0
7539
26
7
65512
0
7544
26
7
65512
0
7549
26
7
65512
0
7555
26
7
65512
0
7559
26
7
65512
0
7564
26
7
65512
0
7569
26
7
65512
0
7574
26
7
65512
0
7579
26
7
65512
0
7584
26
7
65512
0
7588
26
7
65512
0
7593
30
14
65505
0
7599
30
14
65505
0
7604
30
14
65505
0
7609

30
14
65505
0
7614
30
14
65505
0
7619
30
14
65505
0
7624
30
14
65505
0
7630
30
14
65505
0
7635
30
14
65505
0
7641
30
14
65505
0
7646
30
14
65505
0
7651

30
14
65505
0
7656
30
14
65505
0
7661
27
19
65494
0
7666
27
19
65494
0
7671
27
19
65494
0
7676
27
19
65494
0
7682
27
19
65494
0
7687
27
19
65494
0
7692

27
19
65494
0
7698
27
19
65494
0
7703
27
19
65494
0
7708
27
19
65494
0
7713
27
19
65494
0
7718
27
19
65494
0
7724
27
19
65494
0
7729
25
19
65500
0
7734

25
19
65500
0
7739
25
19
65500
0
7744
25
19
65500
0
7749
25
19
65500
0
7754
25
19
65500
0
7759
25
19
65500
0
7766
25
19
65500
0
7771
25
19
65500
0
7776

25
19
65500
0
7781
25
19
65500
0
7786
25
19
65500
0
7791
25
19
65500
0
7796
27
17
65500
0
7801
27
17
65500
0
7806
27
17
65500
0
7812
27
17
65500
0
7817

27
17
65500
0
7822
27
17
65500
0
7828
27
17
65500
0
7833
27
17
65500
0
7838
27
17
65500
0
7843
27
17
65500
0
7848
27
17
65500
0
7854
27
17
65500
0
7859

27
17
65500
0
7864
26
15
65500
0
7869
26
15
65500
0
7874
26
15
65500
0
7879
26
15
65500
0
7884
26
15
65500
0
7889
26
15
65500
0
7896
26
15
65500
0
7901

26
15
65500
0
7906
26
15
65500
0
7911
26
15
65500
0
7916
26
15
65500
0
7921
26
15
65500
0
7926
26
15
65500
0
7931
23
15
65506
0
7937
23
15
65506
0
7942

23
15
65506
0
7947
23
15
65506
0
7952
23
15
65506
0
7957
23
15
65506
0
7963
23
15
65506
0
7968
23
15
65506
0
7973
23
15
65506
0
7979
23
15
65506
0
7984

23
15
65506
0
7989
23
15
65506
0
7994
23
15
65506
0
7999
23
15
65506
0
8004
23
15
65506
0
8009
23
15
65506
0
8014
23
15
65506
0
8019
23
15
65506
0
8025

23
15
65506
0
8031
23
15
65506
0
8036
23
15
65506
0
8041
23
15
65506
0
8046
23
15
65506
0
8051
23
15
65506
0
8056
23
15
65506
0
8061
23
15
65506
0
8067

7
13
65510
0
8072
31
13
65510
0
8077
31
13
65510
0
8082
31
13
65510
0
8087
31
13
65510
0
8092
31
13
65510
0
8097
31
13
65510
0
8102
31
13
65510
0
8108
31
13
65510
0
8114
31
13
65510
0
8119
31
13
65510
0
8124
31
13
65510
0
8129
31
13
65510
0
8134
31
13
65510
0
8139
33
10
65508
0
8144
33
10
65508
0
8150
33
10
65508
0
8155
33
10
65508
0
8160
33
10
65508
0
8165
33
10
65508
0
8170
33
10
65508
0
8175
33
10
65508
0
8181
33
10
65508
0
8186
33
10
65508
0
8192
33
10
65508
0
8197
33
10
65508
0
8202
33
10
65508
0
8207
33
6
65507
0
8212
33
6
65507
0
8217
33
6
65507
0
8222
33
6
65507
0
8227
33
6
65507
0
8231
33
6
65507
0
8237
33
6
65507
0
8242

33
6
65507
0
8247
33
6
65507
0
8252
33
6
65507
0
8256
33
6
65507
0
8261
33
6
65507
0
8266
33
6
65507
0
8271
33
2
65509
0
8276
36
2
65509
0
8282
36
2
65509
0
8286
36
2
65509
0
8291
36
2
65509
0
8296
36
2
65509
0
8301
36
2
65509
0
8306
36
2
65509
0
8311
36
2
65509
0
8315
36
2
65509
0
8321
36
2
65509
0
8326
36
2
65509
0
8331
36
2
65509
0
8336
36
2
65509
0
8340
36
2
65509
0
8345
36
2
65509
0
8350
36
2
65509
0
8355
36
2
65509
0
8360
36
2
65509
0
8366
36
2
65509
0
8370
36
2
65509
0
8375
36
2
65509
0
8380
36
2
65509
0
8385
36
2
65509
0
8390
36
2
65509
0
8395
36
2
65509
0
8399

36
2
65509
0
8404
36
2
65509
0
8410
38
1
65494
0
8415
38
1
65494
0
8420
38
1
65494
0
8424
38
1
65494
0
8429
38
1
65494
0
8434
38
1
65494
0
8439
38
1
65494
0
8444
38
1
65494
0
8450
38
1
65494
0
8454
38
1
65494
0
8459
38
1
65494
0
8464
38
1
65494
0
8469
38
1
65494
0
8474
38
1
65494
0
8479
29
0
65496
0
8483
29
0
65496
0
8488
29
0
65496
0
8494
29
0
65496
0
8499
29
0
65496
0
8504
29
0
65496
0
8508
29
0
65496
0
8513
29
0
65496
0
8518
29
0
65496
0
8523
29
0
65496
0
8528
29
0
65496
0
8534
29
0
65496
0
8538
29
0
65496
0
8543
29
0
65496
0
8548
31
0
65502
0
8553
31
0
65502
0
8558

31
0
65502
0
8563
31
0
65502
0
8567
31
0
65502
0
8572
31
0
65502
0
8578
31
0
65502
0
8583
31
0
65502
0
8588
31
0
65502
0
8593
31
0
65502
0
8597
31
0
65502
0
8602
31
0
65502
0
8607
31
0
65502
0
8612
31
0
65502
0
8617
31
0
65502
0
8622
31
0
65502
0
8627
31
0
65502
0
8632
31
0
65502
0
8637
31
0
65502
0
8642
31
0
65502
0
8647
31
0
65502
0
8651
31
0
65502
0
8656
31
0
65502
0
8662
31
0
65502
0
8667
31
0
65502
0
8672
31
0
65502
0
8677
31
0
65502
0
8681
31
0
65502
0
8686
31
0
65502
0
8691
31
0
65502
0
8696
31
0
65502
0
8701
31
0
65502
0
8706
31
0
65502
0
8711
31
0
65502
0
8716

31
0
65502
0
8721
31
0
65502
0
8726
31
0
65502
0
8731
31
0
65502
0
8735
31
0
65502
0
8740
31
0
65502
0
8745
31
0
65502
0
8751
42
0
65491
0
8756
42
0
65491
0
8761
42
0
65491
0
8765
42
0
65491
0
8770
42
0
65491
0
8775
42
0
65491
0
8780
42
0
65491
0
8785
42
0
65491
0
8790
42
0
65491
0
8795
42
0
65491
0
8800
42
0
65491
0
8805
42
0
65491
0
8810
42
0
65491
0
8815
42
0
65491
0
8819
36
0
65486
0
8824
36
0
65486
0
8829
36
0
65486
0
8835
36
0
65486
0
8840
36
0
65486
0
8845
36
0
65486
0
8849
36
0
65486
0
8854
36
0
65486
0
8859
36
0
65486
0
8864
36
0
65486
0
8869
36
0
65486
0
8873

36
0
65486
0
8879
36
0
65486
0
8884
36
0
65486
0
8889
30
65534
65487
0
8894
30
65534
65487
0
8900
30
65534
65487
0
8905
30
65534
65487
0
8911
30
65534
65487
0
8918
30
65534
65487
0
8924
30
65534
65487
0
8930
30
65534
65487
0
8936
30
65534
65487
0
8941
30
65534
65487
0
8947
30
65534
65487
0
8953
25
65533
65490
0
8960
25
65533
65490
0
8966
25
65533
65490
0
8972
25
65533
65490
0
8978
25
65533
65490
0
8983
25
65533
65490
0
8989

25
65533
65490
0
8995
25
65533
65490
0
9001
25
65533
65490
0
9008
25
65533
65490
0
9014
25
65533
65490
0
9019
25
65533
65490
0
9025
23
65533
65494
0
9031
23
65533
65494
0
9037
23
65533
65494
0
9043
23
65533
65494
0
9050
23
65533
65494
0
9055
23
65533
65494
0
9061
23
65533
65494
0
9067
23
65533
65494
0
9073
23
65533
65494
0
9079
23
65533
65494
0
9085
23
65533
65494
0
9091
23
65534
65497
0
9097
23
65534
65497
0
9103
23
65534
65497
0
9109
23
65534
65497
0
9115
23
65534
65497
0
9121
23
65534
65497
0
9127
23
65534
65497
0
9133
23
65534
65497
0
9139
23
65534
65497
0
9145
23
65534
65497
0
9151
23
65534
65497
0
9157
23
65534
65501
0
9163
23
65534
65501
0
9168
23
65534
65501
0
9175
23
65534
65501
0
9181

23
65534
65501
0
9187
23
65534
65501
0
9193
23
65534
65501
0
9199
23
65534
65501
0
9204
23
65534
65501
0
9210
23
65534
65501
0
9217
23
65534
65501
0
9223
23
65534
65501
0
9229
25
65535
65503
0
9235
25
65535
65503
0
9240
25
65535
65503
0
9246
25
65535
65503
0
9252
25
65535
65503
0
9259
25
65535
65503
0
9265
25
65535
65503
0
9271
25
65535
65503
0
9277
25
65535
65503
0
9282
25
65535
65503
0
9288
25
65535
65503
0
9294
26
65535
65504
0
9300
26
65535
65504
0
9307
26
65535
65504
0
9313
26
65535
65504
0
9318
26
65535
65504
0
9324
26
65535
65504
0
9330
26
65535
65504
0
9336
26
65535
65504
0
9342
26
65535
65504
0
9349
26
65535
65504
0
9354
26
65535
65504
0
9360
26
65535
65504
0
9366
27
0
65504
0
9372
27
0
65504
0
9377
27
0
65504
0
9382
27
0
65504
0
9387
27
0
65504
0
9392
27
0
65504
0
9397
27
0
65504
0
9402
27
0
65504
0
9407
27
0
65504
0
9412
27
0
65504
0
9416
27
0
65504
0
9421
27
0
65504
0
9426
27
0
65504
0
9432

27
0
65504
0
9437
27
0
65504
0
9442
27
0
65504
0
9446
27
0
65504
0
9451
27
0
65504
0
9456
27
0
65504
0
9461
27
0
65504
0
9466
27
0
65504
0
9470
27
0
65504
0
9476
27
0
65504
0
9481
27
0
65504
0
9486
27
0
65504
0
9491
27
0
65504
0
9496
27
0
65504
0
9500
29
0
65505
0
9505
29
0
65505
0
9510
29
0
65505
0
9516
29
0
65505
0
9521
29
0
65505
0
9526
29
0
65505
0
9530
29
0
65505
0
9535
29
0
65505
0
9540
29
0
65505
0
9545
29
0
65505
0
9550
29
0
65505
0
9554
29
0
65505
0
9560
29
0
65505
0
9565
29
0
65505
0
9570
30
0
65505
0
9575
30
0
65505
0
9580
30
0
65505
0
9584
30
0
65505
0
9589

30
0
65505
0
9594
30
0
65505
0
9600
30
0
65505
0
9605
30
0
65505
0
9610
30
0
65505
0
9614
30
0
65505
0
9619
30
0
65505
0
9624
30
0
65505
0
9629
30
0
65505
0
9634
30
0
65505
0
9638
30
0
65505
0
9644
30
0
65505
0
9649
30
0
65505
0
9654
30
0
65505
0
9659
30
0
65505
0
9664
30
0
65505
0
9668
30
0
65505
0
9673
30
0
65505
0
9678
30
0
65505
0
9683
30
0
65505
0
9689
30
0
65505
0
9694
30
0
65505
0
9698
30
0
65505
0
9703
30
0
65505
0
9708
30
0
65505
0
9713
30
0
65505
0
9718
30
0
65505
0
9722
30
0
65505
0
9728
30
0
65505
0
9733
30
0
65505
0
9738
30
0
65505
0
9743
30
0
65505
0
9748

30
0
65505
0
9752
30
0
65505
0
9757
30
0
65505
0
9762
30
0
65505
0
9767
30
0
65505
0
9773
31
0
65505
0
9778
31
0
65505
0
9782
31
0
65505
0
9787
31
0
65505
0
9792
31
0
65505
0
9797
31
0
65505
0
9802
31
0
65505
0
9806
31
0
65505
0
9811
31
0
65505
0
9817
31
0
65505
0
9822
31
0
65505
0
9827
31
0
65505
0
9832
31
0
65505
0
9836
31
0
65505
0
9841
31
0
65505
0
9846
31
0
65505
0
9851
31
0
65505
0
9857
31
0
65505
0
9862
31
0
65505
0
9866
31
0
65505
0
9871
31
0
65505
0
9876
31
0
65505
0
9881
31
0
65505
0
9886
31
0
65505
0
9891
31
0
65505
0
9895
31
0
65505
0
9901
31
0
65505
0
9906

31
0
65505
0
9911
31
0
65505
0
9916
31
0
65505
0
9920
31
0
65505
0
9925
31
0
65505
0
9930
31
0
65505
0
9935
31
0
65505
0
9940
31
0
65505
0
9946
31
0
65505
0
9950
31
0
65505
0
9955
31
0
65505
0
9960
31
0
65505
0
9965
31
0
65505
0
9970
31
0
65505
0
9975
31
0
65505
0
9979
31
0
65505
0
9985
31
0
65505
0
9990
31
0
65505
0
9995
31
0
65505
0
10000
31
0
65505
0
10005
31
0
65505
0
10010
31
0
65505
0
10015
31
0
65505
0
10020
31
0
65505
0
10025
31
0
65505
0
10031
31
0
65505
0
10036
31
0
65505
0
10041
31
0
65505
0
10046
31
0
65505
0
10051
31
0
65505
0
10056
31
0
65505
0
10062
31
0
65505
0
10067
31
0
65505
0
10073
31
0
65505
0
10078
31
0
65505
0
10083
31
0
65505
0
10088
31
0
65505
0
10093
31
0
65505
0
10098
31
0
65505
0
10103
31
0
65505
0
10108
31
0
65505
0
10114
31
0
65505
0
10119
31
0
65505
0
10125
31
0
65505
0
10130
31
0
65505
0
10135
31
0
65505
0
10140
31
0
65505
0
10145
31
0
65505
0
10150
31
0
65505
0
10156
31
0
65505
0
10161
31
0
65505
0
10166
31
0
65505
0
10171
31
0
65505
0
10176
31
0
65505
0
10181
31
0
65505
0
10186
31
0
65505
0
10192
31
0
65505
0
10198
31
0
65505
0
10203
31
0
65505
0
10208
31
0
65505
0
10213
31
0
65505
0
10218
31
0
65505
0
10223
31
0
65505
0
10228
31
0
65505
0
10233
31
0
65505
0
10238
31
0
65505
0
10244
31
0
65505
0
10249
31
0
65505
0
10254
31
0
65505
0
10260
31
0
65505
0
10265
31
0
65505
0
10270
31
0
65505
0
10275
31
0
65505
0
10280
31
0
65505
0
10286
31
0
65505
0
10291
31
0
65505
0
10296
31
0
65505
0
10301
31
0
65505
0
10306
31
0
65505
0
10311
31
0
65505
0
10316
31
0
65505
0
10321
31
0
65505
0
10328
31
0
65505
0
10333
31
0
65505
0
10338
31
0
65505
0
10343
31
0
65505
0
10348
31
0
65505
0
10353
31
0
65505
0
10358
31
0
65505
0
10363
31
0
65505
0
10369
31
0
65505
0
10374
31
0
65505
0
10379
31
0
65505
0
10384
31
0
65505
0
10389
31
0
65505
0
10395
31
0
65505
0
10400
31
0
65505
0
10405
31
0
65505
0
10411
31
0
65505
0
10416
31
0
65505
0
10421
31
0
65505
0
10426
31
0
65505
0
10431
31
0
65505
0
10436
31
0
65505
0
10441
31
0
65505
0
10446
31
0
65505
0
10451
31
0
65505
0
10458
31
0
65505
0
10463
31
0
65505
0
10468
31
0
65505
0
10473
31
0
65505
0
10478
31
0
65505
0
10483
31
0
65505
0
10488
31
0
65505
0
10493
31
0
65505
0
10499
31
0
65505
0
10504
31
0
65505
0
10509
31
0
65505
0
10514
31
0
65505
0
10519
31
0
65505
0
10525
31
0
65505
0
10530
31
0
65505
0
10535
31
0
65505
0
10541
31
0
65505
0
10546
31
0
65505
0
10551
31
0
65505
0
10556
31
0
65505
0
10561
31
0
65505
0
10566
31
0
65505
0
10571
31
0
65505
0
10576
31
0
65505
0
10582
31
0
65505
0
10587
31
0
65505
0
10593
31
0
65505
0
10598
31
0
65505
0
10603
31
0
65505
0
10608
31
0
65505
0
10613
31
0
65505
0
10618
31
0
65505
0
10624
31
0
65505
0
10629
31
0
65505
0
10634
31
0
65505
0
10639
31
0
65505
0
10644
31
0
65505
0
10649
31
0
65505
0
10654
31
0
65505
0
10660
31
0
65505
0
10665
31
0
65505
0
10671
31
0
65505
0
10676
31
0
65505
0
10681
31
0
65505
0
10686
31
0
65505
0
10691
31
0
65505
0
10696
31
0
65505
0
10701
31
0
65505
0
10706
31
0
65505
0
10712
31
0
65505
0
10717
31
0
65505
0
10723
31
0
65505
0
10728
31
0
65505
0
10733
31
0
65505
0
10738
31
0
65505
0
10743
31
0
65505
0
10748
31
0
65505
0
10754
31
0
65505
0
10759
31
0
65505
0
10764
31
0
65505
0
10769
31
0
65505
0
10774
31
0
65505
0
10779
31
0
65505
0
10784
31
0
65505
0
10790
31
0
65505
0
10796
31
0
65505
0
10801
31
0
65505
0
10806
31
0
65505
0
10811
31
0
65505
0
10816
31
0
65505
0
10821
31
0
65505
0
10826
31
0
65505
0
10831
31
0
65505
0
10836
31
0
65505
0
10842
31
0
65505
0
10847
31
0
65505
0
10852
31
0
65505
0
10858
31
0
65505
0
10863
31
0
65505
0
10868
31
0
65505
0
10873
31
0
65505
0
10878
31
0
65505
0
10884
31
0
65505
0
10889
31
0
65505
0
10894
31
0
65505
0
10899
31
0
65505
0
10904
31
0
65505
0
10909
31
0
65505
0
10914
31
0
65505
0
10919
31
0
65505
0
10926
31
0
65505
0
10931
31
0
65505
0
10936
31
0
65505
0
10941
31
0
65505
0
10946
31
0
65505
0
10951
31
0
65505
0
10956
31
0
65505
0
10961
31
0
65505
0
10967
31
0
65505
0
10972
31
0
65505
0
10977
31
0
65505
0
10982
31
0
65505
0
10987
31
0
65505
0
10993
31
0
65505
0
10998
31
0
65505
0
11003
31
0
65505
0
11009
31
0
65505
0
11014
31
0
65505
0
11019
31
0
65505
0
11024
31
0
65505
0
11029
31
0
65505
0
11034
31
0
65505
0
11039
31
0
65505
0
11044
31
0
65505
0
11049
31
0
65505
0
11056
31
0
65505
0
11061
31
0
65505
0
11066
31
0
65505
0
11071
31
0
65505
0
11076
31
0
65505
0
11081
31
0
65505
0
11086
31
0
65505
0
11091
31
0
65505
0
11097
31
0
65505
0
11102
31
0
65505
0
11107
31
0
65505
0
11112
31
0
65505
0
11117
31
0
65505
0
11123
31
0
65505
0
11128
31
0
65505
0
11133
31
0
65505
0
11139
31
0
65505
0
11144
31
0
65505
0
11149
31
0
65505
0
11154
31
0
65505
0
11159
31
0
65505
0
11164
31
0
65505
0
11169
31
0
65505
0
11174
31
0
65505
0
11180
31
0
65505
0
11185
31
0
65505
0
11191
31
0
65505
0
11196
31
0
65505
0
11201
31
0
65505
0
11206
31
0
65505
0
11211
31
0
65505
0
11216
31
0
65505
0
11222
31
0
65505
0
11227
31
0
65505
0
11232
31
0
65505
0
11237
31
0
65505
0
11242
31
0
65505
0
11247
31
0
65505
0
11252
31
0
65505
0
11258
31
0
65505
0
11264
31
0
65505
0
11269
31
0
65505
0
11274
31
0
65505
0
11279
31
0
65505
0
11284
31
0
65505
0
11289
31
0
65505
0
11294
31
0
65505
0
11299
31
0
65505
0
11304
31
0
65505
0
11310
31
0
65505
0
11315
31
0
65505
0
11320
31
0
65505
0
11326
31
0
65505
0
11331
31
0
65505
0
11336
31
0
65505
0
11341
32
0
65505
0
11346
32
0
65505
0
11352
32
0
65505
0
11357
32
0
65505
0
11362
32
0
65505
0
11367
32
0
65505
0
11372
32
0
65505
0
11377
32
0
65505
0
11382
32
0
65505
0
11387
32
0
65505
0
11394
32
0
65505
0
11399
32
0
65505
0
11404
32
0
65505
0
11409
32
0
65505
0
11414
32
0
65505
0
11419
32
0
65505
0
11424
32
0
65505
0
11429
32
0
65505
0
11435
32
0
65505
0
11440
32
0
65505
0
11445
32
0
65505
0
11450
32
0
65505
0
11456
32
0
65505
0
11461
32
0
65505
0
11466
32
0
65505
0
11471
32
0
65505
0
11476
31
0
65505
0
11482
31
0
65505
0
11487
31
0
65505
0
11492
31
0
65505
0
11497
31
0
65505
0
11502
31
0
65505
0
11507
31
0
65505
0
11512
31
0
65505
0
11517
31
0
65505
0
11524
31
0
65505
0
11529
31
0
65505
0
11534
31
0
65505
0
11539
31
0
65505
0
11544
31
0
65505
0
11549
31
0
65505
0
11554
31
0
65505
0
11559
31
0
65505
0
11565
31
0
65505
0
11570
31
0
65505
0
11575
31
0
65505
0
11580
31
0
65505
0
11585
31
0
65505
0
11591
31
0
65505
0
11596
31
0
65505
0
11601
31
0
65505
0
11607
31
0
65505
0
11612
31
0
65505
0
11617
31
0
65505
0
11622
31
0
65505
0
11627
31
0
65505
0
11632
31
0
65505
0
11637
31
0
65505
0
11642
31
0
65505
0
11648
31
0
65505
0
11653
31
0
65505
0
11659
31
0
65505
0
11664
31
0
65505
0
11669
31
0
65505
0
11674
31
0
65505
0
11679
31
0
65505
0
11684
31
0
65505
0
11689
31
0
65505
0
11695
31
0
65505
0
11700
31
0
65505
0
11705
31
0
65505
0
11710
31
0
65505
0
11715
31
0
65505
0
11720
31
0
65505
0
11726
31
0
65505
0
11731
31
0
65505
0
11737
31
0
65505
0
11742
31
0
65505
0
11747
31
0
65505
0
11752
31
0
65505
0
11757
31
0
65505
0
11762
31
0
65505
0
11767
31
0
65505
0
11772
31
0
65505
0
11778
31
0
65505
0
11783
31
0
65505
0
11789
31
0
65505
0
11794
31
0
65505
0
11799
31
0
65505
0
11804
31
0
65505
0
11809
31
0
65505
0
11814
31
0
65505
0
11820
31
0
65505
0
11825
31
0
65505
0
11830
31
0
65505
0
11835
31
0
65505
0
11840
31
0
65505
0
11845
31
0
65505
0
11850
31
0
65505
0
11856
31
0
65505
0
11862
31
0
65505
0
11867
31
0
65505
0
11872
31
0
65505
0
11877
31
0
65505
0
11882
31
0
65505
0
11887
31
0
65505
0
11892
31
0
65505
0
11897
31
0
65505
0
11902
31
0
65505
0
11908
31
0
65505
0
11913
31
0
65505
0
11918
31
0
65505
0
11924
31
0
65505
0
11929
31
0
65505
0
11934
31
0
65505
0
11939
31
0
65505
0
11944
31
0
65505
0
11950
31
0
65505
0
11955
31
0
65505
0
11960
31
0
65505
0
11965
31
0
65505
0
11970
31
0
65505
0
11975
31
0
65505
0
11980
31
0
65505
0
11985
31
0
65505
0
11992
31
0
65505
0
11997
31
0
65505
0
12002
31
0
65505
0
12007
31
0
65505
0
12012
31
0
65505
0
12017
31
0
65505
0
12022
31
0
65505
0
12027
31
0
65505
0
12033
31
0
65505
0
12038
31
0
65505
0
12043
31
0
65505
0
12048
31
0
65505
0
12053
31
0
65505
0
12059
31
0
65505
0
12064
31
0
65505
0
12069
31
0
65505
0
12075
31
0
65505
0
12080
31
0
65505
0
12085
31
0
65505
0
12090
31
0
65505
0
12095
31
0
65505
0
12100
31
0
65505
0
12105
31
0
65505
0
12110
31
0
65505
0
12115
31
0
65505
0
12122
31
0
65505
0
12127
31
0
65505
0
12132
31
0
65505
0
12137
31
0
65505
0
12142
31
0
65505
0
12147
31
0
65505
0
12152
31
0
65505
0
12157
31
0
65505
0
12163
31
0
65506
0
12168
31
0
65506
0
12173
31
0
65506
0
12178
31
0
65506
0
12183
31
0
65506
0
12189
31
0
65506
0
12194
31
0
65506
0
12199
31
0
65506
0
12205
31
0
65506
0
12210
31
0
65506
0
12215
31
0
65506
0
12220
31
0
65506
0
12225
31
0
65506
0
12230
31
0
65505
0
12235
31
0
65505
0
12240
31
0
65505
0
12246
31
0
65505
0
12251
31
0
65505
0
12257
31
0
65505
0
12262
31
0
65505
0
12267
31
0
65505
0
12272
31
0
65505
0
12277
31
0
65505
0
12282
31
0
65505
0
12288
31
0
65505
0
12293
31
0
65505
0
12298
31
0
65505
0
12303
31
0
65505
0
12308
31
0
65505
0
12313
31
0
65505
0
12318
31
0
65505
0
12324
31
0
65505
0
12329
31
0
65505
0
12335
31
0
65505
0
12340
31
0
65505
0
12345
31
0
65505
0
12350
31
0
65505
0
12355
31
0
65505
0
12360
31
0
65505
0
12365
31
0
65505
0
12370
31
0
65505
0
12376
31
0
65505
0
12381
31
0
65505
0
12386
31
0
65505
0
12392
31
0
65505
0
12397
31
0
65505
0
12402
31
0
65505
0
12407
31
0
65505
0
12412
31
0
65505
0
12418
31
0
65505
0
12423
31
0
65505
0
12428
31
0
65505
0
12433
31
0
65505
0
12438
31
0
65505
0
12443
31
0
65505
0
12448
31
0
65505
0
12454
31
0
65505
0
12460
31
0
65505
0
12465
31
0
65505
0
12470
31
0
65505
0
12475
31
0
65505
0
12480
31
0
65505
0
12485
31
0
65505
0
12490
31
0
65505
0
12495
31
0
65505
0
12500
31
0
65505
0
12506
31
0
65505
0
12511
31
0
65505
0
12516
31
0
65505
0
12522
31
0
65505
0
12527
31
0
65505
0
12532
31
0
65505
0
12537
31
0
65505
0
12542
31
0
65505
0
12548
31
0
65505
0
12553
31
0
65505
0
12558
31
0
65505
0
12563
31
0
65505
0
12568
31
0
65505
0
12573
31
0
65505
0
12578
31
0
65505
0
12583
31
0
65505
0
12590
31
0
65505
0
12595
31
0
65505
0
12600
31
0
65505
0
12605
31
0
65505
0
12610
31
0
65505
0
12615
31
0
65505
0
12620
31
0
65505
0
12625
31
0
65505
0
12631
31
0
65505
0
12636
31
0
65505
0
12641
31
0
65505
0
12646
31
0
65505
0
12651
31
0
65505
0
12657
31
0
65505
0
12662
31
0
65505
0
12667
31
0
65505
0
12673
31
0
65505
0
12678
31
0
65505
0
12683
31
0
65505
0
12688
31
0
65505
0
12693
31
0
65505
0
12698
31
0
65505
0
12703
31
0
65505
0
12708
31
0
65505
0
12713
31
0
65505
0
12720
31
0
65505
0
12725
31
0
65505
0
12730
31
0
65505
0
12735
31
0
65505
0
12740
31
0
65505
0
12745
31
0
65505
0
12750
31
0
65505
0
12755
31
0
65505
0
12761
31
0
65505
0
12766
31
0
65505
0
12771
31
0
65505
0
12776
31
0
65505
0
12781
31
0
65505
0
12787
31
0
65505
0
12792
31
0
65505
0
12797
31
0
65505
0
12803
31
0
65505
0
12808
31
0
65505
0
12813
31
0
65505
0
12818
31
0
65505
0
12823
31
0
65505
0
12828
31
0
65505
0
12833
31
0
65505
0
12838
31
0
65505
0
12844
31
0
65505
0
12849
31
0
65505
0
12855
31
0
65505
0
12860
31
0
65505
0
12865
31
0
65505
0
12870
31
0
65505
0
12875
31
0
65505
0
12880
31
0
65505
0
12886
31
0
65505
0
12891
31
0
65505
0
12896
31
0
65505
0
12901
31
0
65505
0
12906
31
0
65505
0
12911
31
0
65506
0
12916
31
0
65506
0
12922
31
0
65506
0
12928
31
0
65506
0
12933
31
0
65506
0
12938
31
0
65506
0
12943
31
0
65506
0
12948
31
0
65506
0
12953
31
0
65506
0
12958
31
0
65506
0
12963
31
0
65506
0
12968
31
0
65506
0
12974
31
0
65506
0
12979
31
0
65505
0
12984
31
0
65505
0
12990
31
0
65505
0
12995
31
0
65505
0
13000
31
0
65505
0
13005
31
0
65505
0
13010
31
0
65505
0
13016
31
0
65505
0
13021
31
0
65505
0
13026
31
0
65505
0
13031
31
0
65505
0
13036
31
0
65505
0
13041
31
0
65505
0
13046
31
0
65505
0
13051
31
0
65505
0
13058
31
0
65505
0
13063
31
0
65505
0
13068
31
0
65505
0
13073
31
0
65505
0
13078
31
0
65505
0
13083
31
0
65505
0
13088
31
0
65505
0
13093
31
0
65505
0
13099
31
0
65505
0
13104
31
0
65505
0
13109
31
0
65505
0
13114
31
0
65505
0
13120
31
0
65505
0
13125
31
0
65505
0
13130
31
0
65505
0
13135
31
0
65505
0
13140
31
0
65505
0
13146
31
0
65505
0
13151
31
0
65505
0
13156
31
0
65505
0
13161
31
0
65505
0
13166
31
0
65505
0
13171
31
0
65505
0
13176
31
0
65505
0
13181
31
0
65505
0
13188
31
0
65505
0
13193
31
0
65505
0
13198
31
0
65505
0
13203
31
0
65505
0
13208
31
0
65505
0
13213
31
0
65505
0
13218
31
0
65505
0
13223
31
0
65505
0
13229
31
0
65505
0
13234
31
0
65505
0
13239
31
0
65505
0
13244
31
0
65505
0
13249
31
0
65505
0
13255
31
0
65505
0
13260
31
0
65505
0
13265
31
0
65505
0
13271
31
0
65505
0
13276
31
0
65505
0
13281
31
0
65505
0
13286
31
0
65505
0
13291
31
0
65505
0
13296
31
0
65505
0
13301
31
0
65505
0
13306
31
0
65505
0
13312
31
0
65505
0
13317
31
0
65505
0
13323
31
0
65505
0
13328
31
0
65505
0
13333
31
0
65505
0
13338
31
0
65505
0
13343
31
0
65505
0
13348
31
0
65505
0
13353
31
0
65505
0
13359
31
0
65505
0
13364
31
0
65505
0
13369
31
0
65505
0
13374
31
0
65505
0
13379
31
0
65505
0
13385
31
0
65505
0
13390
31
0
65505
0
13395
31
0
65505
0
13401
31
0
65505
0
13406
31
0
65505
0
13411
31
0
65505
0
13416
31
0
65505
0
13421
31
0
65505
0
13426
31
0
65505
0
13431
31
0
65505
0
13436
31
0
65505
0
13442
31
0
65505
0
13447
31
0
65505
0
13453
31
0
65505
0
13458
31
0
65505
0
13463
31
0
65505
0
13468
31
0
65505
0
13473
31
0
65505
0
13478
31
0
65505
0
13484
31
0
65505
0
13489
31
0
65505
0
13494
31
0
65505
0
13499
31
0
65505
0
13504
31
0
65505
0
13509
31
0
65505
0
13514
31
0
65505
0
13520
31
0
65505
0
13526
31
0
65505
0
13531
31
0
65505
0
13536
31
0
65505
0
13541
31
0
65505
0
13546
31
0
65505
0
13551
31
0
65505
0
13556
31
0
65505
0
13561
31
0
65505
0
13566
31
0
65505
0
13572
31
0
65505
0
13577
31
0
65505
0
13582
31
0
65505
0
13588
31
0
65505
0
13593
31
0
65506
0
13598
31
0
65506
0
13603
31
0
65506
0
13608
31
0
65506
0
13614
31
0
65506
0
13619
31
0
65506
0
13624
31
0
65506
0
13629
31
0
65506
0
13634
31
0
65506
0
13639
31
0
65506
0
13644
31
0
65506
0
13649
31
0
65506
0
13656
31
0
65506
0
13661
31
0
65505
0
13666
31
0
65505
0
13671
31
0
65505
0
13676
31
0
65505
0
13681
31
0
65505
0
13686
31
0
65505
0
13691
31
0
65505
0
13697
31
0
65505
0
13702
31
0
65505
0
13707
31
0
65505
0
13712
31
0
65505
0
13717
31
0
65505
0
13723
31
0
65505
0
13728
31
0
65505
0
13733
31
0
65505
0
13739
31
0
65505
0
13744
31
0
65505
0
13749
31
0
65505
0
13754
31
0
65505
0
13759
31
0
65505
0
13764
31
0
65505
0
13769
31
0
65505
0
13774
31
0
65505
0
13779
31
0
65505
0
13786
31
0
65505
0
13791
31
0
65505
0
13796
31
0
65505
0
13801
31
0
65505
0
13806
31
0
65505
0
13811
31
0
65505
0
13816
31
0
65505
0
13821
31
0
65505
0
13827
31
0
65505
0
13832
31
0
65505
0
13837
31
0
65505
0
13842
31
0
65505
0
13847
31
0
65505
0
13853
31
0
65505
0
13858
31
0
65505
0
13863
31
0
65505
0
13869
31
0
65505
0
13874
31
0
65505
0
13879
31
0
65505
0
13884
31
0
65505
0
13889
31
0
65505
0
13894
31
0
65505
0
13899
31
0
65505
0
13904
31
0
65505
0
13910
31
0
65505
0
13915
31
0
65505
0
13921
31
0
65505
0
13926
31
0
65505
0
13931
31
0
65505
0
13936
31
0
65505
0
13941
31
0
65505
0
13946
31
0
65505
0
13952
31
0
65505
0
13957
31
0
65505
0
13962
31
0
65505
0
13967
31
0
65505
0
13972
31
0
65505
0
13977
31
0
65505
0
13982
31
0
65505
0
13988
31
0
65505
0
13993
31
0
65505
0
13999
31
0
65505
0
14004
31
0
65505
0
14009
31
0
65505
0
14014
31
0
65505
0
14019
31
0
65505
0
14024
31
0
65505
0
14029
31
0
65505
0
14034
31
0
65505
0
14040
31
0
65505
0
14045
31
0
65505
0
14050
31
0
65505
0
14056
31
0
65505
0
14061
31
0
65505
0
14066
31
0
65505
0
14071
31
0
65505
0
14076
31
0
65505
0
14082
31
0
65505
0
14087
31
0
65505
0
14092
31
0
65505
0
14097
31
0
65505
0
14102
31
0
65505
0
14107
31
0
65505
0
14112
31
0
65505
0
14118
31
0
65505
0
14124
31
0
65505
0
14129
31
0
65505
0
14134
31
0
65505
0
14139
31
0
65506
0
14144
31
0
65506
0
14149
31
0
65506
0
14154
31
0
65506
0
14159
31
0
65506
0
14164
31
0
65506
0
14170
31
0
65506
0
14175
31
0
65506
0
14180
31
0
65506
0
14185
31
0
65506
0
14191
31
0
65506
0
14196
31
0
65506
0
14201
31
0
65506
0
14206
31
0
65505
0
14212
31
0
65505
0
14217
31
0
65505
0
14222
31
0
65505
0
14227
31
0
65505
0
14232
31
0
65505
0
14237
31
0
65505
0
14242
31
0
65505
0
14247
31
0
65505
0
14254
31
0
65505
0
14259
31
0
65505
0
14264
31
0
65505
0
14269
31
0
65505
0
14274
31
0
65505
0
14279
31
0
65505
0
14284
31
0
65505
0
14289
31
0
65505
0
14295
31
0
65505
0
14300
31
0
65505
0
14305
31
0
65505
0
14310
31
0
65505
0
14315
31
0
65505
0
14321
31
0
65505
0
14326
31
0
65505
0
14331
31
0
65505
0
14337
31
0
65505
0
14342
31
0
65505
0
14347
31
0
65505
0
14352
31
0
65505
0
14357
31
0
65505
0
14362
31
0
65505
0
14367
31
0
65505
0
14372
31
0
65505
0
14377
31
0
65505
0
14383
31
0
65505
0
14389
31
0
65505
0
14394
31
0
65505
0
14399
31
0
65505
0
14404
31
0
65505
0
14409
31
0
65505
0
14414
31
0
65505
0
14419
31
0
65505
0
14425
31
0
65505
0
14430
31
0
65505
0
14435
31
0
65505
0
14440
31
0
65505
0
14445
31
0
65505
0
14451
31
0
65505
0
14456
31
0
65505
0
14461
31
0
65505
0
14467
31
0
65505
0
14472
31
0
65505
0
14477
31
0
65505
0
14482
31
0
65505
0
14487
31
0
65505
0
14492
31
0
65505
0
14497
31
0
65505
0
14502
31
0
65505
0
14508
31
0
65505
0
14513
31
0
65505
0
14518
31
0
65505
0
14524
31
0
65505
0
14529
31
0
65505
0
14534
31
0
65505
0
14539
31
0
65505
0
14544
31
0
65505
0
14550
31
0
65505
0
14555
31
0
65505
0
14560
31
0
65505
0
14565
31
0
65505
0
14570
31
0
65505
0
14575
31
0
65505
0
14580
3