30
4
65505
0
2054
30
4
65505
0
2057
30
4
65505
0
2060
30
4
65505
0
2064
30
4
65505
0
2067
30
4
65505
0
2070
30
4
65505
0
2074
30
4
65505
0
2079
30
4
65505
0
2084
30
4
65505
0
2089
30
4
65505
0
2094
30
4
65505
0
2099
30
4
65505
0
2104
30
4
65505
0
2109
30
4
65505
0
2114
30
4
65505
0
2118
30
4
65505
0
2123
30
4
65505
0
2128
30
4
65505
0
2134
30
4
65505
0
2139
30
4
65505
0
2144
30
4
65505
0
2148
30
4
65505
0
2153
30
4
65505
0
2158
30
4
65505
0
2163
30
4
65505
0
2168
30
4
65505
0
2173
30
4
65505
0
2178
30
4
65505
0
2183
30
4
65505
0
2188
30
4
65505
0
2193
30
4
65505
0
2198
30
4
65505
0
2202
30
4
65505
0
2207
30
4
65505
0
2212
30
4
65505
0
2217
30
4
65505
0
2223
30
4
65505
0
2228
30
4
65504
0
2232
30
4
65504
0
2237
30
4
65504
0
2242
30
4
65504
0
2247
30
4
65504
0
2252
30
4
65504
0
2257
30
4
65504
0
2262
30
4
65504
0
2267
30
4
65504
0
2272
30
4
65504
0
2277
30
4
65504
0
2282
30
4
65504
0
2287
30
4
65504
0
2291
30
4
65504
0
2296
30
4
65505
0
2301
30
4
65505
0
2307
30
4
65505
0
2312
30
4
65505
0
2316
30
4
65505
0
2321
30
4
65505
0
2326
30
4
65505
0
2331
30
4
65505
0
2336
30
4
65505
0
2341
30
4
65505
0
2345
30
4
65505
0
2351
30
4
65505
0
2356
30
4
65505
0
2361
30
4
65505
0
2366
30
4
65505
0
2371
30
4
65505
0
2375
30
4
65505
0
2380
30
4
65505
0
2385
30
4
65505
0
2391
30
4
65505
0
2396
30
4
65505
0
2400
30
4
65505
0
2405
30
4
65505
0
2410
30
4
65505
0
2415
30
4
65505
0
2420
30
4
65505
0
2425
30
4
65505
0
2429
30
4
65505
0
2435
30
4
65505
0
2440
30
4
65505
0
2445
30
4
65505
0
2450
30
4
65505
0
2455
30
4
65505
0
2459
30
4
65505
0
2464
30
4
65505
0
2469
30
4
65505
0
2475
30
4
65505
0
2480
30
4
65505
0
2484
30
4
65505
0
2489
30
4
65505
0
2494
30
4
65505
0
2499
30
4
65505
0
2504
30
4
65505
0
2509
30
4
65505
0
2513
30
4
65505
0
2519
30
4
65505
0
2524
30
4
65505
0
2529
30
4
65505
0
2534
30
4
65505
0
2539
30
4
65505
0
2543
30
4
65505
0
2548
30
4
65505
0
2553
30
4
65505
0
2558
30
4
65505
0
2564
30
4
65505
0
2568
30
4
65505
0
2573
30
4
65505
0
2578
30
4
65505
0
2583
30
4
65505
0
2588
30
4
65505
0
2593
30
4
65505
0
2597
30
4
65505
0
2603
30
4
65505
0
2608
30
4
65505
0
2613
30
4
65505
0
2618
30
4
65505
0
2623
30
4
65505
0
2627
30
4
65505
0
2632
30
4
65505
0
2637
30
4
65505
0
2642
30
4
65505
0
2648
30
4
65505
0
2653
30
4
65505
0
2657
30
4
65505
0
2662
30
4
65505
0
2667
30
4
65505
0
2672
30
4
65505
0
2677
30
4
65505
0
2681
30
4
65505
0
2686
30
4
65505
0
2692
30
4
65505
0
2697
30
4
65505
0
2702
30
4
65505
0
2707
30
4
65505
0
2711
30
4
65505
0
2716
30
4
65505
0
2721
30
4
65505
0
2726
30
4
65505
0
2732
30
4
65505
0
2737
30
4
65505
0
2741
30
4
65505
0
2746
30
4
65505
0
2751
30
4
65505
0
2756
30
4
65505
0
2761
30
4
65505
0
2765
30
4
65505
0
2770
30
4
65505
0
2776
30
4
65505
0
2781
30
4
65505
0
2786
30
4
65505
0
2791
30
4
65505
0
2795
30
4
65505
0
2800
30
4
65505
0
2805
30
4
65505
0
2810
30
4
65505
0
2816
30
4
65505
0
2821
30
4
65505
0
2825
30
4
65505
0
2830
30
4
65505
0
2835
30
4
65505
0
2840
30
4
65505
0
2845
30
4
65505
0
2849
30
4
65505
0
2854
30
4
65505
0
2860
30
4
65505
0
2865
30
4
65505
0
2870
30
4
65505
0
2875
30
4
65505
0
2879
30
4
65505
0
2884
30
4
65505
0
2889
30
4
65505
0
2894
30
4
65505
0
2899
30
4
65505
0
2905
30
4
65505
0
2909
30
4
65505
0
2914
30
4
65505
0
2919
30
4
65505
0
2924
30
4
65505
0
2929
30
4
65505
0
2933
30
4
65505
0
2938
30
4
65505
0
2944
30
4
65505
0
2949
30
4
65505
0
2954
30
4
65505
0
2959
30
4
65505
0
2963
30
4
65505
0
2968
30
4
65505
0
2973
30
4
65505
0
2978
30
4
65505
0
2983
30
4
65505
0
2989
30
4
65505
0
2993
30
4
65505
0
2998
30
4
65505
0
3003
30
4
65505
0
3008
30
4
65505
0
3013
30
4
65505
0
3017
30
4
65505
0
3022
30
4
65505
0
3027
30
4
65505
0
3033
30
4
65505
0
3038
30
4
65505
0
3043
30
4
65505
0
3047
30
4
65505
0
3052
30
4
65505
0
3057
30
4
65505
0
3062
30
4
65505
0
3067
30
4
65505
0
3073
30
4
65505
0
3077
30
4
65505
0
3082
30
4
65505
0
3087
30
4
65505
0
3092
30
4
65505
0
3097
30
4
65505
0
3102
30
4
65505
0
3106
30
4
65505
0
3111
30
4
65505
0
3117
30
4
65505
0
3122
30
4
65505
0
3127
30
4
65505
0
3131
30
4
65505
0
3136
30
4
65505
0
3141
30
4
65505
0
3146
30
4
65505
0
3151
30
4
65505
0
3156
30
4
65505
0
3161
30
4
65505
0
3166
30
4
65505
0
3171
30
4
65505
0
3176
30
4
65505
0
3181
30
4
65505
0
3186
30
4
65505
0
3190
30
4
65505
0
3195
30
4
65505
0
3201
30
4
65505
0
3206
30
4
65505
0
3211
30
4
65505
0
3215
30
4
65505
0
3220
30
4
65505
0
3225
30
4
65505
0
3230
30
4
65505
0
3235
30
4
65505
0
3240
30
4
65505
0
3245
30
4
65505
0
3250
30
4
65505
0
3255
30
4
65505
0
3260
30
4
65505
0
3265
30
4
65505
0
3270
30
4
65505
0
3274
30
4
65505
0
3279
30
4
65505
0
3284
30
4
65505
0
3290
30
4
65505
0
3295
30
4
65505
0
3299
30
4
65505
0
3304
30
4
65505
0
3309
30
4
65505
0
3314
30
4
65505
0
3319
30
4
65505
0
3324
30
4
65505
0
3329
30
4
65505
0
3334
30
4
65505
0
3339
30
4
65505
0
3344
30
4
65505
0
3349
30
4
65505
0
3354
30
4
65505
0
3358
30
4
65505
0
3363
30
4
65505
0
3368
30
4
65505
0
3374
30
4
65505
0
3379
30
4
65505
0
3383
30
4
65505
0
3388
30
4
65505
0
3393
30
4
65505
0
3398
30
4
65505
0
3403
30
4
65505
0
3408
30
4
65505
0
3412
30
4
65505
0
3418
30
4
65505
0
3423
30
4
65505
0
3428
30
4
65505
0
3433
30
4
65505
0
3438
30
4
65505
0
3442
30
4
65505
0
3447
30
4
65505
0
3452
30
4
65505
0
3458
30
4
65505
0
3463
30
4
65505
0
3467
30
4
65505
0
3472
30
4
65505
0
3477
30
4
65505
0
3482
30
4
65505
0
3487
30
4
65505
0
3492
30
4
65505
0
3496
30
4
65505
0
3502
30
4
65505
0
3507
30
4
65505
0
3512
30
4
65505
0
3517
30
4
65505
0
3522
30
4
65505
0
3526
30
4
65505
0
3531
30
4
65505
0
3536
30
4
65505
0
3542
30
4
65505
0
3547
30
4
65505
0
3552
30
4
65505
0
3556
30
4
65505
0
3561
30
4
65505
0
3566
30
4
65505
0
3571
30
4
65505
0
3576
30
4
65505
0
3580
30
4
65505
0
3586
30
4
65505
0
3591
30
4
65505
0
3596
30
4
65505
0
3601
30
4
65505
0
3606
30
4
65505
0
3610
30
4
65505
0
3615
30
4
65505
0
3620
30
4
65505
0
3625
30
4
65505
0
3631
30
4
65505
0
3636
30
4
65505
0
3640
30
4
65505
0
3645
30
4
65505
0
3650
30
4
65505
0
3655
30
4
65505
0
3660
30
4
65505
0
3664
30
4
65505
0
3670
30
4
65505
0
3675
30
4
65505
0
3680
30
4
65505
0
3685
30
4
65505
0
3690
30
4
65505
0
3694
30
4
65505
0
3699
30
4
65505
0
3704
30
4
65505
0
3709
30
4
65505
0
3715
30
4
65505
0
3720
30
4
65505
0
3724
30
4
65505
0
3729
30
4
65505
0
3734
30
4
65505
0
3739
30
4
65505
0
3744
30
4
65505
0
3748
30
4
65505
0
3753
30
4
65505
0
3759
30
4
65505
0
3764
30
4
65505
0
3769
30
4
65505
0
3774
30
4
65505
0
3778
30
4
65505
0
3783
30
4
65505
0
3788
30
4
65505
0
3793
30
4
65505
0
3799
30
4
65505
0
3804
30
4
65505
0
3808
30
4
65505
0
3813
30
4
65505
0
3818
30
4
65505
0
3823
30
4
65505
0
3828
30
4
65505
0
3832
30
4
65505
0
3837
30
4
65505
0
3843
30
4
65505
0
3848
30
4
65505
0
3853
30
4
65505
0
3858
30
4
65505
0
3862
30
4
65505
0
3867
30
4
65505
0
3872
30
4
65505
0
3877
30
4
65505
0
3883
30
4
65505
0
3888
30
4
65505
0
3892
30
4
65505
0
3897
30
4
65505
0
3902
30
4
65505
0
3907
30
4
65505
0
3912
30
4
65505
0
3916
30
4
65505
0
3921
30
4
65505
0
3927
30
4
65505
0
3932
30
4
65505
0
3937
30
4
65505
0
3942
30
4
65505
0
3946
30
4
65505
0
3951
30
4
65505
0
3956
30
4
65505
0
3961
30
4
65505
0
3966
30
4
65505
0
3972
30
4
65505
0
3976
30
4
65505
0
3981
30
4
65505
0
3986
30
4
65505
0
3991
30
4
65505
0
3996
30
4
65505
0
4001
30
4
65505
0
4005
30
4
65505
0
4011
30
4
65505
0
4016
30
4
65505
0
4021
30
4
65505
0
4026
30
4
65505
0
4030
30
4
65505
0
4035
30
4
65505
0
4040
30
4
65505
0
4045
30
4
65505
0
4050
30
4
65505
0
4056
30
4
65505
0
4060
30
4
65505
0
4065
30
4
65505
0
4070
30
4
65505
0
4075
30
4
65505
0
4080
30
4
65505
0
4085
30
4
65505
0
4089
30
4
65505
0
4094
30
4
65505
0
4100
30
4
65505
0
4105
30
4
65505
0
4110
30
4
65505
0
4114
30
4
65505
0
4119
30
4
65505
0
4124
30
4
65505
0
4129
30
4
65505
0
4134
30
4
65505
0
4140
30
4
65505
0
4144
30
4
65505
0
4149
30
4
65505
0
4154
30
4
65505
0
4159
30
4
65505
0
4164
30
4
65505
0
4169
30
4
65505
0
4173
30
4
65505
0
4178
30
4
65505
0
4184
30
4
65505
0
4189
30
4
65505
0
4194
30
4
65505
0
4198
30
4
65505
0
4203
30
4
65505
0
4208
30
4
65505
0
4213
30
4
65505
0
4218
30
4
65505
0
4224
30
4
65505
0
4228
30
4
65505
0
4233
30
4
65505
0
4238
30
4
65505
0
4243
30
4
65505
0
4248
30
4
65505
0
4253
30
4
65505
0
4257
30
4
65505
0
4262
30
4
65505
0
4268
30
4
65505
0
4273
30
4
65505
0
4278
30
4
65505
0
4282
30
4
65505
0
4287
30
4
65505
0
4292
30
4
65505
0
4297
30
4
65505
0
4302
30
4
65505
0
4307
30
4
65505
0
4312
30
4
65505
0
4317
30
4
65505
0
4322
30
4
65505
0
4327
30
4
65505
0
4332
30
4
65505
0
4337
30
4
65505
0
4341
30
4
65505
0
4346
30
4
65505
0
4352
30
4
65505
0
4357
30
4
65505
0
4362
30
4
65505
0
4367
30
4
65505
0
4371
30
4
65505
0
4376
30
4
65505
0
4381
30
4
65505
0
4386
30
4
65505
0
4391
30
4
65505
0
4396
30
4
65505
0
4401
30
4
65505
0
4406
30
4
65505
0
4411
30
4
65505
0
4416
30
4
65505
0
4421
30
4
65505
0
4425
30
4
65505
0
4430
30
4
65505
0
4435
30
4
65505
0
4441
30
4
65505
0
4446
30
4
65505
0
4451
30
4
65505
0
4455
30
4
65505
0
4460
30
4
65505
0
4465
30
4
65505
0
4470
30
4
65505
0
4475
30
4
65505
0
4480
30
4
65505
0
4485
30
4
65505
0
4490
30
4
65505
0
4495
30
4
65505
0
4500
30
4
65505
0
4505
30
4
65505
0
4509
30
4
65505
0
4514
30
4
65505
0
4519
30
4
65505
0
4525
30
4
65505
0
4530
30
4
65505
0
4535
30
4
65505
0
4539
30
4
65505
0
4544
30
4
65505
0
4549
30
4
65505
0
4554
30
4
65505
0
4559
30
4
65505
0
4563
30
4
65505
0
4569
30
4
65505
0
4574
30
4
65505
0
4579
30
4
65505
0
4584
30
4
65505
0
4589
30
4
65505
0
4593
30
4
65505
0
4598
30
4
65505
0
4603
30
4
65505
0
4609
30
4
65505
0
4614
30
4
65505
0
4619
30
4
65505
0
4623
30
4
65505
0
4628
30
4
65505
0
4633
30
4
65505
0
4638
30
4
65505
0
4643
30
4
65505
0
4647
30
4
65505
0
4653
30
4
65505
0
4658
30
4
65505
0
4663
30
4
65505
0
4668
30
4
65505
0
4673
30
4
65505
0
4677
30
4
65505
0
4682
30
4
65505
0
4687
30
4
65505
0
4692
30
4
65505
0
4698
30
4
65505
0
4703
30
4
65505
0
4707
30
4
65505
0
4712
30
4
65505
0
4717
30
4
65505
0
4722
30
4
65505
0
4727
30
4
65505
0
4731
30
4
65505
0
4737
30
4
65505
0
4742
30
4
65505
0
4747
30
4
65505
0
4752
30
4
65505
0
4757
30
4
65505
0
4761
30
4
65505
0
4766
30
4
65505
0
4771
30
4
65505
0
4776
30
4
65505
0
4782
30
4
65505
0
4787
30
4
65505
0
4791
30
4
65505
0
4796
30
4
65505
0
4801
30
4
65505
0
4806
30
4
65505
0
4811
30
4
65505
0
4816
30
4
65505
0
4820
30
4
65505
0
4826
30
4
65505
0
4831
30
4
65505
0
4836
30
4
65505
0
4841
30
4
65505
0
4845
30
4
65505
0
4850
30
4
65505
0
4855
30
4
65505
0
4860
30
4
65505
0
4866
30
4
65505
0
4871
30
4
65505
0
4875
30
4
65505
0
4880
30
4
65505
0
4885
30
4
65505
0
4890
30
4
65505
0
4895
30
4
65505
0
4900
30
4
65505
0
4904
30
4
65505
0
4910
30
4
65505
0
4915
30
4
65505
0
4920
30
4
65505
0
4925
30
4
65505
0
4929
30
4
65505
0
4934
30
4
65505
0
4939
30
4
65505
0
4944
30
4
65505
0
4950
30
4
65505
0
4955
30
4
65505
0
4959
30
4
65505
0
4964
30
4
65505
0
4969
30
4
65505
0
4974
30
4
65505
0
4979
30
4
65505
0
4984
30
4
65505
0
4988
30
4
65505
0
4994
30
4
65505
0
4999
30
4
65505
0
5004
30
4
65505
0
5009
30
4
65505
0
5013
30
4
65505
0
5018
30
4
65505
0
5023
30
4
65505
0
5028
30
4
65505
0
5033
30
4
65505
0
5039
30
4
65505
0
5043
30
4
65505
0
5048
30
4
65505
0
5053
30
4
65505
0
5058
30
4
65505
0
5063
30
4
65505
0
5068
30
4
65505
0
5072
30
4
65505
0
5078
30
4
65505
0
5083
30
4
65505
0
5088
30
4
65505
0
5093
30
4
65505
0
5097
30
4
65505
0
5102
30
4
65505
0
5107
30
4
65505
0
5112
30
4
65505
0
5117
30
4
65505
0
5123
30
4
65505
0
5127
30
4
65505
0
5132
30
4
65505
0
5137
30
4
65505
0
5142
30
4
65505
0
5147
30
4
65505
0
5152
30
4
65505
0
5156
30
4
65505
0
5161
30
4
65505
0
5167
30
4
65505
0
5172
30
4
65505
0
5177
30
4
65505
0
5182
30
4
65505
0
5186
30
4
65505
0
5191
30
4
65505
0
5196
30
4
65505
0
5201
30
4
65505
0
5207
30
4
65505
0
5211
30
4
65505
0
5216
30
4
65505
0
5221
30
4
65505
0
5226
30
4
65505
0
5231
30
4
65505
0
5236
30
4
65505
0
5240
30
4
65505
0
5245
30
4
65505
0
5251
30
4
65505
0
5256
30
4
65505
0
5261
30
4
65505
0
5266
30
4
65505
0
5270
30
4
65505
0
5275
30
4
65505
0
5280
30
4
65505
0
5285
30
4
65505
0
5291
30
4
65505
0
5295
30
4
65505
0
5300
30
4
65505
0
5305
30
4
65505
0
5310
30
4
65505
0
5315
30
4
65505
0
5320
30
4
65505
0
5324
30
4
65505
0
5329
30
4
65505
0
5335
30
4
65505
0
5340
30
4
65505
0
5345
30
4
65505
0
5350
30
4
65505
0
5354
30
4
65505
0
5359
30
4
65505
0
5364
30
4
65505
0
5369
30
4
65505
0
5374
30
4
65505
0
5379
30
4
65505
0
5384
30
4
65505
0
5389
30
4
65505
0
5394
30
4
65505
0
5399
30
4
65505
0
5404
30
4
65505
0
5408
30
4
65505
0
5413
30
4
65505
0
5419
30
4
65505
0
5424
30
4
65505
0
5429
30
4
65505
0
5434
30
4
65504
0
5438
30
4
65504
0
5443
30
4
65504
0
5448
30
4
65504
0
5453
30
4
65504
0
5458
30
4
65504
0
5463
30
4
65504
0
5468
30
4
65504
0
5473
30
4
65504
0
5478
30
4
65504
0
5483
30
4
65504
0
5488
30
4
65504
0
5492
30
4
65504
0
5497
30
4
65505
0
5502
30
4
65505
0
5508
30
4
65505
0
5513
30
4
65505
0
5518
30
4
65505
0
5522
30
4
65505
0
5527
30
4
65505
0
5532
30
4
65505
0
5537
30
4
65505
0
5542
30
4
65505
0
5547
30
4
65505
0
5552
30
4
65505
0
5557
30
4
65505
0
5562
30
4
65505
0
5567
30
4
65505
0
5572
30
4
65505
0
5576
30
4
65505
0
5581
30
4
65505
0
5586
30
4
65505
0
5592
30
4
65505
0
5597
30
4
65505
0
5602
30
4
65505
0
5606
30
4
65505
0
5611
30
4
65505
0
5616
30
4
65505
0
5621
30
4
65505
0
5626
30
4
65505
0
5632
30
4
65505
0
5636
30
4
65505
0
5641
30
4
65505
0
5646
30
4
65505
0
5651
30
4
65505
0
5656
30
4
65505
0
5660
30
4
65505
0
5665
30
4
65505
0
5670
30
4
65505
0
5676
30
4
65505
0
5681
30
4
65505
0
5686
30
4
65505
0
5690
30
4
65505
0
5695
30
4
65505
0
5700
30
4
65505
0
5705
30
4
65505
0
5710
30
4
65505
0
5715
30
4
65505
0
5720
30
4
65505
0
5725
30
4
65505
0
5730
30
4
65505
0
5735
30
4
65505
0
5740
30
4
65505
0
5744
30
4
65505
0
5749
30
4
65505
0
5754
30
4
65505
0
5760
30
4
65505
0
5765
30
4
65505
0
5770
30
4
65505
0
5774
29
4
65505
0
5779
29
4
65505
0
5784
29
4
65505
0
5789
29
4
65505
0
5794
29
4
65505
0
5799
29
4
65505
0
5804
29
4
65505
0
5809
29
4
65505
0
5814
29
4
65505
0
5819
29
4
65505
0
5824
29
4
65505
0
5828
29
4
65505
0
5833
29
4
65505
0
5838
30
4
65504
0
5843
30
4
65504
0
5849
30
4
65504
0
5854
30
4
65504
0
5858
30
4
65504
0
5863
30
4
65504
0
5868
30
4
65504
0
5873
30
4
65504
0
5878
30
4
65504
0
5883
30
4
65504
0
5888
30
4
65504
0
5893
30
4
65504
0
5898
30
4
65504
0
5903
30
4
65504
0
5908
30
4
65505
0
5912
30
4
65505
0
5917
30
4
65505
0
5922
30
4
65505
0
5927
30
4
65505
0
5933
30
4
65505
0
5938
30
4
65505
0
5942
30
4
65505
0
5947
30
4
65505
0
5952
30
4
65505
0
5957
30
4
65505
0
5962
30
4
65505
0
5967
30
4
65505
0
5971
30
4
65505
0
5977
29
4
65505
0
5982
29
4
65505
0
5987
29
4
65505
0
5992
29
4
65505
0
5996
29
4
65505
0
6001
29
4
65505
0
6006
29
4
65505
0
6011
29
4
65505
0
6017
29
4
65505
0
6022
29
4
65505
0
6026
29
4
65505
0
6031
29
4
65505
0
6036
29
4
65505
0
6041
29
4
65505
0
6046
29
4
65505
0
6051
29
4
65505
0
6055
29
4
65505
0
6061
29
4
65505
0
6066
29
4
65505
0
6071
29
4
65505
0
6076
29
4
65505
0
6081
29
4
65505
0
6085
29
4
65505
0
6090
29
4
65505
0
6095
29
4
65505
0
6100
29
4
65505
0
6106
29
4
65505
0
6110
29
4
65505
0
6115
29
4
65505
0
6120
29
4
65505
0
6125
29
4
65505
0
6130
29
4
65505
0
6135
29
4
65505
0
6139
29
4
65505
0
6145
29
4
65505
0
6150
29
4
65505
0
6155
29
4
65505
0
6160
29
4
65505
0
6165
29
4
65505
0
6169
29
4
65505
0
6174
29
4
65505
0
6179
29
3
65505
0
6184
29
3
65505
0
6190
29
3
65505
0
6194
29
3
65505
0
6199
29
3
65505
0
6204
29
3
65505
0
6209
29
3
65505
0
6214
29
3
65505
0
6219
29
3
65505
0
6223
29
3
65505
0
6228
29
3
65505
0
6234
29
3
65505
0
6239
29
3
65505
0
6244
29
3
65505
0
6249
29
4
65505
0
6253
29
4
65505
0
6258
29
4
65505
0
6263
29
4
65505
0
6268
29
4
65505
0
6274
29
4
65505
0
6278
29
4
65505
0
6283
29
4
65505
0
6288
29
4
65505
0
6293
29
4
65505
0
6298
29
4
65505
0
6303
29
4
65505
0
6307
29
4
65505
0
6312
29
4
65505
0
6318
29
4
65505
0
6323
29
4
65505
0
6328
29
4
65505
0
6333
29
4
65505
0
6337
29
4
65505
0
6342
29
4
65505
0
6347
29
4
65505
0
6352
29
4
65505
0
6358
29
4
65505
0
6362
29
4
65505
0
6367
29
4
65505
0
6372
29
4
65505
0
6377
29
4
65505
0
6382
29
4
65505
0
6387
29
4
65505
0
6391
29
4
65505
0
6396
29
4
65505
0
6402
29
4
65505
0
6407
29
4
65505
0
6412
29
4
65505
0
6417
29
4
65505
0
6421
29
4
65505
0
6426
29
4
65505
0
6431
29
4
65505
0
6436
29
4
65505
0
6441
29
4
65505
0
6446
29
4
65505
0
6451
29
4
65505
0
6456
29
4
65505
0
6461
29
4
65505
0
6466
29
4
65505
0
6471
29
4
65505
0
6475
29
4
65505
0
6480
29
4
65505
0
6486
29
4
65505
0
6491
29
4
65505
0
6496
29
4
65505
0
6501
29
4
65505
0
6505
29
4
65505
0
6510
29
4
65505
0
6515
29
4
65505
0
6520
28
4
65505
0
6525
28
4
65505
0
6531
28
4
65505
0
6535
28
4
65505
0
6540
28
4
65505
0
6545
28
4
65505
0
6550
28
4
65505
0
6555
28
4
65505
0
6559
28
4
65505
0
6564
28
4
65505
0
6569
28
4
65505
0
6575
28
4
65505
0
6580
28
4
65505
0
6585
28
4
65505
0
6589
28
4
65505
0
6594
28
4
65505
0
6599
28
4
65505
0
6604
28
4
65505
0
6609
28
4
65505
0
6615
28
4
65505
0
6619
28
4
65505
0
6624
28
4
65505
0
6629
28
4
65505
0
6634
28
4
65505
0
6639
28
4
65505
0
6643
28
4
65505
0
6648
28
4
65505
0
6653
28
4
65505
0
6659
28
4
65505
0
6664
28
4
65505
0
6669
28
4
65505
0
6673
28
4
65505
0
6678
28
4
65505
0
6683
28
4
65505
0
6688
28
4
65505
0
6693
28
4
65505
0
6699
28
4
65505
0
6703
28
4
65505
0
6708
28
4
65505
0
6713
28
4
65505
0
6718
28
4
65505
0
6723
28
4
65505
0
6727
28
3
65505
0
6732
28
3
65505
0
6737
28
3
65505
0
6743
28
3
65505
0
6748
28
3
65505
0
6753

28
3
65505
0
6757
28
3
65505
0
6762
28
3
65505
0
6767
28
3
65505
0
6772
28
3
65505
0
6777
28
3
65505
0
6782
28
3
65505
0
6787
28
3
65505
0
6792
28
3
65505
0
6797
27
3
65506
0
6802
27
3
65506
0
6807
27
3
65506
0
6811
27
3
65506
0
6816
27
3
65506
0
6821
27
3
65506
0
6827
27
3
65506
0
6832
27
3
65506
0
6837
27
3
65506
0
6841
27
3
65506
0
6846
27
3
65506
0
6851
27
3
65506
0
6856
27
3
65506
0
6861
27
3
65505
0
6866
27
3
65505
0
6871
27
3
65505
0
6876
27
3
65505
0
6881
27
3
65505
0
6886
27
3
65505
0
6891
27
3
65505
0
6896
27
3
65505
0
6900
27
3
65505
0
6905
27
3
65505
0
6910

27
3
65505
0
6916
27
3
65505
0
6921
27
3
65505
0
6925
27
3
65505
0
6930
27
3
65505
0
6935
27
3
65505
0
6940
27
3
65505
0
6945
27
3
65505
0
6950
27
3
65505
0
6955
27
3
65505
0
6960
27
3
65505
0
6965
27
3
65505
0
6970
27
3
65505
0
6975
27
3
65505
0
6980
27
3
65505
0
6984
27
3
65505
0
6989
27
3
65505
0
6994
27
3
65505
0
7000
26
3
65505
0
7005
26
3
65505
0
7009
26
3
65505
0
7014
26
3
65505
0
7019
26
3
65505
0
7024
26
3
65505
0
7029
26
3
65505
0
7034
26
3
65505
0
7038
26
3
65505
0
7044
26
3
65505
0
7049
26
3
65505
0
7054
26
3
65505
0
7059
26
3
65505
0
7064
26
3
65505
0
7068

26
3
65505
0
7073
26
3
65505
0
7078
26
3
65505
0
7084
26
3
65505
0
7089
26
3
65505
0
7093
26
3
65505
0
7098
26
3
65505
0
7103
26
3
65505
0
7108
26
3
65505
0
7113
26
3
65505
0
7118
26
3
65505
0
7122
26
3
65505
0
7128
26
3
65505
0
7133
26
3
65505
0
7138
26
3
65505
0
7143
26
3
65505
0
7148
26
3
65505
0
7152
26
3
65505
0
7157
26
3
65505
0
7162
26
3
65505
0
7168
26
3
65505
0
7173
26
3
65505
0
7177
26
3
65505
0
7182
26
3
65505
0
7187
26
3
65505
0
7192
26
3
65505
0
7197
26
3
65505
0
7202
25
2
65504
0
7206
25
2
65504
0
7212
25
2
65504
0
7217
25
2
65504
0
7222
25
2
65504
0
7227

25
2
65504
0
7232
25
2
65504
0
7236
25
2
65504
0
7241
25
2
65504
0
7246
25
2
65504
0
7251
25
2
65504
0
7257
25
2
65504
0
7261
25
2
65504
0
7266
25
2
65504
0
7271
24
2
65504
0
7276
24
2
65504
0
7281
24
2
65504
0
7286
24
2
65504
0
7290
24
2
65504
0
7296
24
2
65504
0
7301
24
2
65504
0
7306
24
2
65504
0
7311
24
2
65504
0
7316
24
2
65504
0
7320
24
2
65504
0
7325
24
2
65504
0
7330
24
2
65504
0
7335
24
2
65504
0
7341
23
2
65504
0
7346
23
2
65504
0
7350
23
2
65504
0
7355
23
2
65504
0
7360
23
2
65504
0
7365
23
2
65504
0
7370
23
2
65504
0
7374
23
2
65504
0
7379
23
2
65504
0
7385

23
2
65504
0
7390
23
2
65504
0
7395
23
2
65504
0
7400
23
2
65504
0
7404
23
2
65504
0
7409
23
1
65503
0
7414
23
1
65503
0
7419
23
1
65503
0
7425
23
1
65503
0
7430
23
1
65503
0
7434
23
1
65503
0
7439
23
1
65503
0
7444
23
1
65503
0
7449
23
1
65503
0
7454
23
1
65503
0
7458
23
1
65503
0
7463
23
1
65503
0
7469
23
1
65503
0
7474
23
1
65503
0
7479
23
1
65503
0
7484
23
1
65503
0
7488
23
1
65503
0
7493
23
1
65503
0
7498
23
1
65503
0
7503
23
1
65503
0
7508
23
1
65503
0
7514
23
1
65503
0
7518
23
1
65503
0
7523
23
1
65503
0
7528
23
1
65503
0
7533
23
1
65503
0
7538
23
1
65503
0
7542

23
1
65503
0
7547
23
1
65503
0
7553
23
1
65503
0
7558
23
1
65503
0
7563
23
1
65503
0
7568
23
1
65503
0
7572
23
1
65503
0
7577
23
1
65503
0
7582
23
1
65503
0
7587
23
1
65503
0
7592
23
1
65503
0
7598
23
1
65503
0
7602
23
1
65503
0
7607
23
1
65503
0
7612
21
1
65498
0
7617
21
1
65498
0
7622
21
1
65498
0
7626
21
1
65498
0
7631
21
1
65498
0
7636
21
1
65498
0
7642
21
1
65498
0
7647
21
1
65498
0
7652
21
1
65498
0
7656
21
1
65498
0
7661
21
1
65498
0
7666
21
1
65498
0
7671
21
1
65498
0
7676
21
1
65498
0
7682
21
0
65497
0
7686
21
0
65497
0
7691
21
0
65497
0
7696
21
0
65497
0
7701

21
0
65497
0
7706
21
0
65497
0
7710
21
0
65497
0
7715
21
0
65497
0
7720
21
0
65497
0
7726
21
0
65497
0
7731
21
0
65497
0
7736
21
0
65497
0
7740
21
0
65497
0
7745
21
0
65497
0
7750
21
0
65495
0
7755
21
0
65495
0
7760
21
0
65495
0
7766
21
0
65495
0
7770
21
0
65495
0
7775
21
0
65495
0
7780
21
0
65495
0
7785
21
0
65495
0
7790
21
0
65495
0
7795
21
0
65495
0
7799
21
0
65495
0
7804
21
0
65495
0
7810
21
0
65495
0
7815
21
0
65495
0
7820
21
0
65495
0
7824
21
0
65495
0
7829
21
0
65495
0
7834
21
0
65495
0
7839
21
0
65495
0
7844
21
0
65495
0
7849
21
0
65495
0
7854
21
0
65495
0
7859

21
0
65495
0
7864
21
0
65495
0
7869
21
0
65495
0
7874
21
0
65495
0
7879
21
0
65495
0
7883
21
0
65495
0
7888
21
0
65495
0
7894
21
0
65495
0
7899
21
0
65495
0
7904
21
0
65495
0
7908
21
0
65495
0
7913
21
0
65495
0
7918
21
0
65495
0
7923
21
0
65495
0
7928
21
0
65495
0
7933
21
0
65495
0
7938
21
0
65495
0
7943
21
0
65495
0
7948
21
0
65495
0
7953
25
0
65488
0
7958
25
0
65488
0
7963
25
0
65488
0
7967
25
0
65488
0
7972
25
0
65488
0
7977
25
0
65488
0
7983
25
0
65488
0
7988
25
0
65488
0
7992
25
0
65488
0
7997
25
0
65488
0
8002
25
0
65488
0
8007
25
0
65488
0
8012
25
0
65488
0
8017

25
0
65488
0
8022
28
1
65486
0
8027
28
1
65486
0
8032
28
1
65486
0
8037
28
1
65486
0
8042
28
1
65486
0
8047
28
1
65486
0
8051
28
1
65486
0
8056
28
1
65486
0
8061
28
1
65486
0
8067
28
1
65486
0
8072
28
1
65486
0
8076
28
1
65486
0
8081
28
1
65486
0
8086
28
1
65486
0
8091
31
3
65486
0
8096
31
3
65486
0
8101
31
3
65486
0
8105
31
3
65486
0
8111
31
3
65486
0
8116
31
3
65486
0
8121
31
3
65486
0
8126
31
3
65486
0
8131
31
3
65486
0
8135
31
3
65486
0
8140
31
3
65486
0
8145
31
3
65486
0
8151
31
3
65486
0
8156
31
5
65487
0
8161
34
5
65487
0
8165
34
5
65487
0
8170
34
5
65487
0
8175

34
5
65487
0
8180
34
5
65487
0
8185
34
5
65487
0
8189
34
5
65487
0
8195
34
5
65487
0
8200
34
5
65487
0
8205
34
5
65487
0
8210
34
5
65487
0
8215
34
5
65487
0
8219
34
5
65487
0
8224
34
5
65487
0
8229
34
5
65487
0
8235
34
5
65487
0
8240
34
5
65487
0
8245
34
5
65487
0
8249
34
5
65487
0
8254
34
5
65487
0
8259
34
5
65487
0
8264
34
5
65487
0
8269
34
5
65487
0
8273
34
5
65487
0
8279
34
5
65487
0
8284
34
5
65487
0
8289
34
5
65487
0
8294
39
6
65492
0
8299
39
6
65492
0
8303
39
6
65492
0
8308
39
6
65492
0
8313
39
6
65492
0
8318
39
6
65492
0
8324
39
6
65492
0
8329
39
6
65492
0
8333

39
6
65492
0
8338
39
6
65492
0
8343
39
6
65492
0
8348
39
6
65492
0
8353
39
6
65492
0
8357
39
6
65492
0
8363
40
5
65496
0
8368
40
5
65496
0
8373
40
5
65496
0
8378
40
5
65496
0
8383
40
5
65496
0
8387
40
5
65496
0
8392
40
5
65496
0
8397
40
5
65496
0
8402
40
5
65496
0
8408
40
5
65496
0
8413
40
5
65496
0
8417
40
5
65496
0
8422
40
5
65496
0
8427
40
5
65496
0
8432
40
4
65499
0
8437
40
4
65499
0
8441
40
4
65499
0
8446
40
4
65499
0
8452
40
4
65499
0
8457
40
4
65499
0
8462
40
4
65499
0
8467
40
4
65499
0
8471
40
4
65499
0
8476
40
4
65499
0
8481
40
4
65499
0
8486
40
4
65499
0
8492

40
4
65499
0
8497
40
4
65502
0
8501
38
4
65502
0
8506
38
4
65502
0
8511
38
4
65502
0
8516
38
4
65502
0
8521
38
4
65502
0
8525
38
4
65502
0
8530
38
4
65502
0
8536
38
4
65502
0
8541
38
4
65502
0
8546
38
4
65502
0
8551
38
4
65502
0
8555
38
4
65502
0
8560
38
4
65502
0
8565
35
4
65504
0
8570
35
4
65504
0
8576
35
4
65504
0
8581
35
4
65504
0
8585
35
4
65504
0
8590
35
4
65504
0
8595
35
4
65504
0
8600
35
4
65504
0
8605
35
4
65504
0
8610
35
4
65504
0
8614
35
4
65504
0
8620
35
4
65504
0
8625
35
4
65504
0
8630
35
4
65504
0
8635
32
5
65505
0
8639
32
5
65505
0
8644
32
5
65505
0
8649

32
5
65505
0
8654
32
5
65505
0
8659
32
5
65505
0
8665
32
5
65505
0
8669
32
5
65505
0
8674
32
5
65505
0
8679
32
5
65505
0
8684
32
5
65505
0
8689
32
5
65505
0
8694
32
5
65505
0
8698
32
5
65505
0
8704
29
5
65503
0
8709
29
5
65503
0
8714
29
5
65503
0
8719
29
5
65503
0
8723
29
5
65503
0
8728
29
5
65503
0
8733
29
5
65503
0
8738
29
5
65503
0
8743
29
5
65503
0
8749
29
5
65503
0
8753
29
5
65503
0
8758
29
5
65503
0
8763
29
5
65503
0
8768
29
5
65503
0
8773
27
5
65500
0
8778
27
5
65500
0
8782
27
5
65500
0
8787
27
5
65500
0
8793
27
5
65500
0
8798
27
5
65500
0
8803
27
5
65500
0
8807

27
5
65500
0
8812
27
5
65500
0
8817
27
5
65500
0
8822
27
5
65500
0
8827
27
5
65500
0
8833
27
5
65500
0
8837
27
4
65498
0
8842
26
4
65498
0
8847
26
4
65498
0
8852
26
4
65498
0
8857
26
4
65498
0
8862
26
4
65498
0
8866
26
4
65498
0
8871
26
4
65498
0
8877
26
4
65498
0
8882
26
4
65498
0
8887
26
4
65498
0
8891
26
4
65498
0
8896
26
4
65498
0
8901
26
4
65498
0
8906
28
5
65494
0
8911
28
5
65494
0
8916
28
5
65494
0
8921
28
5
65494
0
8926
28
5
65494
0
8931
28
5
65494
0
8936
28
5
65494
0
8941
28
5
65494
0
8946
28
5
65494
0
8950
28
5
65494
0
8955
28
5
65494
0
8961
28
5
65494
0
8966

28
5
65494
0
8971
28
5
65494
0
8975
31
7
65494
0
8980
31
7
65494
0
8985
31
7
65494
0
8990
31
7
65494
0
8995
31
7
65494
0
9000
31
7
65494
0
9005
31
7
65494
0
9010
31
7
65494
0
9015
31
7
65494
0
9020
31
7
65494
0
9025
31
7
65494
0
9030
31
7
65494
0
9034
31
7
65494
0
9039
31
7
65494
0
9044
34
8
65495
0
9050
34
8
65495
0
9055
34
8
65495
0
9060
34
8
65495
0
9064
34
8
65495
0
9069
34
8
65495
0
9074
34
8
65495
0
9079
34
8
65495
0
9084
34
8
65495
0
9089
34
8
65495
0
9094
34
8
65495
0
9099
34
8
65495
0
9104
34
8
65495
0
9109
34
8
65495
0
9114
35
8
65498
0
9118
35
8
65498
0
9123

35
8
65498
0
9128
35
8
65498
0
9134
35
8
65498
0
9139
35
8
65498
0
9144
35
8
65498
0
9148
35
8
65498
0
9153
35
8
65498
0
9158
35
8
65498
0
9163
35
8
65498
0
9168
35
8
65498
0
9172
35
8
65498
0
9178
35
8
65501
0
9183
36
8
65501
0
9188
36
8
65501
0
9193
36
8
65501
0
9198
36
8
65501
0
9202
36
8
65501
0
9207
36
8
65501
0
9212
36
8
65501
0
9218
36
8
65501
0
9223
36
8
65501
0
9228
36
8
65501
0
9232
36
8
65501
0
9237
36
8
65501
0
9242
36
8
65501
0
9247
37
8
65504
0
9252
37
8
65504
0
9256
37
8
65504
0
9262
37
8
65504
0
9267
37
8
65504
0
9272
37
8
65504
0
9277
37
8
65504
0
9282

37
8
65504
0
9286
37
8
65504
0
9291
37
8
65504
0
9296
37
8
65504
0
9302
37
8
65504
0
9307
37
8
65504
0
9312
37
8
65504
0
9316
36
10
65508
0
9321
36
10
65508
0
9326
36
10
65508
0
9331
36
10
65508
0
9336
36
10
65508
0
9342
36
10
65508
0
9348
36
10
65508
0
9353
36
10
65508
0
9358
36
10
65508
0
9363
36
10
65508
0
9368
36
10
65508
0
9373
36
10
65508
0
9378
36
10
65508
0
9383
33
10
65510
0
9389
33
10
65510
0
9394
33
10
65510
0
9399
33
10
65510
0
9404
33
10
65510
0
9410
33
10
65510
0
9415
33
10
65510
0
9420
33
10
65510
0
9425
33
10
65510
0
9431
33
10
65510
0
9436
33
10
65510
0
9441
33
10
65510
0
9446
33
10
65510
0
9451
33
10
65510
0
9456
33
10
65510
0
9461
33
10
65510
0
9466
33
10
65510
0
9472
33
10
65510
0
9478
33
10
65510
0
9483
33
10
65510
0
9488
33
10
65510
0
9493
33
10
65510
0
9498
33
10
65510
0
9503
33
10
65510
0
9508
33
10
65510
0
9513
33
10
65510
0
9519
29
11
65508
0
9524
29
11
65508
0
9529
29
11
65508
0
9534
29
11
65508
0
9539
29
11
65508
0
9545
29
11
65508
0
9550
29
11
65508
0
9555
29
11
65508
0
9561
29
11
65508
0
9566
29
11
65508
0
9571
29
11
65508
0
9576
29
11
65508
0
9581
29
11
65508
0
9586
29
11
65508
0
9591
29
11
65508
0
9596
29
11
65508
0
9602
29
11
65508
0
9607
29
11
65508
0
9613
29
11
65508
0
9618
29
11
65508
0
9623
29
11
65508
0
9628
29
11
65508
0
9633
29
11
65508
0
9638
29
11
65508
0
9644
29
11
65508
0
9649
29
11
65508
0
9654
29
11
65508
0
9659
28
14
65509
0
9664
28
14
65509
0
9669
28
14
65509
0
9675
28
14
65509
0
9680
28
14
65509
0
9686
28
14
65509
0
9691
28
14
65509
0
9696
28
14
65509
0
9701
28
14
65509
0
9706
28
14
65509
0
9711
28
14
65509
0
9716
28
14
65509
0
9721
28
14
65509
0
9726
28
15
65510
0
9732
28
15
65510
0
9737
28
15
65510
0
9743
28
15
65510
0
9748
28
15
65510
0
9753
28
15
65510
0
9758
28
15
65510
0
9763
28
15
65510
0
9768
28
15
65510
0
9774
28
15
65510
0
9779
28
15
65510
0
9784
28
15
65510
0
9789
28
15
65510
0
9794
27
16
65511
0
9799
27
16
65511
0
9804
27
16
65511
0
9810
27
16
65511
0
9816
27
16
65511
0
9821
27
16
65511
0
9826
27
16
65511
0
9831
27
16
65511
0
9836
27
16
65511
0
9841
27
16
65511
0
9846
27
16
65511
0
9851
27
16
65511
0
9857
27
16
65511
0
9862
26
17
65512
0
9867
26
17
65512
0
9872
26
17
65512
0
9878
26
17
65512
0
9883
26
17
65512
0
9888
26
17
65512
0
9893
26
17
65512
0
9899
26
17
65512
0
9904
26
17
65512
0
9909
26
17
65512
0
9914
26
17
65512
0
9919
26
17
65512
0
9924
26
17
65512
0
9929
24
18
65512
0
9934
24
18
65512
0
9939
24
18
65512
0
9946
24
18
65512
0
9951
24
18
65512
0
9956
24
18
65512
0
9961
24
18
65512
0
9966
24
18
65512
0
9971
24
18
65512
0
9976
24
18
65512
0
9981
24
18
65512
0
9987
24
18
65512
0
9992
24
18
65512
0
9997
23
19
65513
0
10002
23
19
65513
0
10008
23
19
65513
0
10013

23
19
65513
0
10018
23
19
65513
0
10024
23
19
65513
0
10030
23
19
65513
0
10035
23
19
65513
0
10041
23
19
65513
0
10046
23
19
65513
0
10051
23
19
65513
0
10057
23
19
65513
0
10062
23
19
65513
0
10067
20
20
65515
0
10074
20
20
65515
0
10079
20
20
65515
0
10084
20
20
65515
0
10090
20
20
65515
0
10095
20
20
65515
0
10100
20
20
65515
0
10106
20
20
65515
0
10112
20
20
65515
0
10117
20
20
65515
0
10123
20
20
65515
0
10128
20
20
65515
0
10133
17
19
65515
0
10139
17
19
65515
0
10144
17
19
65515
0
10149
17
19
65515
0
10156
17
19
65515
0
10161
17
19
65515
0
10166
17
19
65515
0
10172
17
19
65515
0
10177
17
19
65515
0
10182
17
19
65515
0
10188

17
19
65515
0
10193
17
19
65515
0
10199
17
19
65515
0
10205
16
18
65513
0
10210
16
18
65513
0
10215
16
18
65513
0
10221
16
18
65513
0
10226
16
18
65513
0
10231
16
18
65513
0
10237
16
18
65513
0
10243
16
18
65513
0
10248
16
18
65513
0
10254
16
18
65513
0
10259
16
18
65513
0
10264
16
18
65513
0
10270
16
16
65511
0
10275
16
16
65511
0
10280
16
16
65511
0
10287
16
16
65511
0
10292
16
16
65511
0
10297
16
16
65511
0
10303
16
16
65511
0
10308
16
16
65511
0
10313
16
16
65511
0
10319
16
16
65511
0
10324
16
16
65511
0
10330
16
16
65511
0
10336
16
16
65511
0
10341
15
17
65508
0
10346
15
17
65508
0
10352
15
17
65508
0
10357
15
17
65508
0
10362

15
17
65508
0
10369
15
17
65508
0
10374
15
17
65508
0
10379
15
17
65508
0
10385
15
17
65508
0
10390
15
17
65508
0
10395
15
17
65508
0
10401
15
17
65508
0
10406
15
17
65505
0
10412
15
17
65505
0
10418
15
17
65505
0
10423
15
17
65505
0
10428
15
17
65505
0
10434
15
17
65505
0
10439
15
17
65505
0
10444
15
17
65505
0
10450
15
17
65505
0
10456
15
17
65505
0
10461
15
17
65505
0
10467
15
17
65505
0
10472
15
17
65505
0
10477
15
17
65505
0
10483
15
17
65505
0
10488
15
17
65505
0
10493
15
17
65505
0
10500
15
17
65505
0
10505
15
17
65505
0
10510
15
17
65505
0
10516
15
17
65505
0
10521
15
17
65505
0
10526
15
17
65505
0
10532
15
17
65505
0
10537

15
17
65505
0
10543
18
18
65503
0
10549
18
18
65503
0
10554
18
18
65503
0
10559
18
18
65503
0
10565
18
18
65503
0
10570
18
18
65503
0
10575
18
18
65503
0
10582
18
18
65503
0
10587
18
18
65503
0
10592
18
18
65503
0
10598
18
18
65503
0
10603
18
18
65503
0
10608
18
18
65503
0
10614
18
18
65503
0
10619
18
18
65503
0
10625
18
18
65503
0
10631
18
18
65503
0
10636
18
18
65503
0
10641
18
18
65503
0
10647
18
18
65503
0
10652
18
18
65503
0
10657
18
18
65503
0
10663
18
18
65503
0
10669
18
18
65503
0
10674
18
18
65503
0
10680
19
21
65503
0
10685
19
21
65503
0
10690
19
21
65503
0
10696
19
21
65503
0
10701
19
21
65503
0
10706
19
21
65503
0
10713

19
21
65503
0
10718
19
21
65503
0
10723
19
21
65503
0
10729
19
21
65503
0
10734
19
21
65503
0
10739
19
21
65503
0
10745
19
21
65503
0
10750
18
21
65503
0
10756
18
21
65503
0
10762
18
21
65503
0
10767
18
21
65503
0
10772
18
21
65503
0
10778
18
21
65503
0
10783
18
21
65503
0
10788
18
21
65503
0
10795
18
21
65503
0
10800
18
21
65503
0
10805
18
21
65503
0
10811
18
21
65503
0
10816
17
22
65503
0
10821
17
22
65503
0
10827
17
22
65503
0
10832
17
22
65503
0
10838
17
22
65503
0
10844
17
22
65503
0
10849
17
22
65503
0
10854
17
22
65503
0
10860
17
22
65503
0
10865
17
22
65503
0
10870
17
22
65503
0
10876
17
22
65503
0
10882
17
22
65503
0
10887

17
22
65503
0
10893
17
22
65503
0
10898
17
22
65503
0
10903
17
22
65503
0
10909
17
22
65503
0
10914
17
22
65503
0
10919
17
22
65503
0
10926
17
22
65503
0
10931
17
22
65503
0
10936
17
22
65503
0
10942
17
22
65503
0
10947
17
22
65503
0
10952
17
22
65502
0
10958
17
22
65502
0
10963
17
22
65502
0
10969
17
22
65502
0
10975
17
22
65502
0
10980
17
22
65502
0
10985
17
22
65502
0
10991
17
22
65502
0
10996
17
22
65502
0
11001
17
22
65502
0
11008
17
22
65502
0
11013
17
22
65502
0
11018
16
22
65502
0
11024
16
22
65502
0
11029
16
22
65502
0
11034
16
22
65502
0
11040
16
22
65502
0
11045
16
22
65502
0
11051
16
22
65502
0
11057
16
22
65502
0
11062

16
22
65502
0
11067
16
22
65502
0
11073
16
22
65502
0
11078
16
22
65502
0
11083
16
22
65502
0
11089
16
22
65503
0
11095
16
22
65503
0
11100
16
22
65503
0
11105
16
22
65503
0
11111
16
22
65503
0
11116
16
22
65503
0
11121
16
22
65503
0
11127
16
22
65503
0
11132
16
22
65503
0
11138
16
22
65503
0
11144
16
22
65503
0
11149
16
22
65503
0
11154
16
22
65503
0
11160
16
22
65503
0
11165
16
22
65503
0
11170
16
22
65503
0
11176
16
22
65503
0
11182
16
22
65503
0
11187
16
22
65503
0
11193
16
22
65503
0
11198
16
22
65503
0
11203
16
22
65503
0
11209
16
22
65503
0
11214
16
22
65503
0
11219
16
22
65503
0
11226
16
22
65503
0
11231
16
22
65503
0
11236

16
22
65503
0
11242
16
22
65503
0
11247
16
22
65503
0
11252
16
22
65503
0
11258
16
22
65503
0
11264
16
22
65503
0
11269
16
22
65503
0
11275
16
22
65503
0
11280
16
22
65503
0
11285
16
22
65503
0
11291
16
22
65503
0
11296
16
22
65503
0
11301
16
22
65503
0
11308
16
22
65503
0
11313
16
22
65503
0
11318
16
22
65503
0
11324
16
22
65503
0
11329
16
22
65503
0
11334
16
22
65503
0
11340
16
22
65503
0
11345
16
22
65503
0
11351
16
22
65503
0
11357
16
22
65503
0
11362
17
22
65503
0
11367
17
22
65503
0
11373
17
22
65503
0
11378
17
22
65503
0
11383
17
22
65503
0
11389
17
22
65503
0
11395
17
22
65503
0
11400
17
22
65503
0
11406
17
22
65503
0
11411

17
22
65503
0
11416
17
22
65503
0
11422
17
22
65503
0
11427
17
22
65503
0
11432
17
22
65503
0
11439
17
22
65503
0
11444
17
22
65503
0
11449
17
22
65503
0
11455
17
22
65503
0
11460
17
22
65503
0
11465
17
22
65503
0
11471
17
22
65503
0
11476
17
22
65503
0
11482
17
22
65503
0
11488
17
22
65503
0
11493
17
22
65503
0
11498
16
24
65503
0
11504
16
24
65503
0
11509
16
24
65503
0
11514
16
24
65503
0
11521
16
24
65503
0
11526
16
24
65503
0
11531
16
24
65503
0
11537
16
24
65503
0
11542
16
24
65503
0
11547
16
24
65503
0
11553
16
24
65503
0
11558
16
24
65503
0
11564
16
24
65503
0
11570
16
24
65503
0
11575
16
24
65503
0
11580
16
24
65503
0
11586

16
24
65503
0
11591
16
24
65503
0
11596
16
24
65503
0
11602
16
24
65503
0
11608
16
24
65503
0
11613
16
24
65503
0
11619
16
24
65503
0
11624
16
24
65503
0
11629
16
24
65503
0
11635
16
23
65503
0
11640
16
23
65503
0
11645
16
23
65503
0
11652
16
23
65503
0
11657
16
23
65503
0
11662
16
23
65503
0
11668
16
23
65503
0
11673
16
23
65503
0
11678
16
23
65503
0
11684
16
23
65503
0
11689
16
23
65503
0
11695
16
23
65503
0
11701
16
23
65502
0
11706
16
23
65502
0
11711
16
23
65502
0
11717
16
23
65502
0
11722
16
23
65502
0
11727
16
23
65502
0
11734
16
23
65502
0
11739
16
23
65502
0
11744
16
23
65502
0
11750
16
23
65502
0
11755
16
23
65502
0
11760

16
23
65502
0
11766
16
23
65502
0
11771
16
23
65503
0
11777
16
23
65503
0
11783
16
23
65503
0
11788
16
23
65503
0
11793
16
23
65503
0
11799
16
23
65503
0
11804
16
23
65503
0
11809
16
23
65503
0
11815
16
23
65503
0
11821
16
23
65503
0
11826
16
23
65503
0
11832
16
23
65503
0
11837
17
23
65503
0
11842
17
23
65503
0
11848
17
23
65503
0
11853
17
23
65503
0
11858
17
23
65503
0
11865
17
23
65503
0
11870
17
23
65503
0
11875
17
23
65503
0
11881
17
23
65503
0
11886
17
23
65503
0
11891
17
23
65503
0
11897
17
23
65503
0
11902
17
23
65503
0
11908
17
24
65502
0
11914
17
24
65502
0
11919
17
24
65502
0
11924
17
24
65502
0
11930
17
24
65502
0
11935

17
24
65502
0
11940
17
24
65502
0
11947
17
24
65502
0
11952
17
24
65502
0
11957
17
24
65502
0
11963
17
24
65502
0
11968
17
24
65502
0
11973
17
24
65502
0
11979
17
24
65502
0
11984
17
24
65502
0
11990
17
24
65502
0
11996
17
24
65502
0
12001
17
24
65502
0
12006
17
24
65502
0
12012
17
24
65502
0
12017
17
24
65502
0
12022
17
24
65502
0
12028
17
24
65502
0
12034
17
24
65502
0
12039
17
24
65502
0
12045
17
23
65502
0
12050
17
23
65502
0
12055
17
23
65502
0
12061
17
23
65502
0
12066
17
23
65502
0
12071
17
23
65502
0
12078
17
23
65502
0
12083
17
23
65502
0
12088
17
23
65502
0
12094
17
23
65502
0
12099
17
23
65502
0
12104
17
23
65502
0
12110

17
23
65502
0
12115
17
23
65502
0
12121
17
23
65502
0
12127
17
23
65502
0
12132
17
23
65502
0
12137
17
23
65502
0
12143
17
23
65502
0
12148
17
23
65502
0
12153
17
23
65502
0
12160
17
23
65502
0
12165
17
23
65502
0
12170
17
23
65502
0
12176
17
23
65502
0
12181
17
23
65502
0
12186
17
23
65502
0
12192
17
23
65502
0
12197
17
23
65502
0
12203
17
23
65502
0
12209
17
23
65502
0
12214
17
23
65502
0
12219
17
23
65502
0
12225
17
23
65502
0
12230
17
23
65502
0
12235
17
23
65502
0
12241
17
23
65502
0
12247
17
23
65502
0
12252
17
23
65502
0
12258
17
23
65502
0
12263
17
23
65502
0
12268
17
23
65502
0
12274
17
23
65502
0
12279
17
23
65502
0
12284

17
23
65502
0
12291
17
23
65502
0
12296
17
23
65502
0
12301
17
23
65502
0
12307
17
23
65502
0
12312
17
23
65502
0
12317
17
23
65502
0
12323
17
23
65502
0
12328
17
23
65502
0
12334
17
23
65502
0
12340
17
23
65502
0
12345
17
23
65502
0
12350
17
23
65502
0
12356
17
23
65502
0
12361
17
23
65502
0
12366
17
23
65502
0
12372
17
23
65502
0
12378
17
23
65502
0
12383
17
23
65502
0
12389
17
23
65502
0
12394
17
23
65502
0
12399
17
23
65502
0
12405
17
23
65502
0
12410
17
23
65502
0
12416
17
23
65502
0
12422
17
23
65502
0
12427
17
23
65502
0
12432
17
23
65502
0
12438
17
23
65502
0
12443
17
23
65502
0
12448
17
23
65502
0
12454
17
23
65502
0
12460

17
23
65502
0
12465
17
23
65502
0
12471
17
23
65502
0
12476
17
23
65502
0
12481
17
23
65502
0
12487
17
23
65502
0
12492
17
23
65502
0
12497
17
23
65502
0
12503
17
23
65502
0
12509
17
23
65502
0
12514
17
23
65502
0
12519
17
23
65502
0
12525
17
23
65502
0
12530
17
23
65502
0
12535
17
23
65502
0
12541
17
23
65502
0
12547
17
23
65502
0
12552
17
23
65502
0
12558
17
23
65502
0
12563
17
23
65502
0
12568
17
23
65502
0
12574
17
23
65502
0
12579
17
23
65502
0
12584
17
23
65502
0
12591
16
23
65502
0
12596
16
23
65502
0
12601
16
23
65502
0
12607
16
23
65502
0
12612
16
23
65502
0
12617
16
23
65502
0
12623
16
23
65502
0
12628
16
23
65502
0
12634

16
23
65502
0
12640
16
23
65502
0
12645
16
23
65502
0
12650
16
23
65502
0
12656
16
23
65502
0
12661
16
23
65502
0
12666
16
23
65502
0
12673
16
23
65502
0
12678
16
23
65502
0
12683
16
23
65502
0
12689
16
23
65502
0
12694
16
23
65502
0
12699
16
23
65502
0
12705
16
23
65502
0
12710
16
23
65502
0
12716
16
23
65502
0
12722
17
23
65502
0
12727
17
23
65502
0
12732
17
23
65502
0
12738
17
23
65502
0
12743
17
23
65502
0
12748
17
23
65502
0
12754
17
23
65502
0
12760
17
23
65502
0
12765
17
23
65502
0
12771
17
23
65502
0
12776
17
23
65502
0
12781
17
23
65502
0
12787
17
23
65502
0
12792
17
23
65502
0
12797
17
23
65502
0
12804
17
23
65502
0
12809

17
23
65502
0
12814
17
23
65502
0
12820
17
23
65502
0
12825
17
23
65502
0
12830
17
23
65502
0
12836
17
23
65502
0
12841
17
23
65502
0
12847
17
23
65502
0
12853
17
23
65502
0
12858
17
23
65501
0
12863
17
23
65501
0
12869
17
23
65501
0
12874
17
23
65501
0
12879
17
23
65501
0
12886
17
23
65501
0
12891
17
23
65501
0
12896
17
23
65501
0
12902
17
23
65501
0
12907
17
23
65501
0
12912
17
23
65501
0
12918
17
23
65501
0
12923
17
23
65501
0
12929
17
23
65502
0
12935
17
23
65502
0
12940
17
23
65502
0
12945
17
23
65502
0
12951
17
23
65502
0
12956
17
23
65502
0
12961
17
23
65502
0
12967
17
23
65502
0
12973
17
23
65502
0
12978
17
23
65502
0
12984

17
23
65502
0
12989
17
23
65502
0
12994
17
23
65502
0
13000
17
23
65502
0
13005
17
23
65502
0
13010
17
23
65502
0
13017
17
23
65502
0
13022
17
23
65502
0
13027
17
23
65502
0
13033
17
23
65502
0
13038
17
23
65502
0
13043
17
23
65502
0
13049
17
23
65502
0
13054
17
23
65502
0
13060
17
23
65502
0
13066
17
23
65502
0
13071
17
23
65502
0
13076
17
23
65502
0
13082
17
23
65502
0
13087
17
23
65502
0
13092
17
23
65502
0
13099
17
23
65502
0
13104
17
23
65502
0
13109
17
23
65502
0
13115
17
23
65502
0
13120
17
23
65502
0
13125
17
23
65502
0
13131
17
23
65502
0
13136
17
23
65502
0
13142
17
23
65502
0
13148
17
23
65502
0
13153
17
23
65502
0
13158

17
23
65502
0
13164
17
23
65502
0
13169
17
23
65502
0
13174
17
23
65502
0
13180
17
23
65502
0
13186
17
23
65502
0
13191
17
23
65502
0
13197
17
23
65502
0
13202
17
23
65502
0
13207
17
23
65502
0
13213
17
23
65502
0
13218
17
23
65502
0
13223
17
23
65502
0
13230
17
23
65502
0
13235
17
23
65502
0
13240
17
23
65502
0
13246
17
23
65502
0
13251
17
23
65502
0
13256
17
23
65502
0
13262
17
23
65502
0
13267
17
23
65502
0
13273
17
23
65502
0
13279
17
23
65502
0
13284
17
23
65502
0
13289
17
23
65502
0
13295
17
23
65502
0
13300
17
23
65502
0
13305
17
23
65502
0
13312
17
23
65502
0
13317
17
23
65502
0
13322
17
23
65502
0
13328
17
23
65502
0
13333

17
23
65502
0
13338
17
23
65502
0
13344
17
23
65502
0
13349
17
23
65502
0
13355
17
23
65502
0
13361
17
23
65502
0
13366
17
23
65502
0
13371
17
23
65502
0
13377
17
23
65502
0
13382
17
23
65502
0
13387
17
23
65502
0
13393
17
23
65502
0
13399
17
23
65502
0
13404
17
23
65502
0
13410
17
23
65502
0
13415
17
23
65502
0
13420
17
23
65502
0
13426
17
23
65502
0
13431
17
23
65502
0
13436
17
23
65502
0
13443
17
23
65502
0
13448
17
23
65502
0
13453
17
23
65502
0
13459
17
23
65502
0
13464
17
23
65502
0
13469
17
23
65502
0
13475
17
23
65502
0
13480
17
23
65502
0
13486
17
23
65502
0
13492
17
23
65502
0
13497
17
23
65502
0
13502
17
23
65502
0
13508

17
23
65502
0
13513
17
23
65502
0
13518
17
23
65502
0
13524
17
23
65502
0
13530
17
23
65502
0
13535
17
23
65502
0
13541
16
23
65502
0
13546
16
23
65502
0
13551
16
23
65502
0
13557
16
23
65502
0
13562
16
23
65502
0
13568
16
23
65502
0
13574
16
23
65502
0
13579
16
23
65502
0
13584
16
23
65502
0
13590
16
23
65502
0
13595
16
23
65502
0
13600
16
23
65502
0
13606
16
23
65502
0
13612
17
23
65502
0
13617
17
23
65502
0
13623
17
23
65502
0
13628
17
23
65502
0
13633
17
23
65502
0
13639
17
23
65502
0
13644
17
23
65502
0
13649
17
23
65502
0
13656
17
23
65502
0
13661
17
23
65502
0
13666
17
23
65502
0
13672
17
23
65502
0
13677
17
23
65502
0
13682

17
23
65502
0
13688
17
23
65502
0
13693
17
23
65502
0
13699
17
23
65502
0
13705
17
23
65502
0
13710
17
23
65502
0
13715
17
23
65502
0
13721
17
23
65502
0
13726
17
23
65502
0
13731
17
23
65502
0
13737
17
23
65502
0
13743
17
23
65502
0
13748
16
23
65502
0
13754
16
23
65502
0
13759
16
23
65502
0
13764
16
23
65502
0
13770
16
23
65502
0
13775
16
23
65502
0
13780
16
23
65502
0
13787
16
23
65502
0
13792
16
23
65502
0
13797
16
23
65502
0
13803
16
23
65502
0
13808
16
23
65502
0
13813
17
23
65502
0
13819
17
23
65502
0
13825
17
23
65502
0
13830
17
23
65502
0
13836
17
23
65502
0
13841
17
23
65502
0
13846
17
23
65502
0
13852
17
23
65502
0
13857

17
23
65502
0
13862
17
23
65502
0
13869
17
23
65502
0
13874
17
23
65502
0
13879
17
23
65502
0
13885
17
23
65502
0
13890
17
23
65502
0
13895
17
23
65502
0
13900
17
23
65502
0
13906
17
23
65502
0
13912
17
23
65502
0
13917
17
23
65502
0
13923
17
23
65502
0
13928
17
23
65502
0
13933
17
23
65502
0
13939
17
23
65502
0
13944
17
23
65502
0
13949
17
23
65502
0
13956
17
23
65502
0
13961
17
23
65502
0
13966
17
23
65502
0
13972
17
23
65502
0
13977
17
23
65502
0
13982
17
23
65502
0
13988
17
23
65502
0
13993
17
23
65502
0
13999
17
23
65502
0
14005
17
23
65502
0
14010
17
23
65502
0
14015
17
23
65502
0
14021
17
23
65502
0
14026
17
23
65502
0
14031

17
23
65502
0
14038
17
23
65502
0
14043
17
23
65502
0
14048
17
23
65502
0
14054
17
23
65502
0
14059
17
23
65502
0
14064
17
23
65502
0
14070
17
23
65502
0
14075
17
23
65502
0
14081
17
23
65502
0
14087
17
23
65502
0
14092
17
23
65502
0
14097
17
23
65502
0
14103
17
23
65502
0
14108
17
23
65502
0
14113
17
23
65502
0
14119
17
23
65502
0
14125
17
23
65502
0
14130
17
23
65502
0
14136
17
23
65502
0
14141
17
23
65502
0
14146
17
23
65502
0
14152
17
23
65502
0
14157
17
23
65502
0
14162
17
23
65502
0
14169
17
23
65502
0
14174
17
23
65502
0
14179
17
23
65502
0
14185
17
23
65502
0
14190
17
23
65502
0
14195
17
23
65502
0
14201
17
23
65502
0
14206

17
23
65502
0
14212
17
23
65502
0
14218
17
23
65502
0
14223
17
23
65502
0
14228
17
23
65502
0
14234
17
23
65502
0
14239
17
23
65502
0
14244
17
23
65502
0
14251
17
23
65502
0
14256
17
23
65502
0
14261
17
23
65502
0
14267
17
23
65502
0
14272
17
23
65502
0
14277
17
23
65502
0
14283
17
23
65502
0
14288
17
23
65502
0
14294
17
23
65502
0
14300
17
23
65502
0
14305
17
23
65502
0
14310
17
23
65502
0
14316
17
23
65502
0
14321
17
23
65502
0
14326
17
23
65502
0
14332
17
23
65502
0
14338
17
23
65502
0
14343
17
23
65502
0
14349
17
23
65502
0
14354
17
23
65502
0
14359
17
23
65502
0
14365
17
23
65502
0
14370
17
23
65502
0
14375
17
23
65502
0
14382

17
23
65502
0
14387
17
23
65502
0
14392
17
23
65502
0
14398
17
23
65502
0
14403
17
23
65502
0
14408
17
23
65502
0
14414
17
23
65502
0
14419
17
23
65502
0
14425
17
23
65502
0
14431
17
23
65502
0
14436
17
23
65502
0
14441
17
23
65502
0
14447
17
23
65502
0
14452
17
23
65502
0
14457
17
23
65502
0
14464
17
23
65502
0
14469
17
23
65502
0
14474
17
23
65502
0
14480
17
23
65502
0
14485
17
23
65502
0
14490
17
23
65502
0
14496
16
23
65502
0
14501
16
23
65502
0
14507
16
23
65502
0
14513
16
23
65502
0
14518
16
23
65502
0
14523
16
23
65502
0
14529
16
23
65502
0
14534
16
23
65502
0
14539
16
23
65502
0
14545
16
23
65502
0
14551
16
23
65502
0
14556

16
23
65502
0
14562
16
23
65502
0
14567
16
23
65502
0
14572
16
23
65502
0
14578
16
23
65502
0
14583
16
23
65502
0
14588
16
23
65502
0
14595
16
23
65502
0
14600
16
23
65502
0
14605
16
23
65502
0
14611
16
23
65502
0
14616
16
23
65502
0
14621
16
23
65502
0
14627
16
23
65502
0
14632
17
23
65502
0
14638
17
23
65502
0
14644
17
23
65502
0
14649
17
23
65502
0
14654
17
23
65502
0
14660
17
23
65502
0
14665
17
23
65502
0
14670
17
23
65502
0
14676
17
23
65502
0
14682
17
23
65502
0
14687
17
23
65502
0
14693
17
23
65502
0
14698
17
23
65502
0
14703
17
23
65502
0
14709
17
23
65502
0
14714
17
23
65502
0
14720
17
23
65502
0
14726
17
23
65502
0
14731

17
23
65502
0
14736
17
23
65502
0
14742
17
23
65502
0
14747
17
23
65502
0
14752
17
23
65502
0
14758
17
23
65502
0
14764
17
23
65502
0
14769
17
23
65502
0
14775
17
23
65502
0
14780
17
23
65502
0
14785
17
23
65502
0
14791
17
23
65502
0
14796
17
23
65502
0
14801
17
23
65502
0
14808
17
23
65502
0
14813
17
23
65502
0
14818
17
23
65502
0
14824
17
23
65502
0
14829
17
23
65502
0
14834
17
23
65502
0
14840
17
23
65502
0
14845
17
23
65502
0
14851
17
23
65502
0
14857
17
23
65502
0
14862
17
23
65502
0
14867
17
23
65502
0
14873
17
23
65502
0
14878
17
23
65502
0
14883
17
23
65502
0
14889
17
23
65502
0
14895
17
23
65502
0
14900
17
23
65502
0
14906

17
23
65502
0
14911
17
23
65502
0
14916
17
23
65502
0
14922
17
23
65502
0
14927
17
23
65502
0
14932
17
23
65502
0
14939
17
23
65502
0
14944
17
23
65502
0
14949
17
23
65502
0
14955
17
23
65502
0
14960
17
23
65502
0
14965
17
23
65502
0
14971
17
23
65501
0
14977
17
23
65501
0
14982
17
23
65501
0
14988
17
23
65501
0
14993
17
23
65501
0
14998
17
23
65501
0
15004
17
23
65501
0
15009
17
23
65501
0
15014
17
23
65501
0
15021
17
23
65501
0
15026
17
23
65501
0
15031
17
23
65501
0
15037
17
23
65501
0
15042
17
23
65501
0
15047
17
23
65501
0
15053
17
23
65501
0
15058
17
23
65501
0
15064
17
23
65501
0
15070
17
23
65501
0
15075
17
23
65501
0
15080

17
23
65501
0
15086
17
23
65501
0
15091
17
23
65501
0
15096
17
23
65501
0
15102
17
23
65501
0
15108
17
23
65501
0
15113
17
23
65501
0
15119
17
23
65501
0
15124
17
23
65501
0
15129
17
23
65501
0
15135
17
23
65501
0
15140
17
23
65501
0
15145
17
23
65501
0
15152
17
23
65501
0
15157
17
23
65501
0
15162
17
23
65501
0
15168
17
23
65501
0
15173
17
23
65501
0
15178
17
23
65502
0
15184
17
23
65502
0
15190
17
23
65502
0
15195
17
23
65502
0
15201
17
23
65502
0
15206
17
23
65502
0
15211
17
23
65502
0
15217
17
23
65502
0
15222
17
23
65502
0
15227
17
23
65502
0
15234
17
23
65502
0
15239
17
23
65502
0
15244
16
23
65502
0
15250
16
23
65502
0
15255

16
23
65502
0
15260
16
23
65502
0
15266
16
23
65502
0
15271
16
23
65502
0
15277
16
23
65502
0
15283
16
23
65502
0
15288
16
23
65502
0
15293
16
23
65502
0
15298
16
23
65502
0
15304
16
23
65502
0
15309
16
23
65502
0
15314
16
23
65502
0
15321
16
23
65502
0
15326
16
23
65502
0
15331
16
23
65502
0
15337
16
23
65502
0
15342
16
23
65502
0
15347
16
23
65502
0
15353
16
23
65502
0
15358
16
23
65502
0
15364
16
23
65502
0
15370
16
23
65502
0
15375
16
23
65502
0
15380
16
23
65502
0
15386
16
23
65502
0
15391
16
23
65502
0
15396
16
23
65502
0
15403
16
23
65502
0
15408
16
23
65502
0
15413
16
23
65502
0
15419
16
23
65502
0
15424
16
23
65502
0
15429

16
23
65502
0
15435
16
23
65502
0
15440
16
23
65502
0
15446
16
23
65502
0
15452
16
23
65502
0
15457
16
23
65502
0
15462
16
23
65502
0
15468
16
23
65502
0
15473
16
23
65502
0
15478
16
23
65502
0
15484
16
23
65502
0
15490
16
23
65502
0
15495
16
23
65502
0
15501
16
23
65502
0
15506
16
23
65502
0
15511
16
23
65502
0
15517
16
23
65502
0
15522
16
23
65502
0
15527
16
23
65502
0
15534
16
23
65502
0
15539
16
23
65502
0
15544
16
23
65502
0
15550
16
23
65502
0
15555
16
23
65502
0
15560
16
23
65502
0
15566
16
23
65502
0
15571
16
23
65502
0
15577
16
23
65502
0
15583
16
23
65502
0
15588
16
23
65502
0
15593
16
23
65502
0
15599
16
23
65502
0
15604

16
23
65502
0
15609
16
23
65502
0
15616
16
23
65502
0
15621
16
23
65502
0
15626
16
23
65502
0
15632
16
23
65502
0
15637
16
23
65502
0
15642
16
23
65502
0
15648
16
23
65502
0
15653
16
23
65502
0
15659
16
23
65502
0
15665
16
23
65502
0
15670
16
23
65502
0
15675
16
23
65502
0
15681
16
23
65502
0
15686
16
23
65502
0
15691
16
23
65502
0
15697
16
23
65502
0
15703
16
23
65502
0
15708
16
23
65502
0
15714
16
23
65502
0
15719
16
23
65502
0
15724
16
23
65502
0
15730
16
23
65502
0
15735
16
23
65502
0
15740
16
23
65502
0
15747
16
23
65502
0
15752
16
23
65502
0
15757
16
23
65502
0
15763
16
23
65502
0
15768
16
23
65502
0
15773
16
23
65502
0
15779

16
23
65502
0
15784
16
23
65502
0
15790
16
24
65502
0
15796
16
24
65502
0
15801
16
24
65502
0
15806
16
24
65502
0
15812
16
24
65502
0
15817
16
24
65502
0
15822
16
24
65502
0
15828
16
24
65502
0
15834
16
24
65502
0
15839
16
24
65502
0
15845
16
24
65502
0
15850
16
24
65502
0
15855
16
24
65502
0
15861
15
24
65502
0
15866
15
24
65502
0
15872
15
24
65502
0
15878
15
24
65502
0
15883
15
24
65502
0
15888
15
24
65502
0
15894
15
24
65502
0
15899
15
24
65502
0
15904
15
24
65502
0
15910
15
24
65502
0
15916
15
24
65502
0
15921
15
24
65502
0
15927
16
24
65502
0
15932
16
24
65502
0
15937
16
24
65502
0
15943
16
24
65502
0
15948
16
24
65502
0
15953

16
24
65502
0
15960
16
24
65502
0
15965
16
24
65502
0
15970
16
24
65502
0
15976
16
24
65502
0
15981
16
24
65502
0
15986
16
24
65502
0
15992
16
24
65502
0
15997
15
24
65502
0
16003
15
24
65502
0
16009
15
24
65502
0
16014
15
24
65502
0
16019
15
24
65502
0
16025
15
24
65502
0
16030
15
24
65502
0
16035
15
24
65502
0
16041
15
24
65502
0
16047
15
24
65502
0
16052
15
24
65502
0
16058
15
24
65502
0
16063
15
24
65502
0
16068
15
24
65502
0
16074
15
24
65502
0
16079
15
24
65502
0
16084
15
24
65502
0
16091
15
24
65502
0
16096
15
24
65502
0
16101
15
24
65502
0
16107
15
24
65502
0
16112
15
24
65502
0
16117
15
24
65502
0
16123
15
24
65502
0
16129

15
24
65502
0
16134
15
24
65502
0
16140
15
24
65502
0
16145
15
24
65502
0
16150
15
24
65502
0
16156
15
24
65502
0
16161
15
24
65502
0
16166
15
24
65502
0
16173
15
24
65502
0
16178
15
24
65502
0
16183
15
24
65502
0
16189
15
24
65502
0
16194
15
24
65502
0
16199
15
24
65502
0
16205
15
24
65502
0
16210
15
24
65502
0
16216
15
24
65502
0
16222
15
24
65502
0
16227
15
24
65502
0
16232
15
24
65502
0
16238
15
24
65502
0
16243
15
24
65502
0
16248
15
24
65502
0
16254
15
24
65502
0
16260
15
24
65502
0
16265
15
24
65502
0
16271
15
24
65502
0
16276
15
24
65502
0
16281
15
24
65502
0
16287
15
24
65502
0
16292
15
24
65502
0
16297
15
24
65502
0
16304

15
24
65502
0
16309
15
24
65502
0
16314
15
24
65502
0
16320
15
24
65502
0
16325
15
24
65502
0
16330
15
24
65502
0
16336
15
24
65501
0
16342
15
24
65501
0
16347
15
24
65501
0
16353
15
24
65501
0
16358
15
24
65501
0
16363
15
24
65501
0
16369
15
24
65501
0
16374
15
24
65501
0
16379
15
24
65501
0
16386
15
24
65501
0
16391
15
24
65501
0
16396
15
24
65501
0
16402
15
24
65501
0
16407
15
24
65502
0
16412
15
24
65502
0
16418
15
24
65502
0
16423
15
24
65502
0
16429
15
24
65502
0
16435
15
24
65502
0
16440
15
24
65502
0
16445
15
24
65502
0
16451
15
24
65502
0
16456
15
24
65502
0
16461
15
24
65502
0
16467
15
24
65502
0
16473
15
24
65502
0
16478

15
24
65502
0
16484
15
24
65502
0
16489
15
24
65502
0
16494
15
24
65502
0
16500
15
24
65502
0
16505
15
24
65502
0
16510
15
24
65502
0
16517
15
24
65502
0
16522
15
24
65502
0
16527
15
24
65502
0
16533
15
24
65502
0
16538
15
24
65502
0
16543
15
24
65501
0
16549
15
24
65501
0
16555
15
24
65501
0
16560
15
24
65501
0
16566
15
24
65501
0
16571
15
24
65501
0
16576
15
24
65501
0
16582
15
24
65501
0
16587
15
24
65501
0
16592
15
24
65501
0
16599
15
24
65501
0
16604
15
24
65501
0
16609
15
24
65502
0
16615
15
24
65502
0
16620
15
24
65502
0
16625
15
24
65502
0
16631
15
24
65502
0
16636
15
24
65502
0
16642
15
24
65502
0
16648
15
24
65502
0
16653

15
24
65502
0
16658
15
24
65502
0
16664
15
24
65502
0
16669
15
24
65502
0
16674
15
24
65502
0
16680
15
24
65501
0
16686
15
24
65501
0
16691
15
24
65501
0
16696
15
24
65501
0
16702
15
24
65501
0
16707
15
24
65501
0
16712
15
24
65501
0
16718
15
24
65501
0
16723
15
24
65501
0
16729
15
24
65501
0
16735
15
24
65501
0
16740
15
24
65501
0
16745
15
24
65502
0
16751
15
24
65502
0
16756
15
24
65502
0
16761
15
24
65502
0
16768
15
24
65502
0
16773
15
24
65502
0
16778
15
24
65502
0
16784
15
24
65502
0
16789
15
24
65502
0
16794
15
24
65502
0
16800
15
24
65502
0
16805
15
24
65502
0
16811
15
24
65502
0
16817
16
24
65502
0
16822
16
24
65502
0
16827

16
24
65502
0
16833
16
24
65502
0
16838
16
24
65502
0
16843
16
24
65502
0
16849
16
24
65502
0
16855
16
24
65502
0
16860
16
24
65502
0
16866
16
24
65502
0
16871
16
24
65502
0
16876
16
24
65502
0
16882
16
24
65502
0
16887
16
24
65502
0
16892
16
24
65502
0
16899
16
24
65502
0
16904
16
24
65502
0
16909
16
24
65502
0
16915
16
24
65502
0
16920
16
24
65502
0
16925
16
24
65502
0
16931
16
24
65502
0
16936
16
24
65502
0
16942
16
24
65502
0
16948
16
24
65502
0
16953
16
24
65502
0
16958
16
24
65502
0
16964
16
24
65502
0
16969
16
24
65502
0
16974
16
24
65502
0
16980
16
24
65502
0
16986
16
24
65502
0
16991
16
24
65502
0
16997
16
24
65502
0
17002

16
24
65502
0
17007
16
24
65502
0
17013
16
24
65502
0
17018
16
24
65502
0
17024
16
24
65502
0
17030
16
24
65502
0
17035
16
24
65502
0
17040
16
24
65502
0
17046
16
24
65502
0
17051
16
24
65502
0
17056
16
24
65502
0
17062
16
24
65502
0
17068
16
24
65502
0
17073
16
24
65502
0
17079
16
24
65502
0
17084
16
24
65502
0
17089
16
24
65502
0
17095
16
24
65502
0
17100
16
24
65502
0
17105
16
24
65502
0
17112
16
24
65502
0
17117
16
24
65502
0
17122
16
24
65502
0
17128
16
24
65502
0
17133
16
24
65502
0
17138
16
24
65502
0
17144
16
24
65502
0
17149
16
24
65502
0
17155
15
24
65502
0
17161
15
24
65502
0
17166
15
24
65502
0
17171
15
24
65502
0
17177

15
24
65502
0
17182
15
24
65502
0
17187
15
24
65502
0
17193
15
24
65502
0
17199
15
24
65502
0
17204
15
24
65502
0
17210
15
24
65502
0
17215
15
24
65502
0
17220
15
24
65502
0
17226
15
24
65502
0
17231
15
24
65502
0
17236
15
24
65502
0
17243
15
24
65502
0
17248
15
24
65502
0
17253
15
24
65502
0
17259
15
24
65502
0
17264
15
24
65502
0
17269
15
24
65502
0
17275
15
24
65502
0
17281
15
24
65502
0
17286
15
24
65502
0
17292
15
24
65502
0
17297
15
24
65502
0
17302
15
24
65502
0
17308
15
24
65502
0
17313
15
24
65502
0
17318
15
24
65502
0
17325
15
24
65502
0
17330
15
24
65502
0
17335
15
24
65502
0
17341
15
24
65502
0
17346
15
24
65502
0
17351

15
24
65502
0
17357
15
24
65501
0
17362
15
24
65501
0
17368
15
24
65501
0
17374
15
24
65501
0
17379
15
24
65501
0
17384
15
24
65501
0
17390
15
24
65501
0
17395
15
24
65501
0
17400
15
24
65501
0
17406
15
24
65501
0
17412
15
24
65501
0
17417
15
24
65501
0
17423
15
24
65501
0
17428
15
24
65502
0
17433
15
24
65502
0
17439
15
24
65502
0
17444
15
24
65502
0
17449
15
24
65502
0
17456
15
24
65502
0
17461
15
24
65502
0
17466
15
24
65502
0
17472
15
24
65502
0
17477
15
24
65502
0
17482
15
24
65502
0
17488
15
24
65502
0
17494
15
24
65502
0
17499
15
24
65502
0
17505
15
24
65502
0
17510
15
24
65502
0
17515
15
24
65502
0
17521
15
24
65502
0
17526

15
24
65502
0
17531
15
24
65502
0
17538
15
24
65502
0
17543
15
24
65502
0
17548
15
24
65502
0
17554
15
24
65502
0
17559
15
24
65502
0
17564
15
24
65502
0
17570
15
24
65502
0
17575
15
24
65502
0
17581
15
24
65502
0
17587
15
24
65502
0
17592
15
24
65502
0
17597
15
24
65502
0
17603
15
24
65502
0
17608
15
24
65502
0
17613
15
24
65502
0
17619
15
24
65502
0
17625
15
24
65502
0
17630
15
24
65502
0
17636
15
24
65502
0
17641
15
24
65502
0
17646
15
24
65502
0
17652
15
24
65502
0
17657
15
24
65502
0
17662
15
24
65502
0
17669
15
24
65502
0
17674
15
24
65502
0
17679
15
24
65502
0
17685
15
24
65502
0
17690
15
24
65502
0
17695
15
24
65502
0
17701

15
24
65502
0
17707
15
24
65502
0
17712
15
24
65502
0
17718
15
24
65502
0
17723
15
24
65502
0
17728
15
24
65502
0
17734
15
24
65502
0
17739
15
24
65502
0
17744
15
24
65502
0
17751
15
24
65502
0
17756
15
24
65502
0
17761
15
24
65502
0
17767
15
24
65502
0
17772
15
24
65502
0
17777
15
24
65502
0
17783
15
24
65502
0
17788
15
24
65502
0
17794
15
24
65502
0
17800
15
24
65502
0
17805
15
24
65502
0
17810
15
24
65502
0
17816
15
24
65502
0
17821
15
24
65502
0
17826
15
24
65502
0
17832
15
24
65502
0
17838
15
24
65502
0
17843
15
24
65502
0
17849
15
24
65502
0
17854
15
24
65502
0
17859
15
24
65502
0
17865
15
24
65502
0
17870
15
24
65502
0
17875

15
24
65502
0
17882
15
24
65502
0
17887
15
24
65502
0
17892
15
24
65502
0
17898
15
24
65502
0
17903
15
24
65501
0
17908
15
24
65501
0
17914
15
24
65501
0
17920
15
24
65501
0
17925
15
24
65501
0
17931
15
24
65501
0
17936
15
24
65501
0
17941
15
24
65501
0
17947
15
24
65501
0
17952
15
24
65501
0
17957
15
24
65501
0
17964
15
24
65501
0
17969
15
24
65501
0
17974
15
24
65502
0
17980
15
24
65502
0
17985
15
24
65502
0
17990
15
24
65502
0
17996
15
24
65502
0
18001
15
24
65502
0
18007
15
24
65502
0
18013
15
24
65502
0
18018
15
24
65502
0
18023
15
24
65502
0
18029
15
24
65502
0
18034
15
24
65502
0
18039
15
24
65502
0
18045
15
24
65502
0
18051

15
24
65502
0
18056
15
24
65502
0
18062
15
24
65502
0
18067
15
24
65502
0
18072
15
24
65502
0
18078
15
24
65502
0
18083
15
24
65502
0
18088
15
24
65502
0
18094
15
24
65502
0
18100
15
24
65502
0
18105
15
24
65502
0
18110
15
24
65502
0
18116
15
24
65502
0
18121
15
24
65502
0
18126
15
24
65502
0
18132
15
24
65502
0
18138
15
24
65502
0
18143
15
24
65502
0
18149
15
24
65502
0
18154
15
24
65502
0
18159
15
24
65502
0
18165
15
24
65502
0
18170
15
24
65502
0
18176
16
24
65502
0
18182
16
24
65502
0
18187
16
24
65502
0
18192
16
24
65502
0
18198
16
24
65502
0
18203
16
24
65502
0
18208
16
24
65502
0
18214
16
24
65502
0
18220
16
24
65502
0
18225

16
24
65502
0
18231
16
24
65502
0
18236
16
24
65502
0
18241
16
24
65502
0
18247
17
24
65502
0
18252
17
24
65502
0
18257
17
24
65502
0
18264
17
24
65502
0
18269
17
24
65502
0
18274
17
24
65502
0
18280
17
24
65502
0
18285
17
24
65502
0
18290
17
24
65502
0
18296
17
24
65502
0
18301
17
24
65502
0
18307
17
24
65502
0
18313
17
23
65502
0
18318
17
23
65502
0
18323
17
23
65502
0
18329
17
23
65502
0
18334
17
23
65502
0
18339
17
23
65502
0
18345
17
23
65502
0
18351
17
23
65502
0
18356
17
23
65502
0
18362
17
23
65502
0
18367
17
23
65502
0
18372
17
23
65502
0
18378
17
23
65502
0
18383
18
23
65501
0
18388
18
23
65501
0
18395
18
23
65501
0
18400

18
23
65501
0
18405
18
23
65501
0
18411
18
23
65501
0
18416
18
23
65501
0
18421
18
23
65501
0
18427
18
23
65501
0
18433
18
23
65501
0
18438
18
23
65501
0
18444
18
23
65501
0
18449
18
23
65501
0
18454
18
23
65501
0
18460
18
23
65501
0
18465
18
23
65501
0
18470
18
23
65501
0
18477
18
23
65501
0
18482
18
23
65501
0
18487
18
23
65501
0
18493
18
23
65501
0
18498
18
23
65501
0
18503
18
23
65501
0
18509
18
23
65501
0
18514
18
23
65501
0
18520
20
20
65501
0
18526
20
20
65501
0
18531
20
20
65501
0
18536
20
20
65501
0
18542
20
20
65501
0
18547
20
20
65501
0
18552
20
20
65501
0
18558
20
20
65501
0
18564
20
20
65501
0
18569
20
20
65501
0
18575

20
20
65501
0
18580
20
20
65501
0
18585
19
19
65501
0
18591
19
19
65501
0
18596
19
19
65501
0
18601
19
19
65501
0
18608
19
19
65501
0
18613
19
19
65501
0
18618
19
19
65501
0
18624
19
19
65501
0
18629
19
19
65501
0
18634
19
19
65501
0
18640
19
19
65501
0
18646
19
19
65501
0
18651
19
19
65501
0
18657
17
18
65503
0
18662
17
18
65503
0
18667
17
18
65503
0
18673
17
18
65503
0
18678
17
18
65503
0
18683
17
18
65503
0
18690
17
18
65503
0
18695
17
18
65503
0
18700
17
18
65503
0
18706
17
18
65503
0
18711
17
18
65503
0
18716
17
18
65503
0
18722
15
17
65506
0
18727
15
17
65506
0
18733
15
17
65506
0
18739
15
17
65506
0
18744
15
17
65506
0
18749

15
17
65506
0
18755
15
17
65506
0
18760
15
17
65506
0
18765
15
17
65506
0
18771
15
17
65506
0
18777
15
17
65506
0
18782
15
17
65506
0
18788
15
17
65506
0
18793
16
17
65509
0
18798
16
17
65509
0
18804
16
17
65509
0
18809
16
17
65509
0
18814
16
17
65509
0
18821
16
17
65509
0
18826
16
17
65509
0
18831
16
17
65509
0
18837
16
17
65509
0
18842
16
17
65509
0
18847
16
17
65509
0
18853
16
17
65509
0
18859
17
19
65512
0
18864
17
19
65512
0
18870
17
19
65512
0
18875
17
19
65512
0
18880
17
19
65512
0
18886
17
19
65512
0
18891
17
19
65512
0
18896
17
19
65512
0
18903
17
19
65512
0
18908
17
19
65512
0
18913
17
19
65512
0
18919
17
19
65512
0
18924

17
19
65512
0
18929
21
19
65512
0
18935
21
19
65512
0
18940
21
19
65512
0
18946
21
19
65512
0
18952
21
19
65512
0
18957
21
19
65512
0
18962
21
19
65512
0
18968
21
19
65512
0
18973
21
19
65512
0
18978
21
19
65512
0
18984
21
19
65512
0
18990
21
19
65512
0
18995
24
17
65511
0
19001
24
17
65511
0
19006
24
17
65511
0
19011
24
17
65511
0
19017
24
17
65511
0
19022
24
17
65511
0
19027
24
17
65511
0
19034
24
17
65511
0
19039
24
17
65511
0
19044
24
17
65511
0
19050
24
17
65511
0
19055
24
17
65511
0
19060
24
17
65511
0
19066
26
16
65509
0
19072
26
16
65509
0
19077
26
16
65509
0
19083
26
16
65509
0
19088
26
16
65509
0
19093
26
16
65509
0
19099

26
16
65509
0
19104
26
16
65509
0
19109
26
16
65509
0
19116
26
16
65509
0
19121
26
16
65509
0
19126
26
16
65509
0
19132
27
14
65507
0
19137
27
14
65507
0
19142
27
14
65507
0
19148
27
14
65507
0
19153
27
14
65507
0
19159
27
14
65507
0
19165
27
14
65507
0
19170
27
14
65507
0
19175
27
14
65507
0
19181
27
14
65507
0
19186
27
14
65507
0
19191
27
14
65507
0
19197
27
14
65507
0
19203
28
12
65508
0
19208
28
12
65508
0
19214
28
12
65508
0
19219
28
12
65508
0
19224
28
12
65508
0
19230
28
12
65508
0
19235
28
12
65508
0
19240
28
12
65508
0
19247
28
12
65508
0
19252
28
12
65508
0
19257
28
12
65508
0
19263
28
12
65508
0
19268
31
11
65510
0
19273

31
11
65510
0
19279
31
11
65510
0
19284
31
11
65510
0
19290
31
11
65510
0
19296
31
11
65510
0
19301
31
11
65510
0
19306
31
11
65510
0
19312
31
11
65510
0
19317
31
11
65510
0
19322
31
11
65510
0
19329
31
11
65510
0
19334
31
11
65510
0
19339
36
10
65504
0
19345
36
10
65504
0
19350
36
10
65504
0
19355
36
10
65504
0
19361
36
10
65504
0
19366
36
10
65504
0
19372
36
10
65504
0
19378
36
10
65504
0
19383
36
10
65504
0
19388
36
10
65504
0
19394
36
10
65504
0
19399
36
10
65504
0
19404
36
9
65498
0
19410
36
9
65498
0
19416

36
9
65498
0
19421
36
9
65498
0
19426
36
9
65498
0
19431
36
9
65498
0
19436
36
9
65498
0
19441
36
9
65498
0
19446
36
9
65498
0
19451
36
9
65498
0
19457

36
9
65498
0
19462
36
9
65498
0
19467
36
9
65498
0
19472
31
8
65492
0
19478
31
8
65492
0
19483
31
8
65492
0
19488
31
8
65492
0
19493
31
8
65492
0
19499

31
8
65492
0
19504
31
8
65492
0
19509
31
8
65492
0
19514
31
8
65492
0
19519
31
8
65492
0
19524
31
8
65492
0
19529
31
8
65492
0
19534
31
8
65492
0
19539

25
5
65495
0
19546
25
5
65495
0
19551
25
5
65495
0
19556
25
5
65495
0
19561
25
5
65495
0
19566
25
5
65495
0
19571
25
5
65495
0
19576
25
5
65495
0
19581

25
5
65495
0
19587
25
5
65495
0
19592
25
5
65495
0
19597
25
5
65495
0
19602
25
5
65495
0
19607
25
6
65495
0
19613
25
6
65501
0
19618
25
6
65501
0
19623

25
6
65501
0
19629
25
6
65501
0
19634
25
6
65501
0
19639
25
6
65501
0
19644
25
6
65501
0
19649
25
6
65501
0
19654
25
6
65501
0
19659
25
6
65501
0
19664

25
6
65501
0
19670
25
6
65501
0
19676
25
6
65501
0
19681
31
7
65505
0
19686
31
7
65505
0
19691
31
7
65505
0
19696
31
7
65505
0
19701
31
7
65505
0
19706

31
7
65505
0
19712
31
7
65505
0
19717
31
7
65505
0
19722
31
7
65505
0
19727
31
7
65505
0
19732
31
7
65505
0
19737
31
7
65505
0
19743
31
7
65505
0
19748

37
8
65502
0
19753
37
8
65502
0
19759
37
8
65502
0
19764
37
8
65502
0
19769
37
8
65502
0
19774
37
8
65502
0
19779
37
8
65502
0
19784
37
8
65502
0
19789

37
8
65502
0
19794
37
8
65502
0
19800
37
8
65502
0
19805
37
8
65502
0
19811
37
8
65502
0
19816
39
9
65496
0
19821
39
9
65496
0
19826
39
9
65496
0
19831

39
9
65496
0
19836
39
9
65496
0
19842
39
9
65496
0
19847
39
9
65496
0
19852
39
9
65496
0
19857
39
9
65496
0
19862
39
9
65496
0
19867
39
9
65496
0
19872

39
9
65496
0
19878
39
9
65496
0
19884
36
9
65489
0
19889
36
9
65489
0
19894
36
9
65489
0
19899
36
9
65489
0
19904
36
9
65489
0
19909
36
9
65489
0
19914

36
9
65489
0
19919
36
9
65489
0
19924
36
9
65489
0
19930
36
9
65489
0
19935
36
9
65489
0
19940
36
9
65489
0
19946
36
9
65489
0
19951
31
7
65486
0
19956

31
7
65486
0
19961
31
7
65486
0
19966
31
7
65486
0
19972
31
7
65486
0
19977
31
7
65486
0
19982
31
7
65486
0
19987
31
7
65486
0
19992
31
7
65486
0
19997

31
7
65486
0
20002
31
7
65486
0
20008
31
7
65486
0
20014
31
7
65486
0
20019
26
2
65487
0
20024
26
2
65487
0
20029
26
2
65487
0
20034
26
2
65487
0
20039

26
2
65487
0
20044
26
2
65487
0
20049
26
2
65487
0
20055
26
2
65487
0
20060
26
2
65487
0
20065
26
2
65487
0
20070
26
2
65487
0
20076
26
2
65487
0
20081

26
2
65487
0
20086
23
1
65490
0
20091
23
1
65490
0
20097
23
1
65490
0
20102
23
1
65490
0
20107
23
1
65490
0
20112
23
1
65490
0
20117
23
1
65490
0
20122

23
1
65490
0
20127
23
1
65490
0
20132
23
1
65490
0
20137
23
1
65490
0
20144
23
1
65490
0
20149
23
1
65490
0
20154
21
1
65493
0
20159
21
1
65493
0
20164

21
1
65493
0
20169
21
1
65493
0
20174
21
1
65493
0
20179
21
1
65493
0
20185
21
1
65493
0
20190
21
1
65493
0
20195
21
1
65493
0
20200
21
1
65493
0
20205

21
1
65493
0
20211
21
1
65493
0
20216
21
1
65493
0
20221
21
1
65493
0
20227
21
1
65493
0
20232
21
1
65493
0
20237
21
1
65493
0
20242
21
1
65493
0
20247

21
1
65493
0
20252
21
1
65493
0
20257
21
1
65493
0
20262
21
1
65493
0
20268
21
1
65493
0
20273
21
1
65493
0
20279
21
1
65493
0
20284
21
1
65493
0
20289

21
1
65493
0
20294
20
2
65500
0
20299
20
2
65500
0
20304
20
2
65500
0
20310
20
2
65500
0
20315
20
2
65500
0
20320
20
2
65500
0
20325
20
2
65500
0
20330

20
2
65500
0
20335
20
2
65500
0
20340
20
2
65500
0
20346
20
2
65500
0
20352
20
2
65500
0
20357
20
2
65500
0
20362
21
2
65502
0
20367
21
2
65502
0
20372

21
2
65502
0
20377
21
2
65502
0
20382
21
2
65502
0
20387
21
2
65502
0
20392
21
2
65502
0
20398
21
2
65502
0
20403
21
2
65502
0
20409
21
2
65502
0
20414

21
2
65502
0
20419
21
2
65502
0
20424
21
2
65502
0
20429
23
4
65504
0
20434
23
4
65504
0
20440
23
4
65504
0
20445
23
4
65504
0
20450
23
4
65504
0
20455

23
4
65504
0
20460
23
4
65504
0
20465
23
4
65504
0
20470
23
4
65504
0
20476
23
4
65504
0
20482
23
4
65504
0
20487
23
4
65504
0
20492
23
4
65504
0
20497

24
4
65505
0
20502
24
4
65505
0
20507
24
4
65505
0
20512
24
4
65505
0
20517
24
4
65505
0
20523
24
4
65505
0
20528
24
4
65505
0
20533
24
4
65505
0
20538

24
4
65505
0
20544
24
4
65505
0
20549
24
4
65505
0
20554
24
4
65505
0
20559
24
4
65505
0
20564
25
5
65505
0
20570
25
5
65505
0
20575
25
5
65505
0
20580

25
5
65505
0
20585
25
5
65505
0
20590
25
5
65505
0
20595
25
5
65505
0
20600
25
5
65505
0
20605
25
5
65505
0
20612
25
5
65505
0
20617
25
5
65505
0
20622

25
5
65505
0
20627
25
5
65505
0
20632
26
5
65505
0
20637
26
5
65505
0
20642
26
5
65505
0
20647
26
5
65505
0
20653
26
5
65505
0
20658
26
5
65505
0
20663

26
5
65505
0
20668
26
5
65505
0
20674
26
5
65505
0
20679
26
5
65505
0
20684
26
5
65505
0
20689
26
5
65505
0
20695
26
5
65505
0
20700
26
5
65505
0
20705

26
5
65505
0
20710
26
5
65505
0
20715
26
5
65505
0
20720
26
5
65505
0
20725
26
5
65505
0
20730
26
5
65505
0
20736
26
5
65505
0
20742
26
5
65505
0
20747

26
5
65505
0
20752
26
5
65505
0
20757
26
5
65505
0
20762
26
5
65505
0
20767
27
6
65505
0
20772
27
6
65505
0
20777
27
6
65505
0
20783
27
6
65505
0
20788

27
6
65505
0
20793
27
6
65505
0
20798
27
6
65505
0
20803
27
6
65505
0
20809
27
6
65505
0
20814
27
6
65505
0
20819
27
6
65505
0
20825
27
6
65505
0
20830

27
6
65505
0
20835
27
6
65505
0
20840
27
6
65505
0
20845
27
6
65505
0
20850
27
6
65505
0
20855
27
6
65505
0
20860
27
6
65505
0
20866
27
6
65505
0
20871

27
6
65505
0
20877
27
6
65505
0
20882
27
6
65505
0
20887
27
6
65505
0
20892
27
6
65505
0
20897
27
6
65505
0
20902
27
6
65505
0
20908
27
6
65506
0
20913

27
6
65506
0
20918
27
6
65506
0
20923
27
6
65506
0
20928
27
6
65506
0
20933
27
6
65506
0
20938
27
6
65506
0
20944
27
6
65506
0
20950
27
6
65506
0
20955

27
6
65506
0
20960
27
6
65506
0
20965
27
6
65506
0
20970
27
6
65506
0
20975
28
6
65505
0
20980
28
6
65505
0
20985
28
6
65505
0
20990
28
6
65505
0
20996

28
6
65505
0
21001
28
6
65505
0
21007
28
6
65505
0
21012
28
6
65505
0
21017
28
6
65505
0
21022
28
6
65505
0
21027
28
6
65505
0
21032
28
6
65505
0
21038

28
6
65505
0
21043
28
6
65505
0
21048
28
6
65505
0
21053
28
6
65505
0
21058
28
6
65505
0
21063
28
6
65505
0
21068
28
6
65505
0
21074
28
6
65505
0
21080

28
6
65505
0
21085
28
6
65505
0
21090
28
6
65505
0
21095
28
6
65505
0
21100
28
6
65505
0
21105
28
6
65505
0
21110
28
6
65505
0
21115
28
6
65505
0
21121

28
6
65505
0
21126
28
6
65505
0
21131
28
6
65505
0
21136
28
6
65505
0
21142
28
6
65505
0
21147
28
6
65505
0
21152
28
6
65505
0
21157
28
6
65505
0
21163

28
6
65505
0
21168
28
6
65505
0
21173
28
6
65505
0
21178
28
6
65505
0
21183
28
6
65505
0
21188
28
6
65505
0
21193
28
6
65505
0
21198
28
6
65505
0
21203

28
6
65505
0
21210
28
6
65505
0
21215
28
6
65505
0
21220
28
6
65505
0
21225
28
6
65505
0
21230
28
6
65505
0
21235
28
6
65505
0
21240
28
6
65505
0
21245

29
6
65505
0
21251
29
6
65505
0
21256
29
6
65505
0
21261
29
6
65505
0
21266
29
6
65505
0
21271
29
6
65505
0
21277
29
6
65505
0
21282
29
6
65505
0
21287

29
6
65505
0
21293
29
6
65505
0
21298
29
6
65505
0
21303
29
6
65505
0
21308
29
6
65505
0
21313
29
6
65505
0
21318
29
6
65505
0
21323
29
6
65505
0
21328

29
6
65505
0
21334
29
6
65505
0
21340
29
6
65505
0
21345
29
6
65505
0
21350
29
6
65505
0
21355
29
6
65505
0
21360
29
6
65505
0
21365
29
6
65505
0
21370

29
6
65505
0
21376
29
6
65505
0
21381
28
6
65504
0
21386
28
6
65504
0
21391
28
6
65504
0
21396
28
6
65504
0
21401
28
6
65504
0
21407
28
6
65504
0
21412

28
6
65504
0
21417
28
6
65504
0
21423
28
6
65504
0
21428
28
6
65504
0
21433
28
6
65504
0
21438
28
6
65504
0
21443
28
6
65504
0
21448
28
6
65504
0
21453

28
6
65504
0
21458
28
6
65504
0
21464
28
6
65504
0
21469
28
6
65504
0
21475
28
6
65504
0
21480
28
6
65504
0
21485
28
6
65504
0
21490
28
6
65504
0
21495

28
6
65504
0
21500
28
6
65504
0
21506
28
6
65504
0
21511
28
6
65504
0
21516
28
6
65504
0
21521
29
6
65505
0
21526
29
6
65505
0
21531
29
6
65505
0
21536

29
6
65505
0
21542
29
6
65505
0
21548
29
6
65505
0
21553
29
6
65505
0
21558
29
6
65505
0
21563
29
6
65505
0
21568
29
6
65505
0
21573
29
6
65505
0
21578

29
6
65505
0
21583
29
6
65505
0
21588
29
6
65505
0
21594
29
6
65505
0
21599
29
6
65505
0
21604
29
6
65505
0
21610
29
6
65505
0
21615
29
6
65505
0
21620

29
6
65505
0
21625
29
6
65505
0
21630
29
6
65505
0
21636
29
6
65505
0
21641
29
6
65505
0
21646
29
6
65505
0
21651
29
6
65505
0
21656
28
6
65505
0
21661

28
6
65505
0
21666
28
6
65505
0
21672
28
6
65505
0
21678
28
6
65505
0
21683
28
6
65505
0
21688
28
6
65505
0
21693
28
6
65505
0
21698
28
6
65505
0
21703

28
6
65505
0
21708
28
6
65505
0
21713
28
6
65505
0
21719
28
6
65505
0
21724
29
6
65505
0
21729
29
6
65505
0
21734
29
6
65505
0
21740
29
6
65505
0
21745

29
6
65505
0
21750
29
6
65505
0
21755
29
6
65505
0
21761
29
6
65505
0
21766
29
6
65505
0
21771
29
6
65505
0
21776
29
6
65505
0
21781
29
6
65505
0
21786

29
6
65505
0
21791
29
6
65505
0
21796
29
6
65505
0
21801
29
6
65505
0
21808
29
6
65505
0
21813
29
6
65505
0
21818
29
6
65505
0
21823
29
6
65505
0
21828

29
6
65505
0
21833
29
6
65505
0
21838
29
6
65505
0
21843
29
6
65505
0
21849
29
6
65505
0
21854
29
6
65505
0
21859
29
6
65505
0
21864
29
6
65505
0
21869

29
6
65505
0
21875
29
6
65505
0
21880
29
6
65505
0
21885
29
6
65505
0
21891
29
6
65505
0
21896
29
6
65505
0
21901
29
6
65505
0
21906
29
6
65505
0
21911

29
6
65505
0
21916
29
6
65505
0
21921
29
6
65505
0
21926
29
6
65505
0
21932
29
6
65505
0
21937
29
6
65505
0
21943
29
6
65505
0
21948
29
6
65505
0
21953

29
6
65505
0
21958
29
6
65505
0
21963
29
6
65505
0
21968
29
6
65505
0
21974
29
6
65505
0
21979
29
6
65505
0
21984
29
6
65505
0
21989
29
6
65505
0
21994

29
6
65505
0
21999
29
6
65505
0
22005
29
6
65505
0
22010
29
6
65505
0
22016
29
6
65505
0
22021
29
6
65505
0
22026
29
6
65505
0
22031
29
6
65505
0
22036

29
6
65505
0
22041
29
6
65505
0
22046
29
6
65505
0
22051
29
6
65505
0
22056
29
6
65505
0
22062
29
6
65505
0
22067
29
6
65505
0
22073
29
6
65505
0
22078

29
6
65505
0
22083
29
6
65505
0
22088
29
6
65505
0
22093
29
6
65505
0
22098
29
6
65505
0
22104
29
6
65505
0
22109
29
6
65505
0
22114
29
6
65505
0
22119

29
6
65505
0
22124
29
6
65505
0
22129
29
6
65505
0
22134
29
6
65505
0
22140
29
6
65505
0
22146
29
6
65505
0
22151
29
6
65505
0
22156
29
6
65505
0
22161

29
6
65505
0
22166
29
6
65505
0
22171
29
6
65505
0
22176
29
6
65505
0
22181
29
6
65505
0
22187
29
6
65505
0
22192
29
6
65505
0
22197
29
6
65505
0
22202

28
6
65505
0
22208
28
6
65505
0
22213
28
6
65505
0
22218
28
6
65505
0
22223
28
6
65505
0
22228
28
6
65505
0
22234
28
6
65505
0
22239
28
6
65505
0
22244

28
6
65505
0
22249
28
6
65505
0
22254
28
6
65505
0
22259
28
6
65505
0
22264
28
6
65505
0
22269
29
6
65505
0
22276
29
6
65505
0
22281
29
6
65505
0
22286

29
6
65505
0
22291
29
6
65505
0
22296
29
6
65505
0
22301
29
6
65505
0
22306
29
6
65505
0
22311
29
6
65505
0
22317
29
6
65505
0
22322
29
6
65505
0
22327

29
6
65505
0
22332
29
6
65505
0
22338
29
6
65505
0
22343
29
6
65505
0
22348
29
6
65505
0
22353
29
6
65505
0
22359
29
6
65505
0
22364
29
6
65505
0
22369

29
6
65505
0
22374
29
6
65505
0
22379
29
6
65505
0
22384
29
6
65505
0
22389
29
6
65505
0
22394
29
6
65505
0
22400
29
6
65505
0
22406
28
6
65505
0
22411

28
6
65505
0
22416
28
6
65505
0
22421
28
6
65505
0
22426
28
6
65505
0
22431
28
6
65505
0
22436
28
6
65505
0
22441
28
6
65505
0
22447
28
6
65505
0
22452

28
6
65505
0
22457
28
6
65505
0
22462
28
6
65505
0
22467
28
6
65505
0
22473
29
6
65504
0
22478
29
6
65504
0
22483
29
6
65504
0
22489
29
6
65504
0
22494

29
6
65504
0
22499
29
6
65504
0
22504
29
6
65504
0
22509
29
6
65504
0
22514
29
6
65504
0
22519
29
6
65504
0
22524
29
6
65504
0
22530
29
6
65504
0
22535

29
6
65504
0
22541
29
6
65504
0
22546
29
6
65504
0
22551
29
6
65504
0
22556
29
6
65504
0
22561
29
6
65504
0
22566
29
6
65504
0
22572
29
6
65504
0
22577

29
6
65504
0
22582
29
6
65504
0
22587
29
6
65504
0
22592
29
6
65504
0
22597
29
6
65504
0
22602
29
6
65504
0
22608
29
6
65505
0
22614
29
6
65505
0
22619

29
6
65505
0
22624
29
6
65505
0
22629
29
6
65505
0
22634
29
6
65505
0
22639
29
6
65505
0
22644
29
6
65505
0
22649
29
6
65505
0
22654
29
6
65505
0
22660

29
6
65505
0
22665
29
6
65505
0
22671
29
6
65505
0
22676
29
6
65505
0
22681
29
6
65505
0
22686
29
6
65505
0
22691
29
6
65505
0
22696
29
6
65505
0
22702

29
6
65505
0
22707
29
6
65505
0
22712
29
6
65505
0
22717
29
6
65505
0
22722
29
6
65505
0
22727
29
6
65505
0
22732
29
6
65505
0
22738
29
6
65505
0
22744

29
6
65505
0
22749
29
6
65505
0
22754
29
6
65505
0
22759
29
6
65505
0
22764
29
6
65505
0
22769
29
6
65505
0
22774
29
6
65505
0
22779
29
6
65505
0
22785

29
6
65505
0
22790
29
6
65505
0
22795
29
6
65505
0
22800
29
6
65505
0
22806
29
6
65505
0
22811
29
6
65505
0
22816
29
6
65505
0
22821
29
6
65505
0
22827

29
6
65505
0
22832
29
6
65505
0
22837
29
6
65505
0
22842
29
6
65505
0
22847
29
6
65505
0
22852
29
6
65505
0
22857
29
6
65505
0
22862
29
6
65505
0
22867

29
6
65505
0
22874
29
6
65505
0
22879
29
6
65505
0
22884
28
6
65505
0
22889
28
6
65505
0
22894
28
6
65505
0
22899
28
6
65505
0
22904
28
6
65505
0
22909

28
6
65505
0
22915
28
6
65505
0
22920
28
6
65505
0
22925
28
6
65505
0
22930
28
6
65505
0
22935
28
6
65505
0
22941
28
6
65505
0
22946
28
6
65505
0
22951

29
6
65505
0
22957
29
6
65505
0
22962
29
6
65505
0
22967
29
6
65505
0
22972
29
6
65505
0
22977
29
6
65505
0
22982
29
6
65505
0
22987
29
6
65505
0
22992

29
6
65505
0
22998
29
6
65505
0
23004
29
6
65505
0
23009
29
6
65505
0
23014
29
6
65505
0
23019
28
6
65505
0
23024
28
6
65505
0
23029
28
6
65505
0
23034

28
6
65505
0
23040
28
6
65505
0
23045
28
6
65505
0
23050
28
6
65505
0
23055
28
6
65505
0
23060
28
6
65505
0
23065
28
6
65505
0
23071
28
6
65505
0
23076

28
6
65505
0
23081
28
6
65505
0
23087
29
6
65505
0
23092
29
6
65505
0
23097
29
6
65505
0
23102
29
6
65505
0
23107
29
6
65505
0
23112
29
6
65505
0
23117

29
6
65505
0
23122
29
6
65505
0
23128
29
6
65505
0
23133
29
6
65505
0
23139
29
6
65505
0
23144
29
6
65505
0
23149
29
6
65505
0
23154
29
6
65505
0
23159

29
6
65505
0
23164
29
6
65505
0
23170
29
6
65505
0
23175
29
6
65505
0
23180
29
6
65505
0
23185
29
6
65505
0
23190
29
6
65505
0
23195
29
6
65505
0
23200

29
6
65505
0
23206
29
6
65505
0
23212
29
6
65505
0
23217
29
6
65505
0
23222
28
6
65504
0
23227
28
6
65504
0
23232
28
6
65504
0
23237
28
6
65504
0
23242

28
6
65504
0
23247
28
6
65504
0
23252
28
6
65504
0
23258
28
6
65504
0
23263
28
6
65504
0
23268
28
6
65504
0
23274
28
6
65504
0
23279
28
6
65504
0
23284

28
6
65504
0
23289
28
6
65504
0
23294
28
6
65504
0
23300
28
6
65504
0
23305
28
6
65504
0
23310
28
6
65504
0
23315
28
6
65504
0
23320
28
6
65504
0
23325

28
6
65504
0
23330
28
6
65504
0
23336
28
6
65504
0
23342
28
6
65504
0
23347
28
6
65504
0
23352
28
6
65504
0
23357
28
6
65504
0
23362
29
6
65505
0
23367

29
6
65505
0
23372
29
6
65505
0
23377
29
6
65505
0
23383
29
6
65505
0
23388
29
6
65505
0
23393
29
6
65505
0
23398
29
6
65505
0
23404
29
6
65505
0
23409

29
6
65505
0
23414
29
6
65505
0
23419
29
6
65505
0
23425
29
6
65505
0
23430
28
6
65505
0
23435
28
6
65505
0
23440
28
6
65505
0
23445
28
6
65505
0
23450

28
6
65505
0
23455
28
6
65505
0
23460
28
6
65505
0
23465
28
6
65505
0
23472
28
6
65505
0
23477
28
6
65505
0
23482
28
6
65505
0
23487
28
6
65505
0
23492

28
6
65505
0
23497
28
7
65505
0
23502
28
7
65505
0
23507
28
7
65505
0
23513
28
7
65505
0
23518
28
7
65505
0
23523
28
7
65505
0
23528
28
7
65505
0
23533

28
7
65505
0
23539
28
7
65505
0
23544
28
7
65505
0
23549
28
7
65505
0
23555
28
7
65505
0
23560
28
7
65505
0
23565
29
6
65505
0
23570
29
6
65505
0
23575

29
6
65505
0
23580
29
6
65505
0
23585
29
6
65505
0
23590
29
6
65505
0
23596
29
6
65505
0
23601
29
6
65505
0
23607
29
6
65505
0
23612
29
6
65505
0
23617

29
6
65505
0
23622
29
6
65505
0
23627
29
6
65505
0
23632
29
6
65505
0
23638
29
6
65505
0
23643
29
6
65505
0
23648
29
6
65505
0
23653
29
6
65505
0
23658

29
6
65505
0
23663
29
6
65505
0
23669
29
6
65505
0
23674
29
6
65505
0
23680
29
6
65505
0
23685
29
6
65505
0
23690
29
6
65505
0
23695
29
6
65505
0
23700

29
6
65505
0
23705
29
6
65505
0
23710
29
6
65505
0
23715
29
6
65505
0
23720
29
6
65505
0
23726
29
6
65505
0
23731
29
6
65505
0
23737
29
6
65505
0
23742

29
6
65505
0
23747
29
6
65505
0
23752
29
6
65505
0
23757
29
6
65505
0
23762
29
6
65505
0
23768
29
6
65505
0
23773
29
6
65505
0
23778
29
6
65505
0
23783

29
6
65505
0
23788
29
6
65505
0
23793
29
6
65505
0
23798
29
6
65505
0
23804
29
6
65505
0
23810
29
6
65505
0
23815
29
6
65505
0
23820
29
6
65505
0
23825

29
6
65505
0
23830
29
6
65505
0
23835
28
6
65504
0
23840
28
6
65504
0
23845
28
6
65504
0
23851
28
6
65504
0
23856
28
6
65504
0
23861
28
6
65504
0
23866

28
6
65504
0
23872
28
6
65504
0
23877
28
6
65504
0
23882
28
6
65504
0
23887
28
6
65504
0
23892
28
6
65504
0
23898
28
6
65504
0
23903
28
6
65504
0
23908

28
6
65504
0
23913
28
6
65504
0
23918
28
6
65504
0
23923
28
6
65504
0
23928
28
6
65504
0
23933
28
6
65504
0
23940
28
6
65504
0
23945
28
6
65504
0
23950

28
6
65504
0
23955
28
6
65504
0
23960
28
6
65504
0
23965
28
6
65504
0
23970
28
6
65504
0
23975
29
6
65505
0
23981
29
6
65505
0
23986
29
6
65505
0
23991

29
6
65505
0
23996
29
6
65505
0
24002
29
6
65505
0
24007
29
6
65505
0
24012
29
6
65505
0
24017
29
6
65505
0
24023
29
6
65505
0
24028
29
6
65505
0
24033

29
6
65505
0
24038
29
6
65505
0
24043
29
6
65505
0
24048
29
6
65505
0
24053
29
6
65505
0
24058
29
6
65505
0
24064
29
6
65505
0
24070
29
6
65505
0
24075

29
6
65505
0
24080
29
6
65505
0
24085
29
6
65505
0
24090
29
6
65505
0
24095
29
6
65505
0
24100
29
6
65505
0
24105
29
6
65505
0
24111
29
6
65505
0
24116

29
6
65505
0
24121
29
6
65505
0
24126
29
6
65505
0
24131
29
6
65505
0
24137
29
6
65505
0
24142
29
6
65505
0
24147
29
6
65505
0
24153
29
6
65505
0
24158

29
6
65505
0
24163
29
6
65505
0
24168
29
6
65505
0
24173
29
6
65505
0
24178
28
6
65505
0
24183
28
6
65505
0
24188
28
6
65505
0
24194
28
6
65505
0
24199

28
6
65505
0
24205
28
6
65505
0
24210
28
6
65505
0
24215
28
6
65505
0
24220
28
6
65505
0
24225
28
6
65505
0
24230
28
6
65505
0
24236
28
6
65505
0
24241

28
6
65505
0
24246
29
6
65505
0
24251
29
6
65505
0
24256
29
6
65505
0
24261
29
6
65505
0
24266
29
6
65505
0
24272
29
6
65505
0
24278
29
6
65505
0
24283

29
6
65505
0
24288
29
6
65505
0
24293
29
6
65505
0
24298
29
6
65505
0
24303
29
6
65505
0
24308
29
6
65505
0
24313
28
6
65505
0
24318
28
6
65505
0
24324

28
6
65505
0
24329
28
6
65505
0
24335
28
6
65505
0
24340
28
6
65505
0
24345
28
6
65505
0
24350
28
6
65505
0
24355
28
6
65505
0
24360
28
6
65505
0
24366

28
6
65505
0
24371
28
6
65505
0
24376
28
6
65505
0
24381
28
6
65505
0
24386
28
6
65505
0
24391
28
6
65505
0
24396
28
6
65505
0
24402
28
6
65505
0
24408

28
6
65505
0
24413
28
6
65505
0
24418
28
6
65505
0
24423
28
6
65505
0
24428
28
6
65505
0
24433
28
6
65505
0
24438
28
6
65505
0
24443
28
6
65505
0
24449

28
6
65505
0
24454
28
6
65505
0
24459
28
6
65505
0
24464
28
6
65505
0
24470
28
6
65505
0
24475
28
6
65505
0
24480
28
6
65505
0
24485
28
6
65505
0
24491

28
6
65505
0
24496
28
6
65505
0
24501
28
6
65505
0
24506
28
6
65505
0
24511
28
6
65505
0
24516
28
6
65505
0
24521
28
6
65505
0
24526
28
6
65505
0
24531

28
6
65505
0
24538
28
6
65505
0
24543
28
6
65505
0
24548
28
6
65505
0
24553
28
6
65505
0
24558
28
6
65505
0
24563
28
6
65505
0
24568
28
6
65505
0
24573

28
6
65505
0
24579
28
6
65505
0
24584
28
6
65505
0
24589
29
6
65505
0
24594
29
6
65505
0
24599
29
6
65505
0
24605
29
6
65505
0
24610
29
6
65505
0
24615

29
6
65505
0
24621
29
6
65505
0
24626
29
6
65505
0
24631
29
6
65505
0
24636
29
6
65505
0
24641
29
6
65505
0
24646
29
6
65505
0
24651
29
6
65505
0
24656

29
6
65505
0
24662
29
6
65505
0
24668
29
6
65505
0
24673
29
6
65505
0
24678
29
6
65505
0
24683
29
6
65505
0
24688
29
6
65505
0
24693
29
6
65505
0
24698

29
6
65505
0
24704
29
6
65505
0
24709
29
6
65505
0
24714
29
6
65505
0
24719
29
6
65505
0
24724
28
6
65505
0
24729
28
6
65505
0
24735
28
6
65505
0
24740

28
6
65505
0
24745
28
6
65505
0
24751
28
6
65505
0
24756
28
6
65505
0
24761
28
6
65505
0
24766
28
6
65505
0
24771
28
6
65505
0
24776
28
6
65505
0
24781

28
6
65505
0
24786
28
6
65505
0
24792
29
6
65505
0
24797
29
6
65505
0
24803
29
6
65505
0
24808
29
6
65505
0
24813
29
6
65505
0
24818
29
6
65505
0
24823

29
6
65505
0
24828
29
6
65505
0
24834
29
6
65505
0
24839
29
6
65505
0
24844
29
6
65505
0
24849
29
6
65505
0
24854
29
6
65505
0
24859
29
6
65505
0
24864

29
6
65505
0
24870
29
6
65505
0
24876
29
6
65505
0
24881
29
6
65505
0
24886
29
6
65505
0
24891
29
6
65505
0
24896
29
6
65505
0
24901
29
6
65505
0
24906

29
6
65505
0
24911
29
6
65505
0
24916
29
6
65505
0
24922
29
6
65505
0
24927
29
6
65505
0
24932
29
6
65505
0
24938
29
6
65505
0
24943
29
6
65505
0
24948

29
6
65505
0
24953
29
6
65505
0
24958
29
6
65505
0
24964
29
6
65505
0
24969
29
6
65505
0
24974
29
6
65505
0
24979
29
6
65505
0
24984
29
6
65505
0
24989

29
6
65505
0
24994
29
6
65505
0
25000
29
6
65505
0
25006
29
6
65505
0
25011
29
6
65505
0
25016
29
6
65505
0
25021
29
6
65505
0
25026
29
6
65505
0
25031

29
6
65505
0
25036
29
6
65505
0
25041
29
6
65505
0
25047
29
6
65505
0
25052
29
6
65505
0
25057
29
6
65505
0
25062
28
6
65505
0
25068
28
6
65505
0
25073

28
6
65505
0
25078
28
6
65505
0
25083
28
6
65505
0
25089
28
6
65505
0
25094
28
6
65505
0
25099
28
6
65505
0
25104
28
6
65505
0
25109
28
6
65505
0
25114

28
6
65505
0
25119
28
6
65505
0
25124
28
6
65505
0
25129
28
6
65505
0
25136
29
6
65505
0
25141
29
6
65505
0
25146
29
6
65505
0
25151
29
6
65505
0
25156

29
6
65505
0
25161
29
6
65505
0
25166
29
6
65505
0
25171
29
