29
7
65504
0
2051
29
7
65504
0
2054
29
7
65504
0
2057
29
7
65504
0
2060
29
7
65504
0
2064
29
7
65504
0
2067
29
7
65504
0
2070
29
7
65504
0
2074
29
7
65504
0
2079
29
7
65504
0
2084
29
7
65504
0
2089
29
7
65504
0
2094
29
7
65504
0
2099
29
7
65504
0
2104
29
7
65504
0
2109
29
7
65504
0
2114
29
7
65504
0
2118
29
7
65504
0
2123
29
7
65504
0
2128
29
7
65504
0
2134
29
8
65504
0
2139
29
8
65504
0
2144
29
8
65504
0
2148
29
8
65504
0
2153
29
8
65504
0
2158
29
8
65504
0
2163
29
8
65504
0
2168

29
8
65504
0
2173
29
8
65504
0
2178
29
8
65504
0
2183
29
8
65504
0
2188
29
8
65504
0
2193
29
8
65504
0
2198
29
8
65504
0
2202
29
8
65504
0
2207
29
8
65504
0
2212
29
8
65504
0
2217
29
8
65504
0
2223
29
8
65504
0
2228
29
8
65504
0
2232
29
8
65504
0
2237
29
8
65504
0
2242
29
8
65504
0
2247
29
8
65504
0
2252
29
8
65504
0
2257
29
8
65504
0
2262
29
8
65504
0
2267
29
8
65504
0
2272
29
8
65504
0
2277
29
8
65504
0
2282
29
8
65504
0
2287
29
8
65504
0
2291
29
8
65504
0
2296
29
8
65504
0
2301
29
8
65504
0
2307
29
8
65504
0
2312
29
8
65504
0
2316
29
8
65504
0
2321
29
8
65504
0
2326

29
8
65504
0
2331
29
8
65504
0
2336
29
8
65504
0
2341
29
8
65504
0
2345
29
8
65504
0
2351
29
8
65504
0
2356
29
8
65504
0
2361
29
8
65504
0
2366
29
8
65504
0
2371
29
8
65504
0
2375
29
8
65504
0
2380
29
8
65504
0
2385
29
8
65504
0
2391
29
8
65504
0
2396
29
8
65504
0
2400
29
8
65504
0
2405
29
8
65504
0
2410
29
8
65504
0
2415
29
8
65504
0
2420
29
8
65504
0
2425
29
8
65504
0
2429
29
8
65504
0
2435
29
8
65504
0
2440
29
8
65504
0
2445
29
8
65504
0
2450
29
8
65504
0
2455
29
8
65504
0
2459
29
8
65504
0
2464
29
8
65504
0
2469
29
8
65504
0
2475
29
8
65504
0
2480
29
8
65504
0
2484

29
8
65504
0
2489
29
8
65504
0
2494
29
8
65504
0
2499
29
8
65504
0
2504
29
8
65504
0
2509
29
8
65504
0
2513
29
8
65504
0
2519
29
8
65504
0
2524
29
8
65504
0
2529
29
8
65504
0
2534
29
8
65504
0
2539
29
8
65504
0
2543
29
8
65504
0
2548
29
8
65504
0
2553
29
8
65504
0
2558
29
8
65504
0
2564
29
8
65504
0
2568
29
8
65504
0
2573
29
8
65504
0
2578
29
8
65504
0
2583
29
8
65504
0
2588
29
8
65504
0
2593
29
8
65504
0
2597
29
8
65504
0
2603
29
8
65504
0
2608
29
8
65504
0
2613
29
7
65504
0
2618
29
7
65504
0
2623
29
7
65504
0
2627
29
7
65504
0
2632
29
7
65504
0
2637
29
7
65504
0
2642

29
7
65504
0
2648
29
7
65504
0
2653
29
7
65504
0
2657
29
7
65504
0
2662
29
7
65504
0
2667
29
7
65504
0
2672
29
7
65504
0
2677
29
7
65504
0
2681
29
8
65504
0
2686
29
8
65504
0
2692
29
8
65504
0
2697
29
8
65504
0
2702
29
8
65504
0
2707
29
8
65504
0
2711
29
8
65504
0
2716
29
8
65504
0
2721
29
8
65504
0
2726
29
8
65504
0
2732
29
8
65504
0
2737
29
8
65504
0
2741
29
8
65504
0
2746
29
8
65504
0
2751
28
8
65504
0
2756
28
8
65504
0
2761
28
8
65504
0
2765
28
8
65504
0
2770
28
8
65504
0
2776
28
8
65504
0
2781
28
8
65504
0
2786
28
8
65504
0
2791
28
8
65504
0
2795
28
8
65504
0
2800

28
8
65504
0
2805
28
8
65504
0
2810
28
8
65504
0
2816
29
7
65504
0
2821
29
7
65504
0
2825
29
7
65504
0
2830
29
7
65504
0
2835
29
7
65504
0
2840
29
7
65504
0
2845
29
7
65504
0
2849
29
7
65504
0
2854
29
7
65504
0
2860
29
7
65504
0
2865
29
7
65504
0
2870
29
7
65504
0
2875
29
7
65504
0
2879
29
7
65504
0
2884
29
8
65504
0
2889
29
8
65504
0
2894
29
8
65504
0
2899
29
8
65504
0
2905
29
8
65504
0
2909
29
8
65504
0
2914
29
8
65504
0
2919
29
8
65504
0
2924
29
8
65504
0
2929
29
8
65504
0
2933
29
8
65504
0
2938
29
8
65504
0
2944
29
8
65504
0
2949
29
8
65504
0
2954
29
8
65504
0
2959

29
8
65504
0
2963
29
8
65504
0
2968
29
8
65504
0
2973
29
8
65504
0
2978
29
8
65504
0
2983
29
8
65504
0
2989
29
8
65504
0
2993
29
8
65504
0
2998
29
8
65504
0
3003
29
8
65504
0
3008
29
8
65504
0
3013
29
8
65504
0
3017
29
8
65504
0
3022
29
8
65504
0
3027
29
8
65504
0
3033
29
8
65504
0
3038
29
8
65504
0
3043
29
8
65504
0
3047
29
8
65504
0
3052
29
8
65504
0
3057
29
8
65504
0
3062
29
8
65504
0
3067
29
8
65504
0
3073
29
8
65504
0
3077
29
8
65504
0
3082
29
8
65504
0
3087
29
8
65504
0
3092
29
8
65504
0
3097
29
8
65504
0
3102
29
8
65504
0
3106
29
8
65504
0
3111
29
8
65504
0
3117

29
8
65504
0
3122
29
8
65504
0
3127
29
8
65504
0
3131
29
8
65504
0
3136
29
8
65504
0
3141
29
8
65504
0
3146
29
8
65504
0
3151
29
8
65504
0
3156
29
7
65504
0
3161
29
7
65504
0
3166
29
7
65504
0
3171
29
7
65504
0
3176
29
7
65504
0
3181
29
7
65504
0
3186
29
7
65504
0
3190
29
7
65504
0
3195
29
7
65504
0
3201
29
7
65504
0
3206
29
7
65504
0
3211
29
7
65504
0
3215
29
7
65504
0
3220
29
7
65504
0
3225
29
8
65504
0
3230
29
8
65504
0
3235
29
8
65504
0
3240
29
8
65504
0
3245
29
8
65504
0
3250
29
8
65504
0
3255
29
8
65504
0
3260
29
8
65504
0
3265
29
8
65504
0
3270
29
8
65504
0
3274

29
8
65504
0
3279
29
8
65504
0
3284
29
8
65504
0
3290
29
8
65504
0
3295
29
8
65504
0
3299
29
8
65504
0
3304
29
8
65504
0
3309
29
8
65504
0
3314
29
8
65504
0
3319
29
8
65504
0
3324
29
8
65504
0
3329
29
8
65504
0
3334
29
8
65504
0
3339
29
8
65504
0
3344
29
8
65504
0
3349
29
8
65504
0
3354
29
8
65504
0
3358
29
8
65504
0
3363
29
7
65504
0
3368
29
7
65504
0
3374
29
7
65504
0
3379
29
7
65504
0
3383
29
7
65504
0
3388
29
7
65504
0
3393
29
7
65504
0
3398
29
7
65504
0
3403
29
7
65504
0
3408
29
7
65504
0
3412
29
7
65504
0
3418
29
7
65504
0
3423
29
7
65504
0
3428
29
7
65504
0
3433

29
7
65504
0
3438
29
7
65504
0
3442
29
7
65504
0
3447
29
7
65504
0
3452
29
7
65504
0
3458
29
7
65504
0
3463
29
7
65504
0
3467
29
7
65504
0
3472
29
7
65504
0
3477
29
7
65504
0
3482
29
7
65504
0
3487
29
7
65504
0
3492
29
7
65504
0
3496
29
7
65504
0
3502
29
7
65504
0
3507
29
7
65504
0
3512
29
7
65504
0
3517
29
7
65504
0
3522
29
7
65504
0
3526
29
7
65504
0
3531
29
7
65504
0
3536
29
7
65504
0
3542
29
7
65504
0
3547
29
7
65504
0
3552
29
7
65504
0
3556
29
7
65504
0
3561
29
7
65504
0
3566
29
8
65504
0
3571
29
8
65504
0
3576
29
8
65504
0
3580
29
8
65504
0
3586
29
8
65504
0
3591

29
8
65504
0
3596
29
8
65504
0
3601
29
8
65504
0
3606
29
8
65504
0
3610
29
8
65504
0
3615
29
8
65504
0
3620
29
8
65504
0
3625
29
8
65504
0
3631
29
8
65504
0
3636
29
7
65504
0
3640
29
7
65504
0
3645
29
7
65504
0
3650
29
7
65504
0
3655
29
7
65504
0
3660
29
7
65504
0
3664
29
7
65504
0
3670
29
7
65504
0
3675
29
7
65504
0
3680
29
7
65504
0
3685
29
7
65504
0
3690
29
7
65504
0
3694
29
7
65504
0
3699
29
7
65504
0
3704
29
8
65504
0
3709
29
8
65504
0
3715
29
8
65504
0
3720
29
8
65504
0
3724
29
8
65504
0
3729
29
8
65504
0
3734
29
8
65504
0
3739
29
8
65504
0
3744
29
8
65504
0
3748

29
8
65504
0
3753
29
8
65504
0
3759
29
8
65504
0
3764
29
8
65504
0
3769
29
8
65504
0
3774
29
8
65504
0
3778
29
8
65504
0
3783
29
8
65504
0
3788
29
8
65504
0
3793
29
8
65504
0
3799
29
8
65504
0
3804
29
8
65504
0
3808
29
8
65504
0
3813
29
8
65504
0
3818
29
8
65504
0
3823
29
8
65504
0
3828
29
8
65504
0
3832
29
8
65504
0
3837
29
8
65504
0
3843
29
8
65504
0
3848
29
8
65504
0
3853
29
8
65504
0
3858
29
8
65504
0
3862
29
8
65504
0
3867
29
8
65504
0
3872
29
8
65504
0
3877
29
8
65504
0
3883
29
8
65504
0
3888
29
8
65504
0
3892
29
8
65504
0
3897
29
8
65504
0
3902
29
8
65504
0
3907

29
8
65504
0
3912
29
8
65504
0
3917
29
8
65504
0
3921
29
8
65504
0
3927
29
8
65504
0
3932
29
8
65504
0
3937
29
8
65504
0
3942
29
8
65504
0
3946
29
8
65504
0
3951
29
8
65504
0
3956
29
8
65504
0
3961
29
8
65504
0
3966
29
8
65504
0
3972
29
8
65504
0
3976
29
8
65504
0
3981
29
8
65504
0
3986
29
8
65504
0
3991
29
8
65504
0
3996
29
8
65504
0
4001
29
8
65504
0
4005
29
8
65504
0
4011
29
8
65504
0
4016
29
8
65504
0
4021
29
8
65504
0
4026
29
8
65504
0
4030
29
8
65504
0
4035
29
8
65504
0
4040
29
8
65504
0
4045
29
8
65504
0
4050
29
8
65504
0
4056
29
8
65504
0
4060
29
8
65504
0
4065

29
8
65504
0
4070
29
8
65504
0
4075
29
8
65504
0
4080
29
8
65504
0
4085
29
8
65504
0
4089
29
8
65504
0
4094
29
8
65504
0
4100
29
8
65504
0
4105
29
8
65504
0
4110
29
8
65504
0
4114
29
8
65504
0
4119
29
8
65504
0
4124
29
8
65504
0
4129
29
8
65504
0
4134
29
8
65504
0
4140
29
8
65504
0
4144
29
8
65504
0
4149
29
8
65504
0
4154
29
8
65504
0
4159
29
8
65504
0
4164
29
8
65504
0
4169
29
8
65504
0
4173
29
8
65504
0
4178
29
8
65504
0
4184
29
8
65504
0
4189
29
8
65504
0
4194
29
8
65504
0
4198
29
8
65504
0
4203
29
8
65504
0
4208
29
8
65504
0
4213
29
8
65504
0
4218
29
8
65504
0
4224

29
8
65504
0
4228
29
8
65504
0
4233
29
8
65504
0
4238
29
8
65504
0
4243
29
8
65504
0
4248
29
8
65504
0
4253
29
8
65504
0
4257
29
8
65504
0
4262
29
8
65504
0
4268
29
8
65504
0
4273
29
8
65504
0
4278
29
8
65504
0
4282
29
8
65504
0
4287
29
8
65504
0
4292
29
8
65504
0
4297
29
8
65504
0
4302
29
8
65504
0
4307
29
8
65504
0
4312
29
8
65504
0
4317
29
8
65504
0
4322
29
8
65504
0
4327
29
8
65504
0
4332
29
8
65504
0
4337
29
8
65504
0
4341
29
8
65504
0
4346
29
8
65504
0
4352
29
8
65504
0
4357
29
8
65504
0
4362
29
8
65504
0
4367
29
8
65504
0
4371
29
8
65504
0
4376
29
8
65504
0
4381

29
8
65504
0
4386
29
8
65504
0
4391
29
8
65504
0
4396
29
8
65504
0
4401
29
8
65504
0
4406
29
8
65504
0
4411
29
8
65504
0
4416
29
8
65504
0
4421
29
8
65504
0
4425
29
8
65504
0
4430
29
8
65504
0
4435
29
8
65504
0
4441
29
8
65504
0
4446
29
8
65504
0
4451
29
8
65504
0
4455
29
8
65504
0
4460
29
8
65504
0
4465
29
8
65504
0
4470
29
8
65504
0
4475
29
8
65504
0
4480
29
8
65504
0
4485
29
8
65504
0
4490
29
8
65504
0
4495
29
8
65504
0
4500
29
8
65504
0
4505
29
8
65504
0
4509
29
8
65504
0
4514
29
8
65504
0
4519
29
8
65504
0
4525
29
8
65504
0
4530
29
8
65504
0
4535
29
8
65504
0
4539

29
8
65504
0
4544
29
8
65504
0
4549
29
8
65504
0
4554
29
8
65504
0
4559
29
8
65504
0
4563
29
8
65504
0
4569
29
8
65504
0
4574
29
8
65504
0
4579
29
8
65504
0
4584
29
8
65504
0
4589
29
8
65504
0
4593
29
8
65504
0
4598
29
8
65504
0
4603
29
8
65504
0
4609
29
8
65504
0
4614
29
8
65504
0
4619
29
8
65504
0
4623
29
8
65504
0
4628
29
8
65504
0
4633
29
8
65504
0
4638
29
8
65504
0
4643
29
8
65504
0
4647
29
8
65504
0
4653
29
8
65504
0
4658
29
7
65504
0
4663
29
7
65504
0
4668
29
7
65504
0
4673
29
7
65504
0
4677
29
7
65504
0
4682
29
7
65504
0
4687
29
7
65504
0
4692
29
7
65504
0
4698

29
7
65504
0
4703
29
7
65504
0
4707
29
7
65504
0
4712
29
7
65504
0
4717
29
7
65504
0
4722
29
7
65504
0
4727
29
7
65504
0
4731
29
7
65504
0
4737
29
7
65504
0
4742
29
7
65504
0
4747
29
7
65504
0
4752
29
7
65504
0
4757
29
7
65504
0
4761
29
7
65504
0
4766
29
7
65504
0
4771
29
7
65504
0
4776
29
7
65504
0
4782
29
7
65504
0
4787
29
7
65504
0
4791
29
7
65504
0
4796
29
7
65504
0
4801
29
7
65504
0
4806
29
7
65504
0
4811
29
7
65504
0
4816
29
7
65504
0
4820
29
7
65504
0
4826
29
7
65504
0
4831
29
7
65504
0
4836
29
7
65504
0
4841
29
7
65504
0
4845
29
7
65504
0
4850
29
7
65504
0
4855

29
7
65504
0
4860
29
8
65504
0
4866
29
8
65504
0
4871
29
8
65504
0
4875
29
8
65504
0
4880
29
8
65504
0
4885
29
8
65504
0
4890
29
8
65504
0
4895
29
8
65504
0
4900
29
8
65504
0
4904
29
8
65504
0
4910
29
8
65504
0
4915
29
8
65504
0
4920
29
8
65504
0
4925
29
8
65504
0
4929
29
7
65504
0
4934
29
7
65504
0
4939
29
7
65504
0
4944
29
7
65504
0
4950
29
7
65504
0
4955
29
7
65504
0
4959
29
7
65504
0
4964
29
7
65504
0
4969
29
7
65504
0
4974
29
7
65504
0
4979
29
7
65504
0
4984
29
7
65504
0
4988
29
7
65504
0
4994
29
7
65504
0
4999
29
8
65504
0
5004
29
8
65504
0
5009
29
8
65504
0
5013

29
8
65504
0
5018
29
8
65504
0
5023
29
8
65504
0
5028
29
8
65504
0
5033
29
8
65504
0
5039
29
8
65504
0
5043
29
8
65504
0
5048
29
8
65504
0
5053
29
8
65504
0
5058
29
8
65504
0
5063
29
7
65504
0
5068
28
7
65504
0
5072
28
7
65504
0
5078
28
7
65504
0
5083
28
7
65504
0
5088
28
7
65504
0
5093
28
7
65504
0
5097
28
7
65504
0
5102
28
7
65504
0
5107
28
7
65504
0
5112
28
7
65504
0
5117
28
7
65504
0
5123
28
7
65504
0
5127
28
7
65504
0
5132
29
8
65504
0
5137
29
8
65504
0
5142
29
8
65504
0
5147
29
8
65504
0
5152
29
8
65504
0
5156
29
8
65504
0
5161
29
8
65504
0
5167
29
8
65504
0
5172

29
8
65504
0
5177
29
8
65504
0
5181
29
8
65504
0
5186
29
8
65504
0
5191
29
8
65504
0
5196
29
8
65504
0
5201
29
8
65504
0
5207
29
8
65504
0
5211
29
8
65504
0
5216
29
8
65504
0
5221
29
8
65504
0
5226
29
8
65504
0
5231
29
8
65504
0
5236
29
8
65504
0
5240
29
8
65504
0
5245
29
8
65504
0
5251
29
8
65504
0
5256
29
8
65504
0
5261
29
8
65504
0
5266
29
8
65504
0
5270
29
8
65504
0
5275
29
8
65504
0
5280
29
8
65504
0
5285
29
8
65504
0
5291
29
8
65504
0
5295
29
8
65504
0
5300
29
8
65504
0
5305
29
8
65504
0
5310
29
8
65504
0
5315
29
8
65504
0
5320
29
8
65504
0
5324
29
8
65504
0
5329

29
8
65504
0
5335
29
8
65504
0
5340
29
8
65504
0
5345
29
8
65504
0
5350
29
8
65504
0
5354
29
8
65504
0
5359
29
8
65504
0
5364
29
8
65504
0
5369
29
8
65504
0
5374
29
8
65504
0
5379
29
8
65504
0
5384
29
8
65504
0
5389
29
8
65504
0
5394
29
8
65504
0
5399
29
8
65504
0
5404
29
8
65504
0
5408
29
8
65504
0
5413
29
8
65504
0
5419
29
8
65504
0
5424
29
8
65504
0
5429
29
8
65504
0
5434
29
8
65504
0
5438
29
8
65504
0
5443
29
8
65504
0
5448
29
8
65504
0
5453
29
8
65504
0
5458
29
8
65504
0
5463
29
8
65504
0
5468
29
8
65504
0
5473
29
8
65504
0
5478
29
8
65504
0
5483
29
8
65504
0
5488

29
8
65504
0
5492
29
8
65504
0
5497
29
8
65504
0
5502
29
8
65504
0
5508
29
8
65504
0
5513
29
8
65504
0
5518
29
8
65504
0
5522
29
8
65504
0
5527
29
8
65504
0
5532
29
8
65504
0
5537
29
8
65504
0
5542
29
8
65504
0
5547
29
8
65504
0
5552
29
8
65504
0
5557
29
8
65504
0
5562
29
8
65504
0
5567
29
8
65504
0
5572
29
8
65504
0
5576
29
8
65504
0
5581
29
8
65504
0
5586
29
8
65504
0
5592
29
8
65504
0
5597
29
8
65504
0
5602
29
8
65504
0
5606
29
8
65504
0
5611
29
8
65504
0
5616
29
8
65504
0
5621
29
8
65504
0
5626
29
8
65504
0
5632
29
8
65504
0
5636
29
8
65504
0
5641
29
8
65504
0
5646

29
8
65504
0
5651
29
8
65504
0
5656
29
8
65504
0
5660
29
8
65504
0
5665
29
8
65504
0
5670
29
8
65504
0
5676
29
8
65504
0
5681
29
8
65504
0
5686
29
8
65504
0
5690
29
8
65504
0
5695
29
8
65504
0
5700
29
8
65504
0
5705
29
8
65504
0
5710
29
8
65504
0
5715
29
8
65504
0
5720
29
8
65504
0
5725
29
8
65504
0
5730
29
8
65504
0
5735
29
8
65504
0
5740
29
8
65504
0
5744
29
8
65504
0
5749
29
8
65504
0
5754
29
8
65504
0
5760
29
8
65504
0
5765
29
8
65504
0
5770
29
8
65504
0
5774
29
8
65504
0
5779
29
8
65504
0
5784
29
8
65504
0
5789
29
8
65504
0
5794
29
8
65504
0
5799
29
8
65504
0
5804

29
8
65504
0
5809
29
8
65504
0
5814
29
8
65504
0
5819
29
8
65504
0
5824
29
8
65504
0
5828
29
8
65504
0
5833
29
8
65504
0
5838
29
8
65504
0
5843
29
8
65504
0
5849
29
8
65504
0
5854
29
8
65504
0
5858
29
8
65504
0
5863
29
8
65504
0
5868
29
8
65504
0
5873
29
8
65504
0
5878
29
8
65504
0
5883
29
7
65504
0
5888
29
7
65504
0
5893
29
7
65504
0
5898
29
7
65504
0
5903
29
7
65504
0
5908
29
7
65504
0
5912
29
7
65504
0
5917
29
7
65504
0
5922
29
7
65504
0
5927
29
7
65504
0
5933
29
7
65504
0
5938
29
7
65504
0
5942
29
7
65504
0
5947
29
7
65504
0
5952
29
7
65504
0
5957
29
7
65504
0
5962

29
7
65504
0
5967
29
7
65504
0
5971
29
7
65504
0
5977
29
7
65504
0
5982
29
7
65504
0
5987
29
7
65504
0
5992
29
7
65504
0
5996
29
7
65504
0
6001
29
7
65504
0
6006
29
7
65504
0
6011
29
7
65504
0
6017
29
7
65504
0
6022
29
7
65504
0
6026
29
7
65504
0
6031
29
7
65504
0
6036
29
7
65504
0
6041
29
7
65504
0
6046
29
7
65504
0
6051
29
7
65504
0
6055
29
7
65504
0
6061
29
7
65504
0
6066
29
7
65504
0
6071
29
7
65504
0
6076
29
7
65504
0
6081
29
7
65504
0
6085
29
8
65504
0
6090
29
8
65504
0
6095
29
8
65504
0
6100
29
8
65504
0
6106
29
8
65504
0
6110
29
8
65504
0
6115
29
8
65504
0
6120

29
8
65504
0
6125
29
8
65504
0
6130
29
8
65504
0
6135
29
8
65504
0
6139
29
8
65504
0
6145
29
8
65504
0
6150
29
8
65504
0
6155
29
8
65504
0
6160
29
8
65504
0
6165
29
8
65504
0
6169
29
8
65504
0
6174
29
8
65504
0
6179
29
8
65504
0
6184
29
8
65504
0
6190
29
8
65504
0
6194
29
8
65504
0
6199
29
8
65504
0
6204
29
8
65504
0
6209
29
8
65504
0
6214
29
8
65504
0
6219
29
8
65504
0
6223
29
8
65504
0
6228
29
8
65504
0
6234
29
8
65504
0
6239
29
8
65504
0
6244
29
8
65504
0
6249
29
8
65504
0
6253
29
8
65504
0
6258
29
8
65504
0
6263
29
8
65504
0
6268
29
8
65504
0
6274
29
8
65504
0
6278

29
8
65504
0
6283
29
8
65504
0
6288
29
8
65504
0
6293
29
7
65504
0
6298
29
7
65504
0
6303
29
7
65504
0
6307
29
7
65504
0
6312
29
7
65504
0
6318
29
7
65504
0
6323
29
7
65504
0
6328
29
7
65504
0
6333
29
7
65504
0
6337
29
7
65504
0
6342
29
7
65504
0
6347
29
7
65504
0
6352
29
7
65504
0
6358
29
7
65504
0
6362
29
7
65504
0
6367
29
7
65504
0
6372
29
7
65504
0
6377
29
7
65504
0
6382
29
7
65504
0
6387
29
7
65504
0
6391
29
7
65504
0
6396
29
7
65504
0
6402
29
7
65504
0
6407
29
7
65504
0
6412
29
7
65504
0
6417
29
7
65504
0
6421
29
7
65504
0
6426
29
7
65504
0
6431
29
7
65504
0
6436

29
7
65504
0
6441
29
7
65504
0
6446
29
7
65504
0
6451
29
7
65504
0
6456
29
7
65504
0
6461
29
7
65504
0
6466
29
7
65504
0
6471
29
7
65504
0
6475
29
7
65504
0
6480
29
7
65504
0
6486
29
7
65504
0
6491
29
7
65504
0
6496
29
8
65504
0
6501
29
8
65504
0
6505
29
8
65504
0
6510
29
8
65504
0
6515
29
8
65504
0
6520
29
8
65504
0
6525
29
8
65504
0
6531
29
8
65504
0
6535
29
8
65504
0
6540
29
8
65504
0
6545
29
8
65504
0
6550
29
8
65504
0
6555
29
8
65504
0
6559
29
8
65504
0
6564
29
8
65504
0
6569
29
8
65504
0
6575
29
8
65504
0
6580
29
8
65504
0
6585
29
8
65504
0
6589
29
8
65504
0
6594

29
8
65504
0
6599
29
8
65504
0
6604
29
8
65504
0
6609
29
8
65504
0
6615
29
8
65504
0
6619
29
8
65504
0
6624
29
8
65504
0
6629
29
8
65504
0
6634
29
8
65504
0
6639
29
8
65504
0
6643
29
8
65504
0
6648
29
8
65504
0
6653
29
8
65504
0
6659
29
8
65504
0
6664
29
8
65504
0
6669
29
8
65504
0
6673
29
8
65504
0
6678
29
8
65504
0
6683
29
8
65504
0
6688
29
8
65504
0
6693
29
8
65504
0
6699
29
8
65505
0
6703
29
8
65505
0
6708
29
8
65505
0
6713
29
8
65505
0
6718
29
8
65505
0
6723
29
8
65505
0
6727
29
8
65505
0
6732
29
8
65505
0
6737
29
8
65505
0
6743
29
8
65505
0
6748
29
8
65505
0
6753

29
8
65505
0
6757
29
8
65505
0
6762
29
8
65505
0
6767
29
8
65504
0
6772
29
8
65504
0
6777
29
8
65504
0
6782
29
8
65504
0
6787
29
8
65504
0
6792
29
8
65504
0
6797
29
8
65504
0
6802
29
8
65504
0
6807
29
8
65504
0
6811
29
8
65504
0
6816
29
8
65504
0
6821
29
8
65504
0
6827
29
8
65504
0
6832
29
8
65504
0
6837
30
8
65504
0
6841
30
8
65504
0
6846
30
8
65504
0
6851
30
8
65504
0
6856
30
8
65504
0
6861
30
8
65504
0
6866
30
8
65504
0
6871
30
8
65504
0
6876
30
8
65504
0
6881
30
8
65504
0
6886
30
8
65504
0
6891
30
8
65504
0
6896
30
8
65504
0
6900
30
8
65504
0
6905
30
8
65504
0
6910

30
8
65504
0
6916
30
8
65504
0
6921
30
8
65504
0
6925
30
8
65504
0
6930
30
8
65504
0
6935
30
8
65504
0
6940
30
8
65504
0
6945
30
8
65504
0
6950
30
8
65504
0
6955
30
8
65504
0
6960
30
8
65504
0
6965
30
8
65504
0
6970
30
8
65504
0
6975
30
8
65504
0
6980
30
8
65504
0
6984
30
8
65504
0
6989
30
8
65504
0
6994
30
8
65504
0
7000
30
8
65504
0
7005
30
8
65504
0
7009
30
8
65504
0
7014
30
8
65504
0
7019
30
8
65504
0
7024
30
8
65504
0
7029
30
8
65504
0
7034
30
8
65504
0
7038
30
8
65504
0
7044
30
8
65504
0
7049
30
8
65504
0
7054
30
8
65504
0
7059
30
8
65504
0
7064
30
8
65504
0
7068

30
8
65504
0
7073
30
8
65504
0
7078
30
8
65504
0
7084
30
8
65504
0
7089
30
8
65504
0
7093
30
8
65504
0
7098
30
8
65504
0
7103
30
8
65504
0
7108
31
9
65504
0
7113
31
9
65504
0
7118
31
9
65504
0
7122
31
9
65504
0
7128
31
9
65504
0
7133
31
9
65504
0
7138
31
9
65504
0
7143
31
9
65504
0
7148
31
9
65504
0
7152
31
9
65504
0
7157
31
9
65504
0
7162
31
9
65504
0
7168
31
9
65504
0
7173
31
9
65504
0
7177
31
9
65503
0
7182
31
9
65503
0
7187
31
9
65503
0
7192
31
9
65503
0
7197
31
9
65503
0
7202
31
9
65503
0
7206
31
9
65503
0
7212
31
9
65503
0
7217
31
9
65503
0
7222
31
9
65503
0
7227

31
9
65503
0
7232
31
9
65503
0
7236
31
9
65503
0
7241
31
9
65503
0
7246
32
9
65504
0
7251
32
9
65504
0
7257
32
9
65504
0
7261
32
9
65504
0
7266
32
9
65504
0
7271
32
9
65504
0
7276
32
9
65504
0
7281
32
9
65504
0
7286
32
9
65504
0
7290
32
9
65504
0
7296
32
9
65504
0
7301
32
9
65504
0
7306
32
9
65504
0
7311
32
9
65504
0
7316
32
10
65503
0
7320
32
10
65503
0
7325
32
10
65503
0
7331
32
10
65503
0
7336
32
10
65503
0
7342
32
10
65503
0
7347
32
10
65503
0
7352
32
10
65503
0
7357
32
10
65503
0
7362
32
10
65503
0
7367
32
10
65503
0
7372
32
10
65503
0
7377
32
10
65503
0
7383
33
10
65502
0
7388
33
10
65502
0
7393
33
10
65502
0
7399
33
10
65502
0
7404
33
10
65502
0
7409
33
10
65502
0
7414
33
10
65502
0
7419
33
10
65502
0
7425
33
10
65502
0
7430
33
10
65502
0
7435
33
10
65502
0
7440
33
10
65502
0
7445
33
10
65502
0
7450
34
11
65501
0
7455
34
11
65501
0
7460
34
11
65501
0
7467
34
11
65501
0
7472
34
11
65501
0
7477
34
11
65501
0
7482
34
11
65501
0
7487
34
11
65501
0
7492
34
11
65501
0
7497
34
11
65501
0
7502
34
11
65501
0
7507
34
11
65501
0
7513
34
11
65501
0
7518
35
11
65499
0
7523
35
11
65499
0
7529
35
11
65499
0
7534
35
11
65499
0
7539
35
11
65499
0
7544
35
11
65499
0
7549
35
11
65499
0
7555
35
11
65499
0
7560
35
11
65499
0
7565
35
11
65499
0
7570
35
11
65499
0
7575
35
11
65499
0
7580
35
11
65499
0
7585
35
11
65498
0
7590
35
11
65498
0
7597
35
11
65498
0
7602
35
11
65498
0
7607
35
11
65498
0
7612
35
11
65498
0
7617
35
11
65498
0
7622
35
11
65498
0
7627
35
11
65498
0
7632
35
11
65498
0
7638
35
11
65498
0
7643
35
11
65498
0
7648
35
11
65498
0
7653
34
11
65499
0
7658
34
11
65499
0
7664
34
11
65499
0
7669
34
11
65499
0
7674
34
11
65499
0
7680
34
11
65499
0
7685
34
11
65499
0
7690
34
11
65499
0
7695
34
11
65499
0
7700
34
11
65499
0
7705
34
11
65499
0
7710
34
11
65499
0
7715
34
11
65499
0
7720
39
16
65502
0
7726
39
16
65502
0
7732
39
16
65502
0
7737
39
16
65502
0
7742
39
16
65502
0
7747
39
16
65502
0
7752
39
16
65502
0
7757
39
16
65502
0
7762
39
16
65502
0
7768
39
16
65502
0
7773
39
16
65502
0
7778
39
16
65502
0
7783
39
16
65502
0
7788
46
37
65488
0
7793
46
37
65488
0
7799
46
37
65488
0
7804
46
37
65488
0
7810
46
37
65488
0
7815
46
37
65488
0
7820
46
37
65488
0
7825
46
37
65488
0
7830
46
37
65488
0
7835
46
37
65488
0
7840
46
37
65488
0
7845
46
37
65488
0
7851
46
37
65488
0
7856
53
34
65470
0
7862
29
34
65470
0
7867
29
34
65470
0
7872
29
34
65470
0
7877
29
34
65470
0
7882
29
34
65470
0
7887
29
34
65470
0
7892
29
34
65470
0
7898
29
34
65470
0
7903
29
34
65470
0
7908
29
34
65470
0
7913
29
34
65470
0
7918
29
34
65470
0
7923
29
34
65470
0
7929
29
34
65470
0
7934
29
34
65470
0
7940
29
34
65470
0
7945
29
34
65470
0
7950
29
34
65470
0
7955
29
34
65470
0
7960
29
34
65470
0
7965
29
34
65470
0
7970
29
34
65470
0
7975
29
34
65470
0
7981
29
34
65470
0
7986
29
34
65470
0
7991
29
34
65470
0
7997
18
65529
65489
0
8002
18
65529
65489
0
8007

18
65529
65489
0
8013
18
65529
65489
0
8019
18
65529
65489
0
8026
18
65529
65489
0
8032
18
65529
65489
0
8038
18
65529
65489
0
8043
18
65529
65489
0
8049
18
65529
65489
0
8055
18
65529
65489
0
8061
22
65524
65500
0
8068
22
65524
65500
0
8074
22
65524
65500
0
8080
22
65524
65500
0
8085
22
65524
65500
0
8091
22
65524
65500
0
8097
22
65524
65500
0
8103
22
65524
65500
0
8110
22
65524
65500
0
8116
22
65524
65500
0
8121
22
65524
65500
0
8127
22
65524
65500
0
8133
22
65524
65500
0
8139
22
65524
65500
0
8145
22
65524
65500
0
8152
22
65524
65500
0
8157
22
65524
65500
0
8163
22
65524
65500
0
8169
22
65524
65500
0
8175
22
65524
65500
0
8181
22
65524
65500
0
8187
22
65524
65500
0
8193
22
65524
65500
0
8199

19
65530
65509
0
8205
19
65530
65509
0
8211
19
65530
65509
0
8217
19
65530
65509
0
8223
19
65530
65509
0
8229
19
65530
65509
0
8235
19
65530
65509
0
8241
19
65530
65509
0
8247
19
65530
65509
0
8253
19
65530
65509
0
8259
19
65530
65509
0
8265
19
65530
65509
0
8270
19
65530
65509
0
8276
19
65530
65509
0
8283
19
65530
65509
0
8289
19
65530
65509
0
8295
19
65530
65509
0
8301
19
65530
65509
0
8306
19
65530
65509
0
8312
19
65530
65509
0
8318
19
65530
65509
0
8325
19
65530
65509
0
8331
19
65530
65509
0
8337
13
11
65511
0
8342
13
11
65511
0
8348
13
11
65511
0
8353
13
11
65511
0
8358
13
11
65511
0
8364
13
11
65511
0
8369
13
11
65511
0
8374
13
11
65511
0
8379
13
11
65511
0
8384
13
11
65511
0
8389
13
11
65511
0
8394
13
11
65511
0
8399
13
11
65511
0
8404
12
17
65511
0
8411
12
17
65511
0
8416
12
17
65511
0
8421
12
17
65511
0
8426
12
17
65511
0
8431
12
17
65511
0
8436
12
17
65511
0
8441
12
17
65511
0
8446
12
17
65511
0
8452
12
17
65511
0
8457
12
17
65511
0
8462
12
17
65511
0
8467
12
17
65511
0
8472
12
21
65510
0
8478
12
21
65510
0
8483
12
21
65510
0
8488
12
21
65510
0
8494
12
21
65510
0
8499
12
21
65510
0
8504
12
21
65510
0
8509
12
21
65510
0
8514
12
21
65510
0
8519
12
21
65510
0
8524
12
21
65510
0
8529
12
21
65510
0
8535
12
21
65510
0
8540
13
23
65510
0
8546
13
23
65510
0
8551
13
23
65510
0
8556
13
23
65510
0
8561
13
23
65510
0
8566
13
23
65510
0
8571
13
23
65510
0
8577
13
23
65510
0
8582
13
23
65510
0
8587
13
23
65510
0
8592
13
23
65510
0
8597
13
23
65510
0
8602
13
23
65510
0
8607
15
24
65509
0
8613
15
24
65509
0
8619
15
24
65509
0
8624
15
24
65509
0
8629
15
24
65509
0
8634
15
24
65509
0
8639
15
24
65509
0
8644
15
24
65509
0
8649
15
24
65509
0
8654
15
24
65509
0
8659
15
24
65509
0
8665
15
24
65509
0
8670
15
24
65509
0
8675
18
25
65508
0
8681
18
25
65508
0
8686
18
25
65508
0
8691
18
25
65508
0
8696
18
25
65508
0
8701
18
25
65508
0
8707
18
25
65508
0
8712
18
25
65508
0
8717
18
25
65508
0
8722
18
25
65508
0
8727
18
25
65508
0
8732
18
25
65508
0
8737
18
25
65508
0
8743
21
25
65504
0
8749
21
25
65504
0
8754
21
25
65504
0
8759
21
25
65504
0
8764
21
25
65504
0
8769
21
25
65504
0
8774
21
25
65504
0
8779
21
25
65504
0
8784
21
25
65504
0
8790
21
25
65504
0
8795
21
25
65504
0
8800
21
25
65504
0
8805
21
25
65504
0
8811
21
25
65504
0
8816
21
25
65504
0
8821
21
25
65504
0
8826
21
25
65504
0
8832
21
25
65504
0
8837
21
25
65504
0
8842
21
25
65504
0
8847
21
25
65504
0
8852
21
25
65504
0
8857
21
25
65504
0
8862
21
25
65504
0
8867
21
25
65504
0
8872
21
25
65504
0
8879
24
22
65497
0
8884
24
22
65497
0
8889
24
22
65497
0
8894
24
22
65497
0
8899
24
22
65497
0
8904
24
22
65497
0
8909
24
22
65497
0
8914
24
22
65497
0
8920
24
22
65497
0
8925
24
22
65497
0
8930
24
22
65497
0
8935
24
22
65497
0
8940
24
22
65497
0
8946
24
20
65497
0
8951
23
20
65495
0
8956
23
20
65495
0
8962
23
20
65495
0
8967
23
20
65495
0
8972
23
20
65495
0
8977
23
20
65495
0
8982
23
20
65495
0
8987
23
20
65495
0
8992
23
20
65495
0
8997
23
20
65495
0
9003
23
20
65495
0
9008
23
20
65495
0
9014
23
20
65495
0
9019
23
20
65495
0
9024
23
20
65495
0
9029
23
20
65495
0
9034
23
20
65495
0
9039
23
20
65495
0
9044
23
20
65495
0
9050
23
20
65495
0
9055
23
20
65495
0
9060
23
20
65495
0
9065
23
20
65495
0
9070
23
20
65495
0
9076
23
20
65495
0
9081
23
20
65495
0
9086
23
20
65496
0
9092
23
20
65496
0
9097
23
20
65496
0
9102
23
20
65496
0
9107
23
20
65496
0
9112
23
20
65496
0
9117
23
20
65496
0
9122
23
20
65496
0
9127
23
20
65496
0
9133
23
20
65496
0
9138
23
20
65496
0
9144
23
20
65496
0
9149
23
20
65496
0
9154
24
21
65496
0
9159
24
21
65496
0
9164
24
21
65496
0
9169
24
21
65496
0
9175
24
21
65496
0
9180
24
21
65496
0
9185
24
21
65496
0
9190
24
21
65496
0
9195
24
21
65496
0
9200
24
21
65496
0
9205
24
21
65496
0
9211
24
21
65496
0
9217
24
21
65496
0
9222
23
21
65498
0
9227
23
21
65498
0
9232
23
21
65498
0
9237
23
21
65498
0
9242
23
21
65498
0
9247
23
21
65498
0
9252
23
21
65498
0
9257
23
21
65498
0
9263
23
21
65498
0
9268
23
21
65498
0
9273
23
21
65498
0
9279
23
21
65498
0
9284
23
21
65498
0
9289
23
21
65498
0
9294
23
21
65498
0
9299
23
21
65498
0
9305
23
21
65498
0
9310
23
21
65498
0
9315
23
21
65498
0
9320
23
21
65498
0
9325
23
21
65498
0
9330
23
21
65498
0
9335
23
21
65498
0
9340
23
21
65498
0
9347
23
21
65498
0
9352
23
21
65498
0
9357
23
21
65498
0
9362
23
21
65498
0
9367
23
21
65498
0
9372
23
21
65498
0
9377
23
21
65498
0
9382
23
21
65498
0
9388
23
21
65498
0
9393
23
21
65498
0
9398
23
21
65498
0
9403
23
21
65498
0
9409
23
21
65498
0
9414
23
21
65498
0
9419
23
21
65498
0
9424
23
21
65498
0
9430
23
21
65498
0
9435
23
21
65498
0
9440
23
21
65498
0
9445
23
21
65498
0
9450
23
21
65498
0
9455
23
21
65498
0
9460
23
21
65498
0
9465
23
21
65498
0
9470
23
21
65498
0
9477
23
21
65498
0
9482
23
21
65498
0
9487
23
21
65498
0
9492
23
21
65498
0
9497
23
21
65498
0
9502
23
21
65498
0
9507
23
21
65498
0
9512
23
21
65498
0
9518
23
21
65498
0
9523
23
21
65498
0
9528
23
21
65498
0
9533
23
21
65498
0
9538
23
21
65498
0
9544
23
21
65498
0
9549
23
21
65498
0
9554
23
21
65498
0
9560
22
21
65498
0
9565
22
21
65498
0
9570
22
21
65498
0
9575
22
21
65498
0
9580
22
21
65498
0
9585
22
21
65498
0
9590
22
21
65498
0
9595
22
21
65498
0
9601
22
21
65498
0
9606
22
21
65498
0
9612
22
21
65498
0
9617
22
21
65498
0
9622
22
21
65498
0
9627
22
21
65498
0
9632
22
21
65498
0
9637
22
21
65498
0
9643
22
21
65498
0
9648
22
21
65498
0
9653
22
21
65498
0
9658
22
21
65498
0
9663
22
21
65498
0
9668
22
21
65498
0
9673
22
21
65498
0
9679
22
21
65498
0
9684
22
21
65498
0
9690
22
21
65498
0
9695
22
21
65498
0
9700
23
21
65498
0
9705
23
21
65498
0
9710
23
21
65498
0
9715
23
21
65498
0
9720
23
21
65498
0
9725
23
21
65498
0
9731
23
21
65498
0
9736
23
21
65498
0
9742
23
21
65498
0
9747
23
21
65498
0
9752
23
21
65498
0
9757
23
21
65498
0
9762
23
21
65498
0
9767
23
21
65498
0
9773
23
21
65498
0
9778
23
21
65498
0
9783
23
21
65498
0
9788
23
21
65498
0
9793
23
21
65498
0
9798
23
21
65498
0
9803
23
21
65498
0
9809
23
21
65498
0
9815
23
21
65498
0
9820
23
21
65498
0
9825
23
21
65498
0
9830
23
21
65498
0
9835
22
21
65498
0
9840
22
21
65498
0
9845
22
21
65498
0
9850
22
21
65498
0
9856
22
21
65498
0
9861
22
21
65498
0
9866
22
21
65498
0
9871
22
21
65498
0
9877
22
21
65498
0
9882
22
21
65498
0
9887
22
21
65498
0
9892
22
21
65498
0
9897
22
21
65498
0
9903
23
21
65498
0
9908
23
21
65498
0
9913
23
21
65498
0
9918
23
21
65498
0
9923
23
21
65498
0
9928
23
21
65498
0
9933
23
21
65498
0
9938
23
21
65498
0
9945
23
21
65498
0
9950
23
21
65498
0
9955
23
21
65498
0
9960
23
21
65498
0
9965
23
21
65498
0
9970
23
21
65497
0
9975
23
21
65497
0
9980
23
21
65497
0
9986
23
21
65497
0
9991
23
21
65497
0
9996
23
21
65497
0
10001
23
21
65497
0
10007
23
21
65497
0
10012
23
21
65497
0
10017
23
21
65497
0
10023
23
21
65497
0
10029
23
21
65497
0
10034
23
21
65497
0
10040
23
21
65498
0
10045
23
21
65498
0
10050
23
21
65498
0
10056
23
21
65498
0
10061
23
21
65498
0
10066
23
21
65498
0
10073
23
21
65498
0
10078
23
21
65498
0
10083
23
21
65498
0
10089
23
21
65498
0
10094
23
21
65498
0
10099
23
21
65498
0
10105
23
21
65498
0
10110
23
21
65498
0
10116
23
21
65498
0
10122

23
21
65498
0
10127
23
21
65498
0
10132
23
21
65498
0
10138
23
21
65498
0
10143
23
21
65498
0
10148
23
21
65498
0
10155
23
21
65498
0
10160
23
21
65498
0
10165
23
21
65498
0
10171
23
21
65498
0
10176
23
22
65498
0
10181
23
22
65498
0
10187
23
22
65498
0
10192
23
22
65498
0
10198
23
22
65498
0
10204
23
22
65498
0
10209
23
22
65498
0
10214
23
22
65498
0
10220
23
22
65498
0
10225
23
22
65498
0
10230
23
22
65498
0
10236
23
22
65498
0
10242
23
22
65499
0
10247
23
22
65499
0
10253
23
22
65499
0
10258
23
22
65499
0
10263
23
22
65499
0
10269
23
22
65499
0
10274
23
22
65499
0
10279
23
22
65499
0
10286
23
22
65499
0
10291
23
22
65499
0
10296

23
22
65499
0
10302
23
22
65499
0
10307
23
22
65499
0
10312
23
22
65499
0
10318
23
22
65499
0
10323
23
22
65499
0
10329
23
22
65499
0
10335
23
22
65499
0
10340
23
22
65499
0
10345
23
22
65499
0
10351
23
22
65499
0
10356
23
22
65499
0
10361
23
22
65499
0
10368
23
22
65499
0
10373
23
22
65499
0
10378
23
22
65499
0
10384
23
22
65499
0
10389
23
22
65499
0
10394
23
22
65499
0
10400
23
22
65499
0
10405
23
22
65499
0
10411
23
22
65499
0
10417
23
22
65499
0
10422
23
22
65499
0
10427
23
22
65499
0
10433
23
22
65499
0
10438
23
22
65499
0
10443
23
22
65499
0
10449
23
22
65499
0
10455
23
22
65499
0
10460
23
22
65499
0
10466
23
22
65499
0
10471

23
22
65499
0
10476
23
22
65499
0
10482
23
22
65499
0
10487
23
22
65499
0
10492
23
22
65499
0
10499
23
22
65499
0
10504
23
22
65499
0
10509
23
22
65499
0
10515
23
23
65500
0
10520
23
23
65500
0
10525
23
23
65500
0
10531
23
23
65500
0
10536
23
23
65500
0
10542
23
23
65500
0
10548
23
23
65500
0
10553
23
23
65500
0
10558
23
23
65500
0
10564
23
23
65500
0
10569
23
23
65500
0
10574
23
23
65500
0
10580
23
23
65500
0
10586
22
23
65500
0
10591
22
23
65500
0
10597
22
23
65500
0
10602
22
23
65500
0
10607
22
23
65500
0
10613
22
23
65500
0
10618
22
23
65500
0
10624
22
23
65500
0
10630
22
23
65500
0
10635
22
23
65500
0
10640
22
23
65500
0
10646

22
23
65500
0
10651
22
23
65501
0
10656
22
23
65501
0
10662
22
23
65501
0
10668
22
23
65501
0
10673
22
23
65501
0
10679
22
23
65501
0
10684
22
23
65501
0
10689
22
23
65501
0
10695
22
23
65501
0
10700
22
23
65501
0
10705
22
23
65501
0
10712
22
23
65501
0
10717
22
23
65501
0
10722
22
23
65501
0
10728
22
23
65501
0
10733
22
23
65501
0
10738
22
23
65501
0
10744
22
23
65501
0
10749
22
23
65501
0
10755
22
23
65501
0
10761
22
23
65501
0
10766
22
23
65501
0
10771
22
23
65501
0
10777
22
23
65501
0
10782
22
23
65501
0
10787
22
24
65502
0
10793
22
24
65502
0
10799
22
24
65502
0
10804
22
24
65502
0
10810
22
24
65502
0
10815
22
24
65502
0
10820

22
24
65502
0
10826
22
24
65502
0
10831
22
24
65502
0
10836
22
24
65502
0
10843
22
24
65502
0
10848
22
24
65502
0
10853
22
24
65502
0
10859
22
24
65503
0
10864
22
24
65503
0
10869
22
24
65503
0
10875
22
24
65503
0
10881
22
24
65503
0
10886
22
24
65503
0
10892
22
24
65503
0
10897
22
24
65503
0
10902
22
24
65503
0
10908
22
24
65503
0
10913
22
24
65503
0
10918
22
24
65503
0
10925
21
24
65503
0
10930
21
24
65503
0
10935
21
24
65503
0
10941
21
24
65503
0
10946
21
24
65503
0
10951
21
24
65503
0
10957
21
24
65503
0
10962
21
24
65503
0
10968
21
24
65503
0
10974
21
24
65503
0
10979
21
24
65503
0
10984
21
24
65503
0
10990
21
24
65504
0
10995

21
24
65504
0
11000
21
24
65504
0
11006
21
24
65504
0
11012
21
24
65504
0
11017
21
24
65504
0
11023
21
24
65504
0
11028
21
24
65504
0
11033
21
24
65504
0
11039
21
24
65504
0
11044
21
24
65504
0
11049
21
24
65504
0
11055
21
24
65504
0
11061
21
24
65504
0
11066
21
24
65504
0
11071
21
24
65504
0
11077
21
24
65504
0
11082
21
24
65504
0
11087
21
24
65504
0
11094
21
24
65504
0
11099
21
24
65504
0
11104
21
24
65504
0
11110
21
24
65504
0
11115
21
24
65504
0
11120
21
24
65504
0
11126
21
24
65504
0
11131
21
24
65504
0
11137
21
24
65504
0
11143
21
24
65504
0
11148
21
24
65504
0
11153
21
24
65504
0
11159
21
24
65504
0
11164
21
24
65504
0
11169

21
24
65504
0
11175
21
24
65504
0
11181
21
24
65504
0
11186
21
24
65504
0
11192
21
24
65504
0
11197
20
24
65505
0
11202
20
24
65505
0
11208
20
24
65505
0
11213
20
24
65505
0
11218
20
24
65505
0
11225
20
24
65505
0
11230
20
24
65505
0
11235
20
24
65505
0
11241
20
24
65505
0
11246
20
24
65505
0
11251
20
24
65505
0
11257
20
24
65505
0
11262
19
24
65506
0
11268
19
24
65506
0
11274
19
24
65506
0
11279
19
24
65506
0
11284
19
24
65506
0
11290
19
24
65506
0
11295
19
24
65506
0
11300
19
24
65506
0
11307
19
24
65506
0
11312
19
24
65506
0
11317
19
24
65506
0
11323
19
24
65506
0
11328
19
24
65506
0
11333
19
24
65506
0
11339
19
24
65506
0
11344

19
24
65506
0
11350
19
24
65506
0
11356
19
24
65506
0
11361
19
24
65506
0
11366
19
24
65506
0
11372
19
24
65506
0
11377
19
24
65506
0
11382
19
24
65506
0
11388
19
24
65506
0
11394
19
24
65506
0
11399
19
24
65506
0
11405
19
24
65506
0
11410
19
24
65506
0
11415
19
24
65506
0
11421
19
24
65506
0
11426
19
24
65506
0
11431
19
24
65506
0
11438
19
24
65506
0
11443
19
24
65506
0
11448
19
24
65506
0
11454
19
24
65506
0
11459
19
24
65506
0
11464
19
24
65506
0
11470
18
24
65507
0
11475
18
24
65507
0
11481
18
24
65507
0
11487
18
24
65507
0
11492
18
24
65507
0
11497
18
24
65507
0
11503
18
24
65507
0
11508
18
24
65507
0
11513
18
24
65507
0
11520

18
24
65507
0
11525
18
24
65507
0
11530
18
24
65507
0
11536
18
25
65507
0
11541
18
25
65507
0
11546
18
25
65507
0
11552
18
25
65507
0
11557
18
25
65507
0
11563
18
25
65507
0
11569
18
25
65507
0
11574
18
25
65507
0
11579
18
25
65507
0
11585
18
25
65507
0
11590
18
25
65507
0
11595
18
25
65507
0
11601
18
25
65507
0
11607
18
24
65507
0
11612
18
24
65507
0
11618
18
24
65507
0
11623
18
24
65507
0
11628
18
24
65507
0
11634
18
24
65507
0
11639
18
24
65507
0
11644
18
24
65507
0
11651
18
24
65507
0
11656
18
24
65507
0
11661
18
24
65507
0
11667
18
24
65507
0
11672
18
24
65507
0
11677
18
24
65507
0
11683
18
24
65507
0
11688
18
24
65507
0
11694

18
24
65507
0
11700
18
24
65507
0
11705
18
24
65507
0
11710
18
24
65507
0
11716
18
24
65507
0
11721
18
24
65507
0
11726
18
24
65507
0
11732
18
24
65507
0
11738
18
24
65507
0
11743
18
25
65507
0
11749
18
25
65507
0
11754
18
25
65507
0
11759
18
25
65507
0
11765
18
25
65507
0
11770
18
25
65507
0
11776
18
25
65507
0
11782
18
25
65507
0
11787
18
25
65507
0
11792
18
25
65507
0
11798
18
25
65507
0
11803
18
25
65507
0
11808
18
25
65507
0
11814
18
25
65507
0
11820
18
25
65507
0
11825
18
25
65507
0
11831
18
25
65507
0
11836
18
25
65507
0
11841
18
25
65507
0
11847
18
25
65507
0
11852
18
25
65507
0
11857
18
25
65507
0
11864
18
25
65507
0
11869

18
25
65507
0
11874
18
25
65507
0
11880
18
25
65507
0
11885
18
25
65507
0
11890
18
25
65507
0
11896
18
25
65507
0
11901
18
25
65507
0
11907
18
25
65507
0
11913
18
25
65507
0
11918
18
25
65507
0
11923
18
25
65507
0
11929
18
25
65507
0
11934
18
25
65507
0
11939
18
25
65507
0
11945
18
25
65507
0
11951
18
25
65507
0
11956
18
25
65507
0
11962
18
25
65507
0
11967
18
25
65507
0
11972
18
25
65507
0
11978
18
25
65507
0
11983
18
25
65507
0
11988
18
25
65507
0
11995
18
25
65507
0
12000
18
25
65507
0
12005
18
25
65507
0
12011
18
25
65507
0
12016
18
24
65507
0
12021
18
24
65507
0
12027
18
24
65507
0
12033
18
24
65507
0
12038
18
24
65507
0
12044

18
24
65507
0
12049
18
24
65507
0
12054
18
24
65507
0
12060
18
24
65507
0
12065
18
24
65507
0
12070
18
24
65507
0
12077
18
24
65507
0
12082
18
25
65507
0
12087
18
25
65507
0
12093
18
25
65507
0
12098
18
25
65507
0
12103
18
25
65507
0
12109
18
25
65507
0
12114
18
25
65507
0
12120
18
25
65507
0
12126
18
25
65507
0
12131
18
25
65507
0
12136
18
25
65507
0
12142
18
25
65507
0
12147
18
25
65507
0
12152
18
24
65507
0
12158
18
24
65507
0
12164
18
24
65507
0
12169
18
24
65507
0
12175
18
24
65507
0
12180
18
24
65507
0
12185
18
24
65507
0
12191
18
24
65507
0
12196
18
24
65507
0
12201
18
24
65507
0
12208
18
24
65507
0
12213
18
24
65507
0
12218

18
25
65507
0
12224
18
25
65507
0
12229
18
25
65507
0
12234
18
25
65507
0
12240
18
25
65507
0
12246
18
25
65507
0
12251
18
25
65507
0
12257
18
25
65507
0
12262
18
25
65507
0
12267
18
25
65507
0
12273
18
25
65507
0
12278
18
25
65507
0
12283
18
25
65507
0
12290
18
25
65507
0
12295
18
25
65507
0
12300
18
25
65507
0
12306
18
25
65507
0
12311
18
25
65507
0
12316
18
25
65507
0
12322
18
25
65507
0
12327
18
25
65507
0
12333
18
25
65507
0
12339
18
25
65507
0
12344
18
25
65507
0
12349
18
25
65507
0
12355
18
24
65507
0
12360
18
24
65507
0
12365
18
24
65507
0
12371
18
24
65507
0
12377
18
24
65507
0
12382
18
24
65507
0
12388
18
24
65507
0
12393

18
24
65507
0
12398
18
24
65507
0
12404
18
24
65507
0
12409
18
24
65507
0
12414
18
24
65507
0
12421
18
24
65507
0
12426
17
24
65507
0
12431
17
24
65507
0
12436
17
24
65507
0
12442
17
24
65507
0
12447
17
24
65507
0
12452
17
24
65507
0
12459
17
24
65507
0
12464
17
24
65507
0
12469
17
24
65507
0
12475
17
24
65507
0
12480
17
24
65507
0
12485
17
24
65507
0
12491
17
24
65507
0
12496
17
24
65507
0
12502
17
24
65507
0
12508
17
24
65507
0
12513
17
24
65507
0
12518
17
24
65507
0
12524
17
24
65507
0
12529
17
24
65507
0
12534
17
24
65507
0
12540
17
24
65507
0
12546
17
24
65507
0
12551
17
24
65507
0
12557
17
25
65507
0
12562
17
25
65507
0
12567

17
25
65507
0
12573
17
25
65507
0
12578
17
25
65507
0
12583
17
25
65507
0
12590
17
25
65507
0
12595
17
25
65507
0
12600
17
25
65507
0
12606
17
25
65507
0
12611
17
25
65507
0
12616
17
25
65507
0
12622
17
25
65507
0
12627
17
24
65508
0
12633
17
24
65508
0
12639
17
24
65508
0
12644
17
24
65508
0
12649
17
24
65508
0
12655
17
24
65508
0
12660
17
24
65508
0
12665
17
24
65508
0
12672
17
24
65508
0
12677
17
24
65508
0
12682
17
24
65508
0
12688
17
24
65508
0
12693
17
24
65508
0
12698
17
24
65508
0
12704
17
24
65508
0
12709
17
24
65508
0
12715
17
24
65508
0
12721
17
24
65508
0
12726
17
24
65508
0
12731
17
24
65508
0
12737
17
24
65508
0
12742

17
24
65508
0
12747
17
24
65508
0
12753
17
24
65508
0
12759
17
24
65508
0
12764
16
24
65508
0
12770
16
24
65508
0
12775
16
24
65508
0
12780
16
24
65508
0
12786
16
24
65508
0
12791
16
24
65508
0
12796
16
24
65508
0
12803
16
24
65508
0
12808
16
24
65508
0
12813
16
24
65508
0
12819
16
24
65508
0
12824
16
24
65508
0
12829
16
24
65508
0
12835
16
24
65508
0
12840
16
24
65508
0
12846
16
24
65508
0
12852
16
24
65508
0
12857
16
24
65508
0
12862
16
24
65508
0
12868
16
24
65508
0
12873
16
24
65508
0
12878
16
24
65508
0
12884
16
24
65508
0
12890
16
24
65508
0
12895
16
24
65508
0
12901
16
24
65508
0
12906
16
24
65508
0
12911
16
24
65508
0
12917

16
24
65508
0
12922
16
24
65508
0
12928
16
24
65508
0
12934
16
24
65508
0
12939
16
24
65508
0
12944
16
24
65508
0
12950
16
24
65508
0
12955
16
24
65508
0
12960
16
24
65508
0
12966
15
23
65509
0
12972
15
23
65509
0
12977
15
23
65509
0
12983
15
23
65509
0
12988
15
23
65509
0
12993
15
23
65509
0
12999
15
23
65509
0
13004
15
23
65509
0
13009
15
23
65509
0
13016
15
23
65509
0
13021
15
23
65509
0
13026
15
23
65509
0
13032
15
23
65509
0
13037
14
23
65508
0
13042
14
23
65508
0
13048
14
23
65508
0
13053
14
23
65508
0
13059
14
23
65508
0
13065
14
23
65508
0
13070
14
23
65508
0
13075
14
23
65508
0
13081
14
23
65508
0
13086
14
23
65508
0
13091

14
23
65508
0
13097
14
23
65508
0
13103
13
21
65509
0
13108
13
21
65509
0
13114
13
21
65509
0
13119
13
21
65509
0
13124
13
21
65509
0
13130
13
21
65509
0
13135
13
21
65509
0
13140
13
21
65509
0
13147
13
21
65509
0
13152
13
21
65509
0
13157
13
21
65509
0
13163
13
21
65509
0
13168
13
21
65509
0
13173
13
19
65508
0
13179
13
19
65508
0
13185
13
19
65508
0
13190
13
19
65508
0
13196
13
19
65508
0
13201
13
19
65508
0
13206
13
19
65508
0
13212
13
19
65508
0
13217
13
19
65508
0
13222
13
19
65508
0
13229
13
19
65508
0
13234
13
19
65508
0
13239
13
18
65509
0
13245
13
18
65509
0
13250
13
18
65509
0
13255
13
18
65509
0
13261
13
18
65509
0
13266

13
18
65509
0
13272
13
18
65509
0
13278
13
18
65509
0
13283
13
18
65509
0
13288
13
18
65509
0
13294
13
18
65509
0
13299
13
18
65509
0
13304
13
18
65509
0
13310
12
17
65509
0
13316
12
17
65509
0
13321
12
17
65509
0
13327
12
17
65509
0
13332
12
17
65509
0
13337
12
17
65509
0
13343
12
17
65509
0
13348
12
17
65509
0
13353
12
17
65509
0
13360
12
17
65509
0
13365
12
17
65509
0
13370
12
17
65509
0
13376
13
15
65510
0
13381
13
15
65510
0
13386
13
15
65510
0
13392
13
15
65510
0
13398
13
15
65510
0
13403
13
15
65510
0
13409
13
15
65510
0
13414
13
15
65510
0
13419
13
15
65510
0
13425
13
15
65510
0
13430
13
15
65510
0
13435
13
15
65510
0
13442

13
15
65510
0
13447
14
12
65511
0
13452
14
12
65511
0
13458
14
12
65511
0
13463
14
12
65511
0
13468
14
12
65511
0
13474
14
12
65511
0
13479
14
12
65511
0
13485
14
12
65511
0
13491
14
12
65511
0
13496
14
12
65511
0
13501
14
12
65511
0
13507
14
12
65511
0
13512
15
6
65510
0
13517
15
6
65510
0
13522
15
6
65510
0
13528
15
6
65510
0
13533
15
6
65510
0
13539
15
6
65510
0
13544
15
6
65510
0
13549
15
6
65510
0
13554
15
6
65510
0
13559
15
6
65510
0
13564
15
6
65510
0
13570
15
6
65510
0
13575
15
6
65510
0
13580
13
65534
65507
0
13585
13
65534
65507
0
13591
13
65534
65507
0
13597
13
65534
65507
0
13604
13
65534
65507
0
13611
13
65534
65507
0
13617
13
65534
65507
0
13623
13
65534
65507
0
13629
13
65534
65507
0
13635
13
65534
65507
0
13641
13
65534
65507
0
13647
13
65525
65503
0
13654
13
65525
65503
0
13660
13
65525
65503
0
13666
13
65525
65503
0
13673
13
65525
65503
0
13679
13
65525
65503
0
13685
13
65525
65503
0
13691
13
65525
65503
0
13698
13
65525
65503
0
13704
13
65525
65503
0
13710
13
65525
65503
0
13716
15
65520
65498
0
13722
15
65520
65498
0
13728
15
65520
65498
0
13735
15
65520
65498
0
13742
15
65520
65498
0
13748
15
65520
65498
0
13754
15
65520
65498
0
13760
15
65520
65498
0
13766
15
65520
65498
0
13772
15
65520
65498
0
13778
15
65520
65498
0
13785
14
65515
65492
0
13791
14
65515
65492
0
13797
14
65515
65492
0
13804
14
65515
65492
0
13810
14
65515
65492
0
13816
14
65515
65492
0
13822
14
65515
65492
0
13829
14
65515
65492
0
13835
14
65515
65492
0
13841
14
65515
65492
0
13847
14
65515
65492
0
13853
19
65520
65497
0
13859
19
65520
65497
0
13865
19
65520
65497
0
13873
19
65520
65497
0
13879
19
65520
65497
0
13885
19
65520
65497
0
13891
19
65520
65497
0
13897
19
65520
65497
0
13903
19
65520
65497
0
13910
19
65520
65497
0
13916
19
65520
65497
0
13922
19
65521
65493
0
13928
19
65521
65493
0
13935
19
65521
65493
0
13941
19
65521
65493
0
13947
19
65521
65493
0
13954
19
65521
65493
0
13960
19
65521
65493
0
13966
19
65521
65493
0
13972
19
65521
65493
0
13978
19
65521
65493
0
13984
19
65521
65493
0
13990
17
65524
65488
0
13997
17
65524
65488
0
14004
17
65524
65488
0
14010
17
65524
65488
0
14016
17
65524
65488
0
14022
17
65524
65488
0
14028
17
65524
65488
0
14034
17
65524
65488
0
14041
17
65524
65488
0
14047
17
65524
65488
0
14053
17
65524
65488
0
14059
16
65534
65477
0
14065
16
65534
65477
0
14072
16
65534
65477
0
14078
16
65534
65477
0
14085
16
65534
65477
0
14091
16
65534
65477
0
14097
16
65534
65477
0
14103
16
65534
65477
0
14109
16
65534
65477
0
14115
16
65534
65477
0
14121
16
65534
65477
0
14128
19
12
65470
0
14135
19
12
65470
0
14140
19
12
65470
0
14145
19
12
65470
0
14151
19
12
65470
0
14156
19
12
65470
0
14161
19
12
65470
0
14168
19
12
65470
0
14173
19
12
65470
0
14178
19
12
65470
0
14183
19
12
65470
0
14189
19
12
65470
0
14194
24
30
65465
0
14199
24
30
65465
0
14205
24
30
65465
0
14211
24
30
65465
0
14216
24
30
65465
0
14222
24
30
65465
0
14227
24
30
65465
0
14232
24
30
65465
0
14238
24
30
65465
0
14243
24
30
65465
0
14248
24
30
65465
0
14255
24
30
65465
0
14260
33
45
65464
0
14265
33
45
65464
0
14271
33
45
65464
0
14276
33
45
65464
0
14281
33
45
65464
0
14287
33
45
65464
0
14292
33
45
65464
0
14298

33
45
65464
0
14304
33
45
65464
0
14309
33
45
65464
0
14314
33
45
65464
0
14320
33
45
65464
0
14325
33
45
65464
0
14330
47
41
65485
0
14337
47
41
65485
0
14342
47
41
65485
0
14347
47
41
65485
0
14353
47
41
65485
0
14358
47
41
65485
0
14363
47
41
65485
0
14369
47
41
65485
0
14374
47
41
65485
0
14380
47
41
65485
0
14386
47
41
65485
0
14391
47
41
65485
0
14396
42
23
65501
0
14402
42
23
65501
0
14407
42
23
65501
0
14412
42
23
65501
0
14418
42
23
65501
0
14424
42
23
65501
0
14429
42
23
65501
0
14435
42
23
65501
0
14440
42
23
65501
0
14445
42
23
65501
0
14451
42
23
65501
0
14456
42
23
65501
0
14461
42
23
65501
0
14468
35
15
65502
0
14473

35
15
65502
0
14478
35
15
65502
0
14484
35
15
65502
0
14489
35
15
65502
0
14494
35
15
65502
0
14500
35
15
65502
0
14505
35
15
65502
0
14511
35
15
65502
0
14517
35
15
65502
0
14522
35
15
65502
0
14527
35
15
65502
0
14533
35
15
65502
0
14538
35
15
65502
0
14543
35
15
65502
0
14550
35
15
65502
0
14555
35
15
65502
0
14560
35
15
65502
0
14566
35
15
65502
0
14571
35
15
65502
0
14576
35
15
65502
0
14582
35
15
65502
0
14587
35
15
65502
0
14593
35
15
65502
0
14599
35
15
65502
0
14604
33
12
65497
0
14609
33
12
65497
0
14615
33
12
65497
0
14620
33
12
65497
0
14625
33
12
65497
0
14631
33
12
65497
0
14637
33
12
65497
0
14642
33
12
65497
0
14648

33
12
65497
0
14653
33
12
65497
0
14658
33
12
65497
0
14664
33
12
65497
0
14669
34
13
65497
0
14674
34
13
65497
0
14681
34
13
65497
0
14686
34
13
65497
0
14691
34
13
65497
0
14697
34
13
65497
0
14702
34
13
65497
0
14707
34
13
65497
0
14713
34
13
65497
0
14718
34
13
65497
0
14724
34
13
65497
0
14730
34
13
65497
0
14735
34
13
65497
0
14740
34
13
65499
0
14746
34
13
65499
0
14751
34
13
65499
0
14756
34
13
65499
0
14763
34
13
65499
0
14768
34
13
65499
0
14773
34
13
65499
0
14779
34
13
65499
0
14784
34
13
65499
0
14789
34
13
65499
0
14795
34
13
65499
0
14800
34
13
65499
0
14806
34
12
65500
0
14812
34
12
65500
0
14817
34
12
65500
0
14822

34
12
65500
0
14828
34
12
65500
0
14833
34
12
65500
0
14838
34
12
65500
0
14844
34
12
65500
0
14850
34
12
65500
0
14855
34
12
65500
0
14861
34
12
65500
0
14866
34
12
65500
0
14871
34
12
65500
0
14877
33
12
65501
0
14882
33
12
65501
0
14887
33
12
65501
0
14894
33
12
65501
0
14899
33
12
65501
0
14904
33
12
65501
0
14910
33
12
65501
0
14915
33
12
65501
0
14920
33
12
65501
0
14926
33
12
65501
0
14931
33
12
65501
0
14937
33
12
65501
0
14943
32
12
65501
0
14948
32
12
65501
0
14953
32
12
65501
0
14959
32
12
65501
0
14964
32
12
65501
0
14969
32
12
65501
0
14976
32
12
65501
0
14981
32
12
65501
0
14986
32
12
65501
0
14992
32
12
65501
0
14997

32
12
65501
0
15002
32
12
65501
0
15008
32
12
65501
0
15013
32
11
65502
0
15019
32
11
65502
0
15025
32
11
65502
0
15030
32
11
65502
0
15035
32
11
65502
0
15041
32
11
65502
0
15046
32
11
65502
0
15051
32
11
65502
0
15057
32
11
65502
0
15063
32
11
65502
0
15068
32
11
65502
0
15074
32
11
65502
0
15079
32
11
65502
0
15084
32
11
65502
0
15090
32
11
65502
0
15095
32
11
65502
0
15100
32
11
65502
0
15107
32
11
65502
0
15112
32
11
65502
0
15117
32
11
65502
0
15123
32
11
65502
0
15128
32
11
65502
0
15133
32
11
65502
0
15139
32
11
65502
0
15144
32
11
65502
0
15150
32
11
65503
0
15156
32
11
65503
0
15161
32
11
65503
0
15166
32
11
65503
0
15172

32
11
65503
0
15177
32
11
65503
0
15182
32
11
65503
0
15188
32
11
65503
0
15194
32
11
65503
0
15199
32
11
65503
0
15205
32
11
65503
0
15210
32
11
65503
0
15215
31
11
65503
0
15221
31
11
65503
0
15226
31
11
65503
0
15232
31
11
65503
0
15238
31
11
65503
0
15243
31
11
65503
0
15248
31
11
65503
0
15254
31
11
65503
0
15259
31
11
65503
0
15264
31
11
65503
0
15270
31
11
65503
0
15276
31
11
65503
0
15281
31
11
65503
0
15287
31
10
65503
0
15292
31
10
65503
0
15297
31
10
65503
0
15303
31
10
65503
0
15308
31
10
65503
0
15313
31
10
65503
0
15320
31
10
65503
0
15325
31
10
65503
0
15330
31
10
65503
0
15336
31
10
65503
0
15341
31
10
65503
0
15346

31
10
65503
0
15352
30
10
65504
0
15357
30
10
65504
0
15363
30
10
65504
0
15369
30
10
65504
0
15374
30
10
65504
0
15379
30
10
65504
0
15385
30
10
65504
0
15390
30
10
65504
0
15395
30
10
65504
0
15401
30
10
65504
0
15407
30
10
65504
0
15412
30
10
65504
0
15418
30
10
65504
0
15423
30
10
65503
0
15428
30
10
65503
0
15434
30
10
65503
0
15439
30
10
65503
0
15444
30
10
65503
0
15451
30
10
65503
0
15456
30
10
65503
0
15461
30
10
65503
0
15467
30
10
65503
0
15472
30
10
65503
0
15477
30
10
65503
0
15483
30
10
65503
0
15489
30
10
65504
0
15494
30
10
65504
0
15500
30
10
65504
0
15505
30
10
65504
0
15510
30
10
65504
0
15516
30
10
65504
0
15521

30
10
65504
0
15526
30
10
65504
0
15533
30
10
65504
0
15538
30
10
65504
0
15543
30
10
65504
0
15549
30
10
65504
0
15554
30
10
65504
0
15559
30
10
65504
0
15564
30
10
65504
0
15570
30
10
65504
0
15576
30
10
65504
0
15581
30
10
65504
0
15587
30
10
65504
0
15592
30
10
65504
0
15597
30
10
65504
0
15603
30
10
65504
0
15608
30
10
65504
0
15613
30
10
65504
0
15620
30
10
65504
0
15625
29
10
65504
0
15630
29
10
65504
0
15636
29
10
65504
0
15641
29
10
65504
0
15646
29
10
65504
0
15652
29
10
65504
0
15657
29
10
65504
0
15663
29
10
65504
0
15669
29
10
65504
0
15674
29
10
65504
0
15679
29
10
65504
0
15685
29
10
65504
0
15690
29
10
65504
0
15695

29
10
65504
0
15702
29
10
65504
0
15707
29
10
65504
0
15712
29
10
65504
0
15718
29
10
65504
0
15723
29
10
65504
0
15728
29
10
65504
0
15734
29
10
65504
0
15739
29
10
65504
0
15745
29
10
65504
0
15751
29
10
65504
0
15756
29
10
65504
0
15761
29
9
65504
0
15767
29
9
65504
0
15772
29
9
65504
0
15777
29
9
65504
0
15782
29
9
65504
0
15788

29
9
65504
0
15793
29
9
65504
0
15798
29
9
65504
0
15803
29
9
65504
0
15808
29
9
65504
0
15813
29
9
65504
0
15819
29
9
65504
0
15824
29
9
65504
0
15830

29
9
65504
0
15835
29
9
65504
0
15840
29
9
65504
0
15845
29
9
65504
0
15850
29
9
65504
0
15855
29
9
65504
0
15860
29
9
65504
0
15865
29
9
65504
0
15870

29
9
65504
0
15876
29
9
65504
0
15882
29
9
65504
0
15887
29
9
65504
0
15892
29
9
65504
0
15897
29
9
65504
0
15902
29
9
65504
0
15907
29
9
65504
0
15912

29
9
65504
0
15918
29
9
65504
0
15923
29
9
65504
0
15928
29
9
65504
0
15933
29
9
65504
0
15938
29
9
65504
0
15943
29
9
65504
0
15949
29
9
65504
0
15954

29
9
65504
0
15960
29
9
65504
0
15965
29
10
65504
0
15970
29
10
65504
0
15975
29
10
65504
0
15980
29
10
65504
0
15986
29
10
65504
0
15991
29
10
65504
0
15996
29
10
65504
0
16003
29
10
65504
0
16008
29
10
65504
0
16013
29
10
65504
0
16019
29
10
65504
0
16024
29
10
65504
0
16029
29
10
65504
0
16035
29
9
65504
0
16040
29
9
65504
0
16046
29
9
65504
0
16051
29
9
65504
0
16056
29
9
65504
0
16061
29
9
65504
0
16067
29
9
65504
0
16072
29
9
65504
0
16077
29
9
65504
0
16082
29
9
65504
0
16088
29
9
65504
0
16093
29
9
65504
0
16098
29
9
65504
0
16103
29
10
65504
0
16108
29
10
65504
0
16113
29
10
65504
0
16119
29
10
65504
0
16124
29
10
65504
0
16130
29
10
65504
0
16136
29
10
65504
0
16141
29
10
65504
0
16146
29
10
65504
0
16152
29
10
65504
0
16157
29
10
65504
0
16162
29
10
65504
0
16168
29
9
65504
0
16174
29
9
65504
0
16179
29
9
65504
0
16184
29
9
65504
0
16189
29
9
65504
0
16194
29
9
65504
0
16200
29
9
65504
0
16205
29
9
65504
0
16210
29
9
65504
0
16216
29
9
65504
0
16221
29
9
65504
0
16226
29
9
65504
0
16231
29
9
65504
0
16236
28
9
65504
0
16241
28
9
65504
0
16246
28
9
65504
0
16251
28
9
65504
0
16257
28
9
65504
0
16262
28
9
65504
0
16268
28
9
65504
0
16273
28
9
65504
0
16278
28
9
65504
0
16283
28
9
65504
0
16288
28
9
65504
0
16293
28
9
65504
0
16299
28
9
65504
0
16304
28
9
65504
0
16309
29
9
65504
0
16314
29
9
65504
0
16319
29
9
65504
0
16324
29
9
65504
0
16329
29
9
65504
0
16335
29
9
65504
0
16340
29
9
65504
0
16346
29
9
65504
0
16351
29
9
65504
0
16356
29
9
65504
0
16361
29
9
65504
0
16366
29
9
65504
0
16371
29
9
65504
0
16376
29
9
65504
0
16381
29
9
65504
0
16387
29
9
65504
0
16392
29
9
65504
0
16398
29
9
65504
0
16403
29
9
65504
0
16408
29
9
65504
0
16413
29
9
65504
0
16418
29
9
65504
0
16423
29
9
65504
0
16429
29
9
65504
0
16434
29
9
65504
0
16439
29
9
65504
0
16444
28
9
65504
0
16449
28
9
65504
0
16454
28
9
65504
0
16459
28
9
65504
0
16465
28
9
65504
0
16471
28
9
65504
0
16476
28
9
65504
0
16481
28
9
65504
0
16486
28
9
65504
0
16491
28
9
65504
0
16496
28
9
65504
0
16501
28
9
65504
0
16506
28
9
65504
0
16512
28
9
65504
0
16517
28
9
65504
0
16522
28
9
65504
0
16527
28
9
65504
0
16533
28
9
65504
0
16538
28
9
65504
0
16543
28
9
65504
0
16548
28
9
65504
0
16553
28
9
65504
0
16559
28
9
65504
0
16564
28
9
65504
0
16569
28
9
65504
0
16574
28
9
65504
0
16579
28
9
65504
0
16584
28
9
65504
0
16589
28
9
65504
0
16594
28
9
65504
0
16601
28
9
65504
0
16606
28
9
65504
0
16611
28
9
65504
0
16616
28
9
65504
0
16621
28
9
65504
0
16626
28
9
65504
0
16631
28
9
65504
0
16636
28
9
65504
0
16642
28
9
65504
0
16647
28
9
65504
0
16652
28
9
65504
0
16657
28
9
65504
0
16662
28
9
65504
0
16668
28
9
65504
0
16673
28
9
65504
0
16678
28
9
65504
0
16684
28
9
65504
0
16689
28
9
65504
0
16694
28
9
65504
0
16699
28
9
65504
0
16704
28
9
65504
0
16709
28
9
65504
0
16714
28
9
65504
0
16719
28
9
65504
0
16724
28
9
65504
0
16731
28
9
65504
0
16736
28
9
65504
0
16741
28
9
65504
0
16746
28
9
65504
0
16751
28
9
65504
0
16756
28
9
65504
0
16761
28
9
65504
0
16766
28
9
65504
0
16772
28
9
65504
0
16777
28
9
65504
0
16782
28
9
65504
0
16787
28
9
65504
0
16792
28
9
65504
0
16798
28
9
65504
0
16803
28
9
65504
0
16808
28
9
65504
0
16814
28
9
65504
0
16819
28
9
65504
0
16824
28
9
65504
0
16829
28
9
65504
0
16834
28
9
65504
0
16839
28
9
65504
0
16844
28
9
65504
0
16849
28
9
65504
0
16855
28
9
65504
0
16860
28
9
65504
0
16866
28
9
65504
0
16871
28
9
65504
0
16876
28
9
65504
0
16881
28
9
65504
0
16886
28
9
65504
0
16891
28
9
65504
0
16897
28
9
65504
0
16902
28
9
65504
0
16907
28
9
65504
0
16912
28
9
65504
0
16917
28
9
65504
0
16922
28
9
65504
0
16927
28
9
65504
0
16933
28
9
65504
0
16939
28
9
65504
0
16944
28
9
65504
0
16949
28
9
65504
0
16954
28
9
65504
0
16959
28
9
65504
0
16964
28
9
65504
0
16969
28
9
65504
0
16974
28
9
65504
0
16979
28
9
65504
0
16985
28
9
65504
0
16990
28
9
65504
0
16995
28
9
65504
0
17001
28
9
65504
0
17006
28
9
65504
0
17011
28
9
65504
0
17016
28
9
65504
0
17021
28
9
65504
0
17027
28
9
65504
0
17032
28
9
65504
0
17037
28
9
65504
0
17042
28
9
65504
0
17047
28
9
65504
0
17052
28
9
65504
0
17057
28
9
65504
0
17063
28
9
65504
0
17069
28
9
65504
0
17074
28
9
65504
0
17079
28
9
65504
0
17084
28
9
65504
0
17089
28
9
65504
0
17094
28
9
65504
0
17099
28
9
65504
0
17104
28
9
65504
0
17110
28