27
10
65504
0
35686
27
10
65504
0
35692
27
10
65504
0
35697

27
10
65504
0
35702
27
10
65504
0
35708
27
10
65504
0
35714
27
10
65504
0
35719
27
10
65504
0
35725
27
10
65504
0
35730
27
10
65504
0
35735
27
10
65504
0
35741
27
10
65504
0
35746
27
10
65504
0
35751
27
10
65504
0
35758
27
10
65504
0
35763
27
10
65504
0
35768
27
10
65504
0
35774
27
10
65504
0
35779
27
9
65504
0
35784
27
9
65504
0
35789
27
9
65504
0
35794
27
9
65504
0
35801
27
9
65504
0
35806
27
9
65504
0
35811
27
9
65504
0
35816
27
9
65504
0
35821
27
9
65504
0
35826
27
9
65504
0
35831
27
9
65504
0
35836
27
9
65504
0
35842
27
9
65504
0
35847
27
10
65504
0
35852
27
10
65504
0
35858
27
10
65504
0
35863
27
10
65504
0
35868
27
10
65504
0
35874
27
10
65504
0
35879
27
10
65504
0
35885
27
10
65504
0
35891
27
10
65504
0
35896
27
10
65504
0
35901
27
10
65504
0
35907
27
10
65504
0
35912
27
10
65504
0
35917
27
10
65504
0
35923
27
10
65504
0
35929
27
10
65504
0
35934
27
10
65504
0
35940
27
10
65504
0
35945
27
10
65504
0
35950
27
10
65504
0
35956
27
10
65504
0
35961
27
10
65504
0
35966
27
10
65504
0
35973
27
10
65504
0
35978
27
10
65504
0
35983
27
10
65504
0
35989
27
10
65504
0
35994
27
10
65504
0
35999
27
10
65504
0
36005

27
10
65504
0
36011
27
10
65504
0
36016
27
10
65504
0
36022
27
10
65504
0
36027
27
10
65504
0
36032
27
10
65504
0
36038
27
10
65504
0
36043
27
10
65504
0
36048
27
10
65504
0
36055
27
9
65504
0
36060
27
9
65504
0
36065
27
9
65504
0
36070
27
9
65504
0
36075
27
9
65504
0
36080
27
9
65504
0
36085
27
9
65504
0
36090
27
9
65504
0
36096
27
9
65504
0
36102
27
9
65504
0
36107
27
9
65504
0
36112
27
9
65504
0
36117
27
9
65504
0
36122
27
10
65504
0
36127
27
10
65504
0
36132
27
10
65504
0
36139

27
10
65504
0
36144
27
10
65504
0
36149
27
10
65504
0
36155
27
10
65504
0
36160
27
10
65504
0
36165
27
10
65504
0
36171
27
10
65504
0
36176
27
10
65504
0
36182
27
10
65504
0
36188
27
10
65504
0
36193
27
10
65504
0
36198
27
10
65504
0
36204
27
10
65504
0
36209
27
10
65504
0
36214
27
10
65504
0
36220
27
10
65504
0
36226
27
10
65504
0
36231
27
10
65504
0
36237
27
10
65504
0
36242
27
10
65504
0
36247
27
10
65504
0
36253
27
10
65504
0
36258
27
9
65504
0
36263
27
9
65504
0
36269
27
9
65504
0
36274
27
9
65504
0
36279
27
9
65504
0
36285
27
9
65504
0
36290
27
9
65504
0
36295
27
9
65504
0
36300
27
9
65504
0
36305
27
9
65504
0
36311
27
9
65504
0
36316
27
9
65504
0
36321
27
9
65504
0
36326
27
9
65504
0
36331
27
9
65504
0
36336
27
9
65504
0
36341
27
9
65504
0
36346
27
9
65504
0
36353
27
9
65504
0
36358
27
9
65504
0
36363
27
9
65504
0
36368
27
9
65504
0
36373
27
9
65504
0
36378
27
9
65504
0
36383
27
9
65504
0
36388
27
9
65504
0
36393
27
10
65504
0
36399
27
10
65504
0
36405

27
10
65504
0
36410
27
10
65504
0
36415
27
10
65504
0
36421
27
10
65504
0
36426
27
10
65504
0
36431
27
10
65504
0
36438
27
10
65504
0
36443
27
10
65504
0
36448
27
10
65504
0
36454
27
10
65504
0
36459
27
9
65504
0
36464
27
9
65504
0
36469
27
9
65504
0
36474
27
9
65504
0
36480
27
9
65504
0
36486
27
9
65504
0
36491
27
9
65504
0
36496
27
9
65504
0
36501
27
9
65504
0
36506
27
9
65504
0
36511
27
9
65504
0
36516
27
9
65504
0
36521
27
9
65504
0
36527
27
9
65504
0
36532
27
9
65504
0
36537
27
9
65504
0
36542
27
9
65504
0
36547
27
9
65504
0
36553
27
9
65504
0
36558
27
9
65504
0
36563
27
9
65504
0
36569
27
9
65504
0
36574
27
9
65504
0
36579
27
9
65504
0
36584
27
9
65504
0
36589
27
9
65504
0
36594
27
9
65504
0
36599
27
9
65504
0
36604
27
9
65504
0
36610
27
9
65504
0
36616
27
9
65504
0
36621
27
9
65504
0
36626
27
9
65504
0
36631
27
9
65504
0
36636
27
9
65504
0
36641
27
9
65504
0
36646
27
9
65504
0
36652
27
9
65504
0
36657
27
9
65504
0
36662
27
9
65504
0
36667
27
9
65504
0
36672
27
9
65504
0
36677
27
9
65504
0
36683
27
9
65504
0
36688
27
9
65504
0
36694
27
9
65504
0
36699
27
9
65504
0
36704
27
9
65504
0
36709
27
9
65504
0
36714
27
9
65504
0
36719
27
9
65504
0
36724
27
9
65504
0
36729
27
9
65504
0
36734
27
10
65504
0
36740
27
10
65504
0
36746

27
10
65504
0
36751
27
10
65504
0
36756
27
10
65504
0
36762
27
10
65504
0
36767
27
10
65504
0
36772
27
10
65504
0
36779
27
10
65504
0
36784
27
10
65504
0
36789
27
10
65504
0
36795
27
10
65504
0
36800
27
10
65504
0
36805
27
10
65504
0
36811
27
10
65504
0
36816
27
10
65504
0
36822
27
10
65504
0
36828
27
10
65504
0
36833
27
10
65504
0
36838
27
10
65504
0
36844
27
10
65504
0
36849
27
10
65504
0
36854
27
10
65504
0
36860
27
10
65504
0
36866
27
10
65504
0
36871
27
9
65504
0
36877
27
9
65504
0
36882
27
9
65504
0
36887
27
9
65504
0
36892
27
9
65504
0
36897
27
9
65504
0
36902
27
9
65504
0
36908
27
9
65504
0
36913
27
9
65504
0
36918
27
9
65504
0
36923
27
9
65504
0
36928
27
9
65504
0
36934
27
9
65504
0
36939
27
10
65504
0
36944
27
10
65504
0
36950
27
10
65504
0
36955
27
10
65504
0
36961
27
10
65504
0
36966
27
10
65504
0
36971
27
10
65504
0
36977
27
10
65504
0
36982
27
10
65504
0
36987
27
10
65504
0
36994
27
10
65504
0
36999
27
10
65504
0
37004
27
9
65504
0
37010
27
9
65504
0
37015
27
9
65504
0
37020
27
9
65504
0
37025
27
9
65504
0
37030
27
9
65504
0
37036
27
9
65504
0
37041
27
9
65504
0
37046
27
9
65504
0
37051
27
9
65504
0
37056
27
9
65504
0
37061
27
9
65504
0
37067
27
9
65504
0
37072
27
9
65504
0
37078
27
9
65504
0
37083
27
9
65504
0
37088
27
9
65504
0
37093
27
9
65504
0
37098
27
9
65504
0
37103
27
9
65504
0
37108
27
9
65504
0
37113
27
9
65504
0
37118
27
9
65504
0
37124
27
9
65504
0
37129
27
9
65504
0
37135
27
9
65504
0
37140
27
9
65504
0
37145
27
9
65504
0
37150
27
9
65504
0
37155
27
9
65504
0
37160
27
9
65504
0
37166
27
9
65504
0
37171
27
9
65504
0
37176
27
9
65504
0
37181
27
9
65504
0
37186
27
9
65504
0
37191
27
9
65504
0
37196
27
9
65504
0
37202
27
9
65504
0
37208
27
9
65504
0
37213
27
9
65504
0
37218
27
9
65504
0
37223
27
9
65504
0
37228
27
9
65504
0
37233
27
9
65504
0
37238
27
9
65504
0
37243
27
9
65504
0
37249
27
9
65504
0
37254
27
9
65504
0
37259
27
9
65504
0
37265
27
9
65504
0
37270
27
9
65504
0
37275
27
9
65504
0
37280
27
10
65504
0
37285
27
10
65504
0
37291
27
10
65504
0
37296
27
10
65504
0
37302
27
10
65504
0
37307
27
10
65504
0
37312
27
10
65504
0
37318
27
10
65504
0
37323
27
10
65504
0
37328
27
10
65504
0
37335
27
10
65504
0
37340
27
10
65504
0
37345
27
10
65504
0
37351
27
10
65504
0
37356
27
10
65504
0
37361
27
10
65504
0
37367
27
10
65504
0
37372
27
10
65504
0
37378
27
10
65504
0
37384
27
10
65504
0
37389
27
10
65504
0
37394

27
10
65504
0
37400
27
10
65504
0
37405
27
10
65504
0
37410
27
10
65504
0
37416
27
10
65505
0
37422
27
10
65505
0
37427
27
10
65505
0
37433
27
10
65505
0
37438
27
10
65505
0
37443
27
10
65505
0
37449
27
10
65505
0
37454
27
10
65505
0
37459
27
10
65505
0
37466
27
10
65505
0
37471
27
10
65505
0
37476
27
10
65505
0
37482
27
9
65504
0
37487
27
9
65504
0
37492
27
9
65504
0
37497
27
9
65504
0
37502

27
9
65504
0
37508
27
9
65504
0
37513
27
9
65504
0
37519
27
9
65504
0
37524
27
9
65504
0
37529
27
9
65504
0
37534
27
9
65504
0
37539
27
9
65504
0
37544

27
9
65504
0
37550
27
10
65504
0
37555
27
10
65504
0
37560
27
10
65504
0
37566
27
10
65504
0
37571
27
10
65504
0
37576
27
10
65504
0
37582
27
10
65504
0
37587
27
10
65504
0
37593
27
10
65504
0
37599
27
10
65504
0
37604
27
10
65504
0
37609
27
10
65504
0
37615
27
10
65504
0
37620
27
10
65503
0
37625
27
10
65503
0
37632
27
10
65503
0
37637
27
10
65503
0
37642
27
10
65503
0
37648
27
10
65503
0
37653
27
10
65503
0
37658
27
10
65503
0
37664
27
10
65503
0
37669
27
10
65503
0
37675
27
10
65503
0
37681
27
10
65503
0
37686
27
10
65504
0
37691
27
10
65504
0
37697
27
10
65504
0
37702

27
10
65504
0
37707
27
10
65504
0
37713
27
10
65504
0
37719
27
10
65504
0
37724
27
10
65504
0
37730
27
10
65504
0
37735
27
10
65504
0
37740
27
10
65504
0
37746
27
10
65504
0
37751
27
10
65504
0
37756
27
10
65504
0
37763
27
10
65504
0
37768
27
10
65504
0
37773
27
10
65504
0
37779
27
10
65504
0
37784
27
10
65504
0
37789
27
10
65504
0
37795
27
10
65504
0
37800
27
10
65504
0
37806
27
10
65504
0
37812
27
10
65504
0
37817
27
10
65504
0
37822
27
10
65504
0
37828
27
10
65504
0
37833
27
10
65504
0
37838
27
10
65504
0
37844
27
10
65504
0
37850
27
10
65504
0
37855
27
10
65504
0
37861
27
10
65504
0
37866
27
10
65504
0
37871
27
10
65504
0
37877

27
10
65504
0
37882
27
10
65504
0
37888
27
10
65504
0
37894
27
9
65504
0
37899
27
9
65504
0
37904
27
9
65504
0
37909
27
9
65504
0
37914
27
9
65504
0
37919
27
9
65504
0
37924
27
9
65504
0
37931
27
9
65504
0
37936
27
9
65504
0
37941
27
9
65504
0
37946
27
9
65504
0
37951
27
9
65504
0
37956
27
9
65504
0
37961
27
9
65504
0
37966
27
9
65504
0
37971
27
9
65504
0
37977
27
9
65504
0
37982
27
9
65504
0
37987
27
9
65504
0
37992
27
9
65504
0
37998
27
9
65504
0
38003
27
9
65504
0
38008
27
9
65504
0
38013
27
9
65504
0
38019
27
9
65504
0
38024
27
9
65504
0
38029
27
9
65504
0
38034
27
9
65504
0
38039
27
9
65504
0
38044
27
9
65504
0
38049
27
9
65504
0
38054
27
9
65504
0
38060
27
9
65504
0
38066
27
9
65504
0
38071
27
9
65504
0
38076
27
9
65504
0
38081
27
9
65504
0
38086
27
9
65504
0
38091
27
9
65504
0
38096
27
10
65504
0
38102

27
10
65504
0
38107
27
10
65504
0
38113
27
10
65504
0
38118
27
10
65504
0
38123
27
10
65504
0
38129
27
10
65504
0
38134
27
10
65504
0
38139
27
10
65504
0
38146
27
10
65504
0
38151
27
10
65504
0
38156
27
10
65504
0
38162
27
10
65504
0
38167
27
10
65504
0
38172
27
10
65504
0
38178
27
10
65504
0
38183
27
10
65504
0
38189
27
10
65504
0
38195
27
10
65504
0
38200
27
10
65504
0
38205
27
10
65504
0
38211
27
10
65504
0
38216
27
10
65504
0
38221
27
10
65504
0
38227
27
10
65504
0
38233
27
10
65504
0
38238
27
10
65504
0
38244
27
10
65504
0
38249
27
10
65504
0
38254
27
10
65504
0
38260
27
10
65504
0
38265
27
10
65504
0
38270
27
10
65504
0
38277

27
10
65504
0
38282
27
10
65504
0
38287
27
10
65504
0
38293
27
10
65504
0
38298
27
9
65504
0
38303
27
9
65504
0
38308
27
9
65504
0
38315
27
9
65504
0
38320
27
9
65504
0
38325
27
9
65504
0
38330
27
9
65504
0
38335

27
9
65504
0
38340
27
9
65504
0
38345
27
9
65504
0
38350
27
9
65504
0
38355
27
9
65504
0
38361
27
9
65504
0
38366
27
9
65504
0
38371
27
9
65504
0
38376

27
9
65504
0
38382
27
9
65504
0
38387
27
9
65504
0
38392
27
9
65504
0
38397
27
9
65504
0
38403
27
9
65504
0
38408
27
9
65504
0
38413
27
9
65504
0
38418

27
9
65504
0
38423
27
9
65504
0
38428
27
9
65504
0
38433
27
9
65504
0
38438
27
9
65504
0
38444
27
9
65504
0
38450
27
9
65504
0
38455
27
9
65504
0
38460

27
9
65504
0
38465
27
9
65504
0
38470
27
9
65504
0
38475
27
9
65504
0
38480
27
9
65504
0
38486
27
9
65504
0
38491
27
9
65504
0
38496
27
9
65504
0
38501

27
9
65504
0
38506
27
9
65504
0
38511
27
9
65504
0
38517
27
9
65504
0
38522
27
9
65504
0
38528
27
9
65504
0
38533
27
9
65504
0
38538
27
9
65504
0
38543

27
9
65504
0
38548
27
9
65504
0
38553
27
9
65504
0
38558
27
9
65504
0
38563
27
9
65504
0
38568
27
9
65504
0
38574
27
10
65504
0
38580
27
10
65504
0
38585
27
10
65504
0
38590
27
10
65504
0
38596
27
10
65504
0
38601
27
10
65504
0
38606
27
10
65504
0
38612
27
10
65504
0
38618

27
10
65504
0
38623
27
10
65504
0
38628
27
10
65504
0
38634
27
10
65504
0
38639
27
10
65504
0
38644
27
10
65504
0
38650
27
10
65504
0
38656
27
10
65504
0
38661
27
10
65504
0
38667
27
10
65504
0
38672
27
10
65504
0
38677
27
10
65504
0
38683
27
10
65504
0
38688
27
10
65504
0
38693
27
10
65504
0
38700
27
10
65504
0
38705
27
10
65504
0
38710
28
10
65503
0
38716
28
10
65503
0
38721
28
10
65503
0
38726
28
10
65503
0
38732
28
10
65503
0
38737
28
10
65503
0
38743
28
10
65503
0
38749
28
10
65503
0
38754
28
10
65503
0
38759
28
10
65503
0
38765
28
10
65503
0
38770
28
10
65503
0
38775
28
9
65504
0
38781
28
9
65504
0
38787
28
9
65504
0
38792
28
9
65504
0
38797
28
9
65504
0
38802
28
9
65504
0
38807
28
9
65504
0
38812
28
9
65504
0
38817
28
9
65504
0
38822
28
9
65504
0
38828
28
9
65504
0
38834
28
9
65504
0
38839
28
9
65504
0
38844
28
10
65504
0
38849
28
10
65504
0
38854
28
10
65504
0
38859
28
10
65504
0
38865
28
10
65504
0
38871
28
10
65504
0
38876
28
10
65504
0
38882
28
10
65504
0
38887
28
10
65504
0
38892
28
10
65504
0
38898
28
10
65504
0
38903
28
10
65504
0
38908
28
10
65504
0
38915
28
9
65504
0
38920
28
9
65504
0
38925
28
9
65504
0
38930
28
9
65504
0
38935
28
9
65504
0
38940
28
9
65504
0
38946
28
9
65504
0
38951
28
9
65504
0
38957
28
9
65504
0
38962
28
9
65504
0
38967
28
9
65504
0
38972
28
9
65504
0
38977
28
9
65504
0
38982
28
10
65504
0
38987
28
10
65504
0
38992
28
10
65504
0
38999
28
10
65504
0
39004
28
10
65504
0
39009
28
10
65504
0
39015
28
10
65504
0
39020
28
10
65504
0
39025
28
10
65504
0
39031
28
10
65504
0
39036
28
10
65504
0
39042
28
10
65504
0
39048
28
10
65504
0
39053
28
10
65504
0
39058

28
10
65504
0
39064
28
10
65504
0
39069
28
10
65504
0
39074
28
10
65504
0
39080
28
10
65504
0
39086
28
10
65504
0
39091
28
10
65504
0
39097
28
10
65504
0
39102
28
10
65504
0
39107
28
10
65504
0
39113
28
10
65504
0
39118
28
9
65504
0
39123
28
9
65504
0
39130
28
9
65504
0
39135
28
9
65504
0
39140
28
9
65504
0
39145
28
9
65504
0
39150
28
9
65504
0
39155
28
9
65504
0
39160
28
9
65504
0
39165
28
9
65504
0
39171
28
9
65504
0
39176
28
9
65504
0
39181
28
9
65504
0
39186
28
9
65504
0
39191
28
9
65504
0
39197
28
9
65504
0
39202
28
9
65504
0
39207
28
9
65504
0
39213
28
9
65504
0
39218
28
9
65504
0
39223
28
9
65504
0
39228
28
9
65504
0
39233
28
9
65504
0
39238
28
9
65504
0
39243
28
9
65504
0
39248
28
9
65504
0
39254
28
9
65504
0
39259
28
9
65504
0
39265
28
9
65504
0
39270
28
9
65504
0
39275
28
9
65504
0
39280
28
9
65504
0
39285
28
9
65504
0
39290
28
9
65504
0
39296
28
9
65504
0
39301
28
9
65504
0
39306
28
9
65504
0
39311
28
9
65504
0
39316
28
9
65504
0
39321
29
10
65504
0
39326
29
10
65504
0
39332
29
10
65504
0
39337
29
10
65504
0
39343
29
10
65504
0
39349
29
10
65504
0
39354
29
10
65504
0
39359
29
10
65504
0
39365
29
10
65504
0
39370
29
10
65504
0
39375
29
10
65504
0
39382
29
10
65504
0
39387
29
9
65504
0
39392
29
9
65504
0
39398
29
9
65504
0
39403
29
9
65504
0
39408
29
9
65504
0
39413
29
9
65504
0
39418
29
9
65504
0
39424
29
9
65504
0
39429
29
9
65504
0
39434
29
9
65504
0
39439
29
9
65504
0
39444
29
9
65504
0
39449
29
9
65504
0
39454
29
9
65505
0
39459
29
9
65505
0
39465
29
9
65505
0
39471
29
9
65505
0
39476
29
9
65505
0
39481
29
9
65505
0
39486
29
9
65505
0
39491
29
9
65505
0
39496
29
9
65505
0
39501
29
9
65505
0
39506
29
9
65505
0
39512
29
9
65505
0
39517
29
9
65505
0
39522
29
9
65505
0
39528
29
9
65504
0
39533
29
9
65504
0
39538
29
9
65504
0
39543
29
9
65504
0
39548
29
9
65504
0
39554
29
9
65504
0
39559
29
9
65504
0
39564
29
9
65504
0
39569
29
9
65504
0
39574
29
9
65504
0
39579
29
9
65504
0
39584
29
9
65504
0
39589
29
9
65504
0
39596
29
9
65505
0
39601
29
9
65505
0
39606
29
9
65505
0
39611
29
9
65505
0
39616
29
9
65505
0
39621
29
9
65505
0
39626
29
9
65505
0
39631
29
9
65505
0
39636
29
9
65505
0
39642
29
9
65505
0
39647
29
9
65505
0
39652
29
9
65505
0
39657
29
9
65505
0
39663
30
9
65504
0
39668
30
9
65504
0
39673
30
9
65504
0
39678
30
9
65504
0
39684
30
9
65504
0
39689
30
9
65504
0
39694
30
9
65504
0
39699
30
9
65504
0
39704
30
9
65504
0
39709
30
9
65504
0
39714
30
9
65504
0
39719
30
9
65504
0
39725
30
9
65504
0
39731
30
9
65504
0
39736
30
9
65504
0
39741
30
9
65504
0
39746
30
9
65504
0
39751
30
9
65504
0
39756
30
9
65504
0
39761
30
9
65504
0
39767
30
9
65504
0
39772
30
9
65504
0
39777
30
9
65504
0
39782
30
9
65504
0
39787
30
9
65504
0
39792
30
9
65504
0
39798
30
9
65504
0
39803
30
9
65504
0
39809
30
9
65504
0
39814
30
9
65504
0
39819
30
9
65504
0
39824
30
9
65504
0
39829
30
9
65504
0
39834
30
9
65504
0
39839
30
9
65504
0
39844
30
9
65504
0
39849
30
9
65504
0
39855
30
9
65504
0
39861
30
9
65504
0
39866
30
9
65504
0
39871
30
9
65504
0
39876
30
9
65504
0
39881
30
9
65504
0
39886
30
9
65504
0
39891
30
9
65504
0
39897
30
9
65504
0
39902
30
9
65504
0
39907
30
9
65504
0
39912
30
9
65504
0
39917
30
9
65504
0
39922
30
9
65504
0
39928
30
9
65504
0
39933
31
8
65505
0
39939
31
8
65505
0
39944
31
8
65505
0
39949
31
8
65505
0
39954
31
8
65505
0
39959
31
8
65505
0
39964
31
8
65505
0
39969
31
8
65505
0
39974
31
8
65505
0
39980
31
8
65505
0
39985
31
8
65505
0
39990
31
8
65505
0
39996
31
8
65505
0
40001
31
7
65505
0
40006
31
7
65505
0
40011
31
7
65505
0
40016
31
7
65505
0
40022
31
7
65505
0
40027
31
7
65505
0
40032
31
7
65505
0
40037
31
7
65505
0
40042
31
7
65505
0
40047
31
7
65505
0
40052
31
7
65505
0
40057
31
7
65505
0
40064
31
7
65505
0
40069
31
7
65505
0
40074
31
7
65505
0
40079
31
7
65505
0
40084
31
7
65505
0
40089
31
7
65505
0
40094
31
7
65505
0
40099
31
7
65505
0
40104
31
7
65505
0
40110
31
7
65505
0
40115
31
7
65505
0
40120
31
7
65505
0
40125
31
7
65505
0
40131
31
7
65505
0
40136
32
7
65506
0
40141
32
7
65506
0
40146
32
7
65506
0
40152
32
7
65506
0
40157
32
7
65506
0
40162
32
7
65506
0
40167
32
7
65506
0
40172
32
7
65506
0
40177
32
7
65506
0
40182
32
7
65506
0
40187
32
7
65506
0
40194
32
7
65506
0
40199
32
7
65506
0
40204
32
7
65506
0
40209
32
7
65506
0
40214
32
7
65506
0
40219
32
7
65506
0
40224
32
7
65506
0
40229
32
7
65506
0
40235
32
7
65506
0
40240
32
7
65506
0
40245
32
7
65506
0
40250
32
7
65506
0
40255
32
7
65506
0
40261
32
7
65506
0
40266
32
7
65506
0
40271
32
7
65506
0
40276
32
7
65506
0
40282
32
7
65506
0
40287
32
7
65506
0
40292
32
7
65506
0
40297
32
7
65506
0
40302
32
7
65506
0
40307
32
7
65506
0
40312
32
7
65506
0
40317
32
7
65506
0
40323
32
7
65506
0
40329
32
7
65506
0
40334
32
7
65506
0
40339
32
7
65506
0
40344
32
6
65506
0
40349
32
6
65506
0
40354
32
6
65506
0
40359
32
6
65506
0
40365
32
6
65506
0
40370
32
6
65506
0
40375
32
6
65506
0
40380
32
6
65506
0
40385
32
6
65506
0
40390
32
6
65506
0
40396
32
6
65506
0
40401
32
6
65506
0
40407
32
6
65506
0
40412
32
7
65506
0
40417
32
7
65506
0
40422
32
7
65506
0
40427
32
7
65506
0
40432
32
7
65506
0
40437
32
7
65506
0
40442
32
7
65506
0
40448
32
7
65506
0
40453
32
7
65506
0
40458
32
7
65506
0
40464
32
7
65506
0
40469
32
7
65506
0
40474
32
7
65506
0
40479
33
8
65505
0
40484
33
8
65505
0
40489
33
8
65505
0
40495
33
8
65505
0
40500
33
8
65505
0
40505
33
8
65505
0
40510
33
8
65505
0
40515
33
8
65505
0
40520
33
8
65505
0
40526
33
8
65505
0
40531
33
8
65505
0
40537
33
8
65505
0
40542
33
8
65505
0
40547
34
7
65503
0
40552
34
7
65503
0
40557
34
7
65503
0
40562
34
7
65503
0
40567
34
7
65503
0
40572
34
7
65503
0
40578
34
7
65503
0
40583
34
7
65503
0
40588
34
7
65503
0
40594
34
7
65503
0
40599
34
7
65503
0
40604
34
7
65503
0
40609
34
7
65503
0
40614
35
5
65502
0
40620
35
5
65502
0
40625
35
5
65502
0
40630
35
5
65502
0
40635
35
5
65502
0
40640
35
5
65502
0
40645
35
5
65502
0
40650
35
5
65502
0
40655
35
5
65502
0
40662
35
5
65502
0
40667
35
5
65502
0
40672
35
5
65502
0
40677
35
5
65502
0
40682
36
2
65500
0
40687
36
2
65500
0
40692
36
2
65500
0
40697
36
2
65500
0
40702
36
2
65500
0
40708
36
2
65500
0
40713
36
2
65500
0
40718
36
2
65500
0
40723
36
2
65500
0
40729
36
2
65500
0
40734
36
2
65500
0
40739
36
2
65500
0
40744
36
2
65500
0
40750
34
0
65500
0
40755
34
0
65500
0
40760
34
0
65500
0
40765
34
0
65500
0
40770
34
0
65500
0
40775
34
0
65500
0
40780
34
0
65500
0
40785
34
0
65500
0
40791
34
0
65500
0
40797
34
0
65500
0
40802
34
0
65500
0
40807
34
0
65500
0
40812
34
0
65500
0
40817
33
0
65500
0
40822
33
0
65500
0
40827
33
0
65500
0
40833
33
0
65500
0
40838
33
0
65500
0
40843
33
0
65500
0
40848
33
0
65500
0
40853
33
0
65500
0
40859
33
0
65500
0
40864
33
0
65500
0
40869
33
0
65500
0
40875
33
0
65500
0
40880
33
0
65500
0
40885
32
0
65501
0
40890
32
0
65501
0
40895
32
0
65501
0
40900
32
0
65501
0
40905
32
0
65501
0
40910
32
0
65501
0
40915
32
0
65501
0
40921
32
0
65501
0
40927
32
0
65501
0
40932
32
0
65501
0
40937
32
0
65501
0
40942
32
0
65501
0
40947
32
0
65501
0
40952
32
0
65501
0
40957
32
0
65501
0
40963
32
0
65501
0
40968
32
0
65501
0
40973
32
0
65501
0
40978
32
0
65501
0
40983
32
0
65501
0
40988
32
0
65501
0
40994
32
0
65501
0
40999
32
0
65501
0
41005
32
0
65501
0
41010
32
0
65501
0
41015
32
0
65501
0
41020
32
0
65501
0
41025
29
2
65503
0
41030
29
2
65503
0
41035
29
2
65503
0
41040
29
2
65503
0
41046
29
2
65503
0
41051
29
2
65503
0
41056
29
2
65503
0
41062
29
2
65503
0
41067
29
2
65503
0
41072
29
2
65503
0
41077
29
2
65503
0
41082
29
2
65503
0
41088
29
2
65503
0
41093
29
4
65504
0
41098
29
4
65504
0
41103
29
4
65504
0
41108
29
4
65504
0
41113
29
4
65504
0
41118
29
4
65504
0
41123
29
4
65504
0
41129
29
4
65504
0
41135
29
4
65504
0
41140
29
4
65504
0
41145
29
4
65504
0
41150
29
4
65504
0
41155
29
4
65504
0
41160
30
5
65504
0
41165
30
5
65504
0
41170
30
5
65504
0
41176
30
5
65504
0
41181
30
5
65504
0
41186
30
5
65504
0
41192
30
5
65504
0
41197
30
5
65504
0
41202
30
5
65504
0
41207
30
5
65504
0
41212
30
5
65504
0
41218
30
5
65504
0
41223
30
5
65504
0
41228
31
6
65505
0
41233
31
6
65505
0
41238
31
6
65505
0
41243
31
6
65505
0
41248
31
6
65505
0
41253
31
6
65505
0
41260
31
6
65505
0
41265
31
6
65505
0
41270
31
6
65505
0
41275
31
6
65505
0
41280
31
6
65505
0
41285
31
6
65505
0
41290
31
6
65505
0
41295
33
6
65504
0
41300
33
6
65504
0
41306
33
6
65504
0
41311
33
6
65504
0
41316
33
6
65504
0
41321
33
6
65504
0
41327
33
6
65504
0
41332
33
6
65504
0
41337
33
6
65504
0
41342
33
6
65504
0
41348
33
6
65504
0
41353
33
6
65504
0
41358
33
6
65504
0
41363
34
5
65504
0
41368
34
5
65504
0
41373
34
5
65504
0
41378
34
5
65504
0
41383
34
5
65504
0
41389
34
5
65504
0
41395
34
5
65504
0
41400
34
5
65504
0
41405
34
5
65504
0
41410
34
5
65504
0
41415
34
5
65504
0
41420
34
5
65504
0
41425
34
5
65504
0
41431
35
5
65503
0
41436
35
5
65503
0
41441
35
5
65503
0
41446
35
5
65503
0
41451
35
5
65503
0
41456
35
5
65503
0
41462
35
5
65503
0
41467
35
5
65503
0
41473
35
5
65503
0
41478
35
5
65503
0
41483
35
5
65503
0
41488
35
5
65503
0
41493
35
5
65503
0
41498
36
4
65503
0
41503
36
4
65503
0
41508
36
4
65503
0
41513
36
4
65503
0
41519
36
4
65503
0
41525
36
4
65503
0
41530
36
4
65503
0
41535
36
4
65503
0
41540
36
4
65503
0
41545
36
4
65503
0
41550
36
4
65503
0
41555
36
4
65503
0
41561
36
4
65503
0
41566
36
2
65503
0
41571
36
2
65503
0
41576
36
2
65503
0
41581
36
2
65503
0
41586
36
2
65503
0
41592
36
2
65503
0
41597
36
2
65503
0
41603
36
2
65503
0
41608
36
2
65503
0
41613
36
2
65503
0
41618
36
2
65503
0
41623
36
2
65503
0
41628
36
2
65503
0
41633
36
2
65503
0
41638
36
2
65503
0
41644
36
2
65503
0
41649
36
2
65503
0
41654
36
2
65503
0
41660
36
2
65503
0
41665
36
2
65503
0
41670
36
2
65503
0
41675
36
2
65503
0
41680
36
2
65503
0
41686
36
2
65503
0
41691
36
2
65503
0
41696
36
2
65503
0
41701
36
2
65503
0
41706
36
1
65502
0
41711
36
1
65502
0
41716
36
1
65502
0
41721
36
1
65502
0
41728
36
1
65502
0
41733
36
1
65502
0
41738
36
1
65502
0
41743
36
1
65502
0
41748
36
1
65502
0
41753
36
1
65502
0
41758
36
1
65502
0
41763
36
1
65502
0
41768
36
1
65502
0
41774
36
0
65502
0
41779
36
0
65502
0
41784
36
0
65502
0
41789
36
0
65502
0
41795
36
0
65502
0
41800
36
0
65502
0
41805
36
0
65502
0
41810
36
0
65502
0
41816
36
0
65502
0
41821
36
0
65502
0
41826
36
0
65502
0
41831
36
0
65502
0
41836
36
0
65502
0
41841
36
0
65502
0
41846
36
0
65502
0
41851
36
0
65502
0
41858
36
0
65502
0
41863
36
0
65502
0
41868
36
0
65502
0
41873
36
0
65502
0
41878
36
0
65502
0
41883
36
0
65502
0
41888
36
0
65502
0
41893
36
0
65502
0
41899
36
0
65502
0
41904
36
0
65502
0
41909
36
0
65501
0
41914
36
0
65501
0
41919
36
0
65501
0
41925
36
0
65501
0
41930
36
0
65501
0
41935
36
0
65501
0
41940
36
0
65501
0
41946
36
0
65501
0
41951
36
0
65501
0
41956
36
0
65501
0
41961
36
0
65501
0
41966
36
0
65501
0
41971
36
0
65501
0
41976
36
0
65501
0
41981
36
0
65501
0
41987
36
0
65501
0
41993
36
0
65501
0
41998
36
0
65501
0
42003
36
0
65501
0
42008
36
0
65501
0
42013
36
0
65501
0
42018
36
0
65501
0
42023
36
0
65501
0
42029
36
0
65501
0
42034
36
0
65501
0
42039
36
0
65501
0
42044
36
65535
65501
0
42049
36
65535
65501
0
42055
36
65535
65501
0
42062
36
65535
65501
0
42068
36
65535
65501
0
42075
36
65535
65501
0
42081
36
65535
65501
0
42087
36
65535
65501
0
42093
36
65535
65501
0
42099
36
65535
65501
0
42105
36
65535
65501
0
42112
36
65535
65501
0
42118
36
65535
65501
0
42125
36
65535
65501
0
42131
36
65535
65501
0
42137
36
65535
65501
0
42143
36
65535
65501
0
42149
36
65535
65501
0
42156
36
65535
65501
0
42162
36
65535
65501
0
42168
36
65535
65501
0
42174
36
65535
65501
0
42180
36
65535
65501
0
42186
36
65535
65501
0
42193
36
65535
65501
0
42200
36
65535
65501
0
42206
36
65535
65501
0
42212
36
65535
65501
0
42218
36
65535
65501
0
42224
36
65535
65501
0
42230
36
65535
65501
0
42236
36
65535
65501
0
42243
36
65535
65501
0
42249
36
65535
65500
0
42255
36
65535
65500
0
42262
36
65535
65500
0
42268
36
65535
65500
0
42274
36
65535
65500
0
42280
36
65535
65500
0
42287
36
65535
65500
0
42293
36
65535
65500
0
42299
36
65535
65500
0
42305
36
65535
65500
0
42311
36
65535
65500
0
42317
35
65535
65501
0
42324
35
65535
65501
0
42331
35
65535
65501
0
42337
35
65535
65501
0
42343
35
65535
65501
0
42349
35
65535
65501
0
42355
35
65535
65501
0
42361
35
65535
65501
0
42368
35
65535
65501
0
42374
35
65535
65501
0
42380
35
65535
65501
0
42386
36
65535
65501
0
42393
36
65535
65501
0
42399
36
65535
65501
0
42405
36
65535
65501
0
42412
36
65535
65501
0
42418
36
65535
65501
0
42424
36
65535
65501
0
42430
36
65535
65501
0
42436
36
65535
65501
0
42442
36
65535
65501
0
42448
36
65535
65501
0
42455
36
65535
65500
0
42462
36
65535
65500
0
42468
36
65535
65500
0
42474
36
65535
65500
0
42480
36
65535
65500
0
42486
36
65535
65500
0
42492
36
65535
65500
0
42499
36
65535
65500
0
42505
36
65535
65500
0
42511
36
65535
65500
0
42517
36
65535
65500
0
42524
36
65535
65500
0
42530
36
65535
65500
0
42536
36
65535
65500
0
42543
36
65535
65500
0
42549
36
65535
65500
0
42555
36
65535
65500
0
42561
36
65535
65500
0
42567
36
65535
65500
0
42573
36
65535
65500
0
42579
36
65535
65500
0
42586
35
65535
65500
0
42593
35
65535
65500
0
42599
35
65535
65500
0
42605
35
65535
65500
0
42611
35
65535
65500
0
42617
35
65535
65500
0
42624
35
65535
65500
0
42630
35
65535
65500
0
42636
35
65535
65500
0
42642
35
65535
65500
0
42648
35
65535
65500
0
42654
35
65535
65500
0
42661
35
65535
65500
0
42668
35
65535
65500
0
42674
35
65535
65500
0
42680
35
65535
65500
0
42686
35
65535
65500
0
42692
35
65535
65500
0
42698
35
65535
65500
0
42704
35
65535
65500
0
42711
35
65535
65500
0
42717
35
65535
65500
0
42724
36
65535
65500
0
42730
36
65535
65500
0
42736
36
65535
65500
0
42742
36
65535
65500
0
42748
36
65535
65500
0
42755
36
65535
65500
0
42761
36
65535
65500
0
42767
36
65535
65500
0
42773
36
65535
65500
0
42779
36
65535
65500
0
42785
36
65535
65500
0
42792
36
0
65501
0
42799
36
0
65501
0
42804
36
0
65501
0
42809
36
0
65501
0
42814
36
0
65501
0
42819
36
0
65501
0
42824
36
0
65501
0
42829
36
0
65501
0
42834
36
0
65501
0
42840
36
0
65501
0
42845
36
0
65501
0
42850
36
0
65501
0
42856
36
0
65501
0
42861
35
0
65501
0
42866
35
0
65501
0
42871
35
0
65501
0
42876
35
0
65501
0
42882
35
0
65501
0
42887
35
0
65501
0
42892
35
0
65501
0
42897
35
0
65501
0
42902
35
0
65501
0
42907
35
0
65501
0
42912
35
0
65501
0
42917
35
0
65501
0
42924
35
0
65501
0
42929
35
0
65500
0
42934
35
0
65500
0
42939
35
0
65500
0
42944
35
0
65500
0
42949
35
0
65500
0
42954
35
0
65500
0
42959
35
0
65500
0
42964
35
0
65500
0
42970
35
0
65500
0
42975
35
0
65500
0
42980
35
0
65500
0
42985
35
0
65500
0
42991
35
0
65500
0
42996
36
65535
65501
0
43001
36
65535
65501
0
43008
36
65535
65501
0
43014
36
65535
65501
0
43020
36
65535
65501
0
43026
36
65535
65501
0
43032
36
65535
65501
0
43038
36
65535
65501
0
43044
36
65535
65501
0
43051
36
65535
65501
0
43058
36
65535
65501
0
43064
36
65535
65501
0
43070
36
65535
65501
0
43076
36
65535
65501
0
43082
36
65535
65501
0
43088
36
65535
65501
0
43095
36
65535
65501
0
43101
36
65535
65501
0
43107
36
65535
65501
0
43113
36
65535
65501
0
43119
36
65535
65501
0
43126
36
65535
65501
0
43132
36
0
65501
0
43139
36
0
65501
0
43144
36
0
65501
0
43149
36
0
65501
0
43154
36
0
65501
0
43159
36
0
65501
0
43164
36
0
65501
0
43169
36
0
65501
0
43174
36
0
65501
0
43180
36
0
65501
0
43185
36
0
65501
0
43191
36
0
65501
0
43196
36
0
65501
0
43201
36
0
65501
0
43206
36
0
65501
0
43211
36
0
65501
0
43216
36
0
65501
0
43222
36
0
65501
0
43227
36
0
65501
0
43232
36
0
65501
0
43237
36
0
65501
0
43242
36
0
65501
0
43247
36
0
65501
0
43252
36
0
65501
0
43258
36
0
65501
0
43264
36
0
65501
0
43269
36
0
65501
0
43274
36
0
65501
0
43279
36
0
65501
0
43284
36
0
65501
0
43289
36
0
65501
0
43294
36
0
65501
0
43299
36
0
65501
0
43304
36
0
65501
0
43310
36
0
65501
0
43315
36
0
65501
0
43320
36
0
65501
0
43326
36
0
65501
0
43331
36
0
65501
0
43336
35
0
65500
0
43341
35
0
65500
0
43346
35
0
65500
0
43352
35
0
65500
0
43357
35
0
65500
0
43362
35
0
65500
0
43367
35
0
65500
0
43372
35
0
65500
0
43377
35
0
65500
0
43382
35
0
65500
0
43388
35
0
65500
0
43394
35
0
65500
0
43399
35
0
65500
0
43404
35
0
65500
0
43409
35
0
65500
0
43414
35
0
65500
0
43419
35
0
65500
0
43424
35
0
65500
0
43429
35
0
65500
0
43435
35
0
65500
0
43440
35
0
65500
0
43445
35
0
65500
0
43450
35
0
65500
0
43456
35
0
65500
0
43461
35
0
65500
0
43466
35
0
65500
0
43471
35
0
65500
0
43476
36
65535
65501
0
43482
36
65535
65501
0
43488
36
65535
65501
0
43494
36
65535
65501
0
43500
36
65535
65501
0
43506
36
65535
65501
0
43512
36
65535
65501
0
43518
36
65535
65501
0
43526
36
65535
65501
0
43532
36
65535
65501
0
43538
36
65535
65501
0
43544
36
0
65500
0
43550
36
0
65500
0
43555
36
0
65500
0
43560
36
0
65500
0
43566
36
0
65500
0
43571
36
0
65500
0
43576
36
0
65500
0
43581
36
0
65500
0
43586
36
0
65500
0
43592
36
0
65500
0
43597
36
0
65500
0
43602
36
0
65500
0
43608
36
0
65500
0
43613
36
65535
65501
0
43618
36
65535
65501
0
43624
36
65535
65501
0
43630
36
65535
65501
0
43636
36
65535
65501
0
43642
36
65535
65501
0
43649
36
65535
65501
0
43656
36
65535
65501
0
43662
36
65535
65501
0
43668
36
65535
65501
0
43674
36
65535
65501
0
43680
36
65535
65501
0
43686
36
65535
65501
0
43693
36
65535
65501
0
43699
36
65535
65501
0
43705
36
65535
65501
0
43711
36
65535
65501
0
43717
36
65535
65501
0
43724
36
65535
65501
0
43730
36
65535
65501
0
43737
36
65535
65501
0
43743
36
65535
65501
0
43749
36
0
65501
0
43755
36
0
65501
0
43760
36
0
65501
0
43765
36
0
65501
0
43770
36
0
65501
0
43776
36
0
65501
0
43781
36
0
65501
0
43786
36
0
65501
0
43792
36
0
65501
0
43797
36
0
65501
0
43802
36
0
65501
0
43807
36
0
65501
0
43812
36
65535
65501
0
43817
36
65535
65501
0
43824
36
65535
65501
0
43830
36
65535
65501
0
43836
36
65535
65501
0
43842
36
65535
65501
0
43848
36
65535
65501
0
43855
36
65535
65501
0
43862
36
65535
65501
0
43868
36
65535
65501
0
43874
36
65535
65501
0
43880
36
65535
65500
0
43886
36
65535
65500
0
43892
36
65535
65500
0
43898
36
65535
65500
0
43905
36
65535
65500
0
43911
36
65535
65500
0
43917
36
65535
65500
0
43924
36
65535
65500
0
43930
36
65535
65500
0
43936
36
65535
65500
0
43942
36
65535
65500
0
43949
36
65535
65501
0
43955
36
65535
65501
0
43961
36
65535
65501
0
43967
36
65535
65501
0
43973
36
65535
65501
0
43979
36
65535
65501
0
43985
36
65535
65501
0
43993
36
65535
65501
0
43999
36
65535
65501
0
44005
36
65535
65501
0
44011
36
65535
65501
0
44017
36
0
65501
0
44023
36
0
65501
0
44028
36
0
65501
0
44034
36
0
65501
0
44039
36
0
65501
0
44044
36
0
65501
0
44049
36
0
65501
0
44055
36
0
65501
0
44060
36
0
65501
0
44065
36
0
65501
0
44070
36
0
65501
0
44076
36
0
65501
0
44081
36
0
65501
0
44086
35
65535
65501
0
44091
35
65535
65501
0
44097
35
65535
65501
0
44103
35
65535
65501
0
44109
35
65535
65501
0
44115
35
65535
65501
0
44123
35
65535
65501
0
44129
35
65535
65501
0
44135
35
65535
65501
0
44141
35
65535
65501
0
44147
35
65535
65501
0
44153
36
65535
65501
0
44160
36
65535
65501
0
44166
36
65535
65501
0
44172
36
65535
65501
0
44178
36
65535
65501
0
44184
36
65535
65501
0
44191
36
65535
65501
0
44197
36
65535
65501
0
44204
36
65535
65501
0
44210
36
65535
65501
0
44216
36
65535
65501
0
44222
36
65535
65501
0
44228
36
65535
65501
0
44234
36
65535
65501
0
44240
36
65535
65501
0
44247
36
65535
65501
0
44254
36
65535
65501
0
44260
36
65535
65501
0
44266
36
65535
65501
0
44272
36
65535
65501
0
44278
36
65535
65501
0
44284
36
65535
65501
0
44291
36
65535
65501
0
44297
36
65535
65501
0
44303
36
65535
65501
0
44309
36
65535
65501
0
44315
36
65535
65501
0
44322
36
65535
65501
0
44328
36
65535
65501
0
44335
36
65535
65501
0
44341
36
65535
65501
0
44347
36
65535
65501
0
44353
36
65535
65501
0
44359
36
0
65501
0
44365
36
0
65501
0
44370
36
0
65501
0
44376
36
0
65501
0
44381
36
0
65501
0
44387
36
0
65501
0
44392
36
0
65501
0
44397
36
0
65501
0
44402
36
0
65501
0
44407
36
0
65501
0
44412
36
0
65501
0
44418
36
0
65501
0
44423
36
0
65501
0
44428
36
65535
65501
0
44433
36
65535
65501
0
44439
36
65535
65501
0
44445
36
65535
65501
0
44451
36
65535
65501
0
44459
36
65535
65501
0
44465
36
65535
65501
0
44471
36
65535
65501
0
44477
36
65535
65501
0
44483
36
65535
65501
0
44489
36
65535
65501
0
44495
36
0
65501
0
44502
36
0
65501
0
44507
36
0
65501
0
44512
36
0
65501
0
44517
36
0
65501
0
44523
36
0
65501
0
44528
36
0
65501
0
44533
36
0
65501
0
44538
36
0
65501
0
44544
36
0
65501
0
44549
36
0
65501
0
44554
36
0
65501
0
44559
36
0
65501
0
44564
36
0
65500
0
44569
36
0
65500
0
44574
36
0
65500
0
44579
36
0
65500
0
44584
36
0
65500
0
44591
36
0
65500
0
44596
36
0
65500
0
44601
36
0
65500
0
44606
36
0
65500
0
44611
36
0
65500
0
44616
36
0
65500
0
44621
36
0
65500
0
44626
36
0
65500
0
44632
36
65535
65501
0
44637
36
65535
65501
0
44643
36
65535
65501
0
44649
36
65535
65501
0
44656
36
65535
65501
0
44662
36
65535
65501
0
44668
36
65535
65501
0
44675
36
65535
65501
0
44681
36
65535
65501
0
44687
36
65535
65501
0
44693
36
65535
65501
0
44699
36
65535
65501
0
44705
36
65535
65501
0
44711
36
65535
65501
0
44718
36
65535
65501
0
44725
36
65535
65501
0
44731
36
65535
65501
0
44737
36
65535
65501
0
44743
36
65535
65501
0
44749
36
65535
65501
0
44755
36
65535
65501
0
44762
36
65535
65501
0
44768
36
65535
65501
0
44774
36
65535
65501
0
44780
36
65535
65501
0
44787
36
65535
65501
0
44793
36
65535
65501
0
44800
36
65535
65501
0
44806
36
65535
65501
0
44812
36
65535
65501
0
44818
36
65535
65501
0
44824
36
65535
65501
0
44830
36
65535
65501
0
44836
35
0
65501
0
44843
35
0
65501
0
44848
35
0
65501
0
44854
35
0
65501
0
44859
35
0
65501
0
44864
35
0
65501
0
44869
35
0
65501
0
44874
35
0
65501
0
44879
35
0
65501
0
44884
35
0
65501
0
44890
35
0
65501
0
44895
35
0
65501
0
44900
35
0
65501
0
44905
36
0
65501
0
44910
36
0
65501
0
44915
36
0
65501
0
44921
36
0
65501
0
44926
36
0
65501
0
44932
36
0
65501
0
44937
36
0
65501
0
44942
36
0
65501
0
44947
36
0
65501
0
44952
36
0
65501
0
44957
36
0
65501
0
44962
36
0
65501
0
44967
36
0
65501
0
44973
36
65535
65501
0
44978
36
65535
65501
0
44984
36
65535
65501
0
44991
36
65535
65501
0
44997
36
65535
65501
0
45003
36
65535
65501
0
45009
36
65535
65501
0
45016
36
65535
65501
0
45022
36
65535
65501
0
45028
36
65535
65501
0
45034
36
65535
65501
0
45040
35
0
65501
0
45046
35
0
65501
0
45052
35
0
65501
0
45058
35
0
65501
0
45063
35
0
65501
0
45068
35
0
65501
0
45073
35
0
65501
0
45078
35
0
65501
0
45083
35
0
65501
0
45088
35
0
65501
0
45093
35
0
65501
0
45099
35
0
65501
0
45104
35
0
65501
0
45109
36
0
65501
0
45114
36
0
65501
0
45120
36
0
65501
0
45125
36
0
65501
0
45130
36
0
65501
0
45135
36
0
65501
0
45140
36
0
65501
0
45146
36
0
65501
0
45151
36
0
65501
0
45156
36
0
65501
0
45161
36
0
65501
0
45166
36
0
65501
0
45171
36
0
65501
0
45176
36
0
65500
0
45181
36
0
65500
0
45188
36
0
65500
0
45193
36
0
65500
0
45198
36
0
65500
0
45203
36
0
65500
0
45208
36
0
65500
0
45213
36
0
65500
0
45218
36
0
65500
0
45223
36
0
65500
0
45229
36
0
65500
0
45234
36
0
65500
0
45239
36
0
65500
0
45244
36
65535
65500
0
45249
36
65535
65500
0
45256
36
65535
65500
0
45262
36
65535
65500
0
45268
36
65535
65500
0
45275
36
65535
65500
0
45281
36
65535
65500
0
45287
36
65535
65500
0
45293
36
65535
65500
0
45299
36
65535
65500
0
45305
36
65535
65500
0
45312
36
0
65501
0
45319
36
0
65501
0
45324
36
0
65501
0
45329
36
0
65501
0
45334
36
0
65501
0
45339
36
0
65501
0
45344
36
0
65501
0
45349
36
0
65501
0
45355
36
0
65501
0
45360
36
0
65501
0
45365
36
0
65501
0
45370
36
0
65501
0
45375
36
0
65501
0
45380
36
65535
65501
0
45386
36
65535
65501
0
45392
36
65535
65501
0
45399
36
65535
65501
0
45405
36
65535
65501
0
45411
36
65535
65501
0
45417
36
65535
65501
0
45423
36
65535
65501
0
45429
36
65535
65501
0
45435
36
65535
65501
0
45442
36
65535
65501
0
45448
36
65535
65501
0
45455
36
65535
65501
0
45461
36
65535
65501
0
45467
36
65535
65501
0
45473
36
65535
65501
0
45479
36
65535
65501
0
45486
36
65535
65501
0
45492
36
65535
65501
0
45498
36
65535
65501
0
45504
36
65535
65501
0
45510
36
65535
65501
0
45516
36
0
65501
0
45523
36
0
65501
0
45529
36
0
65501
0
45534
36
0
65501
0
45539
36
0
65501
0
45544
36
0
65501
0
45549
36
0
65501
0
45554
36
0
65501
0
45559
36
0
65501
0
45564
36
0
65501
0
45570
36
0
65501
0
45575
36
0
65501
0
45580
36
0
65501
0
45586
36
65535
65501
0
45591
36
65535
65501
0
45597
36
65535
65501
0
45603
36
65535
65501
0
45609
36
65535
65501
0
45616
36
65535
65501
0
45622
36
65535
65501
0
45628
36
65535
65501
0
45634
36
65535
65501
0
45640
36
65535
65501
0
45646
36
65535
65501
0
45654
36
0
65501
0
45660
36
0
65501
0
45665
36
0
65501
0
45670
36
0
65501
0
45675
36
0
65501
0
45680
36
0
65501
0
45685
36
0
65501
0
45690
36
0
65501
0
45696
36
0
65501
0
45701
36
0
65501
0
45706
36
0
65501
0
45711
36
0
65501
0
45716
36
0
65501
0
45722
36
0
65501
0
45727
36
0
65501
0
45732
36
0
65501
0
45737
36
0
65501
0
45743
36
0
65501
0
45748
36
0
65501
0
45753
36
0
65501
0
45758
36
0
65501
0
45763
36
0
65501
0
45768
36
0
65501
0
45773
36
0
65501
0
45778
36
0
65501
0
45785
36
0
65501
0
45790
36
0
65501
0
45795
36
0
65501
0
45800
36
0
65501
0
45805
36
0
65501
0
45810
36
0
65501
0
45815
36
0
65501
0
45820
36
0
65501
0
45826
36
0
65501
0
45831
36
0
65501
0
45836
36
0
65501
0
45841
36
0
65501
0
45846
36
0
65501
0
45852
36
0
65501
0
45857
36
0
65501
0
45862
36
0
65501
0
45868
36
0
65501
0
45873
36
0
65501
0
45878
36
0
65501
0
45883
36
0
65501
0
45888
36
0
65501
0
45893
36
0
65501
0
45898
36
0
65501
0
45903
36
0
65501
0
45908
36
0
65501
0
45914
36
0
65501
0
45920
36
0
65501
0
45925
36
65535
65500
0
45930
36
65535
65500
0
45936
36
65535
65500
0
45942
36
65535
65500
0
45948
36
65535
65500
0
45955
36
65535
65500
0
45961
36
65535
65500
0
45967
36
65535
65500
0
45973
36
65535
65500
0
45979
36
65535
65500
0
45986
36
65535
65500
0
45992
36
0
65501
0
45999
36
0
65501
0
46004
36
0
65501
0
46009
36
0
65501
0
46014
36
0
65501
0
46019
36
0
65501
0
46024
36
0
65501
0
46029
36
0
65501
0
46034
36
0
65501
0
46040
36
0
65501
0
46045
36
0
65501
0
46051
36
0
65501
0
46056
36
0
65501
0
46061
36
0
65501
0
46066
36
0
65501
0
46071
36
0
65501
0
46076
36
0
65501
0
46082
36
0
65501
0
46087
36
0
65501
0
46092
36
0
65501
0
46097
36
0
65501
0
46102
36
0
65501
0
46107
36
0
65501
0
46112
36
0
65501
0
46118
36
0
65501
0
46124
36
0
65501
0
46129
36
0
65500
0
46134
36
0
65500
0
46139
36
0
65500
0
46144
36
0
65500
0
46149
36
0
65500
0
46154
36
0
65500
0
46159
36
0
65500
0
46164
36
0
65500
0
46170
36
0
65500
0
46175
36
0
65500
0
46180
36
0
65500
0
46186
36
0
65500
0
46191
36
0
65500
0
46196
36
0
65500
0
46201
36
0
65500
0
46206
36
0
65500
0
46212
36
0
65500
0
46217
36
0
65500
0
46222
36
0
65500
0
46227
36
0
65500
0
46232
36
0
65500
0
46237
36
0
65500
0
46242
36
0
65500
0
46247
36
0
65500
0
46254
36
0
65500
0
46259
36
0
65500
0
46264
36
0
65501
0
46269
36
0
65501
0
46274
36
0
65501
0
46279
36
0
65501
0
46284
36
0
65501
0
46289
36
0
65501
0
46295
36
0
65501
0
46300
36
0
65501
0
46305
36
0
65501
0
46310
36
0
65501
0
46315
36
0
65501
0
46321
36
0
65501
0
46326
36
0
65501
0
46331
36
65535
65501
0
46337
35
65535
65501
0
46343
35
65535
65501
0
46349
35
65535
65501
0
46355
35
65535
65501
0
46361
35
65535
65501
0
46367
35
65535
65501
0
46373
35
65535
65501
0
46380
35
65535
65501
0
46387
35
65535
65501
0
46393
35
65535
65501
0
46399
35
0
65501
0
46405
35
0
65501
0
46410
35
0
65501
0
46415
35
0
65501
0
46420
35
0
65501
0
46426
35
0
65501
0
46431
35
0
65501
0
46436
35
0
65501
0
46441
35
0
65501
0
46446
35
0
65501
0
46452
35
0
65501
0
46457
35
0
65501
0
46462
35
0
65501
0
46468
36
65535
65501
0
46473
36
65535
65501
0
46479
36
65535
65501
0
46485
36
65535
65501
0
46491
36
65535
65501
0
46497
36
65535
65501
0
46503
36
65535
65501
0
46510
36
65535
65501
0
46517
36
65535
65501
0
46523
36
65535
65501
0
46529
36
65535
65501
0
46535
35
65535
65501
0
46541
35
65535
65501
0
46547
35
65535
65501
0
46554
35
65535
65501
0
46560
35
65535
65501
0
46566
35
65535
65501
0
46572
35
65535
65501
0
46578
35
65535
65501
0
46585
35
65535
65501
0
46592
35
65535
65501
0
46598
35
65535
65501
0
46604
36
0
65501
0
46610
36
0
65501
0
46615
36
0
65501
0
46620
36
0
65501
0
46625
36
0
65501
0
46630
36
0
65501
0
46636
36
0
65501
0
46641
36
0
65501
0
46646
36
0
65501
0
46652
36
0
65501
0
46657
36
0
65501
0
46662
36
0
65501
0
46667
36
0
65501
0
46672
36
0
65501
0
46678
36
0
65501
0
46683
36
0
65501
0
46688
36
0
65501
0
46693
36
0
65501
0
46698
36
0
65501
0
46703
36
0
65501
0
46708
36
0
65501
0
46713
36
0
65501
0
46720
36
0
65501
0
46725
36
0
65501
0
46730
36
0
65501
0
46735
36
0
65501
0
46740
36
65535
65500
0
46745
36
65535
65500
0
46751
36
65535
65500
0
46757
36
65535
65500
0
46764
36
65535
65500
0
46770
36
65535
65500
0
46776
36
65535
65500
0
46783
36
65535
65500
0
46789
36
65535
65500
0
46795
36
65535
65500
0
46801
36
65535
65500
0
46808
36
65535
65500
0
46814
36
65535
65500
0
46820
36
65535
65500
0
46826
36
65535
65500
0
46832
36
65535
65500
0
46838
36
65535
65500
0
46844
36
65535
65500
0
46852
36
65535
65500
0
46858
36
65535
65500
0
46864
36
65535
65500
0
46870
36
65535
65500
0
46876
36
65535
65500
0
46882
36
65535
65500
0
46888
36
65535
65500
0
46895
36
65535
65500
0
46901
36
65535
65500
0
46907
36
65535
65500
0
46913
36
65535
65500
0
46920
36
65535
65500
0
46926
36
65535
65500
0
46932
36
65535
65500
0
46939
36
65535
65500
0
46945
36
65535
65501
0
46951
36
65535
65501
0
46957
36
65535
65501
0
46963
36
65535
65501
0
46969
36
65535
65501
0
46976
36
65535
65501
0
46983
36
65535
65501
0
46989
36
65535
65501
0
46995
36
65535
65501
0
47001
36
65535
65501
0
47007
36
65535
65501
0
47013
36
65535
65501
0
47020
36
65535
65501
0
47026
36
65535
65501
0
47032
36
65535
65501
0
47038
36
65535
65501
0
47044
36
65535
65501
0
47051
36
65535
65501
0
47057
36
65535
65501
0
47064
36
65535
65501
0
47070
36
65535
65501
0
47076
36
65535
65501
0
47082
35
65535
65501
0
47088
35
65535
65501
0
47094
35
65535
65501
0
47100
35
65535
65501
0
47107
35
65535
65501
0
47113
35
65535
65501
0
47120
35
65535
65501
0
47126
35
65535
65501
0
47132
35
65535
65501
0
47138
35
65535
65501
0
47144
35
65535
65501
0
47151
36
65535
65501
0
47157
36
65535
65501
0
47163
36
65535
65501
0
47169
36
65535
65501
0
47175
36
65535
65501
0
47182
36
65535
65501
0
47188
36
65535
65501
0
47195
36
65535
65501
0
47201
36
65535
65501
0
47207
36
65535
65501
0
47213
36
65535
65501
0
47219
35
65535
65501
0
47225
35
65535
65501
0
47232
35
65535
65501
0
47238
35
65535
65501
0
47244
35
65535
65501
0
47251
35
65535
65501
0
47257
35
65535
65501
0
47263
35
65535
65501
0
47269
35
65535
65501
0
47276
35
65535
65501
0
47282
35
65535
65501
0
47288
35
0
65500
0
47294
35
0
65500
0
47299
35
0
65500
0
47304
35
0
65500
0
47309
35
0
65500
0
47315
35
0
65500
0
47321
35
0
65500
0
47326
35
0
65500
0
47331
35
0
65500
0
47336
35
0
65500
0
47341
35
0
65500
0
47346
35
0
65500
0
47351
35
0
65500
0
47356
35
65535
65501
0
47362
35
65535
65501
0
47368
35
65535
65501
0
47374
35
65535
65501
0
47380
35
65535
65501
0
47387
35
65535
65501
0
47393
35
65535
65501
0
47399
35
65535
65501
0
47406
35
65535
65501
0
47412
35
65535
65501
0
47418
35
65535
65501
0
47424
36
0
65500
0
47430
36
0
65500
0
47435
36
0
65500
0
47440
36
0
65500
0
47446
36
0
65500
0
47452
36
0
65500
0
47457
36
0
65500
0
47462
36
0
65500
0
47467
36
0
65500
0
47472
36
0
65500
0
47477
36
0
65500
0
47482
36
0
65500
0
47488
36
0
65500
0
47493
35
0
65501
0
47498
35
0
65501
0
47503
35
0
65501
0
47508
35
0
65501
0
47513
35
0
65501
0
47519
35
0
65501
0
47524
35
0
65501
0
47529
35
0
65501
0
47535
35
0
65501
0
47540
35
0
65501
0
47545
35
0
65501
0
47550
35
0
65501
0
47555
35
0
65501
0
47560
36
0
65501
0
47565
36
0
65501
0
47570
36
0
65501
0
47576
36
0
65501
0
47582
36
0
65501
0
47587
36
0
65501
0
47592
36
0
65501
0
47597
36
0
65501
0
47602
36
0
65501
0
47607
36
0
65501
0
47612
36
0
65501
0
47618
36
0
65501
0
47623
36
0
65501
0
47628
36
0
65501
0
47633
36
0
65501
0
47638
36
0
65501
0
47643
36
0
65501
0
47649
36
0
65501
0
47654
36
0
65501
0
47660
36
0
65501
0
47665
36
0
65501
0
47670
36
0
65501
0
47675
36
0
65501
0
47680
36
0
65501
0
47685
36
0
65501
0
47690
36
0
65501
0
47695
36
0
65501
0
47700
36
0
65501
0
47706
36
0
65501
0
47711
36
0
65501
0
47717
36
0
65501
0
47722
36
0
65501
0
47727
36
0
65501
0
47732
36
0
65501
0
47737
36
0
65501
0
47742
36
0
65501
0
47748
36
0
65501
0
47753
36
0
65501
0
47758
36
0
65501
0
47763
36
0
65501
0
47768
36
0
65501
0
47773
36
0
65501
0
47778
36
0
65501
0
47784
36
0
65501
0
47790
36
0
65501
0
47795
36
0
65501
0
47800
36
0
65501
0
47805
36
0
65501
0
47810
36
0
65501
0
47815
36
0
65501
0
47820
36
0
65501
0
47825
36
0
65501
0
47831
36
0
65501
0
47836
36
0
65501
0
47841
36
0
65501
0
47846
36
0
65501
0
47852
36
0
65501
0
47857
36
0
65501
0
47862
36
0
65501
0
47867
36
0
65501
0
47873
36
0
65501
0
47878
36
0
65501
0
47883
36
0
65501
0
47888
36
0
65501
0
47893
36
0
65501
0
47898
36
0
65501
0
47903
36
0
65501
0
47908
36
0
65501
0
47915
36
0
65501
0
47920
36
0
65501
0
47925
36
0
65501
0
47930
36
0
65501
0
47935
36
0
65501
0
47940
36
0
65501
0
47945
36
0
65501
0
47950
36
0
65501
0
47955
36
0
65501
0
47961
36
0
65501
0
47966
36
65535
65501
0
47971
36
65535
65501
0
47977
36
65535
65501
0
47984
36
65535
65501
0
47990
36
65535
65501
0
47996
36
65535
65501
0
48003
36
65535
65501
0
48009
36
65535
65501
0
48015
36
65535
65501
0
48021
36
65535
65501
0
48027
36
65535
65501
0
48033
36
65535
65500
0
48039
36
65535
65500
0
48046
36
65535
65500
0
48053
36
65535
65500
0
48059
36
65535
65500
0
48065
36
65535
65500
0
48071
36
65535
65500
0
48077
36
65535
65500
0
48083
36
65535
65500
0
48090
36
65535
65500
0
48096
36
65535
65500
0
48102
36
65535
65501
0
48108
36
65535
65501
0
48115
36
65535
65501
0
48121
36
65535
65501
0
48128
36
65535
65501
0
48134
36
65535
65501
0
48140
36
65535
65501
0
48146
36
65535
65501
0
48152
36
65535
65501
0
48158
36
65535
65501
0
48164
36
65535
65501
0
48171
36
0
65501
0
48177
36
0
65501
0
48183
36
0
65501
0
48188
36
0
65501
0
48193
36
0
65501
0
48198
36
0
65501
0
48203
36
0
65501
0
48208
36
0
65501
0
48214
36
0
65501
0
48219
36
0
65501
0
48224
36
0
65501
0
48229
36
0
65501
0
48234
36
0
65501
0
48239
36
0
65501
0
48244
36
0
65501
0
48250
36
0
65501
0
48256
36
0
65501
0
48261
36
0
65501
0
48266
36
0
65501
0
48271
36
0
65501
0
48276
36
0
65501
0
48281
36
0
65501
0
48286
36
0
65501
0
48291
36
0
65501
0
48296
36
0
65501
0
48302
36
0
65501
0
48307
36
65535
65501
0
48312
36
65535
65501
0
48319
36
65535
65501
0
48325
36
65535
65501
0
48331
36
65535
65501
0
48337
36
65535
65501
0
48344
36
65535
65501
0
48350
36
65535
65501
0
48356
36
65535
65501
0
48362
36
65535
65501
0
48368
36
65535
65501
0
48374
35
0
65501
0
48381
35
0
65501
0
48387
35
0
65501
0
48392
35
0
65501
0
48397
35
0
65501
0
48402
35
0
65501
0
48407
35
0
65501
0
48412
35
0
65501
0
48417
35
0
65501
0
48422
35
0
65501
0
48428
35
0
65501
0
48433
35
0
65501
0
48438
35
0
65501
0
48443
36
0
65501
0
48449
36
0
65501
0
48454
36
0
65501
0
48459
36
0
65501
0
48464
36
0
65501
0
48470
36
0
65501
0
48475
36
0
65501
0
48480
36
0
65501
0
48485
36
0
65501
0
48490
36
0
65501
0
48495
36
0
65501
0
48500
36
0
65501
0
48505
36
0
65501
0
48510
36
65535
65501
0
48517
36
65535
65501
0
48523
36
65535
65501
0
48529
36
65535
65501
0
48535
36
65535
65501
0
48541
36
65535
65501
0
48547
36
65535
65501
0
48553
36
65535
65501
0
48560
36
65535
65501
0
48566
36
65535
65501
0
48572
36
65535
65501
0
48578
36
65535
65501
0
48585
36
65535
65501
0
48591
36
65535
65501
0
48598
36
65535
65501
0
48604
36
65535
65501
0
48610
36
65535
65501
0
48616
36
65535
65501
0
48622
36
65535
65501
0
48628
36
65535
65501
0
48634
36
65535
65501
0
48641
36
65535
65501
0
48648
36
0
65501
0
48654
36
0
65501
0
48659
36
0
65501
0
48664
36
0
65501
0
48669
36
0
65501
0
48674
36
0
65501
0
48679
36
0
65501
0
48685
36
0
65501
0
48690
36
0
65501
0
48695
36
0
65501
0
48700
36
0
65501
0
48705
36
0
65501
0
48710
36
0
65501
0
48716
36
65535
65501
0
48721
36
65535
65501
0
48728
36
65535
65501
0
48734
36
65535
65501
0
48740
36
65535
65501
0
48746
36
65535
65501
0
48752
36
65535
65501
0
48758
36
65535
65501
0
48764
36
65535
65501
0
48771
36
65535
65501
0
48777
36
65535
65501
0
48784
36
0
65501
0
48790
36
0
65501
0
48795
36
0
65501
0
48800
36
0
65501
0
48805
36
0
65501
0
48811
36
0
65501
0
48816
36
0
65501
0
48821
36
0
65501
0
48826
36
0
65501
0
48831
36
0
65501
0
48836
36
0
65501
0
48841
36
0
65501
0
48847
36
0
65501
0
48852
36
65535
65501
0
48858
36
65535
65501
0
48864
36
65535
65501
0
48870
36
65535
65501
0
48876
36
65535
65501
0
48882
36
65535
65501
0
48888
36
65535
65501
0
48894
36
65535
65501
0
48901
36
65535
65501
0
48907
36
65535
65501
0
48914
36
65535
65501
0
48920
36
0
65501
0
48926
36
0
65501
0
48931
36
0
65501
0
48936
36
0
65501
0
48942
36
0
65501
0
48947
36
0
65501
0
48952
36
0
65501
0
48957
36
0
65501
0
48962
36
0
65501
0
48967
36
0
65501
0
48972
36
0
65501
0
48977
36
0
65501
0
48984
36
0
65501
0
48989
36
0
65501
0
48994
36
0
65501
0
48999
36
0
65501
0
49004
36
0
65501
0
49009
36
0
65501
0
49014
36
0
65501
0
49019
36
0
65501
0
49025
36
0
65501
0
49030
36
0
65501
0
49035
36
0
65501
0
49040
36
0
65501
0
49046
36
0
65501
0
49051
36
0
65501
0
49056
36
65535
65500
0
49061
36
65535
65500
0
49068
36
65535
65500
0
49074
36
65535
65500
0
49080
36
65535
65500
0
49086
36
65535
65500
0
49092
36
65535
65500
0
49098
36
65535
65500
0
49104
36
65535
65500
0
49111
36
65535
65500
0
49118
36
65535
65500
0
49124
36
65535
65501
0
49130
36
65535
65501
0
49136
36
65535
65501
0
49142
36
65535
65501
0
49148
36
65535
65501
0
49155
36
65535
65501
0
49161
36
65535
65501
0
49167
36
65535
65501
0
49173
36
65535
65501
0
49180
36
65535
65501
0
49186
36
65535
65501
0
49192
35
0
65501
0
49199
35
0
65501
0
49204
35
0
65501
0
49209
35
0
65501
0
49214
35
0
65501
0
49219
35
0
65501
0
49224
35
0
65501
0
49229
35
0
65501
0
49234
35
0
65501
0
49240
35
0
65501
0
49246
35
0
65501
0
49251
35
0
65501
0
49256
35
0
65501
0
49261
36
0
65500
0
49266
36
0
65500
0
49271
36
0
65500
0
49276
36
0
65500
0
49282
36
0
65500
0
49287
36
0
65500
0
49292
36
0
65500
0
49297
36
0
65500
0
49302
36
0
65500
0
49307
36
0
65500
0
49313
36
0
65500
0
49318
36
0
65500
0
49324
36
0
65500
0
49329
36
0
65500
0
49334
36
0
65500
0
49339
36
0
65500
0
49344
36
0
65500
0
49349
36
0
65500
0
49354
36
0
65500
0
49359
36
0
65500
0
49364
36
0
65500
0
49370
36
0
65500
0
49375
36
0
65500
0
49381
36
0
65500
0
49386
36
0
65500
0
49391
36
0
65500
0
49396
36
65535
65501
0
49401
36
65535
65501
0
49408
36
65535
65501
0
49414
36
65535
65501
0
49420
36
65535
65501
0
49426
36
65535
65501
0
49432
36
65535
65501
0
49438
36
65535
65501
0
49445
36
65535
65501
0
49452
36
65535
65501
0
49458
36
65535
65501
0
49464
36
65535
65501
0
49470
36
65535
65501
0
49476
36
65535
65501
0
49482
36
65535
65501
0
49488
36
65535
65501
0
49495
36
65535
65501
0
49501
36
65535
65501
0
49507
36
65535
65501
0
49514
36
65535
65501
0
49520
36
65535
65501
0
49526
36
65535
65501
0
49532
36
0
65500
0
49539
36
0
65500
0
49544
36
0
65500
0
49549
36
0
65500
0
49554
36
0
65500
0
49559
36
0
65500
0
49564
36
0
65500
0
49569
36
0
65500
0
49574
36
0
65500
0
49581
36
0
65500
0
49586
36
0
65500
0
49591
36
0
65500
0
49596
36
0
65500
0
49601
36
0
65500
0
49606
36
0
65500
0
49611
36
0
65500
0
49616
36
0
65500
0
49622
36
0
65500
0
49627
36
0
65500
0
49632
36
0
65500
0
49637
36
0
65500
0
49642
36
0
65500
0
49648
36
0
65500
0
49653
36
0
65500
0
49658
36
0
65500
0
49664
36
0
65500
0
49669
35
65535
65500
0
49674
35
65535
65500
0
49680
35
65535
65500
0
49686
35
65535
65500
0
49692
35
65535
65500
0
49698
35
65535
65500
0
49704
35
65535
65500
0
49712
35
65535
65500
0
49718
35
65535
65500
0
49724
35
65535
65500
0
49730
35
65535
65500
0
49736
36
0
65501
0
49742
36
0
65501
0
49747
36
0
65501
0
49753
36
0
65501
0
49758
36
0
65501
0
49763
36
0
65501
0
49768
36
0
65501
0
49773
36
0
65501
0
49779
36
0
65501
0
49784
36
0
65501
0
49789
36
0
65501
0
49795
36
0
65501
0
49800
36
0
65501
0
49805
36
65535
65501
0
49810
36
65535
65501
0
49816
36
65535
65501
0
49822
36
65535
65501
0
49828
36
65535
65501
0
49835
36
65535
65501
0
49841
36
65535
65501
0
49848
36
65535
65501
0
49854
36
65535
65501
0
49860
36
65535
65501
0
49866
36
65535
65501
0
49872
36
0
65501
0
49879
36
0
65501
0
49884
36
0
65501
0
49889
36
0
65501
0
49894
36
0
65501
0
49899
36
0
65501
0
49904
36
0
65501
0
49909
36
0
65501
0
49915
36
0
65501
0
49921
36
0
65501
0
49926
36
0
65501
0
49931
36
0
65501
0
49936
36
0
65501
0
49941
36
0
65501
0
49946
36
0
65501
0
49951
36
0
65501
0
49956
36
0
65501
0
49961
36
0
65501
0
49967
36
0
65501
0
49972
36
0
65501
0
49978
36
0
65501
0
49983
36
0
65501
0
49988
36
0
65501
0
49993
36
0
65501
0
49998
36
0
65501
0
50003
36
0
65501
0
50009
36
0
65500
0
50014
36
0
65500
0
50019
36
0
65500
0
50024
36
0
65500
0
50029
36
0
65500
0
50034
36
0
65500
0
50039
36
0
65500
0
50045
36
0
65500
0
50051
36
0
65500
0
50056
36
0
65500
0
50061
36
0
65500
0
50066
36
0
65500
0
50071
36
0
65500
0
50076
36
0
65500
0
50081
36
0
65500
0
50086
36
0
65500
0
50092
36
0
65500
0
50097
36
0
65500
0
50102
36
0
65500
0
50107
36
0
65500
0
50113
36
0
65500
0
50118
36
0
65500
0
50123
36
0
65500
0
50128
36
0
65500
0
50134
36
0
65500
0
50139
36
0
65500
0
50144
36
65535
65500
0
50149
36
65535
65500
0
50155
36
65535
65500
0
50161
36
65535
65500
0
50167
36
65535
65500
0
50173
36
65535
65500
0
50181
36
65535
65500
0
50187
36
65535
65500
0
50193
36
65535
65500
0
50199
36
65535
65500
0
50205
36
65535
65500
0
50211
35
65535
65501
0
50217
35
65535
65501
0
50224
35
65535
65501
0
50230
35
65535
65501
0
50236
35
65535
65501
0
50242
35
65535
65501
0
50249
35
65535
65501
0
50255
35
65535
65501
0
50262
35
65535
65501
0
50268
35
65535
65501
0
50274
35
65535
65501
0
50280
36
0
65500
0
50286
36
0
65500
0
50291
36
0
65500
0
50296
36
0
65500
0
50301
36
0
65500
0
50307
36
0
65500
0
50313
36
0
65500
0
50318
36
0
65500
0
50323
36
0
65500
0
50328
36
0
65500
0
50333
36
0
65500
0
50338
36
0
65500
0
50343
36
0
65500
0
50349
36
0
65501
0
50354
36
0
65501
0
50359
36
0
65501
0
50364
36
0
65501
0
50369
36
0
65501
0
50374
36
0
65501
0
50380
36
0
65501
0
50385
36
0
65501
0
50391
36
0
65501
0
50396
36
0
65501
0
50401
36
0
65501
0
50406
36
0
65501
0
50411
36
0
65501
0
50416
36
0
65501
0
50421
36
0
65501
0
50426
36
0
65501
0
50432
36
0
65501
0
50437
36
0
65501
0
50442
36
0
65501
0
50448
36
0
65501
0
50453
36
0
65501
0
50458
36
0
65501
0
50463
36
0
65501
0
50468
36
0
65501
0
50473
36
0
65501
0
50479
36
0
65501
0
50484
36
0
65501
0
50489
36
0
65501
0
50494
36
0
65501
0
50499
36
0
65501
0
50504
36
0
65501
0
50510
36
0
65501
0
50515
36
0
65501
0
50521
36
0
65501
0
50526
36
0
65501
0
50531
36
0
65501
0
50536
36
0
65501
0
50541
36
0
65501
0
50546
36
0
65501
0
50551
36
0
65501
0
50556
36
0
65501
0
50562
36
0
65501
0
50567
36
0
65501
0
50572
36
0
65501
0
50578
36
0
65501
0
50583
36
0
65501
0
50588
36
0
65501
0
50593
36
0
65501
0
50598
36
0
65501
0
50604
36
0
65501
0
50609
36
0
65501
0
50614
36
0
65501
0
50619
36
0
65501
0
50624
36
0
65501
0
50629
36
0
65501
0
50634
36
0
65501
0
50639
36
0
65501
0
50646
36
0
65501
0
50651
36
0
65501
0
50656
36
0
65501
0
50661
36
0
65501
0
50666
36
0
65501
0
50671
36
0
65501
0
50676
36
0
65501
0
50681
36
0
65501
0
50686
36
0
65501
0
50692
36
65535
65500
0
50697
36
65535
65500
0
50703
36
65535
65500
0
50710
36
65535
65500
0
50716
36
65535
65500
0
50722
36
65535
65500
0
50728
36
65535
65500
0
50735
36
65535
65500
0
50741
36
65535
65500
0
50747
36
65535
65500
0
50753
36
65535
65500
0
50759
36
0
65501
0
50765
36
0
65501
0
50770
36
0
65501
0
50777
36
0
65501
0
50782
36
0
65501
0
50787
36
0
65501
0
50792
36
0
65501
0
50797
36
0
65501
0
50802
36
0
65501
0
50807
36
0
65501
0
50812
36
0
65501
0
50818
36
0
65501
0
50823
36
0
65501
0
50828
36
0
65501
0
50833
36
0
65501
0
50838
36
0
65501
0
50844
36
0
65501
0
50849
36
0
65501
0
50854
36
0
65501
0
50860
36
0
65501
0
50865
36
0
65501
0
50870
36
0
65501
0
50875
36
0
65501
0
50880
36
0
65501
0
50885
36
0
65501
0
50890
36
0
65501
0
50895
36
0
65501
0
50900
36
0
65501
0
50906
36
0
65501
0
50912
36
0
65501
0
50917
36
0
65501
0
50922
36
0
65501
0
50927
36
0
65501
0
50932
36
0
65501
0
50937
36
0
65501
0
50942
36
0
65501
0
50948
36
0
65501
0
50953
36
0
65501
0
50958
36
0
65501
0
50963
36
0
65501
0
50968
36
0
65501
0
50973
36
0
65501
0
50979
36
0
65501
0
50984
36
0
65501
0
50990
36
0
65501
0
50995
36
0
65501
0
51000
36
0
65501
0
51005
36
0
65501
0
51010
36
0
65501
0
51015
36
0
65501
0
51020
36
0
65501
0
51025
36
0
65501
0
51031
36
0
65502
0
51036
36
0
65502
0
51041
36
0
65502
0
51047
36
0
65502
0
51052
36
0
65502
0
51057
36
0
65502
0
51062
36
0
65502
0
51067
36
0
65502
0
51073
36
0
65502
0
51078
36
0
65502
0
51083
36
0
65502
0
51088
36
0
65502
0
51093
36
0
65502
0
51098
36
0
65501
0
51103
36
0
65501
0
51109
36
0
65501
0
51115
36
0
65501
0
51120
36
0
65501
0
51125
36
0
65501
0
51130
36
0
65501
0
51135
36
0
65501
0
51140
36
0
65501
0
51145
36
0
65501
0
51150
36
0
65501
0
51155
36
0
65501
0
51161
36
0
65501
0
51166
36
0
65501
0
51171
36
0
65501
0
51177
36
0
65501
0
51182
36
0
65501
0
51187
36
0
65501
0
51192
36
0
65501
0
51197
36
0
65501
0
51203
36
0
65501
0
51208
36
0
65501
0
51213
36
0
65501
0
51218
36
0
65501
0
51223
36
0
65501
0
51228
36
0
65501
0
51233
36
0
65501
0
51238
36
0
65501
0
51245
36
0
65501
0
51250
36
0
65501
0
51255
36
0
65501
0
51260
36
0
65501
0
51265
36
0
65501
0
51270
36
0
65501
0
51275
36
0
65501
0
51280
36
0
65501
0
51286
36
0
65501
0
51291
36
0
65501
0
51296
36
0
65501
0
51301
36
0
65501
0
51306
36
0
65501
0
51312
36
0
65501
0
51317
36
0
65501
0
51322
36
0
65501
0
51328
36
0
65501
0
51333
36
0
65501
0
51338
36
0
65501
0
51343
36
0
65501
0
51348
36
0
65501
0
51353
36
0
65501
0
51358
36
0
65501
0
51363
36
0
65501
0
51368
36
0
65501
0
51374
36
0
65501
0
51380
36
0
65501
0
51385
36
0
65501
0
51390
36
0
65501
0
51395
36
0
65501
0
51400
36
0
65501
0
51405
36
0
65501
0
51410
36
0
65501
0
51416
36
0
65501
0
51421
36
0
65501
0
51426
36
0
65501
0
51431
36
0
65501
0
51436
36
0
65501
0
51442
36
0
65501
0
51447
36
0
65501
0
51452
36
0
65501
0
51458
36
0
65501
0
51463
36
0
65501
0
51468
36
0
65501
0
51473
36
0
65501
0
51478
36
0
65501
0
51483
36
0
65501
0
51488
36
0
65501
0
51493
36
0
65501
0
51499
36
0
65501
0
51504
36
0
65501
0
51510
36
0
65502
0
51515
36
0
65502
0
51520
36
0
65502
0
51525
36
0
65502
0
51530
36
0
65502
0
51535
36
0
65502
0
51540
36
0
65502
0
51546
36
0
65502
0
51551
36
0
65502
0
51556
36
0
65502
0
51561
36
0
65502
0
51566
36
0
65502
0
51571
36
0
65502
0
51577
36
0
65501
0
51582
36
0
65501
0
51588
36
0
65501
0
51593
36
0
65501
0
51598
36
0
65501
0
51603
36
0
65501
0
51608
36
0
65501
0
51613
36
0
65501
0
51618
36
0
65501
0
51623
36
0
65501
0
51629
36
0
65501
0
51634
36
0
65501
0
51639
36
0
65501
0
51645
36
0
65501
0
51650
36
0
65501
0
51655
36
0
65501
0
51660
36
0
65501
0
51665
36
0
65501
0
51671
36
0
65501
0
51676
36
0
65501
0
51681
36
0
65501
0
51686
36
0
65501
0
51691
36
0
65501
0
51696
36
0
65501
0
51701
36
0
65501
0
51706
36
0
65501
0
51713
36
0
65502
0
51718
36
0
65502
0
51723
36
0
65502
0
51728
36
0
65502
0
51733
36
0
65502
0
51738
36
0
65502
0
51743
36
0
65502
0
51748
36
0
65502
0
51753
36
0
65502
0
51759
36
0
65502
0
51764
36
0
65502
0
51769
36
0
65502
0
51775
36
0
65502
0
51780
36
0
65502
0
51785
36
0
65502
0
51790
36
0
65502
0
51795
36
0
65502
0
51801
36
0
65502
0
51806
36
0
65502
0
51811
36
0
65502
0
51816
36
0
65502
0
51821
36
0
65502
0
51826
36
0
65502
0
51831
36
0
65502
0
51836
36
0
65502
0
51843
36
0
65502
0
51848
36
0
65502
0
51853
36
0
65502
0
51858
36
0
65502
0
51863
36
0
65502
0
51868
36
0
65502
0
51873
36
0
65502
0
51878
36
0
65502
0
51884
36
0
65502
0
51889
36
0
65502
0
51894
36
0
65502
0
51899
36
0
65502
0
51904
36
0
65502
0
51910
36
0
65502
0
51915
36
0
65501
0
51920
36
0
65501
0
51926
36
0
65501
0
51931
36
0
65501
0
51936
36
0
65501
0
51941
36
0
65501
0
51946
36
0
65501
0
51951
36
0
65501
0
51956
36
0
65501
0
51961
36
0
65501
0
51966
36
0
65501
0
51972
36
0
65501
0
51978
36
0
65501
0
51983
36
0
65501
0
51988
36
0
65501
0
51993
36
0
65501
0
51998
36
0
65501
0
52003
36
0
65501
0
52008
36
0
65501
0
52014
36
0
65501
0
52019
36
0
65501
0
52024
36
0
65501
0
52029
36
0
65501
0
52034
36
0
65501
0
52039
36
0
65501
0
52045
36
0
65501
0
52050
36
0
65502
0
52056
36
0
65502
0
52061
36
0
65502
0
52066
36
0
65502
0
52071
36
0
65502
0
52076
36
0
65502
0
52081
36
0
65502
0
52086
36
0
65502
0
52091
36
0
65502
0
52097
36
0
65502
0
52102
36
0
65502
0
52108
36
0
65502
0
52113
36
0
65502
0
52118
36
1
65503
0
52123
36
1
65503
0
52128
36
1
65503
0
52133
36
1
65503
0
52139
36
1
65503
0
52144
36
1
65503
0
52149
36
1
65503
0
52154
36
1
65503
0
52159
36
1
65503
0
52164
36
1
65503
0
52169
36
1
65503
0
52175
36
1
65503
0
52180
36
1
65503
0
52186
36
1
65503
0
52191
36
1
65502
0
52196
36
1
65502
0
52201
36
1
65502
0
52206
36
1
65502
0
52211
36
1
65502
0
52216
36
1
65502
0
52221
36
1
65502
0
52227
36
1
65502
0
52232
36
1
65502
0
52237
36
1
65502
0
52243
36
1
65502
0
52248
36
1
65502
0
52253
36
1
65502
0
52258
36
1
65502
0
52263
36
1
65502
0
52269
36
1
65502
0
52274
36
1
65502
0
52279
36
1
65502
0
52284
36
1
65502
0
52289
36
1
65502
0
52294
36
1
65502
0
52299
36
1
65502
0
52304
36
1
65502
0
52311
36
1
65502
0
52316
36
1
65502
0
52321
36
1
65502
0
52326
36
1
65502
0
52331
36
1
65502
0
52336
36
1
65502
0
52341
36
1
65502
0
52346
36
1
65502
0
52352
36
1
65502
0
52357
36
1
65502
0
52362
36
1
65502
0
52367
36
1
65502
0
52372
36
1
65502
0
52378
36
1
65502
0
52383
36
1
65502
0
52388
36
1
65502
0
52393
36
2
65502
0
52399
36
2
65502
0
52404
36
2
65502
0
52409
36
2
65502
0
52414
36
2
65502
0
52419
36
2
65502
0
52424
36
2
65502
0
52429
36
2
65502
0
52434
36
2
65502
0
52441
36
2
65502
0
52446
36
2
65502
0
52451
36
2
65502
0
52456
36
2
65502
0
52461
36
2
65503
0
52466
36
2
65503
0
52471
36
2
65503
0
52476
36
2
65503
0
52482
36
2
65503
0
52487
36
2
65503
0
52492
36
2
65503
0
52497
36
2
65503
0
52502
36
2
65503
0
52508
36
2
65503
0
52513
36
2
65503
0
52518
36
2
65503
0
52524
36
2
65503
0
52529
36
3
65503
0
52534
36
3
65503
0
52539
36
3
65503
0
52544
36
3
65503
0
52549
36
3
65503
0
52554
36
3
65503
0
52559
36
3
65503
0
52564
36
3
65503
0
52570
36
3
65503
0
52576
36
3
65503
0
52581
36
3
65503
0
52586
36
3
65503
0
52591
36
3
65503
0
52596
36
3
65503
0
52601
36
3
65503
0
52606
36
3
65503
0
52612
36
3
65503
0
52617
36
3
65503
0
52622
36
3
65503
0
52627
36
3
65503
0
52632
36
3
65503
0
52637
36
3
65503
0
52643
36
3
65503
0
52648
36
3
65503
0
52654
36
3
65503
0
52659
36
3
65503
0
52664
35
4
65504
0
52669
35
4
65504
0
52674
35
4
65504
0
52679
35
4
65504
0
52684
35
4
65504
0
52689
35
4
65504
0
52695
35
4
65504
0
52700
35
4
65504
0
52705
35
4
65504
0
52711
35
4
65504
0
52716
35
4
65504
0
52721
35
4
65504
0
52726
35
4
65504
0
52731
35
4
65504
0
52737
35
4
65504
0
52742
35
4
65504
0
52747
35
4
65504
0
52752
35
4
65504
0
52757
35
4
65504
0
52762
35
4
65504
0
52767
35
4
65504
0
52773
35
4
65504
0
52779
35
4
65504
0
52784
35
4
65504
0
52789
35
4
65504
0
52794
35
4
65504
0
52799
34
6
65504
0
52804
34
6
65504
0
52809
34
6
65504
0
52814
34
6
65504
0
52819
34
6
65504
0
52825
34
6
65504
0
52830
34
6
65504
0
52835
34
6
65504
0
52841
34
6
65504
0
52846
34
6
65504
0
52851
34
6
65504
0
52856
34
6
65504
0
52861
34
6
65504
0
52867
34
6
65504
0
52872
34
6
65504
0
52877
34
6
65504
0
52882
34
6
65504
0
52887
34
6
65504
0
52892
34
6
65504
0
52897
34
6
65504
0
52902
34
6
65504
0
52909
34
6
65504
0
52914
34
6
65504
0
52919
34
6
65504
0
52924
34
6
65504
0
52929
34
6
65504
0
52934
34
6
65504
0
52939
32
7
65504
0
52944
32
7
65504
0
52950
32
7
65504
0
52955
32
7
65504
0
52960
32
7
65504
0
52965
32
7
65504
0
52970
32
7
65504
0
52976
32
7
65504
0
52981
32
7
65504
0
52986
32
7
65504
0
52992
32
7
65504
0
52997
32
7
65504
0
53002
32
7
65504
0
53007
30
6
65504
0
53012
30
6
65504
0
53017
30
6
65504
0
53022
30
6
65504
0
53027
30
6
65504
0
53032
30
6
65504
0
53038
30
6
65504
0
53044
30
6
65504
0
53049
30
6
65504
0
53054
30
6
65504
0
53059
30
6
65504
0
53064
30
6
65504
0
53069
30
6
65504
0
53074
29
6
65504
0
53080
29
6
65504
0
53085
29
6
65504
0
53090
29
6
65504
0
53095
29
6
65504
0
53100
29
6
65504
0
53106
29
6
65504
0
53111
29
6
65504
0
53116
29
6
65504
0
53122
29
6
65504
0
53127
29
6
65504
0
53132
29
6
65504
0
53137
29
6
65504
0
53142
28
5
65504
0
53147
28
5
65504
0
53152
28
5
65504
0
53157
28
5
65504
0
53163
28
5
65504
0
53168
28
5
65504
0
53174
28
5
65504
0
53179
28
5
65504
0
53184
28
5
65504
0
53189
28
5
65504
0
53194
28
5
65504
0
53199
28
5
65504
0
53204
28
5
65504
0
53210
28
3
65503
0
53215
28
3
65503
0
53220
28
3
65503
0
53225
28
3
65503
0
53230
28
3
65503
0
53235
28
3
65503
0
53241
28
3
65503
0
53246
28
3
65503
0
53252
28
3
65503
0
53257
28
3
65503
0
53262
28
3
65503
0
53267
28
3
65503
0
53272
28
3
65503
0
53277
29
3
65504
0
53282
29
3
65504
0
53287
29
3
65504
0
53293
29
3
65504
0
53298
29
3
65504
0
53303
29
3
65504
0
53309
29
3
65504
0
53314
29
3
65504
0
53319
29
3
65504
0
53324
29
3
65504
0
53329
29
3
65504
0
53335
29
3
65504
0
53340
29
3
65504
0
53345
29
4
65503
0
53350
29
4
65503
0
53355
29
4
65503
0
53360
29
4
65503
0
53365
29
4
65503
0
53370
29
4
65503
0
53377
29
4
65503
0
53382
29
4
65503
0
53387
29
4
65503
0
53392
29
4
65503
0
53397
29
4
65503
0
53402
29
4
65503
0
53407
29
4
65503
0
53412
29
4
65503
0
53417
29
4
65503
0
53423
29
4
65503
0
53428
29
4
65503
0
53433
29
4
65503
0
53439
29
4
65503
0
53444
29
4
65503
0
53449
29
4
65503
0
53454
29
4
65503
0
53459
29
4
65503
0
53465
29
4
65503
0
53470
29
4
65503
0
53475
29
4
65503
0
53480
30
6
65504
0
53485
30
6
65504
0
53490
30
6
65504
0
53495
30
6
65504
0
53500
30
6
65504
0
53507
30
6
65504
0
53512
30
6
65504
0
53517
30
6
65504
0
53522
30
6
65504
0
53527
30
6
65504
0
53532
30
6
65504
0
53537
30
6
65504
0
53542
30
6
65504
0
53548
30
8
65505
0
53553
30
8
65505
0
53558
30
8
65505
0
53563
30
8
65505
0
53568
30
8
65505
0
53574
30
8
65505
0
53579
30
8
65505
0
53584
30
8
65505
0
53590
30
8
65505
0
53595
30
8
65505
0
53600
30
8
65505
0
53605
30
8
65505
0
53610
30
8
65505
0
53615
30
8
65505
0
53620
29
9
65506
0
53625
29
9
65506
0
53630
29
9
65506
0
53636
29
9
65506
0
53642
29
9
65506
0
53647
29
9
65506
0
53652
29
9
65506
0
53657
29
9
65506
0
53662
29
9
65506
0
53667
29
9
65506
0
53672
29
9
65506
0
53678
29
9
65506
0
53683
29
9
65506
0
53688
28
8
65508
0
53693
28
8
65508
0
53698
28
8
65508
0
53703
28
8
65508
0
53709
28
8
65508
0
53714
28
8
65508
0
53720
28
8
65508
0
53725
28
8
65508
0
53730
28
8
65508
0
53735
28
8
65508
0
53740
28
8
65508
0
53745
28
8
65508
0
53750
28
8
65508
0
53755
27
8
65508
0
53761
27
8
65508
0
53766
27
8
65508
0
53772
27
8
65508
0
53777
27
8
65508
0
53782
27
8
65508
0
53787
27
8
65508
0
53792
27
8
65508
0
53797
27
8
65508
0
53803
27
8
65508
0
53808
27
8
65508
0
53813
27
8
65508
0
53818
27
8
65508
0
53823
29
7
65508
0
53828
29
7
65508
0
53833
29
7
65508
0
53839
29
7
65508
0
53844
29
7
65508
0
53850
29
7
65508
0
53855
29
7
65508
0
53860
29
7
65508
0
53865
29
7
65508
0
53870
29
7
65508
0
53875
29
7
65508
0
53880
29
7
65508
0
53885
29
7
65508
0
53891
31
6
65507
0
53896
31
6
65507
0
53901
31
6
65507
0
53907
31
6
65507
0
53912
31
6
65507
0
53917
31
6
65507
0
53922
31
6
65507
0
53927
31
6
65507
0
53933
31
6
65507
0
53938
31
6
65507
0
53943
31
6
65507
0
53948
31
6
65507
0
53953
31
6
65507
0
53958
33
7
65506
0
53963
33
7
65506
0
53968
33
7
65506
0
53975
33
7
65506
0
53980
33
7
65506
0
53985
33
7
65506
0
53990
33
7
65506
0
53995
33
7
65506
0
54000
33
7
65506
0
54005
33
7
65506
0
54010
33
7
65506
0
54016
33
7
65506
0
54021
33
7
65506
0
54026
33
7
65506
0
54031
33
7
65506
0
54036
33
7
65506
0
54042
33
7
65506
0
54047
33
7
65506
0
54052
33
7
65506
0
54057
33
7
65506
0
54063
33
7
65506
0
54068
33
7
65506
0
54073
33
7
65506
0
54078
33
7
65506
0
54083
33
7
65506
0
54088
33
7
65506
0
54093
33
7
65505
0
54098
33
7
65505
0
54105
33
7
65505
0
54110
33
7
65505
0
54115
33
7
65505
0
54120
33
7
65505
0
54125
33
7
65505
0
54130
33
7
65505
0
54135
33
7
65505
0
54140
33
7
65505
0
54146
33
7
65505
0
54151
33
7
65505
0
54156
33
7
65505
0
54161
33
7
65505
0
54166
33
7
65505
0
54172
33
7
65505
0
54177
33
7
65505
0
54182
33
7
65505
0
54188
33
7
65505
0
54193
33
7
65505
0
54198
33
7
65505
0
54203
33
7
65505
0
54208
33
7
65505
0
54213
33
7
65505
0
54218
33
7
65505
0
54223
33
7
65505
0
54228
32
8
65504
0
54234
32
8
65504
0
54240
32
8
65504
0
54245
32
8
65504
0
54250
32
8
65504
0
54255
32
8
65504
0
54260
32
8
65504
0
54265
32
8
65504
0
54270
32
8
65504
0
54276
32
8
65504
0
54281
32
8
65504
0
54286
32
8
65504
0
54291
32
8
65504
0
54296
32
8
65504
0
54301
31
8
65504
0
54307
31
8
65504
0
54312
31
8
65504
0
54318
31
8
65504
0
54323
31
8
65504
0
54328
31
8
65504
0
54333
31
8
65504
0
54338
31
8
65504
0
54343
31
8
65504
0
54348
31
8
65504
0
54353
31
8
65504
0
54359
31
8
65504
0
54364
31
8
65504
0
54369
31
8
65504
0
54375
31
8
65504
0
54380
31
8
65504
0
54385
31
8
65504
0
54390
31
8
65504
0
54395
31
8
65504
0
54401
31
8
65504
0
54406
31
8
65504
0
54411
31
8
65504
0
54416
31
8
65504
0
54421
31
8
65504
0
54426
31
8
65504
0
54431
31
8
65504
0
54437
31
8
65504
0
54443
31
8
65504
0
54448
31
8
65504
0
54453
31
8
65504
0
54458
31
8
65504
0
54463
31
8
65504
0
54468
31
8
65504
0
54473
31
8
65504
0
54478
31
8
65504
0
54483
31
8
65504
0
54489
31
8
65504
0
54494
31
8
65504
0
54499
31
8
65504
0
54505
31
9
65504
0
54510
31
9
65504
0
54515
31
9
65504
0
54520
31
9
65504
0
54525
31
9
65504
0
54531
31
9
65504
0
54536
31
9
65504
0
54541
31
9
65504
0
54546
31
9
65504
0
54551
31
9
65504
0
54556
31
9
65504
0
54561
31
9
65504
0
54566
31
9
65504
0
54573
30
9
65504
0
54578
30
9
65504
0
54583
30
9
65504
0
54588
30
9
65504
0
54593
30
9
65504
0
54598
30
9
65504
0
54603
30
9
65504
0
54608
30
9
65504
0
54614
30
9
65504
0
54619
30
9
65504
0
54624
30
9
65504
0
54629
30
9
65504
0
54634
30
9
65504
0
54640
30
9
65504
0
54645
30
9
65504
0
54650
30
9
65504
0
54656
30
9
65504
0
54661
30
9
65504
0
54666
30
9
65504
0
54671
30
9
65504
0
54676
30
9
65504
0
54681
30
9
65504
0
54686
30
9
65504
0
54691
30
9
65504
0
54696
30
9
65504
0
54702
30
9
65504
0
54708
30
9
65504
0
54713
30
9
65504
0
54718
30
9
65504
0
54723
30
9
65504
0
54728
30
9
65504
0
54733
30
9
65504
0
54738
30
9
65504
0
54744
30
9
65504
0
54749
30
9
65504
0
54754
30
9
65504
0
54759
30
9
65504
0
54764
30
9
65504
0
54770
30
9
65504
0
54775
30
9
65505
0
54780
30
9
65505
0
54786
30
9
65505
0
54791
30
9
65505
0
54796
30
9
65505
0
54801
30
9
65505
0
54806
30
9
65505
0
54811
30
9
65505
0
54816
30
9
65505
0
54821
30
9
65505
0
54827
30
9
65505
0
54832
30
9
65505
0
54838
30
9
65505
0
54843
30
9
65505
0
54848
30
9
65505
0
54853
30
9
65505
0
54858
30
9
65505
0
54863
30
9
65505
0
54868
30
9
65505
0
54874
30
9
65505
0
54879
30
9
65505
0
54884
30
9
65505
0
54889
30
9
65505
0
54894
30
9
65505
0
54899
30
9
65505
0
54905
30
9
65505
0
54910
30
9
65505
0
54916
30
9
65505
0
54921
30
9
65505
0
54926
30
9
65505
0
54931
30
9
65505
0
54936
30
9
65505
0
54941
30
9
65505
0
54946
30
9
65505
0
54951
30
9
65505
0
54957
30
9
65505
0
54962
30
9
65505
0
54967
30
9
65505
0
54973
30
9
65505
0
54978
29
9
65504
0
54983
29
9
65504
0
54988
29
9
65504
0
54993
29
9
65504
0
54999
29
9
65504
0
55004
29
9
65504
0
55009
29
9
65504
0
55014
29
9
65504
0
55019
29
9
65504
0
55024
29
9
65504
0
55029
29
9
65504
0
55034
29
9
65504
0
55041
29
9
65504
0
55046
29
9
65505
0
55051
29
9
65505
0
55056
29
9
65505
0
55061
29
9
65505
0
55066
29
9
65505
0
55071
29
9
65505
0
55076
29
9
65505
0
55081
29
9
65505
0
55087
29
9
65505
0
55092
29
9
65505
0
55097
29
9
65505
0
55103
29
9
65505
0
55108
29
9
65505
0
55113
29
9
65505
0
55118
29
9
65504
0
55123
29
9
65504
0
55129
29
9
65504
0
55134
29
9
65504
0
55139
29
9
65504
0
55144
29
9
65504
0
55149
29
9
65504
0
55154
29
9
65504
0
55159
29
9
65504
0
55164
29
9
65504
0
55171
29
9
65504
0
55176
29
9
65504
0
55181
29
9
65504
0
55186
29
10
65504
0
55191

29
10
65504
0
55196
29
10
65504
0
55201
29
10
65504
0
55207
29
10
65504
0
55213
29
10
65504
0
55218
29
10
65504
0
55224
29
10
65504
0
55229
29
10
65504
0
55234
29
10
65504
0
55240
29
10
65504
0
55245
29
10
65504
0
55250
29
9
65505
0
55257
29
9
65505
0
55262
29
9
65505
0
55267
29
9
65505
0
55272
29
9
65505
0
55277
29
9
65505
0
55282
29
9
65505
0
55287
29
9
65505
0
55292
29
9
65505
0
55298
29
9
65505
0
55304
29
9
65505
0
55309
29
9
65505
0
55314
29
9
65505
0
55319
28
9
65505
0
55324
28
9
65505
0
55329
28
9
65505
0
55334
28
9
65505
0
55340
28
9
65505
0
55345
28
9
65505
0
55350
28
9
65505
0
55355
28
9
65505
0
55360
28
9
65505
0
55365
28
9
65505
0
55371
28
9
65505
0
55376
28
9
65505
0
55382
28
9
65505
0
55387
29
9
65505
0
55392
29
9
65505
0
55397
29
9
65505
0
55402
29
9
65505
0
55407
29
9
65505
0
55412
29
9
65505
0
55417
29
9
65505
0
55422
29
9
65505
0
55428
29
9
65505
0
55433
29
9
65505
0
55439
29
9
65505
0
55444
29
9
65505
0
55449
29
9
65505
0
55454
29
10
65504
0
55459
29
10
65504
0
55464
29
10
65504
0
55471
29
10
65504
0
55476
29
10
65504
0
55481
29
10
65504
0
55487
29
10
65504
0
55492
29
10
65504
0
55497
29
10
65504
0
55503
29
10
65504
0
55508
29
10
65504
0
55514
29
10
65504
0
55520
29
10
65504
0
55525
28
9
65505
0
55530
28
9
65505
0
55535
28
9
65505
0
55540

28
9
65505
0
55545
28
9
65505
0
55550
28
9
65505
0
55557
28
9
65505
0
55562
28
9
65505
0
55567
28
9
65505
0
55572
28
9
65505
0
55577
28
9
65505
0
55582

28
9
65505
0
55587
28
9
65505
0
55592
28
10
65505
0
55598
28
10
65505
0
55604
28
10
65505
0
55609
28
10
65505
0
55614
28
10
65505
0
55620
28
10
65505
0
55625
28
10
65505
0
55630
28
10
65505
0
55636
28
10
65505
0
55642
28
10
65505
0
55647
28
10
65505
0
55653
28
10
65505
0
55658
28
10
65505
0
55663
28
10
65505
0
55669
28
10
65505
0
55674
28
10
65505
0
55680
28
10
65505
0
55686
28
10
65505
0
55691
28
10
65505
0
55696
28
10
65505
0
55702
28
10
65505
0
55707
28
10
65505
0
55712
28
10
65505
0
55718
28
10
65505
0
55724

28
10
65505
0
55729
28
10
65504
0
55734
28
10
65504
0
55740
28
10
65504
0
55745
28
10
65504
0
55750
28
10
65504
0
55756
28
10
65504
0
55761
28
10
65504
0
55767
28
10
65504
0
55773
28
10
65504
0
55778
28
10
65504
0
55783
28
10
65504
0
55789
28
10
65504
0
55794
28
10
65504
0
55799
28
10
65504
0
55805
28
10
65504
0
55811
28
10
65504
0
55816
28
10
65504
0
55822
28
10
65504
0
55827
28
10
65504
0
55832
28
10
65504
0
55838
28
10
65504
0
55843
28
10
65504
0
55848
28
10
65504
0
55855
28
10
65504
0
55860
28
10
65504
0
55865
28
10
65504
0
55871
28
10
65504
0
55876
28
10
65504
0
55881
28
10
65504
0
55887
28
10
65504
0
55892
28
10
65504
0
55898

28
10
65504
0
55904
28
10
65504
0
55909
28
10
65504
0
55914
28
10
65504
0
55920
28
10
65504
0
55925
28
10
65504
0
55930
28
10
65504
0
55937
28
10
65504
0
55942
28
10
65504
0
55947
28
10
65504
0
55953
28
10
65504
0
55958
28
10
65504
0
55963
28
10
65504
0
55969
28
10
65504
0
55974
28
10
65504
0
55980
28
10
65504
0
55986
28
10
65504
0
55991
28
10
65504
0
55996
28
10
65504
0
56002
28
10
65504
0
56007
28
10
65504
0
56012
28
10
65504
0
56018
28
10
65504
0
56024
28
10
65504
0
56029
28
10
65504
0
56035
28
10
65504
0
56040
28
10
65504
0
56045
28
10
65504
0
56051
28
10
65504
0
56056
28
10
65504
0
56061
28
10
65504
0
56068
28
9
65505
0
56073
28
9
65505
0
56078
28
9
65505
0
56083
28
9
65505
0
56088
28
9
65505
0
56093
28
9
65505
0
56098
28
9
65505
0
56104
28
9
65505
0
56110
28
9
65505
0
56115
28
9
65505
0
56120
28
9
65505
0
56125
28
9
65505
0
56130
28
9
65505
0
56135
28
10
65504
0
56140
28
10
65504
0
56145
28
10
65504
0
56152
28
10
65504
0
56157
28
10
65504
0
56162
28
10
65504
0
56168
28
10
65504
0
56173
28
10
65504
0
56178
28
10
65504
0
56184
28
10
65504
0
56189
28
10
65504
0
56195
28
10
65504
0
56201
28
10
65504
0
56206

28
10
65504
0
56211
28
10
65504
0
56217
28
10
65504
0
56222
28
10
65504
0
56227
28
10
65504
0
56233
28
10
65504
0
56239
28
10
65504
0
56244
28
10
65504
0
56250
28
10
65504
0
56255
28
10
65504
0
56260
28
10
65504
0
56266
28
10
65504
0
56271
28
10
65504
0
56276
28
10
65504
0
56283
28
10
65504
0
56288
28
10
65504
0
56293
28
10
65504
0
56299
28
10
65504
0
56304
28
10
65504
0
56309
28
10
65504
0
56315
28
10
65504
0
56321
28
10
65504
0
56326
28
10
65504
0
56332
28
10
65504
0
56337
28
10
65504
0
56342
28
9
65504
0
56348
28
9
65504
0
56353
28
9
65504
0
56358
28
9
65504
0
56364
28
9
65504
0
56369
28
9
65504
0
56374
28
9
65504
0
56379
28
9
65504
0
56384
28
9
65504
0
56389
28
9
65504
0
56394
28
9
65504
0
56399
28
9
65504
0
56406
28
9
65504
0
56411
28
10
65504
0
56416
28
10
65504
0
56421
28
10
65504
0
56426
28
10
65504
0
56432
28
10
65504
0
56437
28
10
65504
0
56442
28
10
65504
0
56449
28
10
65504
0
56454
28
10
65504
0
56459
28
10
65504
0
56465
28
10
65504
0
56470
28
10
65504
0
56475
28
10
65504
0
56481
28
10
65504
0
56486
28
10
65504
0
56492
28
10
65504
0
56498
28
10
65504
0
56503
28
10
65504
0
56508
28
10
65504
0
56514

28
10
65504
0
56519
28
10
65504
0
56524
28
10
65504
0
56530
28
10
65504
0
56536
28
10
65504
0
56541
28
10
65504
0
56547
28
10
65504
0
56552
28
10
65504
0
56557
28
10
65504
0
56563
28
10
65504
0
56568
28
10
65504
0
56573
28
10
65504
0
56580
28
10
65504
0
56585
28
10
65504
0
56590
28
10
65504
0
56596
28
10
65504
0
56601
28
10
65504
0
56606
28
10
65504
0
56612
28
10
65504
0
56617
28
10
65504
0
56623
28
10
65504
0
56629
28
10
65504
0
56634
28
10
65504
0
56639
28
10
65504
0
56645
28
10
65504
0
56650
28
10
65504
0
56655
28
10
65504
0
56662
28
10
65504
0
56667
28
10
65504
0
56672
28
10
65504
0
56678
28
10
65504
0
56683
27
10
65505
0
56688

27
10
65505
0
56694
27
10
65505
0
56699
27
10
65505
0
56705
27
10
65505
0
56711
27
10
65505
0
56716
27
10
65505
0
56721
27
10
65505
0
56727
27
10
65505
0
56732
27
10
65505
0
56737
27
10
65505
0
56743
27
10
65505
0
56749
28
10
65504
0
56754
28
10
65504
0
56760
28
10
65504
0
56765
28
10
65504
0
56770
28
10
65504
0
56776
28
10
65504
0
56781
28
10
65504
0
56786
28
10
65504
0
56793
28
10
65504
0
56798
28
10
65504
0
56803
28
10
65504
0
56809
28
10
65504
0
56814
28
10
65504
0
56819
28
10
65504
0
56825
28
10
65504
0
56830
28
10
65504
0
56836
28
10
65504
0
56842
28
10
65504
0
56847
28
10
65504
0
56852
28
10
65504
0
56858
28
10
65504
0
56863

28
10
65504
0
56868
28
10
65504
0
56875
28
10
65504
0
56880
28
10
65504
0
56885
28
9
65504
0
56891
28
9
65504
0
56896
28
9
65504
0
56901
28
9
65504
0
56906
28
9
65504
0
56911
28
9
65504
0
56916
28
9
65504
0
56922

28
9
65504
0
56927
28
9
65504
0
56932
28
9
65504
0
56937
28
9
65504
0
56942
28
9
65504
0
56947
28
9
65504
0
56953
27
10
65504
0
56958
27
10
65504
0
56964
27
10
65504
0
56969
27
10
65504
0
56975
27
10
65504
0
56980
27
10
65504
0
56985
27
10
65504
0
56991
27
10
65504
0
56996

27
10
65504
0
57001
27
10
65504
0
57008
27
10
65504
0
57013
27
10
65504
0
57018
27
10
65504
0
57024
27
10
65504
0
57029
27
10
65504
0
57034
27
10
65504
0
57040
27
10
65504
0
57046
27
10
65504
0
57051
27
10
65504
0
57057
27
10
65504
0
57062
27
10
65504
0
57067
27
10
65504
0
57073
27
10
65504
0
57078
27
10
65504
0
57083
27
10
65504
0
57090
28
10
65504
0
57095
28
10
65504
0
57100
28
10
65504
0
57106
28
10
65504
0
57111
28
10
65504
0
57116
28
10
65504
0
57122
28
10
65504
0
57127
28
10
65504
0
57133
28
10
65504
0
57139
28
10
65504
0
57144
28
10
65504
0
57149
28
10
65504
0
57155
28
10
65504
0
57160
28
10
65505
0
57165
28
10
65505
0
57171

28
10
65505
0
57177
28
10
65505
0
57182
28
10
65505
0
57188
28
10
65505
0
57193
28
10
65505
0
57198
28
10
65505
0
57204
28
10
65505
0
57209
28
10
65505
0
57214
28
10
65505
0
57221
28
10
65505
0
57226
28
9
65504
0
57231
28
9
65504
0
57236
28
9
65504
0
57241
28
9
65504
0
57246
28
9
65504
0
57252
28
9
65504
0
57257
28
9
65504
0
57263
28
9
65504
0
57268
28
9
65504
0
57273
28
9
65504
0
57278
28
9
65504
0
57283
28
9
65504
0
57288
28
9
65504
0
57293
28
10
65504
0
57298
28
10
65504
0
57305

28
10
65504
0
57310
28
10
65504
0
57315
28
10
65504
0
57321
28
10
65504
0
57326
28
10
65504
0
57331
28
10
65504
0
57337
28
10
65504
0
57342
28
10
65504
0
57348
28
10
65504
0
57354
28
10
65504
0
57359
28
10
65504
0
57364
28
9
65504
0
57370
28
9
65504
0
57375
28
9
65504
0
57380
28
9
65504
0
57385
28
9
65504
0
57391
28
9
65504
0
57396
28
9
65504
0
57401
28
9
65504
0
57406
28
9
65504
0
57411
28
9
65504
0
57416
28
9
65504
0
57421
28
9
65504
0
57426
28
9
65504
0
57433
27
10
65504
0
57438

27
10
65504
0
57443
27
10
65504
0
57448
27
10
65504
0
57454
27
10
65504
0
57459
27
10
65504
0
57464
27
10
65504
0
57470
27
10
65504
0
57476
27
10
65504
0
57481
27
10
65504
0
57487
27
10
65504
0
57492
27
10
65504
0
57497
27
10
65504
0
57503
27
10
65504
0
57508
27
10
65504
0
57513
27
10
65504
0
57520
27
10
65504
0
57525
27
10
65504
0
57530
27
10
65504
0
57536
27
10
65504
0
57541
27
10
65504
0
57546
27
10
65504
0
57552
27
10
65504
0
57558
27
10
65504
0
57563
27
10
65504
0
57569
27
10
65504
0
57574
27
10
65504
0
57579
27
10
65504
0
57585
27
10
65504
0
57590
27
10
65504
0
57595
27
10
65504
0
57602
27
10
65504
0
57607
27
10
65504
0
57612

27
10
65504
0
57618
27
10
65504
0
57623
27
10
65504
0
57628
27
10
65504
0
57634
27
10
65504
0
57639
27
10
65504
0
57645
27
10
65504
0
57651
27
10
65504
0
57656
27
10
65504
0
57661
27
10
65504
0
57667
27
10
65504
0
57672
27
10
65504
0
57677
27
10
65504
0
57683
27
10
65504
0
57689
27
10
65504
0
57694
27
10
65504
0
57700
27
10
65504
0
57705
27
9
65504
0
57710
27
9
65504
0
57715
27
9
65504
0
57720
27
9
65504
0
57725
27
9
65504
0
57731
27
9
65504
0
57737
27
9
65504
0
57742
27
9
65504
0
5