28
10
65504
0
2054
28
10
65504
0
2057
28
10
65504
0
2060
28
10
65504
0
2064
28
10
65504
0
2067
28
10
65504
0
2071
28
10
65504
0
2076

28
10
65504
0
2081
28
10
65504
0
2086
28
10
65504
0
2092
28
10
65504
0
2097
28
10
65504
0
2102
28
10
65504
0
2108
28
10
65504
0
2113
28
10
65504
0
2118

28
10
65504
0
2123
28
10
65504
0
2128
28
10
65504
0
2134
28
10
65504
0
2139
28
10
65504
0
2144
28
10
65505
0
2149
28
10
65505
0
2154
28
10
65505
0
2159

28
10
65505
0
2164
28
10
65505
0
2170
28
10
65505
0
2176
28
10
65505
0
2181
28
10
65505
0
2186
28
10
65505
0
2191
28
10
65505
0
2196
28
10
65505
0
2201

28
10
65505
0
2206
28
10
65505
0
2211
28
9
65504
0
2216
28
9
65504
0
2222
28
9
65504
0
2227
28
9
65504
0
2232
28
9
65504
0
2237
28
9
65504
0
2241
28
9
65504
0
2246
28
9
65504
0
2251

28
9
65504
0
2256
28
9
65504
0
2262
28
9
65504
0
2266
28
9
65504
0
2271
28
9
65504
0
2276
28
9
65504
0
2281
28
9
65504
0
2286
28
9
65504
0
2291
28
9
65504
0
2295
28
9
65504
0
2300
28
9
65504
0
2306
28
9
65504
0
2311
28
9
65504
0
2316
28
9
65504
0
2321
28
9
65504
0
2325
28
9
65504
0
2330
28
9
65504
0
2335
28
9
65504
0
2340
28
9
65504
0
2345
28
9
65504
0
2350
28
9
65504
0
2355
28
9
65504
0
2360
28
9
65504
0
2365
28
9
65504
0
2370
28
9
65504
0
2375
28
9
65504
0
2379
28
9
65504
0
2384
28
9
65504
0
2390
28
9
65504
0
2395
28
9
65504
0
2400
28
9
65504
0
2405
28
9
65504
0
2409

28
9
65504
0
2414
27
10
65504
0
2419
27
10
65504
0
2424
27
10
65504
0
2429
27
10
65504
0
2435
27
10
65504
0
2440
27
10
65504
0
2445
27
10
65504
0
2450
27
10
65504
0
2456
27
10
65504
0
2461
27
10
65504
0
2466
27
10
65504
0
2471
27
10
65504
0
2477
27
10
65504
0
2482
28
10
65504
0
2487
28
10
65504
0
2492
28
10
65504
0
2497
28
10
65504
0
2502
28
10
65504
0
2507
28
10
65504
0
2512
28
10
65504
0
2518
28
10
65504
0
2524
28
10
65504
0
2529
28
10
65504
0
2534
28
10
65504
0
2539
28
10
65504
0
2544
28
10
65504
0
2549
28
10
65504
0
2554
28
10
65504
0
2560
28
10
65504
0
2565
28
10
65504
0
2570
28
10
65504
0
2575
28
10
65504
0
2580
28
10
65504
0
2585
28
10
65504
0
2591
28
10
65504
0
2596
28
10
65504
0
2601
28
10
65504
0
2607
28
10
65504
0
2612
28
10
65504
0
2617
28
10
65504
0
2622
28
10
65504
0
2627
28
10
65504
0
2632
28
10
65504
0
2637
28
10
65504
0
2642
28
10
65504
0
2648
28
10
65504
0
2654
28
10
65504
0
2659
28
10
65504
0
2664
28
10
65504
0
2669
28
10
65504
0
2674
28
10
65504
0
2679
28
10
65504
0
2684
28
10
65504
0
2690
28
10
65504
0
2695
28
10
65504
0
2700
28
10
65504
0
2705
28
10
65504
0
2710
28
10
65504
0
2715
28
10
65504
0
2721
28
10
65504
0
2726
28
10
65504
0
2732
28
10
65504
0
2737
28
10
65504
0
2742
28
10
65504
0
2747
28
10
65504
0
2752
28
10
65504
0
2757
28
10
65504
0
2762
28
10
65504
0
2767
28
10
65504
0
2772
28
10
65504
0
2778
28
10
65504
0
2783
28
10
65504
0
2789
28
10
65504
0
2794
28
10
65504
0
2799
28
10
65504
0
2804
28
10
65504
0
2809
28
10
65504
0
2814
28
10
65504
0
2820
28
10
65504
0
2825
28
9
65505
0
2830
28
9
65505
0
2835
28
9
65505
0
2840
28
9
65505
0
2845
28
9
65505
0
2849
28
9
65505
0
2854
28
9
65505
0
2860
28
9
65505
0
2865
28
9
65505
0
2870
28
9
65505
0
2875
28
9
65505
0
2879
28
9
65505
0
2884
28
9
65505
0
2889
28
9
65504
0
2894
28
9
65504
0
2899
28
9
65504
0
2905
28
9
65504
0
2909
28
9
65504
0
2914
28
9
65504
0
2919
28
9
65504
0
2924
28
9
65504
0
2929
28
9
65504
0
2933
28
9
65504
0
2938
28
9
65504
0
2944
28
9
65504
0
2949
28
9
65504
0
2954
28
9
65504
0
2959

28
9
65504
0
2963
28
9
65504
0
2968
28
9
65504
0
2973
28
9
65504
0
2978
28
9
65504
0
2983
28
9
65504
0
2989
28
9
65504
0
2993
28
9
65504
0
2998
28
9
65504
0
3003
28
9
65504
0
3008
28
9
65504
0
3013
28
9
65504
0
3017
28
9
65504
0
3022
28
9
65504
0
3027
28
10
65504
0
3033
28
10
65504
0
3038
28
10
65504
0
3043
28
10
65504
0
3048
28
10
65504
0
3053
28
10
65504
0
3058
28
10
65504
0
3063
28
10
65504
0
3069
28
10
65504
0
3075
28
10
65504
0
3080
28
10
65504
0
3085
28
10
65504
0
3090
28
10
65504
0
3095
28
10
65504
0
3100
28
10
65504
0
3105
28
10
65504
0
3110
28
10
65504
0
3116
28
10
65504
0
3121
28
10
65504
0
3126
28
10
65504
0
3131
28
10
65504
0
3137
28
10
65504
0
3142
28
10
65504
0
3147
28
10
65504
0
3152
28
10
65504
0
3158
28
10
65504
0
3163
28
10
65504
0
3168
28
10
65504
0
3173
28
10
65504
0
3178
28
10
65504
0
3183
28
10
65504
0
3188
28
10
65504
0
3193
28
10
65504
0
3198
28
10
65504
0
3205
28
10
65504
0
3210
28
10
65504
0
3215
28
10
65504
0
3220
28
10
65504
0
3225
28
10
65504
0
3230
28
10
65504
0
3235
28
10
65504
0
3240
28
10
65504
0
3246
28
10
65504
0
3251
28
10
65504
0
3256
28
10
65504
0
3261
28
10
65504
0
3266
28
10
65504
0
3272
28
10
65504
0
3277
28
10
65504
0
3282
28
10
65504
0
3288
28
10
65504
0
3293
28
10
65504
0
3298
28
10
65504
0
3303
28
10
65504
0
3308
28
10
65504
0
3313
28
10
65504
0
3318
28
10
65504
0
3323
28
10
65504
0
3329
28
10
65504
0
3334
28
10
65504
0
3340
28
10
65504
0
3345
28
10
65504
0
3350
28
10
65504
0
3355
28
10
65504
0
3360
28
10
65504
0
3365
28
10
65504
0
3371
28
10
65504
0
3376
28
10
65504
0
3381
28
10
65504
0
3386
28
10
65504
0
3391
28
10
65504
0
3396
28
10
65504
0
3402
28
10
65504
0
3407
28
10
65504
0
3412
28
10
65504
0
3418
28
10
65504
0
3423
28
10
65504
0
3428
28
10
65504
0
3433
28
10
65504
0
3438
28
9
65504
0
3443
28
9
65504
0
3448
28
9
65504
0
3453
28
9
65504
0
3459
28
9
65504
0
3463
28
9
65504
0
3468
28
9
65504
0
3473
28
9
65504
0
3478
28
9
65504
0
3483
28
9
65504
0
3488
28
9
65504
0
3492
28
9
65504
0
3497
28
9
65504
0
3503
28
10
65504
0
3508
28
10
65504
0
3513
28
10
65504
0
3518
28
10
65504
0
3523
28
10
65504
0
3528
28
10
65504
0
3533
28
10
65504
0
3538
28
10
65504
0
3544
28
10
65504
0
3549
28
10
65504
0
3555
28
10
65504
0
3560
28
10
65504
0
3565
28
10
65504
0
3570
28
10
65504
0
3575
28
10
65504
0
3580
28
10
65504
0
3586
28
10
65504
0
3591
28
10
65504
0
3596
28
10
65504
0
3601
28
10
65504
0
3606
28
10
65504
0
3611
28
10
65504
0
3616
28
10
65504
0
3622
28
10
65504
0
3628
28
10
65504
0
3633
28
10
65504
0
3638
28
10
65504
0
3643
28
10
65504
0
3648
28
10
65504
0
3653
28
10
65504
0
3658
28
10
65504
0
3663
28
10
65504
0
3668
28
10
65504
0
3674
28
10
65504
0
3679
28
10
65504
0
3685
28
10
65504
0
3690
28
10
65504
0
3695
28
10
65504
0
3700
28
10
65504
0
3705
28
10
65504
0
3710
28
10
65504
0
3716
28
10
65504
0
3721
28
10
65504
0
3726
28
10
65504
0
3731
28
10
65504
0
3736
28
10
65504
0
3741
28
10
65504
0
3746
28
10
65504
0
3752
28
10
65504
0
3758
28
10
65504
0
3763
28
10
65504
0
3768
28
10
65504
0
3773
28
10
65504
0
3778
28
10
65504
0
3783
28
10
65504
0
3788
28
10
65504
0
3793
28
10
65504
0
3799
28
10
65504
0
3804
28
10
65504
0
3809
28
10
65504
0
3814
28
10
65504
0
3820
28
10
65504
0
3825
28
10
65504
0
3830
28
10
65504
0
3835
28
10
65504
0
3841
28
10
65504
0
3846
29
10
65504
0
3851
29
10
65504
0
3856
29
10
65504
0
3861
29
10
65504
0
3866
29
10
65504
0
3871
29
10
65504
0
3876
29
10
65504
0
3881
29
10
65504
0
3888
29
10
65504
0
3893
29
10
65504
0
3898
29
10
65504
0
3903
29
10
65504
0
3908
29
10
65504
0
3913
29
10
65504
0
3918
29
10
65504
0
3923
29
10
65504
0
3929
29
10
65504
0
3934
29
10
65504
0
3939
29
10
65504
0
3944
29
10
65504
0
3949
29
10
65504
0
3955
29
10
65504
0
3960
29
10
65504
0
3965
29
10
65504
0
3971
29
10
65504
0
3976
29
10
65504
0
3981
29
10
65505
0
3986
29
10
65505
0
3991
29
10
65505
0
3996
29
10
65505
0
4001
29
10
65505
0
4006
29
10
65505
0
4012
29
10
65505
0
4018
29
10
65505
0
4023
29
10
65505
0
4028
29
10
65505
0
4033
29
10
65505
0
4038
29
10
65505
0
4043
29
10
65505
0
4048
29
9
65504
0
4054
29
9
65504
0
4059
29
9
65504
0
4064
29
9
65504
0
4069
29
9
65504
0
4073

29
9
65504
0
4078
29
9
65504
0
4083
29
9
65504
0
4088
29
9
65504
0
4093
29
9
65504
0
4098
29
9
65504
0
4103
29
9
65504
0
4108
29
9
65504
0
4113
29
9
65504
0
4118
29
10
65504
0
4123
29
10
65504
0
4128
29
10
65504
0
4133
29
10
65504
0
4139
29
10
65504
0
4144
29
10
65504
0
4149
29
10
65504
0
4154
29
10
65504
0
4159
29
10
65504
0
4164
29
10
65504
0
4169
29
10
65504
0
4174
29
10
65504
0
4179
29
10
65504
0
4186
29
9
65504
0
4191
29
9
65504
0
4195
29
9
65504
0
4200
29
9
65504
0
4205
29
9
65504
0
4210
29
9
65504
0
4215
29
9
65504
0
4220
29
9
65504
0
4225
29
9
65504
0
4230
29
9
65504
0
4235
29
9
65504
0
4240

29
9
65504
0
4245
29
9
65504
0
4249
29
9
65504
0
4254
29
10
65504
0
4259
29
10
65504
0
4264
29
10
65504
0
4270
29
10
65504
0
4275
29
10
65504
0
4280
29
10
65504
0
4286
29
10
65504
0
4291
29
10
65504
0
4296
29
10
65504
0
4301
29
10
65504
0
4306
29
10
65504
0
4312
29
10
65504
0
4317
29
10
65504
0
4322
29
10
65504
0
4327
29
10
65504
0
4332
29
10
65504
0
4337
29
10
65504
0
4342
29
10
65504
0
4347
29
10
65504
0
4354
29
10
65504
0
4359
29
10
65504
0
4364
29
10
65504
0
4369
29
10
65504
0
4374
29
10
65504
0
4379
29
10
65504
0
4384
29
10
65504
0
4389
29
9
65504
0
4395
29
9
65504
0
4400
29
9
65504
0
4405
29
9
65504
0
4410
29
9
65504
0
4414

29
9
65504
0
4419
29
9
65504
0
4424
29
9
65504
0
4429
29
9
65504
0
4434
29
9
65504
0
4440
29
9
65504
0
4444
29
9
65504
0
4449
29
9
65504
0
4454
29
9
65504
0
4459
29
9
65505
0
4464
29
9
65505
0
4469
29
9
65505
0
4473
29
9
65505
0
4478
29
9
65505
0
4484
29
9
65505
0
4489
29
9
65505
0
4494
29
9
65505
0
4498
29
9
65505
0
4503
29
9
65505
0
4508
29
9
65505
0
4513
29
9
65505
0
4518
29
9
65505
0
4524
29
9
65505
0
4528
30
9
65504
0
4533
30
9
65504
0
4538
30
9
65504
0
4543
30
9
65504
0
4548
30
9
65504
0
4553
30
9
65504
0
4557
30
9
65504
0
4562
30
9
65504
0
4568
30
9
65504
0
4573

30
9
65504
0
4578
30
9
65504
0
4582
30
9
65504
0
4587
30
9
65504
0
4592
30
9
65504
0
4597
30
9
65505
0
4602
30
9
65505
0
4608
30
9
65505
0
4612
30
9
65505
0
4617
30
9
65505
0
4622
30
9
65505
0
4627
30
9
65505
0
4632
30
9
65505
0
4637
30
9
65505
0
4641
30
9
65505
0
4646
30
9
65505
0
4652
30
9
65505
0
4657
30
9
65505
0
4662
30
9
65505
0
4667
30
9
65505
0
4671
30
9
65505
0
4676
30
9
65505
0
4681
30
9
65505
0
4686
30
9
65505
0
4691
30
9
65505
0
4696
30
9
65505
0
4701
30
9
65505
0
4706
30
9
65505
0
4711
30
9
65505
0
4716
30
9
65505
0
4721
30
9
65505
0
4725
30
9
65505
0
4730

30
9
65504
0
4736
30
9
65504
0
4741
30
9
65504
0
4746
30
9
65504
0
4751
30
9
65504
0
4755
30
9
65504
0
4760
30
9
65504
0
4765
30
9
65504
0
4770
30
9
65504
0
4775
30
9
65504
0
4780
30
9
65504
0
4785
30
9
65504
0
4790
30
9
65504
0
4795
30
9
65504
0
4800
30
9
65504
0
4805
30
9
65504
0
4809
30
9
65504
0
4814
30
9
65504
0
4819
30
9
65504
0
4825
30
9
65504
0
4830
30
9
65504
0
4835
30
9
65504
0
4839
30
9
65504
0
4844
30
9
65504
0
4849
30
9
65504
0
4854
30
9
65504
0
4859
30
9
65504
0
4864
30
9
65504
0
4869
31
8
65504
0
4874
31
8
65504
0
4879
31
8
65504
0
4884
31
8
65504
0
4889

31
8
65504
0
4893
31
8
65504
0
4898
31
8
65504
0
4903
31
8
65504
0
4909
31
8
65504
0
4914
31
8
65504
0
4919
31
8
65504
0
4923
31
8
65504
0
4928
31
8
65504
0
4933
31
8
65505
0
4938
31
8
65505
0
4943
31
8
65505
0
4947
31
8
65505
0
4953
31
8
65505
0
4958
31
8
65505
0
4963
31
8
65505
0
4968
31
8
65505
0
4973
31
8
65505
0
4977
31
8
65505
0
4982
31
8
65505
0
4987
31
8
65505
0
4993
31
8
65505
0
4998
31
8
65505
0
5003
31
8
65505
0
5007
31
8
65505
0
5012
31
8
65505
0
5017
31
8
65505
0
5022
31
8
65505
0
5027
31
8
65505
0
5032
31
8
65505
0
5037
31
8
65505
0
5042
31
8
65505
0
5047

31
8
65505
0
5052
31
8
65505
0
5057
31
8
65505
0
5061
31
8
65505
0
5066
31
8
65505
0
5071
32
8
65505
0
5076
32
8
65505
0
5082
32
8
65505
0
5087
32
8
65505
0
5091
32
8
65505
0
5096
32
8
65505
0
5101
32
8
65505
0
5106
32
8
65505
0
5111
32
8
65505
0
5116
32
8
65505
0
5121
32
8
65505
0
5126
32
8
65505
0
5131
32
8
65505
0
5136
32
8
65505
0
5141
32
8
65505
0
5145
32
8
65505
0
5150
32
8
65505
0
5155
32
8
65505
0
5160
32
8
65505
0
5166
32
8
65505
0
5171
32
8
65505
0
5175
32
8
65505
0
5180
32
8
65505
0
5185
32
8
65505
0
5190
32
8
65505
0
5195
32
8
65505
0
5200
32
8
65505
0
5204

32
8
65505
0
5210
32
7
65505
0
5215
32
7
65505
0
5220
32
7
65505
0
5225
32
7
65505
0
5229
32
7
65505
0
5234
32
7
65505
0
5239
32
7
65505
0
5244
32
7
65505
0
5250
32
7
65505
0
5255
32
7
65505
0
5259
32
7
65505
0
5264
32
7
65505
0
5269
32
7
65505
0
5274
32
7
65506
0
5279
32
7
65506
0
5284
32
7
65506
0
5288
32
7
65506
0
5294
32
7
65506
0
5299
32
7
65506
0
5304
32
7
65506
0
5309
32
7
65506
0
5313
32
7
65506
0
5318
32
7
65506
0
5323
32
7
65506
0
5328
32
7
65506
0
5334
32
7
65506
0
5339
32
7
65506
0
5343
32
7
65505
0
5348
32
7
65505
0
5353
32
7
65505
0
5358
32
7
65505
0
5363

32
7
65505
0
5368
32
7
65505
0
5372
32
7
65505
0
5378
32
7
65505
0
5383
32
7
65505
0
5388
32
7
65505
0
5393
32
7
65505
0
5397
32
7
65505
0
5402
32
7
65505
0
5407
32
7
65505
0
5412
32
7
65506
0
5417
32
7
65506
0
5423
32
7
65506
0
5427
32
7
65506
0
5432
32
7
65506
0
5437
32
7
65506
0
5442
32
7
65506
0
5447
32
7
65506
0
5452
32
7
65506
0
5456
32
7
65506
0
5462
32
7
65506
0
5467
32
7
65506
0
5472
32
7
65506
0
5477
32
7
65506
0
5482
32
6
65506
0
5486
32
6
65506
0
5491
32
6
65506
0
5496
32
6
65506
0
5501
32
6
65506
0
5507
32
6
65506
0
5511
32
6
65506
0
5516
32
6
65506
0
5521

32
6
65506
0
5526
32
6
65506
0
5531
32
6
65506
0
5536
32
6
65506
0
5540
32
6
65506
0
5545
32
6
65506
0
5551
33
6
65505
0
5556
33
6
65505
0
5561
33
6
65505
0
5566
33
6
65505
0
5570
33
6
65505
0
5575
33
6
65505
0
5580
33
6
65505
0
5585
33
6
65505
0
5591
33
6
65505
0
5595
33
6
65505
0
5600
33
6
65505
0
5605
33
6
65505
0
5610
33
6
65505
0
5615
33
5
65505
0
5620
33
5
65505
0
5624
33
5
65505
0
5629
33
5
65505
0
5635
33
5
65505
0
5640
33
5
65505
0
5645
33
5
65505
0
5650
33
5
65505
0
5654
33
5
65505
0
5659
33
5
65505
0
5664
33
5
65505
0
5669
33
5
65505
0
5675
33
5
65505
0
5679

33
5
65505
0
5684
32
4
65505
0
5689
32
4
65505
0
5694
32
4
65505
0
5699
32
4
65505
0
5704
32
4
65505
0
5708
32
4
65505
0
5713
32
4
65505
0
5719
32
4
65505
0
5724
32
4
65505
0
5729
32
4
65505
0
5734
32
4
65505
0
5738
32
4
65505
0
5743
32
4
65505
0
5748
32
4
65505
0
5753
32
4
65504
0
5758
32
4
65504
0
5763
32
4
65504
0
5768
32
4
65504
0
5773
32
4
65504
0
5778
32
4
65504
0
5783
32
4
65504
0
5788
32
4
65504
0
5792
32
4
65504
0
5797
32
4
65504
0
5803
32
4
65504
0
5808
32
4
65504
0
5813
32
4
65504
0
5818
32
4
65504
0
5822
32
3
65505
0
5827
32
3
65505
0
5832
32
3
65505
0
5837

32
3
65505
0
5842
32
3
65505
0
5847
32
3
65505
0
5852
32
3
65505
0
5857
32
3
65505
0
5862
32
3
65505
0
5867
32
3
65505
0
5872
32
3
65505
0
5876
32
3
65505
0
5881
32
3
65505
0
5886
32
3
65505
0
5892
32
3
65505
0
5897
32
3
65505
0
5902
32
3
65505
0
5906
32
3
65505
0
5911
32
3
65505
0
5916
32
3
65505
0
5921
32
3
65505
0
5926
32
3
65505
0
5932
32
3
65505
0
5936
32
3
65505
0
5941
32
3
65505
0
5946
32
3
65505
0
5951
32
3
65505
0
5956
32
3
65505
0
5960
32
3
65505
0
5965
32
3
65505
0
5970
32
3
65505
0
5976
32
3
65505
0
5981
32
3
65505
0
5986
32
3
65505
0
5990
32
3
65505
0
5995

32
3
65505
0
6000
32
3
65505
0
6005
32
3
65505
0
6010
32
3
65505
0
6016
32
3
65505
0
6020
32
3
65505
0
6025
31
5
65506
0
6030
31
5
65506
0
6035
31
5
65506
0
6040
31
5
65506
0
6044
31
5
65506
0
6049
31
5
65506
0
6054
31
5
65506
0
6060
31
5
65506
0
6065
31
5
65506
0
6070
31
5
65506
0
6074
31
5
65506
0
6079
31
5
65506
0
6084
31
5
65506
0
6089
31
5
65506
0
6094
31
6
65506
0
6099
31
6
65506
0
6104
31
6
65506
0
6109
31
6
65506
0
6114
31
6
65506
0
6119
31
6
65506
0
6124
31
6
65506
0
6128
31
6
65506
0
6133
31
6
65506
0
6138
31
6
65506
0
6144
31
6
65506
0
6149
31
6
65506
0
6154

31
6
65506
0
6158
31
6
65506
0
6163
32
5
65506
0
6168
32
5
65506
0
6173
32
5
65506
0
6178
32
5
65506
0
6183
32
5
65506
0
6188
32
5
65506
0
6193
32
5
65506
0
6198
32
5
65506
0
6203
32
5
65506
0
6208
32
5
65506
0
6212
32
5
65506
0
6217
32
5
65506
0
6222
32
5
65506
0
6227
32
5
65506
0
6233
33
5
65506
0
6238
33
5
65506
0
6242
33
5
65506
0
6247
33
5
65506
0
6252
33
5
65506
0
6257
33
5
65506
0
6262
33
5
65506
0
6267
33
5
65506
0
6272
33
5
65506
0
6277
33
5
65506
0
6282
33
5
65506
0
6287
33
5
65506
0
6292
33
5
65506
0
6297
33
4
65506
0
6301
33
4
65506
0
6306
33
4
65506
0
6311

33
4
65506
0
6317
33
4
65506
0
6322
33
4
65506
0
6326
33
4
65506
0
6331
33
4
65506
0
6336
33
4
65506
0
6341
33
4
65506
0
6346
33
4
65506
0
6351
33
4
65506
0
6355
33
4
65506
0
6361
33
4
65506
0
6366
33
3
65505
0
6371
33
3
65505
0
6376
33
3
65505
0
6381
33
3
65505
0
6385
33
3
65505
0
6390
33
3
65505
0
6395
33
3
65505
0
6401
33
3
65505
0
6406
33
3
65505
0
6410
33
3
65505
0
6415
33
3
65505
0
6420
33
3
65505
0
6425
33
3
65505
0
6430
33
3
65505
0
6435
33
3
65505
0
6439
33
3
65505
0
6445
33
3
65505
0
6450
33
3
65505
0
6455
33
3
65505
0
6460
33
3
65505
0
6465
33
3
65505
0
6469

33
3
65505
0
6474
33
3
65505
0
6479
33
3
65505
0
6484
33
3
65505
0
6490
33
3
65505
0
6494
33
3
65505
0
6499
33
3
65505
0
6504
33
2
65505
0
6509
33
2
65505
0
6514
33
2
65505
0
6519
33
2
65505
0
6523
33
2
65505
0
6529
33
2
65505
0
6534
33
2
65505
0
6539
33
2
65505
0
6544
33
2
65505
0
6549
33
2
65505
0
6553
33
2
65505
0
6558
33
2
65505
0
6563
33
2
65505
0
6568
33
2
65505
0
6574
33
2
65505
0
6578
33
2
65505
0
6583
33
2
65505
0
6588
33
2
65505
0
6593
33
2
65505
0
6598
33
2
65505
0
6603
33
2
65505
0
6607
33
2
65505
0
6612
33
2
65505
0
6618
33
2
65505
0
6623
33
2
65505
0
6628

33
2
65505
0
6633
33
2
65505
0
6637
33
2
65504
0
6642
33
2
65504
0
6647
33
2
65504
0
6652
33
2
65504
0
6658
33
2
65504
0
6662
33
2
65504
0
6667
33
2
65504
0
6672
33
2
65504
0
6677
33
2
65504
0
6682
33
2
65504
0
6687
33
2
65504
0
6691
33
2
65504
0
6696
33
2
65504
0
6702
33
2
65504
0
6707
33
2
65504
0
6712
33
2
65504
0
6717
33
2
65504
0
6721
33
2
65504
0
6726
33
2
65504
0
6731
33
2
65504
0
6736
33
2
65504
0
6742
33
2
65504
0
6747
33
2
65504
0
6751
33
2
65504
0
6756
33
2
65504
0
6761
33
2
65504
0
6766
33
2
65504
0
6771
33
2
65504
0
6775
33
2
65504
0
6780
33
2
65504
0
6786

33
2
65504
0
6791
33
2
65504
0
6796
33
2
65504
0
6801
33
2
65504
0
6805
33
2
65504
0
6810
33
2
65504
0
6815
33
2
65504
0
6820
33
2
65504
0
6825
33
2
65504
0
6831
33
2
65504
0
6835
33
2
65504
0
6840
33
2
65504
0
6845
33
2
65504
0
6850
33
2
65504
0
6855
33
2
65504
0
6859
33
2
65504
0
6864
33
2
65504
0
6870
33
2
65504
0
6875
33
2
65504
0
6880
33
2
65504
0
6885
33
2
65504
0
6889
33
2
65504
0
6894
33
2
65504
0
6899
33
2
65504
0
6904
33
2
65504
0
6909
33
1
65504
0
6915
33
1
65504
0
6919
33
1
65504
0
6924
33
1
65504
0
6929
33
1
65504
0
6934
33
1
65504
0
6939
33
1
65504
0
6943

33
1
65504
0
6948
33
1
65504
0
6953
33
1
65504
0
6959
33
1
65504
0
6964
33
1
65504
0
6969
33
1
65504
0
6973
33
1
65504
0
6978
32
2
65505
0
6983
32
2
65505
0
6988
32
2
65505
0
6993
32
2
65505
0
6999
32
2
65505
0
7003
32
2
65505
0
7008
32
2
65505
0
7013
32
2
65505
0
7018
32
2
65505
0
7023
32
2
65505
0
7027
32
2
65505
0
7032
32
2
65505
0
7037
32
2
65505
0
7043
32
2
65505
0
7048
32
2
65504
0
7053
32
2
65504
0
7057
32
2
65504
0
7062
32
2
65504
0
7067
32
2
65504
0
7072
32
2
65504
0
7077
32
2
65504
0
7083
32
2
65504
0
7087
32
2
65504
0
7092
32
2
65504
0
7097
32
2
65504
0
7102

32
2
65504
0
7107
32
2
65504
0
7111
32
2
65504
0
7116
32
2
65505
0
7121
32
2
65505
0
7127
32
2
65505
0
7132
32
2
65505
0
7137
32
2
65505
0
7141
32
2
65505
0
7146
32
2
65505
0
7151
32
2
65505
0
7156
32
2
65505
0
7161
32
2
65505
0
7166
32
2
65505
0
7171
32
2
65505
0
7176
32
2
65505
0
7181
32
2
65505
0
7186
32
2
65505
0
7191
32
2
65505
0
7196
32
2
65505
0
7200
32
2
65505
0
7205
32
2
65505
0
7211
32
2
65505
0
7216
32
2
65505
0
7221
32
2
65505
0
7225
32
2
65505
0
7230
32
2
65505
0
7235
32
2
65505
0
7240
32
2
65505
0
7245
32
2
65505
0
7250
32
2
65505
0
7255
32
2
65505
0
7260

32
2
65505
0
7265
32
2
65505
0
7270
32
2
65505
0
7275
32
2
65505
0
7280
32
2
65505
0
7284
32
2
65505
0
7289
32
2
65505
0
7294
32
2
65505
0
7300
32
2
65505
0
7305
32
2
65505
0
7309
32
2
65505
0
7314
32
2
65505
0
7319
31
2
65505
0
7324
31
2
65505
0
7329
31
2
65505
0
7334
31
2
65505
0
7339
31
2
65505
0
7344
31
2
65505
0
7349
31
2
65505
0
7354
31
2
65505
0
7359
31
2
65505
0
7364
31
2
65505
0
7368
31
2
65505
0
7373
31
2
65505
0
7378
31
2
65505
0
7384
31
2
65505
0
7389
31
2
65505
0
7393
31
2
65505
0
7398
31
2
65505
0
7403
31
2
65505
0
7408
31
2
65505
0
7413
31
2
65505
0
7418

31
2
65505
0
7422
31
2
65505
0
7428
31
2
65505
0
7433
31
2
65505
0
7438
31
2
65505
0
7443
31
2
65505
0
7448
31
2
65505
0
7452
31
2
65505
0
7457
31
2
65505
0
7462
31
2
65505
0
7468
31
2
65505
0
7473
31
2
65505
0
7477
31
2
65505
0
7482
31
2
65505
0
7487
31
2
65505
0
7492
31
2
65505
0
7497
31
2
65505
0
7502
31
2
65505
0
7506
31
2
65505
0
7512
31
2
65505
0
7517
31
2
65505
0
7522
31
2
65505
0
7527
31
2
65505
0
7532
31
2
65505
0
7536
31
2
65505
0
7541
31
2
65505
0
7546
31
2
65505
0
7552
31
2
65505
0
7557
31
2
65505
0
7562
31
2
65505
0
7566
31
2
65505
0
7571
31
2
65505
0
7576

31
2
65505
0
7581
31
2
65505
0
7586
31
2
65505
0
7590
31
2
65505
0
7596
31
2
65505
0
7601
31
2
65505
0
7606
31
2
65505
0
7611
31
2
65505
0
7616
31
2
65505
0
7620
31
2
65505
0
7625
31
2
65505
0
7630
31
2
65505
0
7635
31
2
65505
0
7641
31
2
65505
0
7646
31
2
65505
0
7650
31
2
65505
0
7655
31
2
65505
0
7660
30
2
65505
0
7665
30
2
65505
0
7670
30
2
65505
0
7674
30
2
65505
0
7680
30
2
65505
0
7685
30
2
65505
0
7690
30
2
65505
0
7695
30
2
65505
0
7700
30
2
65505
0
7704
30
2
65505
0
7709
30
2
65505
0
7714
30
2
65505
0
7719
30
2
65505
0
7725
30
2
65505
0
7730
29
2
65504
0
7734

29
2
65504
0
7739
29
2
65504
0
7744
29
2
65504
0
7749
29
2
65504
0
7754
29
2
65504
0
7758
29
2
65504
0
7763
29
2
65504
0
7769
29
2
65504
0
7774
29
2
65504
0
7779
29
2
65504
0
7784
29
2
65504
0
7788
29
2
65504
0
7793
29
2
65504
0
7798
28
2
65504
0
7803
28
2
65504
0
7809
28
2
65504
0
7814
28
2
65504
0
7818
28
2
65504
0
7823
28
2
65504
0
7828
28
2
65504
0
7833
28
2
65504
0
7838
28
2
65504
0
7842
28
2
65504
0
7847
28
2
65504
0
7853
28
2
65504
0
7858
28
2
65504
0
7863
28
2
65503
0
7868
28
2
65503
0
7872
28
2
65503
0
7877
28
2
65503
0
7882
28
2
65503
0
7887
28
2
65503
0
7892

28
2
65503
0
7898
28
2
65503
0
7902
28
2
65503
0
7907
28
2
65503
0
7912
28
2
65503
0
7917
28
2
65503
0
7922
28
2
65503
0
7926
28
2
65503
0
7931
28
2
65505
0
7937
28
2
65505
0
7942
28
2
65505
0
7947
28
2
65505
0
7952
28
2
65505
0
7956
28
2
65505
0
7961
28
2
65505
0
7966
28
2
65505
0
7971
28
2
65505
0
7976
28
2
65505
0
7982
28
2
65505
0
7986
28
2
65505
0
7991
28
2
65505
0
7996
28
2
65505
0
8001
28
3
65506
0
8006
28
3
65506
0
8011
28
3
65506
0
8015
28
3
65506
0
8020
28
3
65506
0
8026
28
3
65506
0
8031
28
3
65506
0
8036
28
3
65506
0
8040
28
3
65506
0
8045
28
3
65506
0
8050

28
3
65506
0
8055
28
3
65506
0
8060
28
3
65506
0
8066
28
3
65506
0
8070
27
4
65507
0
8075
27
4
65507
0
8080
27
4
65507
0
8085
27
4
65507
0
8090
27
4
65507
0
8095
27
4
65507
0
8099
27
4
65507
0
8104
27
4
65507
0
8110
27
4
65507
0
8115
27
4
65507
0
8120
27
4
65507
0
8124
27
4
65507
0
8129
27
4
65507
0
8134
27
4
65507
0
8139
28
5
65507
0
8144
28
5
65507
0
8150
28
5
65507
0
8154
28
5
65507
0
8159
28
5
65507
0
8164
28
5
65507
0
8169
28
5
65507
0
8174
28
5
65507
0
8179
28
5
65507
0
8183
28
5
65507
0
8188
28
5
65507
0
8194
28
5
65507
0
8199
28
5
65507
0
8204
28
7
65506
0
8208

28
7
65506
0
8213
28
7
65506
0
8218
28
7
65506
0
8223
28
7
65506
0
8228
28
7
65506
0
8233
28
7
65506
0
8238
28
7
65506
0
8243
28
7
65506
0
8248
28
7
65506
0
8253
28
7
65506
0
8258
28
7
65506
0
8263
28
7
65506
0
8267
28
7
65506
0
8272
29
7
65506
0
8278
29
7
65506
0
8283
29
7
65506
0
8288
29
7
65506
0
8292
29
7
65506
0
8297
29
7
65506
0
8302
29
7
65506
0
8307
29
7
65506
0
8312
29
7
65506
0
8317
29
7
65506
0
8322
29
7
65506
0
8327
29
7
65506
0
8332
29
7
65506
0
8337
29
7
65506
0
8342
30
7
65506
0
8347
30
7
65506
0
8351
30
7
65506
0
8356
30
7
65506
0
8361
30
7
65506
0
8367

30
7
65506
0
8372
30
7
65506
0
8377
30
7
65506
0
8381
30
7
65506
0
8386
30
7
65506
0
8391
30
7
65506
0
8396
30
7
65506
0
8401
30
7
65506
0
8406
30
7
65506
0
8411
33
6
65505
0
8416
33
6
65505
0
8421
33
6
65505
0
8426
33
6
65505
0
8431
33
6
65505
0
8435
33
6
65505
0
8440
33
6
65505
0
8445
33
6
65505
0
8451
33
6
65505
0
8456
33
6
65505
0
8461
33
6
65505
0
8465
33
6
65505
0
8470
33
6
65505
0
8475
33
6
65505
0
8480
33
6
65505
0
8485
33
6
65505
0
8489
33
6
65505
0
8495
33
6
65505
0
8500
33
6
65505
0
8505
33
6
65505
0
8510
33
6
65505
0
8515
33
6
65505
0
8519
33
6
65505
0
8524

33
6
65505
0
8529
33
6
65505
0
8535
33
6
65505
0
8540
33
6
65505
0
8545
33
6
65505
0
8549
33
6
65505
0
8554
33
6
65505
0
8559
33
6
65505
0
8564
33
6
65505
0
8569
33
6
65505
0
8573
33
6
65505
0
8579
33
6
65505
0
8584
33
6
65505
0
8589
33
6
65505
0
8594
33
6
65505
0
8599
33
6
65505
0
8603
33
6
65505
0
8608
33
6
65505
0
8613
32
4
65501
0
8619
32
4
65501
0
8624
32
4
65501
0
8629
32
4
65501
0
8633
32
4
65501
0
8638
32
4
65501
0
8643
32
4
65501
0
8648
32
4
65501
0
8653
32
4
65501
0
8657
32
4
65501
0
8663
32
4
65501
0
8668
32
4
65501
0
8673
32
4
65501
0
8678
32
4
65501
0
8683

31
3
65502
0
8687
31
3
65502
0
8692
31
3
65502
0
8697
31
3
65502
0
8702
31
3
65502
0
8708
31
3
65502
0
8713
31
3
65502
0
8717
31
3
65502
0
8722
31
3
65502
0
8727
31
3
65502
0
8732
31
3
65502
0
8737
31
3
65502
0
8741
31
3
65502
0
8747
31
3
65502
0
8752
29
3
65502
0
8757
29
3
65502
0
8762
29
3
65502
0
8767
29
3
65502
0
8771
29
3
65502
0
8776
29
3
65502
0
8781
29
3
65502
0
8786
29
3
65502
0
8792
29
3
65502
0
8797
29
3
65502
0
8801
29
3
65502
0
8806
29
3
65502
0
8811
29
3
65502
0
8816
28
3
65503
0
8821
28
3
65503
0
8826
28
3
65503
0
8830
28
3
65503
0
8836
28
3
65503
0
8841

28
3
65503
0
8846
28
3
65503
0
8851
28
3
65503
0
8855
28
3
65503
0
8860
28
3
65503
0
8865
28
3
65503
0
8870
28
3
65503
0
8876
28
3
65503
0
8881
28
3
65503
0
8885
27
3
65504
0
8890
27
3
65504
0
8895
27
3
65504
0
8900
27
3
65504
0
8905
27
3
65504
0
8910
27
3
65504
0
8914
27
3
65504
0
8920
27
3
65504
0
8925
27
3
65504
0
8930
27
3
65504
0
8935
27
3
65504
0
8939
27
3
65504
0
8944
27
3
65504
0
8949
27
3
65504
0
8954
27
4
65504
0
8960
27
4
65504
0
8965
27
4
65504
0
8969
27
4
65504
0
8974
27
4
65504
0
8979
27
4
65504
0
8984
27
4
65504
0
8989
27
4
65504
0
8994
27
4
65504
0
8998

27
4
65504
0
9004
27
4
65504
0
9009
27
4
65504
0
9014
27
4
65504
0
9019
27
4
65504
0
9023
27
4
65504
0
9028
27
4
65504
0
9033
27
4
65504
0
9038
27
4
65504
0
9043
27
4
65504
0
9049
27
4
65504
0
9053
27
4
65504
0
9058
27
4
65504
0
9063
27
4
65504
0
9068
27
4
65504
0
9073
27
4
65504
0
9078
27
4
65504
0
9082
27
4
65504
0
9088
27
4
65504
0
9093
26
5
65504
0
9098
26
5
65504
0
9103
26
5
65504
0
9107
26
5
65504
0
9112
26
5
65504
0
9117
26
5
65504
0
9122
26
5
65504
0
9127
26
5
65504
0
9133
26
5
65504
0
9137
26
5
65504
0
9142
26
5
65504
0
9147
26
5
65504
0
9152
26
5
65504
0
9157

26
6
65504
0
9162
26
6
65504
0
9166
26
6
65504
0
9171
26
6
65504
0
9177
26
6
65504
0
9182
26
6
65504
0
9187
26
6
65504
0
9191
26
6
65504
0
9196
26
6
65504
0
9201
26
6
65504
0
9206
26
6
65504
0
9211
26
6
65504
0
9217
26
6
65504
0
9221
26
6
65504
0
9226
26
6
65505
0
9231
26
6
65505
0
9236
26
6
65505
0
9241
26
6
65505
0
9246
26
6
65505
0
9250
26
6
65505
0
9255
26
6
65505
0
9261
26
6
65505
0
9266
26
6
65505
0
9271
26
6
65505
0
9276
26
6
65505
0
9280
26
6
65505
0
9285
26
6
65505
0
9290
26
6
65505
0
9295
26
7
65505
0
9300
26
7
65505
0
9305
26
7
65505
0
9310
26
7
65505
0
9315

26
7
65505
0
9320
26
7
65505
0
9325
26
7
65505
0
9330
26
7
65505
0
9334
26
7
65505
0
9339
26
7
65505
0
9345
26
7
65505
0
9350
26
7
65505
0
9355
26
7
65505
0
9360
26
7
65505
0
9364
25
7
65505
0
9369
25
7
65505
0
9374
25
7
65505
0
9379
25
7
65505
0
9384
25
7
65505
0
9389
25
7
65505
0
9394
25
7
65505
0
9399
25
7
65505
0
9404
25
7
65505
0
9409
25
7
65505
0
9414
25
7
65505
0
9418
25
7
65505
0
9423
25
7
65505
0
9428
25
7
65505
0
9434
25
8
65505
0
9439
25
8
65505
0
9444
25
8
65505
0
9448
25
8
65505
0
9453
25
8
65505
0
9458
25
8
65505
0
9463
25
8
65505
0
9468
25
8
65505
0
9473

25
8
65505
0
9478
25
8
65505
0
9483
25
8
65505
0
9488
25
8
65505
0
9493
25
8
65505
0
9498
25
8
65505
0
9502
25
8
65505
0
9507
25
8
65505
0
9512
25
8
65505
0
9518
25
8
65505
0
9523
25
8
65505
0
9528
25
8
65505
0
9532
25
8
65505
0
9537
25
8
65505
0
9542
25
8
65505
0
9547
25
8
65505
0
9552
25
8
65505
0
9556
25
8
65505
0
9562
25
8
65505
0
9567
26
8
65505
0
9572
26
8
65505
0
9577
26
8
65505
0
9582
26
8
65505
0
9586
26
8
65505
0
9591
26
8
65505
0
9596
26
8
65505
0
9602
26
8
65505
0
9607
26
8
65505
0
9612
26
8
65505
0
9616
26
8
65505
0
9621
26
8
65505
0
9626
26
8
65505
0
9631

26
8
65505
0
9636
26
8
65505
0
9641
26
8
65505
0
9646
26
8
65505
0
9651
26
8
65505
0
9656
26
8
65505
0
9661
26
8
65505
0
9666
26
8
65505
0
9670
26
8
65505
0
9675
26
8
65505
0
9680
26
8
65505
0
9686
26
8
65505
0
9691
26
8
65505
0
9696
26
8
65505
0
9700
26
8
65505
0
9705
26
8
65505
0
9710
26
8
65505
0
9715
26
8
65505
0
9720
26
8
65505
0
9725
26
8
65505
0
9730
26
8
65505
0
9735
26
8
65505
0
9740
26
8
65505
0
9745
26
8
65505
0
9750
26
8
65505
0
9754
26
8
65505
0
9759
26
8
65505
0
9764
26
8
65505
0
9769
26
8
65505
0
9775
26
8
65505
0
9780
26
8
65505
0
9784
26
8
65505
0
9789

26
8
65505
0
9794
26
8
65505
0
9799
26
8
65505
0
9804
26
8
65505
0
9809
26
8
65505
0
9814
26
8
65505
0
9819
26
8
65505
0
9824
26
8
65505
0
9829
26
8
65505
0
9834
26
8
65505
0
9838
26
8
65505
0
9843
26
8
65505
0
9848
26
8
65505
0
9853
26
8
65505
0
9859
26
8
65505
0
9864
26
8
65505
0
9868
26
8
65505
0
9873
26
8
65505
0
9878
26
8
65505
0
9883
26
8
65505
0
9888
26
8
65505
0
9893
26
8
65505
0
9897
26
8
65505
0
9903
26
8
65505
0
9908
26
9
65505
0
9913
26
9
65505
0
9918
26
9
65505
0
9922
26
9
65505
0
9927
26
9
65505
0
9932
26
9
65505
0
9937
26
9
65505
0
9943
26
9
65505
0
9948

26
9
65505
0
9952
26
9
65505
0
9957
26
9
65505
0
9962
26
9
65505
0
9967
26
9
65505
0
9972
26
9
65505
0
9977
26
9
65505
0
9981
26
9
65505
0
9987
26
9
65505
0
9992
26
9
65505
0
9997
26
9
65505
0
10002
26
9
65505
0
10007
26
9
65505
0
10012
26
9
65505
0
10017
26
9
65505
0
10022
26
9
65505
0
10028
26
9
65505
0
10033
26
9
65505
0
10038
26
9
65505
0
10043
26
9
65505
0
10048
26
9
65505
0
10053
26
9
65505
0
10059
26
9
65505
0
10064
26
9
65505
0
10070
26
9
65505
0
10075
26
9
65505
0
10080
26
9
65505
0
10085
26
9
65505
0
10090
26
9
65505
0
10095
26
9
65505
0
10100
26
9
65505
0
10105
26
9
65505
0
10110
26
9
65505
0
10116
26
9
65505
0
10121
26
9
65505
0
10127
26
9
65505
0
10132
26
9
65505
0
10137
26
9
65505
0
10142
26
9
65505
0
10147
26
9
65505
0
10152
26
9
65505
0
10158
26
9
65505
0
10163
26
9
65505
0
10168
26
9
65505
0
10173
26
9
65505
0
10178
26
9
65505
0
10183
26
9
65505
0
10188
26
9
65505
0
10194
26
9
65505
0
10200
26
9
65505
0
10205
26
9
65505
0
10210
26
9
65505
0
10215
26
9
65505
0
10220
26
9
65505
0
10225
26
9
65505
0
10230
26
9
65505
0
10235
26
9
65505
0
10241
26
9
65505
0
10246
26
9
65505
0
10251
26
9
65505
0
10256
26
9
65505
0
10262
26
9
65505
0
10267
26
9
65505
0
10272
26
9
65505
0
10277
26
9
65505
0
10283
26
9
65505
0
10288
26
9
65505
0
10293
26
9
65505
0
10298
26
9
65505
0
10303
26
9
65505
0
10308
26
9
65505
0
10313
26
9
65505
0
10318
26
9
65505
0
10324
26
9
65505
0
10330
26
9
65505
0
10335
26
9
65505
0
10340
26
9
65505
0
10345
26
9
65505
0
10350
26
9
65505
0
10355
26
9
65505
0
10360
26
9
65505
0
10365
26
9
65505
0
10371
26
9
65505
0
10376
26
9
65505
0
10381
26
9
65505
0
10386
26
9
65505
0
10392
26
9
65505
0
10397
26
9
65505
0
10402
26
9
65505
0
10407
26
9
65505
0
10413
26
9
65505
0
10418
26
9
65505
0
10423
26
9
65505
0
10428
26
9
65505
0
10433
26
9
65505
0
10438
26
9
65505
0
10443
26
9
65505
0
10448
26
9
65505
0
10454
26
9
65505
0
10460
26
9
65505
0
10465
26
9
65505
0
10470
26
9
65505
0
10475
26
9
65505
0
10480
26
9
65505
0
10485
26
9
65505
0
10490
26
9
65505
0
10496
26
9
65505
0
10501
26
9
65505
0
10506
26
9
65505
0
10511
26
9
65505
0
10516
26
9
65505
0
10521
26
9
65505
0
10527
26
9
65505
0
10532
26
9
65505
0
10537
26
9
65505
0
10543
26
9
65505
0
10548
26
9
65505
0
10553
26
9
65505
0
10558
26
9
65505
0
10563
26
9
65505
0
10568
26
9
65505
0
10573
26
9
65505
0
10578
26
9
65505
0
10584
26
9
65505
0
10589
26
9
65505
0
10595
26
9
65505
0
10600
26
9
65505
0
10605
26
9
65505
0
10610
26
9
65505
0
10615
26
9
65505
0
10620
26
9
65505
0
10626
26
9
65505
0
10631
26
9
65505
0
10636
26
9
65505
0
10641
26
9
65505
0
10646
26
9
65505
0
10651
26
9
65505
0
10657
26
9
65505
0
10662
26
9
65505
0
10668
26
9
65505
0
10673
26
9
65505
0
10678
26
9
65505
0
10683
26
9
65505
0
10688
26
9
65505
0
10693
26
9
65505
0
10698
26
9
65505
0
10703
26
9
65505
0
10708
26
9
65505
0
10714
26
9
65505
0
10719
26
9
65505
0
10725
26
9
65505
0
10730
26
9
65505
0
10735
26
9
65505
0
10740
26
9
65505
0
10745
26
9
65505
0
10750
26
9
65505
0
10756
26
9
65505
0
10761
26
9
65505
0
10766
26
9
65505
0
10771
26
9
65505
0
10776
26
9
65505
0
10781
26
9
65505
0
10786
26
9
65505
0
10792
26
9
65505
0
10798
26
9
65505
0
10803
26
9
65505
0
10808
26
9
65505
0
10813
26
9
65505
0
10818
26
9
65505
0
10823
26
9
65505
0
10828
26
9
65505
0
10833
26
9
65505
0
10839
26
9
65505
0
10844
26
9
65505
0
10849
26
9
65505
0
10854
26
9
65505
0
10860
26
9
65504
0
10865
26
9
65504
0
10870
26
9
65504
0
10875
26
9
65504
0
10881
26
9
65504
0
10886
26
9
65504
0
10891
26
9
65504
0
10896
26
9
65504
0
10901
26
9
65504
0
10906
26
9
65504
0
10911
26
9
65504
0
10916
26
9
65504
0
10921
26
9
65504
0
10928
26
9
65505
0
10933
26
9
65505
0
10938
26
9
65505
0
10943
26
9
65505
0
10948
26
9
65505
0
10953
26
9
65505
0
10958
26
9
65505
0
10963
26
9
65505
0
10969
26
9
65505
0
10974
26
9
65505
0
10979
26
9
65505
0
10984
26
9
65505
0
10990
26
9
65505
0
10995
26
9
65505
0
11000
26
9
65505
0
11005
26
9
65505
0
11011
26
9
65505
0
11016
26
9
65505
0
11021
26
9
65505
0
11026
26
9
65505
0
11031
26
9
65505
0
11036
26
9
65505
0
11041
26
9
65505
0
11046
26
9
65505
0
11052
26
9
65505
0
11058
26
9
65505
0
11063
26
9
65505
0
11068
26
9
65505
0
11073
26
9
65505
0
11078
26
9
65505
0
11083
26
9
65505
0
11088
26
9
65505
0
11094
26
9
65505
0
11099
26
9
65505
0
11104
26
9
65505
0
11109
26
9
65505
0
11114
26
9
65505
0
11119
26
9
65505
0
11125
26
9
65505
0
11130
26
9
65505
0
11136
26
9
65505
0
11141
26
9
65505
0
11146
26
9
65505
0
11151
26
9
65505
0
11156
26
9
65505
0
11161
26
9
65505
0
11166
26
9
65505
0
11171
26
9
65505
0
11176
26
9
65505
0
11182
26
9
65505
0
11187
26
9
65505
0
11193
26
9
65505
0
11198
26
9
65505
0
11203
26
9
65505
0
11208
26
9
65505
0
11213
26
9
65505
0
11218
26
9
65505
0
11224
26
9
65505
0
11229
26
9
65505
0
11234
26
9
65505
0
11239
26
9
65505
0
11244
26
9
65505
0
11249
26
9
65505
0
11254
26
9
65505
0
11260
26
9
65505
0
11266
26
9
65505
0
11271
26
9
65505
0
11276
26
9
65505
0
11281
26
9
65505
0
11286
26
9
65505
0
11291
26
9
65505
0
11296
26
9
65505
0
11301
26
9
65505
0
11307
26
9
65505
0
11312
26
9
65505
0
11317
26
9
65505
0
11323
26
9
65505
0
11328
26
9
65505
0
11333
26
9
65505
0
11338
26
9
65505
0
11343
26
9
65505
0
11348
26
9
65505
0
11354
26
9
65505
0
11359
26
9
65505
0
11364
26
9
65505
0
11369
26
9
65505
0
11374
26
9
65505
0
11379
26
9
65505
0
11384
26
9
65505
0
11390
26
9
65505
0
11396
26
9
65505
0
11401
26
9
65505
0
11406
26
9
65505
0
11411
26
9
65505
0
11416
26
9
65505
0
11421
26
9
65505
0
11426
26
9
65505
0
11431
26
9
65505
0
11437
26
9
65505
0
11442
26
9
65505
0
11447
26
9
65505
0
11452
26
9
65505
0
11458
26
9
65505
0
11463
26
9
65505
0
11468
26
9
65505
0
11473
26
9
65505
0
11479
26
9
65505
0
11484
26
9
65505
0
11489
26
9
65505
0
11494
26
9
65505
0
11499
26
9
65505
0
11504
26
9
65505
0
11509
26
9
65505
0
11514
26
9
65505
0
11520
26
9
65505
0
11526
26
9
65505
0
11531
26
9
65505
0
11536
26
9
65505
0
11541
26
9
65505
0
11546
26
9
65505
0
11551
26
9
65505
0
11556
26
9
65505
0
11561
26
9
65505
0
11567
26
9
65505
0
11572
26
9
65505
0
11577
26
9
65505
0
11582
26
9
65505
0
11587
26
9
65505
0
11593
26
9
65505
0
11598
26
9
65505
0
11603
26
9
65505
0
11609
26
9
65505
0
11614
26
9
65505
0
11619
26
9
65505
0
11624
26
9
65505
0
11629
26
9
65505
0
11634
26
9
65505
0
11639
26
9
65505
0
11644
26
9
65505
0
11650
26
9
65505
0
11656
26
9
65505
0
11661
26
9
65505
0
11666
26
9
65505
0
11671
26
9
65505
0
11676
26
9
65505
0
11681
26
9
65505
0
11686
26
9
65505
0
11692
26
9
65505
0
11697
26
9
65505
0
11702
26
9
65505
0
11707
26
9
65505
0
11712
26
9
65505
0
11717
26
9
65505
0
11723
26
9
65505
0
11728
26
9
65505
0
11734
26
9
65505
0
11739
26
9
65505
0
11744
26
9
65505
0
11749
26
9
65505
0
11754
26
9
65505
0
11759
26
9
65505
0
11764
26
9
65505
0
11769
26
9
65505
0
11774
26
9
65505
0
11780
26
9
65505
0
11785
26
9
65505
0
11791
26
9
65505
0
11796
26
9
65505
0
11801
26
9
65505
0
11806
26
9
65505
0
11811
26
9
65505
0
11816
26
9
65505
0
11822
26
9
65505
0
11827
26
9
65505
0
11832
26
9
65505
0
11837
26
9
65505
0
11842
26
9
65505
0
11847
26
9
65505
0
11852
26
9
65505
0
11858
26
9
65505
0
11864
26
9
65505
0
11869
26
9
65505
0
11874
26
9
65505
0
11879
26
9
65505
0
11884
26
9
65505
0
11889
26
9
65505
0
11894
26
9
65505
0
11899
26
9
65505
0
11905
26
9
65505
0
11910
26
9
65505
0
11915
26
9
65505
0
11920
26
9
65505
0
11926
26
9
65505
0
11931
26
9
65505
0
11936
26
9
65505
0
11941
26
9
65505
0
11947
26
9
65505
0
11952
26
9
65505
0
11957
26
9
65505
0
11962
26
9
65505
0
11967
26
9
65505
0
11972
26
9
65505
0
11977
26
9
65505
0
11982
26
9
65505
0
11988
26
9
65505
0
11994
26
9
65505
0
11999
26
9
65505
0
12004
26
9
65505
0
12009
26
9
65505
0
12014
26
9
65505
0
12019
26
9
65505
0
12024
26
9
65505
0
12029
26
9
65505
0
12035
26
9
65505
0
12040
26
9
65505
0
12045
26
9
65505
0
12050
26
9
65505
0
12056
26
9
65505
0
12061
26
9
65505
0
12066
26
9
65505
0
12071
26
9
65505
0
12077
26
9
65505
0
12082
26
9
65505
0
12087
26
9
65505
0
12092
26
9
65505
0
12097
26
9
65505
0
12102
26
9
65505
0
12107
26
9
65505
0
12112
26
9
65505
0
12118
26
9
65505
0
12124
26
9
65505
0
12129
26
9
65505
0
12134
26
9
65505
0
12139
26
9
65505
0
12144
26
9
65505
0
12149
26
9
65505
0
12154
26
9
65505
0
12160
26
9
65505
0
12165
26
9
65505
0
12170
26
9
65505
0
12175
26
9
65505
0
12180
26
9
65505
0
12185
26
9
65505
0
12191
26
9
65505
0
12196
26
9
65505
0
12201
26
9
65505
0
12207
26
9
65505
0
12212
26
9
65505
0
12217
26
9
65505
0
12222
26
9
65505
0
12227
26
9
65505
0
12232
26
9
65505
0
12237
26
9
65505
0
12242
26
9
65505
0
12248
26
9
65505
0
12253
26
9
65505
0
12259
26
9
65505
0
12264
26
9
65505
0
12269
26
9
65505
0
12274
26
9
65505
0
12279
26
9
65505
0
12284
26
9
65505
0
12290
26
9
65505
0
12295
26
9
65505
0
12300
26
9
65505
0
12305
26
9
65505
0
12310
26
9
65505
0
12315
26
9
65505
0
12321
26
9
65505
0
12326
26
9
65505
0
12332
26
9
65505
0
12337
26
9
65505
0
12342
26
9
65505
0
12347
26
9
65505
0
12352
26
9
65505
0
12357
26
9
65505
0
12362
26
9
65505
0
12367
26
9
65505
0
12372
26
9
65505
0
12378
26
9
65505
0
12383
26
9
65505
0
12389
26
9
65505
0
12394
26
9
65505
0
12399
26
9
65505
0
12404
26
9
65505
0
12409
26
9
65505
0
12414
26
9
65505
0
12420
26
9
65505
0
12425
26
9
65505
0
12430
26
9
65505
0
12435
26
9
65505
0
12440
26
9
65505
0
12445
26
9
65505
0
12450
26
9
65505
0
12456
26
9
65505
0
12462
26
9
65505
0
12467
26
9
65505
0
12472
26
9
65505
0
12477
26
9
65505
0
12482
26
9
65505
0
12487
26
9
65505
0
12492
26
9
65505
0
12497
26
9
65505
0
12503
26
9
65505
0
12508
26
9
65505
0
12513
26
9
65505
0
12518
26
9
65505
0
12524
26
9
65505
0
12529
26
9
65505
0
12534
26
9
65505
0
12539
26
9
65505
0
12545
26
9
65505
0
12550
26
9
65505
0
12555
26
9
65505
0
12560
26
9
65505
0
12565
26
9
65505
0
12570
26
9
65505
0
12575
26
9
65505
0
12580
26
9
65505
0
12585
26
9
65505
0
12592
26
9
65505
0
12597
26
9
65505
0
12602
26
9
65505
0
12607
26
9
65505
0
12612
26
9
65505
0
12617
26
9
65505
0
12622
26
9
65505
0
12627
26
9
65505
0
12633
26
9
65505
0
12638
26
9
65505
0
12643
26
9
65505
0
12648
26
9
65505
0
12654
26
9
65505
0
12659
26
9
65505
0
12664
26
9
65505
0
12669
26
9
65505
0
12675
26
9
65505
0
12680
26
9
65505
0
12685
26
9
65505
0
12690
26
9
65505
0
12695
26
9
65505
0
12700
26
9
65505
0
12705
26
9
65505
0
12710
26
9
65505
0
12716
26
9
65505
0
12722
26
9
65505
0
12727
26
9
65505
0
12732
26
9
65505
0
12737
26
9
65505
0
12742
26
9
65505
0
12747
26
9
65505
0
12752
26
9
65505
0
12758
26
9
65505
0
12763
26
9
65505
0
12768
26
9
65505
0
12773
26
9
65505
0
12778
26
9
65505
0
12783
26
9
65505
0
12789
26
9
65505
0
12794
26
9
65505
0
12800
26
9
65505
0
12805
26
9
65505
0
12810
26
9
65505
0
12815
26
9
65505
0
12820
26
9
65505
0
12825
26
9
65505
0
12830
26
9
65505
0
12835
26
9
65505
0
12840
26
9
