65525,65487,65499,0,34468
65525,65487,65499,0,34496
65525,65487,65499,0,34525
65525,65487,65499,0,34552
65525,65488,65499,0,34580
65525,65488,65499,0,34609
65525,65488,65499,0,34636
65525,65487,65499,0,34665
65525,65487,65499,0,34693
65525,65488,65500,0,34720
65525,65488,65500,0,34749
65525,65488,65500,0,34777
65525,65488,65499,0,34805
65525,65488,65499,0,34833
65525,65487,65499,0,34862
65525,65487,65499,0,34889
65525,65487,65499,0,34917
65525,65487,65499,0,34946
65525,65487,65499,0,34973
65525,65488,65499,0,35002
65525,65488,65499,0,35030
65525,65487,65499,0,35058
65525,65487,65499,0,35086
65525,65487,65499,0,35113
65525,65487,65499,0,35142
65525,65487,65499,0,35170
65525,65488,65499,0,35198
65525,65488,65499,0,35226
65525,65488,65499,0,35255
65525,65487,65499,0,35282
65525,65487,65499,0,35310
65525,65488,65499,0,35339
65525,65488,65499,0,35366
65525,65487,65499,0,35395
65525,65487,65499,0,35423
65525,65487,65499,0,35450
65525,65487,65499,0,35479
65525,65487,65499,0,35507
65525,65488,65499,0,35535
65525,65488,65499,0,35563
65525,65488,65499,0,35592
65525,65488,65499,0,35619
65525,65488,65499,0,35647
65525,65487,65499,0,35676
65525,65487,65499,0,35703
65525,65487,65499,0,35732
65525,65487,65499,0,35760
65525,65487,65499,0,35788
65525,65488,65499,0,35816
65525,65488,65499,0,35844
65525,65487,65499,0,35872
65525,65487,65499,0,35900
65525,65487,65499,0,35929
65525,65488,65499,0,35956
65525,65488,65499,0,35984
65525,65487,65499,0,36013
65525,65487,65499,0,36040
65525,65487,65499,0,36069
65525,65487,65499,0,36097
65525,65487,65499,0,36125
65525,65487,65499,0,36153
65525,65487,65499,0,36180
65525,65487,65499,0,36209
65525,65488,65499,0,36237
65525,65488,65499,0,36265
65525,65487,65499,0,36293
65525,65487,65499,0,36322
65525,65487,65499,0,36349
65525,65487,65499,0,36377
65525,65487,65499,0,36406
65525,65487,65499,0,36433
65525,65487,65499,0,36462
65525,65487,65499,0,36490
65525,65487,65499,0,36517
65525,65487,65499,0,36546
65525,65487,65499,0,36574
65525,65487,65499,0,36602
65525,65488,65499,0,36630
65525,65488,65499,0,36659
65525,65488,65499,0,36686
65525,65487,65499,0,36714
65525,65487,65499,0,36743
65525,65488,65499,0,36770
65525,65488,65499,0,36799
65525,65488,65498,0,36827
65525,65488,65498,0,36855
65525,65488,65498,0,36883
65525,65488,65499,0,36911
65525,65488,65499,0,36939
65525,65487,65499,0,36967
65525,65487,65499,0,36996
65525,65487,65499,0,37023
65525,65488,65499,0,37052
65525,65488,65499,0,37080
65525,65488,65499,0,37107
65525,65488,65499,0,37136
65525,65488,65499,0,37164
65525,65488,65499,0,37192
65525,65488,65499,0,37220
65525,65487,65499,0,37248
65525,65487,65499,0,37276
65525,65488,65499,0,37304
65525,65488,65499,0,37332
65525,65488,65499,0,37360
65525,65488,65499,0,37389
65525,65488,65499,0,37416
65525,65487,65499,0,37444
65525,65487,65499,0,37473
65525,65487,65499,0,37500
65525,65487,65499,0,37529
65525,65487,65499,0,37557
65525,65487,65499,0,37585
65525,65487,65499,0,37613
65525,65487,65499,0,37641
65525,65487,65499,0,37669
65525,65487,65499,0,37697
65525,65487,65499,0,37726
65525,65487,65499,0,37753
65525,65488,65499,0,37781
65525,65488,65499,0,37810
65525,65488,65499,0,37837
65525,65487,65499,0,37866
65525,65487,65499,0,37894
65525,65487,65499,0,37922
65525,65487,65499,0,37950
65525,65487,65499,0,37978
65525,65487,65499,0,38006
65525,65487,65499,0,38034
65525,65488,65499,0,38063
65525,65488,65499,0,38090
65525,65488,65499,0,38119
65525,65488,65499,0,38147
65525,65488,65499,0,38174
65525,65488,65499,0,38203
65525,65488,65499,0,38231
65525,65487,65499,0,38259
65525,65487,65499,0,38287
65525,65487,65499,0,38315
65525,65487,65499,0,38343
65525,65487,65499,0,38371
65525,65487,65499,0,38400
65525,65487,65499,0,38427
65525,65487,65499,0,38456
65525,65487,65499,0,38483
65525,65487,65499,0,38511
65525,65487,65499,0,38540
65525,65487,65499,0,38567
65525,65487,65499,0,38596
65525,65487,65499,0,38624
65525,65487,65499,0,38652
65525,65488,65499,0,38680
65525,65488,65499,0,38708
65525,65487,65499,0,38736
65525,65487,65499,0,38764
65525,65487,65499,0,38793
65525,65488,65499,0,38820
65525,65488,65499,0,38849
65525,65488,65499,0,38877
65525,65488,65499,0,38904
65525,65488,65499,0,38933
65525,65487,65500,0,38961
65525,65487,65500,0,38989
65525,65488,65499,0,39017
65525,65488,65499,0,39045
65525,65488,65499,0,39073
65525,65487,65499,0,39101
65525,65487,65499,0,39130
65525,65487,65499,0,39157
65525,65487,65499,0,39186
65525,65487,65499,0,39214
65525,65487,65499,0,39241
65525,65487,65499,0,39270
65525,65487,65499,0,39298
65525,65487,65499,0,39326
65525,65487,65499,0,39354
65525,65487,65499,0,39383
65525,65487,65499,0,39410
65525,65487,65499,0,39438
65525,65487,65499,0,39467
65525,65487,65499,0,39494
65525,65487,65499,0,39523
65525,65487,65499,0,39550
65525,65487,65499,0,39578
65525,65487,65499,0,39607
65525,65488,65500,0,39634
65525,65488,65500,0,39663
65525,65488,65500,0,39691
65525,65488,65500,0,39719
65525,65488,65500,0,39747
65525,65487,65499,0,39775
65525,65487,65499,0,39803
65525,65487,65499,0,39831
65525,65487,65499,0,39860
65525,65487,65499,0,39887
65525,65488,65499,0,39916
65525,65488,65499,0,39944
65525,65488,65500,0,39971
65525,65488,65500,0,40000
65525,65488,65500,0,40028
65525,65487,65499,0,40056
65525,65487,65499,0,40084
65525,65488,65499,0,40112
65525,65488,65499,0,40140
65525,65488,65499,0,40168
65525,65488,65499,0,40197
65525,65488,65499,0,40224
65525,65487,65499,0,40253
65525,65487,65499,0,40281
65525,65488,65500,0,40308
65525,65488,65500,0,40337
65525,65488,65500,0,40365
65525,65487,65499,0,40393
65525,65487,65499,0,40421
65525,65487,65499,0,40450
65525,65487,65499,0,40477
65525,65487,65499,0,40505
65525,65488,65499,0,40534
65525,65488,65499,0,40561
65525,65488,65499,0,40590
65525,65488,65499,0,40617
65525,65488,65499,0,40646
65525,65488,65499,0,40674
65525,65488,65499,0,40701
65525,65487,65499,0,40730
65525,65487,65499,0,40758
65525,65488,65499,0,40786
65525,65488,65499,0,40814
65525,65488,65499,0,40842
65525,65487,65499,0,40870
65525,65487,65499,0,40898
65525,65487,65499,0,40927
65525,65487,65499,0,40954
65525,65487,65499,0,40983
65525,65487,65499,0,41011
65525,65487,65499,0,41038
65525,65487,65499,0,41067
65525,65487,65499,0,41095
65525,65487,65499,0,41123
65525,65487,65499,0,41151
65525,65487,65499,0,41180
65525,65488,65499,0,41207
65525,65488,65499,0,41235
65525,65487,65499,0,41264
65525,65487,65499,0,41291
65525,65487,65499,0,41320
65525,65487,65500,0,41348
65525,65487,65500,0,41375
65525,65487,65499,0,41404
65525,65487,65499,0,41432
65525,65487,65499,0,41460
65525,65488,65499,0,41488
65525,65488,65499,0,41517
65525,65487,65500,0,41544
65525,65487,65500,0,41572
65525,65487,65500,0,41601
65525,65487,65500,0,41628
65525,65487,65500,0,41657
65525,65488,65500,0,41684
65525,65488,65500,0,41713
65525,65488,65499,0,41741
65525,65488,65499,0,41768
65525,65488,65499,0,41797
65525,65488,65500,0,41825
65525,65488,65500,0,41853
65525,65488,65499,0,41881
65525,65488,65499,0,41909
65525,65488,65499,0,41937
65525,65488,65499,0,41965
65525,65488,65499,0,41994
65525,65488,65499,0,42021
65525,65488,65499,0,42050
65525,65488,65499,0,42078
65525,65488,65499,0,42105
65525,65488,65499,0,42134
65525,65487,65499,0,42162
65525,65487,65499,0,42190
65525,65488,65500,0,42218
65525,65488,65500,0,42247
65525,65488,65500,0,42274
65525,65488,65500,0,42302
65525,65488,65500,0,42331
65525,65488,65500,0,42358
65525,65488,65500,0,42387
65525,65488,65500,0,42415
65525,65488,65499,0,42443
65525,65488,65499,0,42471
65525,65487,65500,0,42499
65525,65487,65500,0,42527
65525,65487,65500,0,42555
65525,65487,65500,0,42584
65525,65487,65500,0,42611
65525,65487,65499,0,42639
65525,65487,65499,0,42668
65525,65487,65499,0,42695
65525,65487,65499,0,42724
65525,65487,65499,0,42752
65526,65488,65499,0,42780
65526,65488,65499,0,42808
65526,65488,65500,0,42835
65526,65488,65500,0,42864
65526,65488,65500,0,42892
65525,65488,65500,0,42920
65525,65488,65500,0,42948
65525,65488,65499,0,42977
65525,65488,65499,0,43004
65525,65488,65499,0,43032
65525,65488,65499,0,43061
65525,65488,65499,0,43088
65526,65488,65500,0,43117
65526,65488,65500,0,43145
65526,65487,65500,0,43172
65526,65487,65500,0,43201
65526,65487,65500,0,43229
65525,65488,65500,0,43257
65525,65488,65500,0,43285
65525,65488,65500,0,43314
65525,65488,65500,0,43341
65525,65488,65500,0,43369
65525,65487,65500,0,43398
65525,65487,65500,0,43425
65526,65488,65499,0,43454
65526,65488,65499,0,43482
65526,65488,65499,0,43510
65526,65488,65499,0,43538
65526,65488,65499,0,43566
65526,65488,65500,0,43594
65526,65488,65500,0,43622
65526,65488,65500,0,43651
65526,65488,65500,0,43678
65526,65488,65500,0,43706
65526,65488,65500,0,43735
65526,65488,65500,0,43762
65525,65488,65500,0,43791
65525,65488,65500,0,43819
65525,65488,65500,0,43847
65526,65488,65500,0,43875
65526,65488,65500,0,43902
65526,65488,65500,0,43931
65526,65488,65500,0,43959
65526,65488,65500,0,43987
65526,65488,65500,0,44015
65526,65488,65500,0,44044
65526,65488,65500,0,44071
65526,65488,65500,0,44099
65526,65488,65500,0,44128
65526,65488,65500,0,44155
65526,65488,65500,0,44184
65526,65488,65500,0,44212
65526,65488,65500,0,44240
65526,65488,65500,0,44268
65526,65488,65500,0,44296
65526,65488,65500,0,44324
65527,65488,65500,0,44352
65527,65488,65500,0,44381
65527,65488,65500,0,44408
65527,65488,65500,0,44436
65527,65488,65500,0,44465
65527,65488,65500,0,44492
65527,65488,65500,0,44521
65527,65488,65501,0,44549
65527,65488,65501,0,44577
65527,65488,65500,0,44605
65527,65488,65500,0,44633
65527,65488,65500,0,44661
65527,65488,65500,0,44689
65527,65488,65500,0,44718
65527,65488,65500,0,44745
65527,65488,65500,0,44774
65527,65488,65500,0,44802
65528,65488,65500,0,44829
65528,65488,65500,0,44858
65527,65488,65500,0,44886
65527,65488,65500,0,44914
65527,65488,65500,0,44942
65527,65488,65500,0,44969
65527,65488,65500,0,44998
65528,65488,65500,0,45026
65528,65488,65500,0,45054
65528,65488,65500,0,45082
65528,65488,65500,0,45111
65528,65488,65500,0,45138
65529,65488,65500,0,45166
65529,65488,65500,0,45195
65529,65488,65500,0,45222
65529,65488,65500,0,45251
65529,65488,65500,0,45279
65529,65488,65500,0,45307
65529,65488,65500,0,45335
65530,65488,65500,0,45363
65530,65488,65500,0,45391
65530,65488,65500,0,45419
65530,65488,65500,0,45448
65530,65488,65500,0,45475
65531,65488,65500,0,45503
65531,65488,65500,0,45532
65531,65488,65499,0,45559
65531,65488,65499,0,45588
65531,65488,65499,0,45616
65531,65488,65499,0,45644
65531,65488,65499,0,45672
65532,65488,65499,0,45700
65532,65488,65499,0,45728
65532,65488,65499,0,45756
65533,65488,65499,0,45785
65533,65488,65499,0,45812
65533,65488,65498,0,45841
65533,65488,65498,0,45869
65534,65488,65498,0,45896
65534,65488,65498,0,45925
65534,65488,65498,0,45953
65534,65488,65497,0,45981
65534,65488,65497,0,46009
65535,65488,65496,0,46038
65535,65488,65496,0,46065
65535,65488,65496,0,46093
0,65487,65495,0,46121
0,65487,65495,0,46145
0,65487,65495,0,46169
0,65487,65495,0,46193
0,65487,65495,0,46217
0,65487,65494,0,46241
0,65487,65494,0,46265
0,65487,65494,0,46288
0,65487,65493,0,46313
0,65487,65493,0,46337
0,65487,65493,0,46360
1,65487,65492,0,46385
1,65487,65492,0,46408
1,65487,65492,0,46432
1,65486,65491,0,46456
1,65486,65491,0,46480
1,65486,65491,0,46504
1,65486,65490,0,46528
1,65486,65490,0,46552
1,65486,65490,0,46576
1,65486,65489,0,46600
1,65486,65489,0,46623
1,65486,65488,0,46648
1,65486,65488,0,46671
1,65486,65488,0,46695
1,65486,65487,0,46720
1,65486,65487,0,46743
1,65486,65487,0,46767
1,65485,65486,0,46791
1,65485,65486,0,46815
1,65485,65486,0,46839
0,65485,65485,0,46863
0,65485,65485,0,46886
0,65485,65485,0,46911
0,65485,65484,0,46935
0,65485,65484,0,46958
0,65485,65484,0,46983
0,65485,65483,0,47006
0,65485,65483,0,47030
0,65485,65483,0,47054
65535,65484,65482,0,47078
65535,65484,65482,0,47107
65535,65484,65482,0,47134
65535,65484,65482,0,47162
65535,65484,65482,0,47191
65534,65484,65480,0,47218
65534,65484,65480,0,47247
65533,65484,65480,0,47275
65533,65484,65480,0,47303
65532,65484,65479,0,47331
65532,65484,65479,0,47358
65532,65484,65479,0,47387
65531,65484,65479,0,47415
65531,65484,65479,0,47443
65529,65483,65479,0,47471
65529,65483,65479,0,47499
65529,65483,65479,0,47527
65528,65483,65479,0,47555
65528,65483,65479,0,47584
65526,65483,65479,0,47611
65526,65483,65479,0,47640
65526,65483,65479,0,47668
65525,65483,65479,0,47695
65525,65483,65479,0,47724
65524,65483,65481,0,47752
65524,65483,65481,0,47780
65523,65483,65482,0,47808
65523,65483,65482,0,47837
65523,65483,65482,0,47864
65522,65482,65483,0,47892
65522,65482,65483,0,47921
65521,65482,65484,0,47948
65521,65482,65484,0,47977
65521,65482,65484,0,48005
65520,65482,65485,0,48032
65520,65482,65485,0,48061
65520,65482,65487,0,48089
65520,65482,65487,0,48117
65520,65482,65487,0,48145
65520,65482,65488,0,48174
65520,65482,65488,0,48201
65520,65482,65489,0,48229
65520,65482,65489,0,48258
65521,65483,65490,0,48285
65521,65483,65490,0,48314
65521,65483,65490,0,48342
65521,65483,65490,0,48370
65521,65483,65490,0,48398
65520,65484,65491,0,48425
65520,65484,65491,0,48454
65520,65484,65491,0,48482
65520,65485,65492,0,48510
65520,65485,65492,0,48538
65521,65486,65493,0,48567
65521,65486,65493,0,48594
65521,65486,65493,0,48622
65521,65487,65494,0,48651
65521,65487,65494,0,48678
65523,65487,65495,0,48707
65523,65487,65495,0,48735
65525,65488,65496,0,48762
65525,65488,65496,0,48791
65525,65488,65496,0,48819
65528,65488,65495,0,48847
65528,65488,65495,0,48875
65530,65488,65493,0,48904
65530,65488,65493,0,48931
65530,65488,65493,0,48959
65532,65488,65490,0,48988
65532,65488,65490,0,49015
65533,65488,65485,0,49044
65533,65488,65485,0,49072
65533,65488,65485,0,49100
65530,65488,65481,0,49128
65530,65488,65481,0,49156
65525,65489,65478,0,49184
65525,65489,65478,0,49212
65521,65490,65479,0,49241
65521,65490,65479,0,49268
65521,65490,65479,0,49296
65518,65492,65480,0,49325
65518,65492,65480,0,49352
65516,65494,65481,0,49381
65516,65494,65481,0,49409
65516,65494,65481,0,49437
65515,65496,65483,0,49465
65515,65496,65483,0,49492
65515,65498,65485,0,49521
65515,65498,65485,0,49549
65515,65498,65485,0,49577
65515,65500,65485,0,49605
65515,65500,65485,0,49634
65514,65501,65486,0,49661
65514,65501,65486,0,49689
65513,65502,65486,0,49718
65513,65502,65486,0,49745
65513,65502,65486,0,49774
65512,65502,65487,0,49802
65512,65502,65487,0,49829
65511,65502,65490,0,49858
65511,65502,65490,0,49886
65511,65502,65490,0,49914
65510,65501,65493,0,49942
65510,65501,65493,0,49971
65511,65500,65495,0,49998
65511,65500,65495,0,50026
65511,65500,65495,0,50055
65512,65498,65498,0,50082
65512,65498,65498,0,50111
65513,65497,65500,0,50139
65513,65497,65500,0,50167
65514,65495,65501,0,50195
65514,65495,65501,0,50223
65514,65495,65501,0,50251
65515,65493,65503,0,50279
65515,65493,65503,0,50308
65515,65492,65504,0,50335
65515,65492,65504,0,50364
65515,65492,65504,0,50392
65516,65490,65505,0,50419
65516,65490,65505,0,50448
65517,65489,65507,0,50476
65517,65489,65507,0,50504
65517,65489,65507,0,50532
65518,65488,65507,0,50560
65518,65488,65507,0,50588
65519,65486,65509,0,50616
65519,65486,65509,0,50644
65520,65485,65510,0,50672
65520,65485,65510,0,50701
65520,65485,65510,0,50728
65522,65484,65510,0,50756
65522,65484,65510,0,50785
65524,65483,65510,0,50812
65524,65483,65510,0,50841
65524,65483,65510,0,50869
65527,65481,65508,0,50897
65527,65481,65508,0,50925
65528,65480,65507,0,50953
65528,65480,65507,0,50981
65528,65480,65507,0,51009
65529,65479,65505,0,51038
65529,65479,65505,0,51065
65530,65478,65503,0,51093
65530,65478,65503,0,51122
65530,65478,65502,0,51149
65530,65478,65502,0,51178
65530,65478,65502,0,51206
65530,65476,65500,0,51234
65530,65476,65500,0,51262
65529,65475,65500,0,51290
65529,65475,65500,0,51318
65529,65475,65500,0,51346
65529,65474,65499,0,51375
65529,65474,65499,0,51402
65528,65473,65499,0,51431
65528,65473,65499,0,51459
65528,65473,65499,0,51486
65527,65472,65499,0,51515
65527,65472,65499,0,51543
65525,65471,65500,0,51571
65525,65471,65500,0,51599
65524,65471,65504,0,51627
65524,65471,65504,0,51655
65524,65471,65504,0,51683
65523,65471,65507,0,51712
65523,65471,65507,0,51739
65524,65471,65510,0,51768
65524,65471,65510,0,51795
65524,65471,65510,0,51823
65525,65471,65513,0,51852
65525,65471,65513,0,51879
65527,65471,65514,0,51908
65527,65471,65514,0,51936
65527,65471,65514,0,51964
65529,65472,65515,0,51992
65529,65472,65515,0,52020
65530,65473,65516,0,52048
65530,65473,65516,0,52076
65532,65473,65515,0,52105
65532,65473,65515,0,52132
65532,65473,65515,0,52161
65533,65474,65515,0,52189
65533,65474,65515,0,52216
65534,65476,65514,0,52245
65534,65476,65514,0,52273
65534,65476,65514,0,52301
65535,65477,65514,0,52329
65535,65477,65514,0,52357
0,65478,65513,0,52385
0,65478,65513,0,52409
0,65478,65513,0,52433
0,65480,65512,0,52457
0,65480,65512,0,52481
0,65480,65512,0,52505
0,65481,65511,0,52529
0,65481,65511,0,52552
0,65481,65511,0,52577
1,65483,65509,0,52600
1,65483,65509,0,52624
1,65485,65508,0,52648
1,65485,65508,0,52672
1,65485,65508,0,52697
1,65487,65507,0,52720
1,65487,65507,0,52744
1,65487,65507,0,52768
1,65490,65506,0,52792
1,65490,65506,0,52815
1,65490,65506,0,52840
1,65492,65505,0,52864
1,65492,65505,0,52887
1,65492,65505,0,52912
1,65495,65502,0,52935
1,65495,65502,0,52960
1,65495,65502,0,52983
1,65496,65501,0,53007
1,65496,65501,0,53031
1,65496,65501,0,53055
0,65498,65499,0,53079
0,65498,65499,0,53103
0,65500,65498,0,53127
0,65500,65498,0,53150
0,65500,65498,0,53175
0,65501,65497,0,53198
0,65501,65497,0,53222
0,65501,65497,0,53246
0,65501,65496,0,53270
0,65501,65496,0,53295
0,65501,65496,0,53318
65535,65501,65496,0,53342
65535,65501,65496,0,53370
0,65501,65494,0,53398
0,65501,65494,0,53422
0,65501,65494,0,53446
65535,65499,65493,0,53470
65535,65499,65493,0,53498
65535,65499,65493,0,53526
0,65496,65491,0,53554
0,65496,65491,0,53578
0,65493,65491,0,53602
0,65493,65491,0,53626
0,65493,65491,0,53650
3,65489,65491,0,53673
3,65489,65491,0,53698
3,65489,65491,0,53722
7,65485,65489,0,53745
7,65485,65489,0,53770
7,65485,65489,0,53793
9,65480,65485,0,53817
9,65480,65485,0,53841
9,65480,65485,0,53865
9,65476,65483,0,53889
9,65476,65483,0,53913
9,65476,65483,0,53937
8,65471,65481,0,53961
8,65471,65481,0,53985
8,65471,65481,0,54008
5,65469,65480,0,54033
5,65469,65480,0,54056
3,65467,65480,0,54080
3,65467,65480,0,54105
3,65467,65480,0,54128
1,65467,65479,0,54152
1,65467,65479,0,54176
1,65467,65479,0,54200
0,65468,65478,0,54224
0,65468,65478,0,54248
0,65468,65478,0,54272
65534,65471,65475,0,54296
65534,65471,65475,0,54324
65529,65473,65472,0,54351
65529,65473,65472,0,54380
65529,65473,65472,0,54408
65526,65479,65470,0,54436
65526,65479,65470,0,54464
65522,65483,65469,0,54493
65522,65483,65469,0,54520
65522,65483,65469,0,54548
65519,65488,65469,0,54577
65519,65488,65469,0,54604
65516,65490,65470,0,54633
65516,65490,65470,0,54661
65516,65490,65470,0,54688
65514,65492,65470,0,54717
65514,65492,65470,0,54745
65512,65493,65471,0,54773
65512,65493,65471,0,54801
65510,65493,65473,0,54830
65510,65493,65473,0,54857
65510,65493,65473,0,54885
65508,65493,65476,0,54914
65508,65493,65476,0,54941
65507,65492,65478,0,54970
65507,65492,65478,0,54998
65507,65492,65478,0,55026
65507,65492,65480,0,55054
65507,65492,65480,0,55081
65507,65492,65481,0,55110
65507,65492,65481,0,55138
65507,65492,65481,0,55166
65506,65491,65483,0,55194
65506,65491,65483,0,55223
65507,65491,65484,0,55250
65507,65491,65484,0,55278
65507,65491,65485,0,55307
65507,65491,65485,0,55334
65507,65491,65485,0,55363
65507,65491,65487,0,55391
65507,65491,65487,0,55418
65507,65490,65488,0,55447
65507,65490,65488,0,55475
65507,65490,65488,0,55503
65508,65490,65489,0,55531
65508,65490,65489,0,55560
65508,65490,65489,0,55587
65508,65490,65489,0,55615
65508,65490,65489,0,55644
65508,65490,65490,0,55671
65508,65490,65490,0,55700
65509,65490,65490,0,55728
65509,65490,65490,0,55756
65509,65490,65490,0,55784
65509,65490,65490,0,55812
65509,65490,65490,0,55840
65509,65490,65491,0,55868
65509,65490,65491,0,55897
65509,65491,65490,0,55924
65509,65491,65490,0,55952
65509,65491,65490,0,55981
65509,65491,65490,0,56008
65509,65491,65490,0,56037
65509,65490,65491,0,56065
65509,65490,65491,0,56093
65509,65490,65491,0,56121
65510,65491,65490,0,56148
65510,65491,65490,0,56177
65510,65491,65491,0,56205
65510,65491,65491,0,56233
65510,65491,65491,0,56261
65510,65491,65491,0,56290
65510,65491,65491,0,56317
65509,65492,65491,0,56345
65509,65492,65491,0,56374
65510,65492,65491,0,56401
65510,65492,65491,0,56430
65510,65492,65491,0,56458
65509,65492,65491,0,56485
65509,65492,65491,0,56514
65509,65492,65491,0,56542
65509,65492,65491,0,56570
65509,65492,65491,0,56598
65509,65492,65491,0,56627
65509,65492,65491,0,56654
65508,65493,65490,0,56682
65508,65493,65490,0,56711
65508,65493,65490,0,56738
65508,65493,65490,0,56767
65508,65493,65490,0,56795
65508,65493,65490,0,56823
65508,65493,65490,0,56851
65508,65493,65490,0,56879
65508,65493,65490,0,56907
65508,65493,65490,0,56935
65507,65493,65490,0,56964
65507,65493,65490,0,56991
65507,65493,65490,0,57020
65507,65493,65490,0,57048
65507,65493,65490,0,57075
65507,65493,65490,0,57104
65507,65493,65490,0,57132
65507,65493,65489,0,57160
65507,65493,65489,0,57188
65507,65492,65490,0,57216
65507,65492,65490,0,57244
65507,65492,65490,0,57272
65507,65493,65489,0,57300
65507,65493,65489,0,57328
65507,65492,65489,0,57357
65507,65492,65489,0,57384
65507,65492,65489,0,57412
65507,65492,65489,0,57441
65507,65492,65489,0,57468
65507,65492,65489,0,57497
65507,65492,65489,0,57525
65507,65492,65489,0,57553
65507,65492,65490,0,57581
65507,65492,65490,0,57609
65507,65492,65489,0,57637
65507,65492,65489,0,57665
65507,65492,65489,0,57694
65507,65492,65489,0,57721
65507,65492,65489,0,57749
65507,65492,65489,0,57778
65507,65492,65489,0,57805
65507,65492,65489,0,57834
65507,65492,65489,0,57862
65507,65492,65489,0,57890
65507,65492,65490,0,57918
65507,65492,65490,0,57946
65507,65492,65489,0,57974
65507,65492,65489,0,58002
65507,65492,65489,0,58031
65507,65492,65489,0,58058
65507,65492,65489,0,58087
65507,65492,65489,0,58115
65507,65492,65489,0,58142
65507,65492,65489,0,58171
65507,65492,65489,0,58199
65507,65492,65489,0,58227
65507,65492,65489,0,58255
65507,65492,65489,0,58283
65507,65492,65489,0,58311
65507,65492,65489,0,58339
65507,65492,65489,0,58368
65507,65492,65489,0,58395
65507,65492,65489,0,58424
65507,65492,65489,0,58451
65507,65492,65489,0,58479
65507,65492,65489,0,58508
65507,65492,65489,0,58535
65507,65492,65489,0,58564
65507,65492,65489,0,58592
65507,65492,65489,0,58620
65507,65492,65488,0,58648
65507,65492,65488,0,58676
65507,65492,65488,0,58704
65507,65492,65489,0,58732
65507,65492,65489,0,58761
65507,65492,65489,0,58788
65507,65492,65489,0,58817
65507,65492,65489,0,58845
65507,65492,65489,0,58872
65507,65492,65489,0,58901
65507,65492,65489,0,58929
65507,65492,65489,0,58957
65507,65492,65489,0,58985
65507,65492,65488,0,59013
65507,65492,65488,0,59041
65507,65491,65489,0,59069
65507,65491,65489,0,59098
65507,65491,65489,0,59125
65507,65491,65489,0,59154
65507,65491,65489,0,59182
65507,65492,65489,0,59209
65507,65492,65489,0,59238
65507,65492,65489,0,59266
65507,65492,65489,0,59294
65507,65492,65489,0,59322
65508,65492,65489,0,59351
65508,65492,65489,0,59378
65507,65492,65489,0,59406
65507,65492,65489,0,59435
65507,65492,65489,0,59462
65507,65492,65489,0,59491
65507,65492,65489,0,59518
65507,65492,65489,0,59546
65507,65492,65489,0,59575
65507,65492,65489,0,59602
65507,65492,65489,0,59631
65507,65492,65489,0,59659
65507,65492,65489,0,59687
65507,65492,65489,0,59715
65507,65492,65489,0,59743
65507,65492,65489,0,59771
65507,65492,65489,0,59799
65507,65492,65489,0,59828
65507,65492,65489,0,59855
65507,65491,65489,0,59884
65507,65491,65489,0,59912
65507,65491,65489,0,59939
65508,65491,65489,0,59968
65508,65491,65489,0,59996
65508,65492,65489,0,60024
65508,65492,65489,0,60052
65508,65492,65489,0,60080
65508,65492,65489,0,60108
65508,65492,65489,0,60136
65508,65491,65489,0,60165
65508,65491,65489,0,60192
65507,65492,65489,0,60221
65507,65492,65489,0,60249
65507,65492,65489,0,60276
65507,65492,65489,0,60305
65507,65492,65489,0,60333
65508,65492,65488,0,60361
65508,65492,65488,0,60389
65508,65492,65488,0,60418
65508,65492,65488,0,60445
65508,65492,65488,0,60473
65507,65492,65487,0,60502
65507,65492,65487,0,60529
65507,65492,65487,0,60558
65507,65492,65487,0,60585
65507,65492,65487,0,60614
65507,65492,65485,0,60642
65507,65492,65485,0,60669
65507,65493,65484,0,60698
65507,65493,65484,0,60726
65507,65493,65484,0,60754
65506,65492,65482,0,60782
65506,65492,65482,0,60810
65508,65493,65480,0,60838
65508,65493,65480,0,60866
65508,65493,65480,0,60895
65508,65493,65477,0,60922
65508,65493,65477,0,60951
65509,65493,65475,0,60979
65509,65493,65475,0,61006
65511,65493,65472,0,61035
65511,65493,65472,0,61063
65511,65493,65472,0,61091
65514,65493,65471,0,61119
65514,65493,65471,0,61148
65517,65491,65470,0,61175
65517,65491,65470,0,61203
65517,65491,65470,0,61232
65521,65487,65469,0,61259
65521,65487,65469,0,61288
65525,65481,65470,0,61316
65525,65481,65470,0,61343
65525,65475,65470,0,61372
65530,65475,65471,0,61400
65530,65475,65471,0,61428
65535,65470,65475,0,61456
65535,65470,65475,0,61485
1,65468,65478,0,61512
1,65468,65478,0,61536
1,65468,65478,0,61560
4,65468,65480,0,61584
4,65468,65480,0,61607
4,65468,65480,0,61632
8,65472,65480,0,61656
8,65472,65480,0,61680
8,65472,65480,0,61704
10,65478,65485,0,61727
10,65478,65485,0,61753
10,65478,65485,0,61777
7,65486,65491,0,61802
7,65486,65491,0,61827
2,65491,65492,0,61850
2,65491,65492,0,61874
2,65491,65492,0,61898
65535,65497,65495,0,61922
65535,65497,65495,0,61950
65535,65497,65495,0,61978
65534,65499,65495,0,62006
65534,65499,65495,0,62034
65534,65501,65496,0,62062
65534,65501,65496,0,62091
65534,65501,65496,0,62118
65534,65501,65498,0,62147
65534,65501,65498,0,62175
65534,65500,65499,0,62202
65534,65500,65499,0,62231
65534,65500,65499,0,62259
65534,65500,65499,0,62287
65534,65500,65499,0,62315
1,65496,65501,0,62343
1,65496,65501,0,62367
1,65496,65501,0,62391
1,65492,65503,0,62415
1,65492,65503,0,62439
0,65489,65506,0,62462
0,65489,65506,0,62487
0,65489,65506,0,62511
1,65487,65507,0,62534
1,65487,65507,0,62559
1,65487,65507,0,62582
1,65485,65508,0,62606
1,65485,65508,0,62630
1,65485,65508,0,62654
0,65482,65509,0,62679
0,65482,65509,0,62702
0,65482,65509,0,62726
0,65481,65510,0,62750
0,65481,65510,0,62774
0,65481,65510,0,62797
0,65480,65511,0,62822
0,65480,65511,0,62845
0,65480,65511,0,62869
0,65479,65511,0,62894
0,65479,65511,0,62917
65535,65479,65512,0,62941
65535,65479,65512,0,62969
65535,65479,65512,0,62997
65535,65478,65513,0,63026
65535,65478,65513,0,63053
65535,65477,65513,0,63082
65535,65477,65513,0,63110
65535,65477,65513,0,63137
65535,65477,65513,0,63166
65535,65477,65513,0,63194
65534,65477,65513,0,63222
65534,65477,65513,0,63250
65534,65477,65513,0,63279
65535,65477,65512,0,63306
65535,65477,65512,0,63334
65534,65477,65512,0,63363
65534,65477,65512,0,63390
65534,65477,65512,0,63419
65534,65477,65512,0,63447
65534,65477,65512,0,63474
65534,65477,65513,0,63503
65534,65477,65513,0,63531
65535,65478,65512,0,63559
65535,65478,65512,0,63587
65535,65478,65512,0,63616
65535,65478,65512,0,63643
65535,65478,65512,0,63671
65535,65478,65512,0,63699
65535,65478,65512,0,63727
65535,65478,65512,0,63756
65535,65478,65512,0,63783
65535,65478,65512,0,63812
65535,65479,65512,0,63840
65535,65479,65512,0,63867
0,65479,65511,0,63896
0,65479,65511,0,63920
0,65479,65511,0,63944
1,65480,65511,0,63968
1,65480,65511,0,63991
1,65480,65511,0,64016
0,65480,65511,0,64039
0,65480,65511,0,64063
0,65480,65511,0,64088
0,65480,65511,0,64111
0,65480,65511,0,64135
0,65480,65511,0,64159
0,65481,65511,0,64183
0,65481,65511,0,64206
0,65481,65511,0,64231
0,65481,65510,0,64254
0,65481,65510,0,64279
0,65481,65510,0,64303
0,65482,65510,0,64326
0,65482,65510,0,64351
0,65483,65509,0,64374
0,65483,65509,0,64398
0,65483,65509,0,64422
1,65484,65509,0,64446
1,65484,65509,0,64470
1,65484,65509,0,64494
1,65484,65509,0,64518
1,65484,65509,0,64542
1,65484,65509,0,64566
1,65485,65508,0,64589
1,65485,65508,0,64614
1,65485,65508,0,64637
1,65486,65507,0,64661
1,65486,65507,0,64686
1,65486,65507,0,64709
1,65487,65507,0,64733
1,65487,65507,0,64757
1,65487,65507,0,64781
1,65487,65507,0,64804
1,65487,65507,0,64829
1,65489,65506,0,64852
1,65489,65506,0,64877
1,65489,65506,0,64901
1,65490,65505,0,64924
1,65490,65505,0,64949
1,65490,65505,0,64972
1,65491,65505,0,64996
1,65491,65505,0,65020
1,65491,65505,0,65044
1,65492,65504,0,65068
1,65492,65504,0,65092
1,65492,65504,0,65116
1,65493,65504,0,65140
1,65493,65504,0,65164
1,65493,65504,0,65187
1,65494,65503,0,65212
1,65494,65503,0,65235
0,65495,65502,0,65259
0,65495,65502,0,65284
0,65495,65502,0,65307
0,65496,65501,0,65331
0,65496,65501,0,65355
0,65496,65501,0,65379
0,65498,65501,0,65402
0,65498,65501,0,65427
0,65498,65501,0,65451
0,65499,65500,0,65475
0,65499,65500,0,65499
0,65499,65500,0,65522
0,65500,65499,0,11
0,65500,65499,0,31
0,65500,65499,0,52
0,65501,65498,0,73
0,65501,65498,0,94
0,65501,65498,0,114
65535,65501,65497,0,137
65535,65501,65497,0,162
65535,65501,65497,0,188
65535,65501,65496,0,215
65535,65501,65496,0,240
65535,65501,65496,0,266
65535,65501,65496,0,292
65535,65501,65496,0,318
0,65497,65492,0,345
0,65497,65492,0,366
0,65497,65492,0,388
2,65493,65490,0,410
2,65493,65490,0,432
2,65493,65490,0,453
5,65489,65489,0,476
5,65489,65489,0,497
5,65489,65489,0,519
9,65485,65488,0,541
9,65485,65488,0,563
9,65485,65488,0,584
9,65485,65488,0,607
10,65478,65481,0,628
10,65478,65481,0,651
10,65478,65481,0,674
9,65473,65479,0,697
9,65473,65479,0,718
9,65473,65479,0,741
7,65469,65478,0,762
7,65469,65478,0,784
7,65469,65478,0,806
2,65465,65476,0,828
2,65465,65476,0,849
2,65465,65476,0,872
0,65466,65474,0,893
0,65466,65474,0,915
0,65466,65474,0,937
65534,65469,65472,0,959
65534,65469,65472,0,985
65534,65469,65472,0,1011
65528,65472,65470,0,1038
65528,65472,65470,0,1064
65523,65478,65469,0,1092
65523,65478,65469,0,1119
65523,65478,65469,0,1146
65521,65484,65469,0,1173
65521,65484,65469,0,1200
65518,65487,65469,0,1227
65518,65487,65469,0,1254
65518,65487,65469,0,1282
65517,65490,65470,0,1308
65517,65490,65470,0,1336
65516,65491,65471,0,1362
65516,65491,65471,0,1389
65516,65491,65471,0,1417
65515,65491,65470,0,1443
65515,65491,65470,0,1471
65515,65492,65471,0,1498
65515,65492,65471,0,1524
65515,65492,65471,0,1552
65516,65492,65471,0,1579
65516,65492,65471,0,1606
65514,65492,65471,0,1633
65514,65492,65471,0,1659
65514,65492,65471,0,1687
65515,65492,65471,0,1714
65515,65492,65471,0,1741
65515,65492,65470,0,1768
65515,65492,65470,0,1795
65515,65492,65470,0,1822
65515,65492,65471,0,1849
65515,65492,65471,0,1876
65515,65492,65471,0,1903
65515,65492,65471,0,1930
65515,65492,65471,0,1957
65514,65492,65471,0,1984
65514,65492,65471,0,2012
65514,65492,65471,0,2038
65515,65492,65471,0,2065
65515,65492,65471,0,2093
65514,65492,65471,0,2119
65514,65492,65471,0,2147
65514,65492,65471,0,2173
65514,65492,65471,0,2201
65514,65492,65471,0,2228
65514,65492,65471,0,2254
65514,65492,65471,0,2282
65514,65492,65471,0,2309
65515,65492,65471,0,2336
65515,65492,65471,0,2363
65514,65492,65471,0,2390
65514,65492,65471,0,2417
65514,65492,65471,0,2444
65515,65492,65470,0,2471
65515,65492,65470,0,2498
65514,65492,65470,0,2525
65514,65492,65470,0,2552
65514,65492,65470,0,2579
65515,65492,65471,0,2607
65515,65492,65471,0,2633
65515,65492,65471,0,2660
65515,65492,65471,0,2688
65515,65492,65471,0,2714
65515,65492,65470,0,2742
65515,65492,65470,0,2768
65516,65492,65470,0,2795
65516,65492,65470,0,2823
65516,65492,65470,0,2849
65516,65491,65470,0,2877
65516,65491,65470,0,2904
65517,65490,65470,0,2930
65517,65490,65470,0,2958
65517,65490,65470,0,2984
65518,65490,65470,0,3012
65518,65490,65470,0,3039
65518,65488,65470,0,3066
65518,65488,65470,0,3093
65518,65488,65470,0,3120
65520,65486,65469,0,3147
65520,65486,65469,0,3174
65521,65484,65470,0,3202
65521,65484,65470,0,3228
65521,65484,65470,0,3255
65524,65481,65470,0,3282
65524,65481,65470,0,3309
65527,65477,65470,0,3337
65527,65477,65470,0,3363
65527,65477,65470,0,3390
65532,65474,65472,0,3418
65532,65474,65472,0,3444
65534,65470,65474,0,3472
65534,65470,65474,0,3499
65534,65470,65474,0,3525
1,65468,65477,0,3553
1,65468,65477,0,3575
1,65468,65477,0,3599
3,65468,65478,0,3621
3,65468,65478,0,3644
3,65468,65478,0,3667
6,65471,65479,0,3690
6,65471,65479,0,3713
6,65471,65479,0,3736
9,65475,65481,0,3759
9,65475,65481,0,3781
9,65475,65481,0,3805
9,65482,65487,0,3827
9,65482,65487,0,3850
9,65482,65487,0,3873
4,65490,65494,0,3896
4,65490,65494,0,3918
4,65490,65494,0,3942
0,65495,65494,0,3964
0,65495,65494,0,3987
0,65495,65494,0,4011
65535,65499,65494,0,4033
65535,65499,65494,0,4060
65534,65501,65497,0,4087
65534,65501,65497,0,4114
65534,65501,65497,0,4142
65534,65500,65499,0,4168
65534,65500,65499,0,4195
65535,65499,65501,0,4222
65535,65499,65501,0,4249
65535,65499,65501,0,4277
65535,65495,65503,0,4303
65535,65495,65503,0,4331
0,65491,65504,0,4358
0,65491,65504,0,4380
0,65491,65504,0,4404
0,65487,65506,0,4426
0,65487,65506,0,4449
0,65487,65506,0,4472
0,65483,65508,0,4495
0,65483,65508,0,4517
0,65483,65508,0,4541
65535,65480,65510,0,4563
65535,65480,65510,0,4590
65535,65480,65510,0,4618
65534,65478,65511,0,4644
65534,65478,65511,0,4672
65535,65476,65512,0,4699
65535,65476,65512,0,4725
65535,65476,65512,0,4753
65533,65475,65513,0,4780
65533,65475,65513,0,4807
65531,65473,65513,0,4834
65531,65473,65513,0,4860
65531,65473,65513,0,4888
65529,65473,65513,0,4915
65529,65473,65513,0,4942
65529,65473,65513,0,4969
65527,65472,65512,0,4997
65527,65472,65512,0,5023
65526,65472,65510,0,5050
65526,65472,65510,0,5078
65526,65472,65510,0,5104
65524,65472,65508,0,5132
65524,65472,65508,0,5158
65524,65473,65505,0,5185
65524,65473,65505,0,5213
65524,65473,65505,0,5239
65524,65473,65502,0,5267
65524,65473,65502,0,5294
65524,65474,65501,0,5320
65524,65474,65501,0,5348
65524,65474,65501,0,5374
65525,65474,65500,0,5402
65525,65474,65500,0,5429
65526,65475,65499,0,5455
65526,65475,65499,0,5483
65526,65475,65499,0,5510
65526,65475,65499,0,5537
65526,65475,65499,0,5564
65526,65474,65499,0,5591
65526,65474,65499,0,5618
65526,65474,65499,0,5645
65526,65475,65499,0,5672
65526,65475,65499,0,5699
65526,65475,65499,0,5726
65526,65475,65499,0,5753
65526,65475,65499,0,5780
65526,65475,65499,0,5808
65526,65475,65499,0,5834
65525,65474,65499,0,5862
65525,65474,65499,0,5889
65525,65474,65499,0,5915
65525,65474,65500,0,5943
65525,65474,65500,0,5969
65525,65474,65500,0,5997
65525,65474,65500,0,6024
65525,65474,65500,0,6050
65525,65474,65499,0,6078
65525,65474,65499,0,6105
65525,65474,65499,0,6132
65525,65474,65499,0,6159
65525,65474,65499,0,6185
65525,65474,65499,0,6213
65525,65474,65499,0,6240
65525,65474,65499,0,6267
65525,65474,65499,0,6294
65525,65474,65499,0,6321
65525,65474,65499,0,6348
65525,65474,65499,0,6375
65525,65474,65499,0,6403
65525,65474,65499,0,6429
65525,65474,65499,0,6456
65525,65474,65499,0,6483
65525,65474,65499,0,6510
65525,65474,65499,0,6538
65525,65474,65499,0,6564
65525,65474,65499,0,6591
65525,65474,65499,0,6619
65525,65474,65499,0,6645
65525,65474,65499,0,6673
65525,65475,65499,0,6700
65525,65475,65499,0,6727
65525,65474,65499,0,6754
65525,65474,65499,0,6780
65525,65474,65499,0,6808
65526,65475,65500,0,6835
65526,65475,65500,0,6862
65525,65474,65500,0,6889
65525,65474,65500,0,6916
65525,65474,65500,0,6943
65525,65474,65500,0,6970
65525,65474,65500,0,6998
65525,65474,65500,0,7024
65525,65474,65500,0,7051
65525,65474,65500,0,7078
65525,65474,65500,0,7105
65525,65474,65500,0,7133
65525,65475,65500,0,7159
65525,65475,65500,0,7186
65525,65475,65500,0,7214
65525,65474,65499,0,7240
65525,65474,65499,0,7268
65525,65474,65500,0,7294
65525,65474,65500,0,7321
65525,65474,65500,0,7349
65525,65475,65500,0,7375
65525,65475,65500,0,7403
65525,65474,65500,0,7430
65525,65474,65500,0,7456
65525,65474,65500,0,7484
65525,65474,65500,0,7511
65525,65474,65500,0,7538
65525,65474,65501,0,7565
65525,65474,65501,0,7592
65525,65474,65501,0,7619
65524,65474,65501,0,7646
65524,65474,65501,0,7673
65524,65474,65502,0,7700
65524,65474,65502,0,7728
65524,65474,65502,0,7754
65524,65474,65503,0,7781
65524,65474,65503,0,7809
65524,65473,65504,0,7835
65524,65473,65504,0,7863
65524,65473,65504,0,7889
65524,65473,65505,0,7916
65524,65473,65505,0,7944
65524,65472,65508,0,7970
65524,65472,65508,0,7998
65524,65472,65508,0,8025
65525,65473,65509,0,8051
65525,65473,65509,0,8079
65525,65473,65509,0,8105
65525,65473,65509,0,8133
65525,65473,65509,0,8160
65528,65473,65512,0,8186
65528,65473,65512,0,8214
65528,65473,65512,0,8241
65528,65473,65512,0,8268
65528,65473,65512,0,8295
65531,65474,65512,0,8322
65531,65474,65512,0,8349
65531,65474,65512,0,8376
65532,65475,65512,0,8403
65532,65475,65512,0,8430
65534,65476,65512,0,8458
65534,65476,65512,0,8484
65534,65476,65512,0,8511
65535,65478,65511,0,8539
65535,65478,65511,0,8565
0,65480,65510,0,8593
0,65480,65510,0,8615
0,65480,65510,0,8638
0,65483,65509,0,8662
0,65483,65509,0,8684
0,65483,65509,0,8707
0,65487,65506,0,8730
0,65487,65506,0,8753
0,65487,65506,0,8775
0,65491,65504,0,8799
0,65491,65504,0,8821
0,65491,65504,0,8844
0,65495,65502,0,8867
0,65495,65502,0,8890
0,65495,65502,0,8912
65535,65498,65501,0,8936
65535,65498,65501,0,8963
65535,65498,65501,0,8990
65535,65501,65499,0,9017
65535,65501,65499,0,9043
65535,65502,65497,0,9071
65535,65502,65497,0,9098
65535,65502,65497,0,9125
0,65499,65493,0,9152
0,65499,65493,0,9175
1,65497,65494,0,9198
1,65497,65494,0,9221
1,65497,65494,0,9243
8,65490,65488,0,9267
8,65490,65488,0,9289
8,65490,65488,0,9312
12,65482,65483,0,9335
12,65482,65483,0,9359
12,65482,65483,0,9382
10,65472,65475,0,9407
10,65472,65475,0,9431
10,65472,65475,0,9455
5,65466,65474,0,9479
5,65466,65474,0,9501
5,65466,65474,0,9525
0,65466,65470,0,9547
0,65466,65470,0,9570
0,65466,65470,0,9593
65529,65471,65468,0,9616
65529,65471,65468,0,9643
65529,65471,65468,0,9670
65520,65481,65469,0,9697
65520,65481,65469,0,9724
65515,65490,65471,0,9751
65515,65490,65471,0,9778
65515,65490,65471,0,9805
65512,65494,65474,0,9832
65512,65494,65474,0,9860
65509,65493,65478,0,9886
65509,65493,65478,0,9913
65509,65493,65478,0,9940
65507,65492,65484,0,9967
65507,65492,65484,0,9995
65508,65492,65490,0,10021
65508,65492,65490,0,10049
65508,65492,65490,0,10078
65510,65491,65493,0,10105
65510,65491,65493,0,10134
65512,65491,65495,0,10162
65512,65491,65495,0,10190
65512,65491,65495,0,10218
65512,65491,65495,0,10246
65512,65491,65495,0,10274
65515,65490,65497,0,10302
65515,65490,65497,0,10331
65517,65490,65498,0,10358
65517,65490,65498,0,10387
65517,65490,65498,0,10415
65518,65490,65498,0,10442
65518,65490,65498,0,10471
65519,65489,65499,0,10499
65519,65489,65499,0,10527
65519,65489,65499,0,10555
65520,65489,65499,0,10583
65520,65489,65499,0,10611
65520,65489,65499,0,10639
65520,65489,65499,0,10668
65521,65489,65499,0,10695
65521,65489,65499,0,10724
65521,65489,65499,0,10752
65522,65489,65499,0,10779
65522,65489,65499,0,10808
65522,65488,65499,0,10835
65522,65488,65499,0,10864
65522,65488,65499,0,10892
65522,65489,65499,0,10920
65522,65489,65499,0,10948
65522,65489,65499,0,10976
65522,65489,65499,0,11004
65522,65489,65499,0,11032
65523,65488,65499,0,11061
65523,65488,65499,0,11088
65522,65488,65499,0,11116
65522,65488,65499,0,11145
65523,65488,65500,0,11172
65523,65488,65500,0,11201
65523,65488,65500,0,11229
65523,65488,65499,0,11257
65523,65488,65499,0,11285
65523,65488,65499,0,11313
65523,65488,65499,0,11341
65523,65488,65499,0,11369
65523,65488,65500,0,11398
65523,65488,65500,0,11425
65523,65488,65499,0,11454
65523,65488,65499,0,11482
65523,65488,65499,0,11509
65524,65488,65499,0,11538
65524,65488,65499,0,11566
65524,65488,65499,0,11594
65524,65488,65499,0,11622
65524,65488,65499,0,11650
65524,65488,65499,0,11678
65524,65488,65499,0,11706
65524,65488,65500,0,11735
65524,65488,65500,0,11762
65524,65488,65499,0,11791
65524,65488,65499,0,11819
65524,65488,65499,0,11846
65523,65488,65500,0,11875
65523,65488,65500,0,11902
65524,65488,65499,0,11931
65524,65488,65499,0,11959
65524,65488,65499,0,11987
65524,65488,65499,0,12015
65524,65488,65499,0,12043
65524,65488,65500,0,12071
65524,65488,65500,0,12099
65524,65488,65499,0,12128
65524,65488,65499,0,12155
65524,65488,65499,0,12184
65524,65488,65500,0,12212
65524,65488,65500,0,12239
65524,65488,65499,0,12268
65524,65488,65499,0,12296
65524,65488,65499,0,12324
65524,65488,65499,0,12352
65524,65488,65499,0,12380
65524,65488,65499,0,12408
65524,65488,65499,0,12436