29,65512,65496,0,50875
29,65512,65496,0,50899
29,65512,65496,0,50924
29,65512,65496,0,50950
29,65512,65496,0,50974
29,65512,65496,0,50999
29,65512,65496,0,51024
29,65512,65497,0,51049
29,65512,65497,0,51075
29,65512,65496,0,51099
29,65512,65496,0,51124
29,65512,65496,0,51149
29,65512,65496,0,51174
29,65512,65496,0,51198
29,65512,65496,0,51224
29,65512,65496,0,51249
29,65512,65496,0,51274
29,65512,65496,0,51299
29,65512,65497,0,51323
29,65512,65497,0,51349
29,65512,65497,0,51374
29,65512,65497,0,51398
29,65512,65497,0,51424
29,65512,65497,0,51448
29,65512,65497,0,51474
29,65512,65497,0,51499
29,65512,65497,0,51523
29,65512,65497,0,51549
29,65512,65496,0,51573
29,65512,65496,0,51598
29,65512,65496,0,51623
29,65512,65497,0,51648
29,65512,65497,0,51674
29,65512,65497,0,51698
29,65512,65497,0,51723
29,65512,65497,0,51748
29,65512,65497,0,51773
29,65512,65496,0,51798
29,65512,65496,0,51823
29,65512,65497,0,51848
29,65512,65497,0,51873
29,65512,65497,0,51898
29,65512,65496,0,51922
29,65512,65496,0,51948
29,65512,65496,0,51973
29,65512,65497,0,51997
29,65512,65497,0,52023
29,65512,65497,0,52047
29,65512,65496,0,52073
29,65512,65496,0,52098
29,65512,65496,0,52122
29,65512,65496,0,52148
29,65512,65496,0,52172
29,65512,65497,0,52197
29,65512,65497,0,52222
29,65512,65497,0,52247
29,65512,65497,0,52273
29,65512,65497,0,52297
30,65512,65497,0,52322
30,65512,65497,0,52347
30,65512,65497,0,52372
29,65512,65496,0,52397
29,65512,65496,0,52422
29,65512,65496,0,52447
29,65512,65497,0,52472
29,65512,65497,0,52497
29,65512,65497,0,52521
29,65512,65497,0,52547
29,65512,65497,0,52572
29,65512,65496,0,52596
29,65512,65496,0,52622
29,65512,65496,0,52646
29,65512,65496,0,52672
29,65512,65496,0,52697
29,65512,65496,0,52721
29,65512,65497,0,52747
29,65512,65497,0,52771
29,65512,65496,0,52796
29,65512,65496,0,52822
29,65512,65496,0,52846
29,65512,65497,0,52872
29,65512,65497,0,52896
29,65512,65497,0,52921
29,65512,65497,0,52946
29,65512,65497,0,52971
29,65512,65497,0,52996
29,65512,65496,0,53021
29,65512,65496,0,53046
29,65512,65497,0,53071
29,65512,65497,0,53096
29,65512,65497,0,53121
29,65512,65497,0,53146
29,65512,65497,0,53171
29,65512,65497,0,53195
29,65512,65496,0,53221
29,65512,65496,0,53245
29,65512,65496,0,53271
29,65512,65497,0,53296
29,65512,65497,0,53320
29,65512,65497,0,53346
29,65512,65497,0,53370
29,65512,65497,0,53395
29,65512,65497,0,53421
29,65512,65497,0,53445
29,65512,65497,0,53471
29,65512,65497,0,53495
29,65512,65497,0,53520
29,65512,65497,0,53545
29,65512,65497,0,53570
29,65512,65497,0,53595
29,65512,65497,0,53620
29,65512,65497,0,53645
29,65512,65497,0,53670
29,65512,65497,0,53695
29,65512,65497,0,53720
29,65512,65497,0,53745
29,65512,65497,0,53770
29,65512,65497,0,53794
29,65512,65497,0,53820
29,65512,65497,0,53844
29,65512,65497,0,53870
29,65512,65497,0,53895
29,65512,65497,0,53919
29,65512,65497,0,53945
29,65512,65496,0,53969
29,65512,65496,0,53994
29,65512,65496,0,54020
29,65512,65497,0,54044
29,65512,65497,0,54070
29,65512,65497,0,54094
29,65512,65497,0,54119
29,65512,65497,0,54145
29,65512,65497,0,54169
29,65512,65497,0,54194
29,65512,65497,0,54219
29,65512,65497,0,54244
29,65512,65497,0,54269
29,65512,65496,0,54294
29,65512,65496,0,54319
29,65512,65496,0,54344
29,65512,65497,0,54369
29,65512,65497,0,54393
29,65512,65497,0,54419
29,65512,65497,0,54444
29,65512,65497,0,54469
29,65512,65497,0,54494
29,65512,65497,0,54518
29,65512,65497,0,54544
29,65512,65496,0,54568
29,65512,65496,0,54593
29,65512,65496,0,54619
29,65512,65497,0,54643
29,65512,65497,0,54669
29,65512,65497,0,54693
29,65512,65496,0,54718
29,65512,65496,0,54744
29,65512,65496,0,54768
29,65512,65496,0,54793
29,65512,65496,0,54818
29,65512,65497,0,54843
29,65512,65497,0,54868
29,65512,65497,0,54893
29,65512,65497,0,54918
29,65512,65497,0,54943
29,65512,65497,0,54968
29,65512,65497,0,54992
29,65512,65497,0,55018
30,65512,65496,0,55043
30,65512,65496,0,55068
30,65512,65496,0,55093
29,65512,65497,0,55117
29,65512,65497,0,55143
29,65512,65497,0,55168
29,65512,65497,0,55192
29,65512,65497,0,55218
29,65512,65497,0,55242
29,65512,65496,0,55268
29,65512,65496,0,55292
29,65512,65497,0,55317
29,65512,65497,0,55343
29,65512,65497,0,55367
29,65511,65496,0,55392
29,65511,65496,0,55417
29,65511,65496,0,55442
29,65512,65496,0,55468
29,65512,65496,0,55492
29,65512,65496,0,55517
29,65512,65496,0,55542
29,65512,65496,0,55567
29,65512,65497,0,55591
29,65512,65497,0,55617
29,65512,65497,0,55642
29,65512,65496,0,55667
29,65512,65496,0,55692
29,65512,65496,0,55716
29,65512,65497,0,55742
29,65512,65497,0,55767
29,65512,65496,0,55791
29,65512,65496,0,55817
29,65512,65496,0,55841
29,65512,65497,0,55867
29,65512,65497,0,55891
29,65512,65497,0,55916
29,65512,65497,0,55942
29,65512,65497,0,55966
29,65512,65497,0,55991
30,65512,65497,0,56016
30,65512,65497,0,56041
30,65512,65497,0,56067
30,65512,65497,0,56091
30,65512,65497,0,56116
29,65512,65496,0,56141
29,65512,65496,0,56166
29,65512,65496,0,56190
29,65512,65496,0,56216
29,65512,65496,0,56241
30,65512,65496,0,56266
30,65512,65496,0,56291
30,65512,65496,0,56315
29,65512,65497,0,56341
29,65512,65497,0,56366
29,65512,65497,0,56390
29,65512,65497,0,56416
29,65512,65497,0,56440
29,65512,65497,0,56466
29,65512,65497,0,56491
29,65512,65497,0,56515
29,65512,65496,0,56541
29,65512,65496,0,56565
29,65512,65496,0,56590
29,65512,65497,0,56615
29,65512,65497,0,56640
29,65512,65497,0,56666
29,65512,65497,0,56690
29,65512,65497,0,56715
29,65512,65496,0,56740
29,65512,65496,0,56765
29,65512,65496,0,56790
29,65512,65497,0,56815
29,65512,65497,0,56840
29,65512,65497,0,56865
29,65512,65497,0,56890
29,65512,65497,0,56914
29,65512,65497,0,56940
29,65512,65497,0,56965
29,65512,65497,0,56989
29,65512,65497,0,57015
29,65512,65497,0,57039
29,65512,65497,0,57065
29,65512,65496,0,57090
29,65512,65496,0,57114
29,65512,65496,0,57140
29,65512,65497,0,57164
29,65512,65497,0,57189
29,65512,65497,0,57214
30,65512,65497,0,57239
30,65512,65497,0,57265
29,65512,65496,0,57289
29,65512,65496,0,57314
29,65512,65496,0,57339
29,65512,65496,0,57364
29,65512,65496,0,57389
29,65512,65496,0,57414
29,65512,65497,0,57439
29,65512,65497,0,57464
30,65512,65496,0,57489
30,65512,65496,0,57513
30,65512,65496,0,57539
29,65512,65497,0,57564
29,65512,65497,0,57588
29,65512,65497,0,57614
29,65512,65497,0,57638
29,65512,65497,0,57664
29,65512,65497,0,57689
30,65512,65497,0,57713
30,65512,65497,0,57739
29,65512,65496,0,57763
29,65512,65496,0,57788
29,65512,65496,0,57814
29,65512,65497,0,57838
29,65512,65497,0,57864
29,65512,65497,0,57888
29,65512,65497,0,57913
29,65512,65497,0,57938
29,65512,65497,0,57963
29,65512,65497,0,57988
29,65512,65497,0,58013
29,65512,65497,0,58038
29,65512,65497,0,58063
29,65512,65497,0,58088
30,65512,65497,0,58113
30,65512,65497,0,58138
30,65512,65497,0,58163
29,65512,65496,0,58187
29,65512,65496,0,58213
29,65512,65497,0,58237
29,65512,65497,0,58263
29,65512,65497,0,58288
30,65512,65497,0,58312
30,65512,65497,0,58338
30,65512,65497,0,58362
29,65512,65497,0,58387
29,65512,65497,0,58413
29,65512,65497,0,58437
29,65512,65497,0,58463
29,65512,65497,0,58487
29,65512,65497,0,58512
29,65512,65497,0,58537
29,65512,65497,0,58562
30,65512,65497,0,58587
30,65512,65497,0,58612
30,65512,65497,0,58637
30,65512,65497,0,58662
30,65512,65497,0,58687
30,65512,65497,0,58712
30,65512,65497,0,58737
30,65512,65497,0,58762
29,65512,65497,0,58786
29,65512,65497,0,58812
29,65512,65497,0,58836
29,65512,65497,0,58862
29,65512,65497,0,58887
29,65512,65497,0,58911
30,65512,65497,0,58937
30,65512,65497,0,58961
30,65512,65497,0,58986
30,65512,65497,0,59012
30,65512,65497,0,59036
30,65512,65497,0,59062
30,65512,65497,0,59086
30,65512,65497,0,59111
29,65512,65497,0,59137
29,65512,65497,0,59161
29,65512,65497,0,59186
30,65512,65497,0,59211
30,65512,65497,0,59236
30,65512,65497,0,59261
30,65512,65497,0,59286
30,65512,65497,0,59311
30,65512,65497,0,59336
30,65512,65497,0,59361
30,65512,65497,0,59385
30,65512,65497,0,59411
30,65512,65497,0,59436
30,65512,65497,0,59461
30,65512,65497,0,59486
30,65512,65497,0,59510
30,65512,65497,0,59536
30,65512,65497,0,59560
30,65512,65497,0,59585
30,65512,65497,0,59611
30,65512,65497,0,59635
30,65512,65497,0,59661
30,65512,65497,0,59685
30,65512,65497,0,59710
30,65512,65497,0,59736
30,65512,65497,0,59760
30,65512,65497,0,59785
30,65512,65497,0,59810
30,65512,65497,0,59835
30,65512,65497,0,59860
30,65512,65497,0,59885
30,65512,65497,0,59910
30,65512,65497,0,59935
30,65512,65497,0,59960
30,65512,65497,0,59984
30,65512,65497,0,60010
30,65512,65497,0,60035
30,65512,65497,0,60060
30,65512,65497,0,60085
30,65512,65497,0,60109
30,65512,65497,0,60135
30,65512,65497,0,60160
30,65512,65497,0,60184
30,65512,65497,0,60210
30,65512,65497,0,60234
30,65512,65497,0,60260
30,65512,65497,0,60284
30,65512,65497,0,60309
30,65512,65497,0,60335
30,65512,65497,0,60359
30,65512,65497,0,60384
30,65512,65497,0,60409
30,65512,65497,0,60434
30,65512,65497,0,60460
30,65512,65497,0,60484
30,65512,65497,0,60509
30,65512,65497,0,60534
30,65512,65497,0,60559
30,65512,65497,0,60583
30,65512,65497,0,60609
30,65512,65497,0,60634
30,65512,65497,0,60659
30,65512,65497,0,60684
30,65512,65497,0,60708
30,65512,65497,0,60734
31,65512,65497,0,60759
31,65512,65497,0,60783
31,65512,65497,0,60809
30,65512,65497,0,60833
30,65512,65497,0,60859
30,65512,65497,0,60883
30,65511,65497,0,60908
30,65511,65497,0,60934
31,65512,65497,0,60958
31,65512,65497,0,60983
31,65512,65497,0,61008
30,65512,65497,0,61033
30,65512,65497,0,61059
30,65512,65497,0,61083
30,65512,65497,0,61108
30,65512,65497,0,61133
30,65512,65497,0,61158
31,65511,65497,0,61182
31,65511,65497,0,61208
31,65512,65497,0,61233
31,65512,65497,0,61258
31,65512,65497,0,61283
31,65511,65497,0,61307
31,65511,65497,0,61333
31,65511,65497,0,61358
31,65511,65497,0,61382
31,65511,65497,0,61408
31,65512,65497,0,61432
31,65512,65497,0,61458
31,65512,65497,0,61483
31,65512,65497,0,61507
31,65512,65497,0,61533
31,65512,65497,0,61557
31,65511,65497,0,61582
31,65511,65497,0,61607
31,65511,65497,0,61632
31,65512,65497,0,61658
31,65512,65497,0,61682
31,65511,65497,0,61707
31,65511,65497,0,61732
31,65511,65497,0,61757
31,65511,65497,0,61782
31,65511,65497,0,61807
31,65511,65497,0,61832
31,65511,65497,0,61857
31,65511,65497,0,61882
31,65511,65497,0,61906
32,65511,65497,0,61932
32,65511,65497,0,61957
32,65511,65497,0,61981
32,65511,65497,0,62007
32,65511,65497,0,62031
32,65511,65498,0,62057
32,65511,65498,0,62082
32,65511,65498,0,62106
32,65511,65497,0,62132
32,65511,65497,0,62156
32,65511,65498,0,62181
32,65511,65498,0,62206
32,65511,65498,0,62231
32,65511,65497,0,62257
32,65511,65497,0,62281
32,65511,65497,0,62306
32,65511,65497,0,62331
32,65511,65497,0,62356
32,65511,65497,0,62381
33,65511,65497,0,62406
33,65511,65497,0,62431
33,65511,65497,0,62456
33,65511,65497,0,62481
33,65511,65497,0,62505
33,65511,65497,0,62531
33,65511,65497,0,62556
33,65511,65497,0,62580
33,65511,65497,0,62606
33,65511,65497,0,62630
33,65511,65497,0,62656
34,65511,65497,0,62681
34,65511,65497,0,62705
34,65511,65497,0,62731
34,65511,65497,0,62755
34,65511,65497,0,62780
34,65511,65497,0,62806
34,65511,65497,0,62830
34,65511,65497,0,62856
34,65511,65497,0,62880
34,65511,65497,0,62905
35,65511,65497,0,62930
35,65511,65497,0,62955
35,65511,65497,0,62980
35,65511,65497,0,63005
35,65511,65497,0,63030
35,65511,65497,0,63055
35,65511,65497,0,63080
35,65511,65497,0,63105
35,65511,65497,0,63130
36,65510,65497,0,63155
36,65510,65497,0,63179
36,65510,65496,0,63205
36,65510,65496,0,63229
36,65510,65496,0,63255
37,65510,65496,0,63280
37,65510,65496,0,63304
37,65510,65496,0,63330
37,65510,65496,0,63354
37,65510,65496,0,63379
38,65510,65496,0,63405
38,65510,65496,0,63429
38,65510,65496,0,63455
39,65510,65495,0,63479
39,65510,65495,0,63504
39,65510,65495,0,63529
39,65510,65495,0,63554
39,65510,65495,0,63579
39,65510,65495,0,63604
40,65509,65495,0,63629
40,65509,65495,0,63654
41,65509,65494,0,63679
41,65509,65494,0,63704
41,65509,65494,0,63729
42,65509,65493,0,63754
42,65509,65493,0,63778
42,65509,65493,0,63804
42,65508,65493,0,63828
42,65508,65493,0,63854
42,65508,65493,0,63879
43,65508,65491,0,63903
43,65508,65491,0,63929
44,65508,65490,0,63953
44,65508,65490,0,63978
44,65508,65490,0,64004
44,65507,65489,0,64028
44,65507,65489,0,64054
44,65507,65489,0,64078
45,65507,65487,0,64103
45,65507,65487,0,64129
45,65507,65487,0,64153
45,65507,65487,0,64178
45,65507,65487,0,64203
45,65506,65484,0,64228
45,65506,65484,0,64253
45,65506,65484,0,64278
45,65505,65482,0,64303
45,65505,65482,0,64328
45,65505,65482,0,64353
44,65505,65480,0,64377
44,65505,65480,0,64403
44,65505,65478,0,64428
44,65505,65478,0,64453
44,65505,65478,0,64478
43,65504,65476,0,64502
43,65504,65476,0,64528
43,65504,65476,0,64552
42,65504,65475,0,64577
42,65504,65475,0,64603
42,65504,65475,0,64627
40,65504,65473,0,64653
40,65504,65473,0,64677
38,65504,65471,0,64702
38,65504,65471,0,64728
38,65504,65471,0,64752
36,65505,65470,0,64777
36,65505,65470,0,64802
36,65505,65470,0,64827
33,65505,65470,0,64852
33,65505,65470,0,64877
30,65505,65470,0,64902
30,65505,65470,0,64927
30,65505,65470,0,64952
28,65505,65471,0,64976
28,65505,65471,0,65002
28,65505,65471,0,65027
25,65505,65473,0,65052
25,65505,65473,0,65077
25,65505,65473,0,65101
23,65505,65474,0,65127
23,65505,65474,0,65152
22,65505,65476,0,65176
22,65505,65476,0,65202
22,65505,65476,0,65226
21,65505,65479,0,65252
21,65505,65479,0,65276
21,65505,65479,0,65301
20,65505,65481,0,65327
20,65505,65481,0,65351
20,65505,65483,0,65376
20,65505,65483,0,65401
20,65505,65483,0,65426
20,65505,65484,0,65452
20,65505,65484,0,65476
20,65505,65484,0,65501
21,65505,65486,0,65526
21,65505,65486,0,15
21,65505,65486,0,36
22,65506,65486,0,59
22,65506,65486,0,80
22,65506,65486,0,102
22,65506,65487,0,125
22,65506,65487,0,148
22,65506,65487,0,171
23,65507,65488,0,194
23,65507,65488,0,217
23,65507,65488,0,239
23,65507,65489,0,263
23,65507,65489,0,285
23,65507,65489,0,308
24,65508,65489,0,331
24,65508,65489,0,354
24,65508,65489,0,377
24,65508,65490,0,400
24,65508,65490,0,422
24,65508,65490,0,446
24,65508,65491,0,468
24,65508,65491,0,491
24,65508,65491,0,515
26,65509,65491,0,537
26,65509,65491,0,560
26,65509,65491,0,583
27,65509,65491,0,606
27,65509,65491,0,628
27,65509,65491,0,652
27,65509,65492,0,674
27,65509,65492,0,697
27,65509,65492,0,720
29,65509,65491,0,743
29,65509,65491,0,765
29,65509,65491,0,789
30,65509,65491,0,812
30,65509,65491,0,834
30,65509,65491,0,858
31,65509,65490,0,880
31,65509,65490,0,903
31,65509,65490,0,926
33,65509,65490,0,949
33,65509,65490,0,971
33,65509,65490,0,995
34,65509,65488,0,1017
34,65509,65488,0,1041
35,65509,65486,0,1065
35,65509,65486,0,1089
35,65509,65486,0,1114
35,65509,65484,0,1137
35,65509,65484,0,1161
35,65509,65484,0,1185
35,65509,65482,0,1209
35,65509,65482,0,1232
35,65509,65482,0,1257
34,65509,65480,0,1281
34,65509,65480,0,1304
34,65509,65480,0,1329
33,65509,65478,0,1352
33,65509,65478,0,1377
33,65509,65478,0,1400
31,65509,65477,0,1424
31,65509,65477,0,1448
31,65509,65477,0,1472
31,65509,65477,0,1496
31,65509,65477,0,1520
28,65511,65476,0,1544
28,65511,65476,0,1567
28,65511,65476,0,1592
26,65512,65476,0,1615
26,65512,65476,0,1639
26,65512,65476,0,1664
25,65513,65476,0,1687
25,65513,65476,0,1712
25,65513,65476,0,1735
24,65514,65476,0,1759
24,65514,65476,0,1783
24,65514,65476,0,1807
22,65515,65477,0,1830
22,65515,65477,0,1855
22,65515,65477,0,1879
22,65516,65478,0,1902
22,65516,65478,0,1927
21,65517,65479,0,1950
21,65517,65479,0,1974
21,65517,65479,0,1998
19,65518,65480,0,2022
19,65518,65480,0,2046
19,65518,65480,0,2070
19,65519,65481,0,2094
19,65519,65481,0,2118
19,65519,65481,0,2142
19,65519,65482,0,2165
19,65519,65482,0,2190
19,65519,65482,0,2213
19,65520,65483,0,2237
19,65520,65483,0,2262
19,65520,65483,0,2285
19,65521,65484,0,2310
19,65521,65484,0,2333
19,65521,65484,0,2357
19,65521,65484,0,2381
19,65521,65484,0,2405
20,65522,65485,0,2428
20,65522,65485,0,2453
20,65522,65485,0,2477
20,65522,65486,0,2500
20,65522,65486,0,2525
20,65522,65486,0,2548
20,65522,65487,0,2572
20,65522,65487,0,2596
20,65522,65487,0,2620
20,65522,65488,0,2644
20,65522,65488,0,2668
20,65522,65488,0,2692
20,65522,65488,0,2716
20,65522,65488,0,2740
20,65522,65488,0,2763
20,65521,65490,0,2788
20,65521,65490,0,2811
20,65521,65490,0,2835
20,65521,65490,0,2860
20,65521,65490,0,2883
20,65519,65491,0,2908
20,65519,65491,0,2931
20,65519,65491,0,2955
20,65518,65492,0,2979
20,65518,65492,0,3003
20,65518,65492,0,3026
21,65517,65493,0,3051
21,65517,65493,0,3075
21,65517,65493,0,3098
21,65516,65494,0,3123
21,65516,65494,0,3146
21,65516,65494,0,3170
21,65515,65494,0,3194
21,65515,65494,0,3218
21,65513,65495,0,3243
21,65513,65495,0,3266
21,65513,65495,0,3290
21,65512,65495,0,3314
21,65512,65495,0,3338
21,65512,65495,0,3361
21,65510,65496,0,3386
21,65510,65496,0,3409
21,65510,65496,0,3433
21,65508,65497,0,3458
21,65508,65497,0,3481
21,65508,65497,0,3505
21,65507,65498,0,3529
21,65507,65498,0,3553
21,65507,65498,0,3577
22,65505,65499,0,3601
22,65505,65499,0,3624
23,65503,65499,0,3649
23,65503,65499,0,3673
23,65503,65499,0,3696
24,65501,65499,0,3721
24,65501,65499,0,3744
24,65501,65499,0,3768
25,65499,65498,0,3792
25,65499,65498,0,3816
25,65499,65498,0,3841
25,65497,65496,0,3864
25,65497,65496,0,3888
25,65497,65496,0,3912
24,65496,65495,0,3936
24,65496,65495,0,3959
24,65496,65495,0,3984
23,65496,65494,0,4007
23,65496,65494,0,4031
23,65496,65494,0,4056
23,65496,65495,0,4079
23,65496,65495,0,4103
22,65496,65495,0,4127
22,65496,65495,0,4151
22,65496,65495,0,4175
22,65496,65496,0,4199
22,65496,65496,0,4222
22,65496,65496,0,4247
20,65496,65497,0,4271
20,65496,65497,0,4294
20,65496,65497,0,4319
20,65496,65499,0,4342
20,65496,65499,0,4366
20,65496,65499,0,4390
19,65496,65501,0,4414
19,65496,65501,0,4439
19,65496,65501,0,4462
19,65496,65504,0,4486
19,65496,65504,0,4510
19,65496,65507,0,4534
19,65496,65507,0,4557
19,65496,65507,0,4582
20,65495,65510,0,4605
20,65495,65510,0,4629
20,65495,65510,0,4654
22,65495,65512,0,4677
22,65495,65512,0,4701
22,65495,65512,0,4725
24,65495,65513,0,4749
24,65495,65513,0,4773
24,65495,65513,0,4797
26,65495,65515,0,4820
26,65495,65515,0,4845
26,65495,65515,0,4869
27,65495,65515,0,4892
27,65495,65515,0,4917
27,65496,65515,0,4940
29,65496,65515,0,4964
29,65496,65515,0,4988
30,65497,65515,0,5012
30,65497,65515,0,5036
30,65497,65515,0,5060
31,65498,65514,0,5084
31,65498,65514,0,5108
31,65498,65514,0,5132
32,65498,65514,0,5155
32,65498,65514,0,5180
32,65498,65514,0,5203
32,65499,65514,0,5227
32,65499,65514,0,5252
32,65499,65514,0,5275
34,65500,65514,0,5299
34,65500,65514,0,5323
34,65500,65514,0,5347
34,65501,65513,0,5371
34,65501,65513,0,5395
35,65502,65513,0,5419
35,65502,65513,0,5443
35,65502,65513,0,5467
35,65502,65513,0,5490
35,65502,65513,0,5515
35,65502,65513,0,5538
36,65502,65512,0,5562
36,65502,65512,0,5586
36,65502,65512,0,5610
35,65502,65512,0,5634
35,65502,65512,0,5658
35,65502,65512,0,5682
35,65502,65512,0,5706
35,65502,65512,0,5730
35,65502,65512,0,5753
35,65502,65512,0,5778
35,65502,65512,0,5801
35,65502,65512,0,5825
35,65502,65512,0,5850
35,65502,65512,0,5873
35,65502,65512,0,5897
35,65502,65512,0,5921
35,65502,65512,0,5945
35,65502,65512,0,5969
35,65502,65512,0,5993
35,65502,65512,0,6017
35,65502,65512,0,6041
35,65502,65512,0,6065
35,65502,65512,0,6088
35,65502,65512,0,6113
35,65502,65512,0,6136
35,65502,65512,0,6160
35,65502,65512,0,6184
35,65502,65512,0,6208
35,65502,65512,0,6232
35,65502,65512,0,6256
35,65502,65512,0,6280
36,65502,65512,0,6304
36,65502,65512,0,6328
36,65502,65512,0,6351
35,65502,65513,0,6376
35,65502,65513,0,6400
35,65502,65513,0,6423
35,65502,65512,0,6448
35,65502,65512,0,6471
35,65502,65512,0,6495
36,65502,65512,0,6519
36,65502,65512,0,6543
36,65502,65512,0,6566
35,65502,65513,0,6591
35,65502,65513,0,6615
35,65502,65513,0,6639
35,65502,65512,0,6663
35,65502,65512,0,6686
35,65502,65512,0,6711
35,65502,65512,0,6734
35,65502,65512,0,6758
35,65502,65512,0,6782
35,65502,65512,0,6806
35,65502,65512,0,6830
36,65502,65512,0,6854
36,65502,65512,0,6878
36,65502,65512,0,6902
35,65502,65512,0,6926
35,65502,65512,0,6949
35,65502,65512,0,6974
35,65502,65513,0,6998
35,65502,65513,0,7021
35,65502,65513,0,7046
36,65502,65512,0,7069
36,65502,65512,0,7093
36,65502,65512,0,7117
36,65502,65512,0,7141
36,65502,65512,0,7164
36,65502,65512,0,7189
36,65502,65512,0,7213
36,65502,65512,0,7237
35,65502,65512,0,7261
35,65502,65512,0,7284
35,65502,65512,0,7309
35,65502,65512,0,7332
35,65502,65512,0,7356
35,65502,65512,0,7380
36,65502,65512,0,7404
36,65502,65512,0,7428
36,65502,65512,0,7452
35,65502,65512,0,7476
35,65502,65512,0,7500
35,65502,65512,0,7524
36,65502,65512,0,7547
36,65502,65512,0,7572
35,65502,65513,0,7596
35,65502,65513,0,7619
35,65502,65513,0,7644
36,65502,65512,0,7667
36,65502,65512,0,7691
36,65502,65512,0,7715
35,65502,65512,0,7739
35,65502,65512,0,7762
35,65502,65512,0,7787
36,65502,65512,0,7811
36,65502,65512,0,7835
36,65502,65512,0,7859
35,65502,65512,0,7882
35,65502,65512,0,7907
35,65502,65512,0,7930
35,65502,65512,0,7954
35,65502,65512,0,7979
36,65502,65512,0,8002
36,65502,65512,0,8026
36,65502,65512,0,8050
36,65502,65512,0,8074
36,65502,65512,0,8097
36,65502,65512,0,8122
35,65502,65512,0,8145
35,65502,65512,0,8170
35,65502,65512,0,8194
36,65502,65512,0,8217
36,65502,65512,0,8242
36,65502,65512,0,8265
35,65502,65512,0,8289
35,65502,65512,0,8313
35,65502,65512,0,8337
36,65502,65512,0,8360
36,65502,65512,0,8385
35,65502,65512,0,8409
35,65502,65512,0,8433
35,65502,65512,0,8457
35,65502,65512,0,8480
35,65502,65512,0,8505
35,65502,65512,0,8528
34,65502,65512,0,8552
34,65502,65512,0,8577
34,65502,65512,0,8600
35,65503,65512,0,8624
35,65503,65512,0,8648
35,65503,65512,0,8672
35,65502,65512,0,8695
35,65502,65512,0,8720
35,65502,65512,0,8743
35,65502,65512,0,8768
35,65502,65512,0,8792
35,65502,65512,0,8815
35,65502,65512,0,8840
35,65502,65512,0,8863
35,65502,65511,0,8887
35,65502,65511,0,8911
35,65502,65511,0,8935
35,65502,65511,0,8958
35,65502,65511,0,8983
35,65502,65511,0,9007
35,65502,65512,0,9031
35,65502,65512,0,9055
35,65502,65512,0,9078
35,65502,65512,0,9103
35,65502,65512,0,9126
35,65502,65512,0,9150
35,65502,65512,0,9175
35,65502,65512,0,9198
35,65502,65512,0,9222
35,65502,65512,0,9246
35,65502,65512,0,9270
35,65502,65512,0,9293
35,65502,65512,0,9318
35,65502,65512,0,9341
35,65502,65511,0,9366
35,65502,65511,0,9390
35,65502,65511,0,9413
35,65503,65511,0,9438
35,65503,65511,0,9461
35,65503,65511,0,9485
35,65503,65511,0,9509
35,65503,65511,0,9533
35,65503,65511,0,9556
35,65502,65511,0,9581
35,65502,65511,0,9605
35,65502,65511,0,9628
35,65502,65512,0,9653
35,65502,65512,0,9676
35,65502,65512,0,9701
35,65502,65512,0,9724
35,65502,65512,0,9748
35,65502,65512,0,9773
35,65502,65512,0,9796
35,65502,65512,0,9820
35,65503,65512,0,9844
35,65503,65512,0,9868
35,65503,65512,0,9891
35,65502,65512,0,9916
35,65502,65512,0,9939
35,65502,65512,0,9964
35,65502,65511,0,9988
35,65502,65511,0,10011
35,65502,65511,0,10037
35,65502,65512,0,10061
35,65502,65512,0,10086
35,65502,65512,0,10112
35,65502,65512,0,10136
35,65502,65512,0,10162
35,65502,65512,0,10186
35,65502,65512,0,10211
35,65502,65512,0,10236
35,65503,65511,0,10261
35,65503,65511,0,10286
35,65503,65511,0,10311
35,65502,65511,0,10336
35,65502,65511,0,10360
35,65502,65512,0,10386
35,65502,65512,0,10411
35,65502,65512,0,10436
35,65503,65512,0,10461
35,65503,65512,0,10485
35,65503,65512,0,10511
35,65502,65511,0,10535
35,65502,65511,0,10560
35,65503,65511,0,10586
35,65503,65511,0,10610
35,65503,65511,0,10636
35,65502,65512,0,10660
35,65502,65512,0,10685
35,65502,65512,0,10711
35,65503,65511,0,10735
35,65503,65511,0,10761
35,65503,65511,0,10785
35,65502,65511,0,10810
35,65502,65511,0,10835
34,65503,65512,0,10860
34,65503,65512,0,10885
34,65503,65512,0,10910
35,65503,65512,0,10935
35,65503,65512,0,10959
35,65503,65512,0,10985
35,65503,65511,0,11010
35,65503,65511,0,11035
35,65503,65511,0,11060
35,65503,65511,0,11084
35,65503,65511,0,11110
35,65503,65511,0,11134
35,65503,65511,0,11159
35,65503,65511,0,11185
35,65503,65511,0,11209
35,65503,65511,0,11235
35,65503,65511,0,11259
35,65503,65511,0,11284
35,65503,65511,0,11310
35,65503,65511,0,11334
35,65503,65511,0,11359
35,65503,65511,0,11384
35,65503,65511,0,11409
35,65503,65511,0,11435
35,65503,65511,0,11459
36,65503,65511,0,11484
36,65503,65511,0,11509
36,65503,65511,0,11534
36,65504,65511,0,11558
36,65504,65511,0,11584
36,65504,65511,0,11609
36,65504,65511,0,11634
36,65504,65511,0,11659
36,65504,65510,0,11683
36,65504,65510,0,11709
36,65504,65510,0,11734
36,65504,65510,0,11759
36,65504,65510,0,11784
36,65504,65510,0,11808
37,65504,65510,0,11834
37,65504,65510,0,11858
36,65505,65510,0,11883
36,65505,65510,0,11909
36,65505,65510,0,11933
37,65505,65510,0,11959
37,65505,65510,0,11983
37,65505,65510,0,12008
37,65505,65510,0,12034
37,65505,65510,0,12058
37,65505,65510,0,12083
37,65505,65510,0,12108
37,65505,65510,0,12133
36,65504,65510,0,12158
36,65504,65510,0,12183
36,65504,65510,0,12208
36,65504,65510,0,12233
36,65504,65510,0,12258
36,65504,65510,0,12282
36,65505,65510,0,12308
36,65505,65510,0,12333
37,65504,65510,0,12358
37,65504,65510,0,12383
37,65504,65510,0,12407
36,65505,65510,0,12433
36,65505,65510,0,12457
36,65505,65510,0,12482
37,65504,65510,0,12508
37,65504,65510,0,12532
36,65504,65510,0,12558
36,65504,65510,0,12582
36,65504,65510,0,12607
36,65505,65510,0,12633
36,65505,65510,0,12657
36,65505,65510,0,12682
37,65504,65510,0,12707
37,65504,65510,0,12732
37,65504,65510,0,12758
36,65504,65510,0,12782
36,65504,65510,0,12807
37,65505,65510,0,12832
37,65505,65510,0,12857
37,65505,65510,0,12881
36,65504,65510,0,12907
36,65504,65510,0,12932
36,65504,65510,0,12956
36,65505,65510,0,12982
36,65505,65510,0,13006
36,65505,65510,0,13032
36,65504,65510,0,13057
36,65504,65510,0,13081
36,65504,65510,0,13107
36,65504,65510,0,13131
36,65504,65510,0,13156
37,65505,65510,0,13181
37,65505,65510,0,13206
37,65505,65510,0,13232
37,65504,65510,0,13256
37,65504,65510,0,13281
37,65505,65510,0,13306
37,65505,65510,0,13331
37,65505,65510,0,13357
36,65505,65510,0,13381
36,65505,65510,0,13406
36,65505,65510,0,13431
36,65504,65510,0,13456
36,65504,65510,0,13480
36,65504,65510,0,13506
37,65504,65510,0,13531
37,65504,65510,0,13556
37,65505,65510,0,13581
37,65505,65510,0,13605
37,65505,65510,0,13631
37,65505,65510,0,13656
37,65505,65510,0,13680
37,65505,65510,0,13706
36,65505,65510,0,13730
36,65505,65510,0,13756
36,65505,65510,0,13780
36,65504,65510,0,13805
36,65504,65510,0,13831
36,65505,65510,0,13855
36,65505,65510,0,13880
36,65505,65510,0,13905
36,65505,65510,0,13930
36,65505,65510,0,13956
36,65505,65510,0,13980
37,65505,65510,0,14005
37,65505,65510,0,14030
36,65505,65510,0,14055
36,65505,65510,0,14080
36,65505,65510,0,14105
36,65504,65510,0,14130
36,65504,65510,0,14155
36,65504,65510,0,14180
37,65505,65510,0,14204
37,65505,65510,0,14230
37,65505,65510,0,14255
37,65505,65510,0,14279
37,65505,65510,0,14305
36,65505,65510,0,14329
36,65505,65510,0,14355
36,65505,65510,0,14380
36,65505,65510,0,14404
36,65505,65510,0,14430
36,65505,65510,0,14454
37,65505,65510,0,14479
37,65505,65510,0,14504
37,65505,65510,0,14529
37,65505,65510,0,14555
37,65505,65510,0,14579
37,65505,65510,0,14604
37,65505,65510,0,14629
37,65505,65510,0,14654
37,65505,65509,0,14679
37,65505,65509,0,14704
37,65505,65509,0,14729
37,65506,65509,0,14754
37,65506,65509,0,14779
38,65506,65509,0,14803
38,65506,65509,0,14829
38,65506,65509,0,14854
37,65507,65508,0,14878
37,65507,65508,0,14904
37,65507,65508,0,14928
38,65508,65508,0,14954
38,65508,65508,0,14979
38,65508,65508,0,15003
37,65508,65508,0,15029
37,65508,65508,0,15053
39,65509,65506,0,15078
39,65509,65506,0,15104
39,65509,65506,0,15128
39,65510,65506,0,15153
39,65510,65506,0,15178
39,65510,65506,0,15203
39,65512,65505,0,15228
39,65512,65505,0,15253
39,65512,65505,0,15278
39,65512,65505,0,15303
39,65512,65505,0,15328
39,65514,65503,0,15352
39,65514,65503,0,15378
39,65514,65503,0,15403
39,65516,65503,0,15428
39,65516,65503,0,15453
39,65516,65503,0,15477
40,65517,65500,0,15503
40,65517,65500,0,15527
39,65519,65499,0,15552
39,65519,65499,0,15578
39,65519,65499,0,15602
38,65521,65498,0,15628
38,65521,65498,0,15652
38,65521,65498,0,15677
38,65522,65495,0,15703
38,65522,65495,0,15727
38,65522,65495,0,15752
36,65523,65494,0,15777
36,65523,65494,0,15802
35,65523,65495,0,15827
35,65523,65495,0,15852
35,65523,65495,0,15877
35,65522,65493,0,15902
35,65522,65493,0,15927
35,65522,65493,0,15952
34,65521,65492,0,15977
34,65521,65492,0,16002
33,65520,65492,0,16027
33,65520,65492,0,16052
33,65520,65492,0,16076
32,65518,65493,0,16102
32,65518,65493,0,16126
32,65518,65493,0,16152
32,65513,65492,0,16177
32,65513,65492,0,16201
32,65513,65492,0,16227
33,65509,65493,0,16251
33,65509,65493,0,16276
35,65505,65494,0,16302
35,65505,65494,0,16326
35,65505,65494,0,16351
37,65500,65494,0,16376
37,65500,65494,0,16401
37,65500,65494,0,16427
37,65495,65490,0,16451
37,65495,65490,0,16476
37,65495,65490,0,16501
37,65495,65490,0,16526
37,65495,65490,0,16550
33,65492,65490,0,16576
33,65492,65490,0,16601
33,65492,65490,0,16626
30,65493,65491,0,16651
30,65493,65491,0,16675
30,65493,65491,0,16701
29,65496,65492,0,16726
29,65496,65492,0,16751
29,65500,65491,0,16776
29,65500,65491,0,16800
29,65500,65491,0,16826
28,65504,65488,0,16850
28,65504,65488,0,16875
28,65504,65488,0,16901
27,65509,65485,0,16925
27,65509,65485,0,16951
27,65509,65485,0,16975
25,65514,65483,0,17000
25,65514,65483,0,17026
22,65516,65483,0,17050
22,65516,65483,0,17075
22,65516,65483,0,17100
20,65517,65485,0,17125
20,65517,65485,0,17150
20,65517,65485,0,17175
18,65517,65488,0,17200
18,65517,65488,0,17225
18,65517,65491,0,17250
18,65517,65491,0,17274
18,65517,65491,0,17300
18,65517,65494,0,17325
18,65517,65494,0,17349
18,65517,65494,0,17375
20,65515,65496,0,17399
20,65515,65496,0,17425
20,65515,65496,0,17449
21,65516,65498,0,17474
21,65516,65498,0,17500
23,65515,65498,0,17524
23,65515,65498,0,17549
23,65515,65498,0,17574
24,65515,65499,0,17599
24,65515,65499,0,17625
24,65515,65499,0,17649
25,65514,65499,0,17674
25,65514,65499,0,17699
25,65514,65499,0,17724
26,65514,65499,0,17748
26,65514,65499,0,17774
26,65514,65499,0,17799
26,65514,65499,0,17824
26,65514,65499,0,17849
27,65513,65499,0,17873
27,65513,65499,0,17899
27,65513,65499,0,17924
27,65513,65498,0,17949
27,65513,65498,0,17974
28,65513,65498,0,17998
28,65513,65498,0,18024
28,65513,65498,0,18049
28,65513,65498,0,18073
28,65513,65498,0,18099
28,65513,65498,0,18123
28,65513,65498,0,18148
28,65513,65498,0,18173
28,65513,65498,0,18198
28,65513,65498,0,18224
28,65513,65498,0,18248
28,65513,65498,0,18273
28,65513,65498,0,18298
28,65513,65498,0,18323
29,65513,65498,0,18348
29,65513,65498,0,18373
29,65513,65498,0,18398
29,65513,65497,0,18423
29,65513,65497,0,18448
29,65513,65497,0,18472
29,65512,65497,0,18498
29,65512,65497,0,18523
29,65512,65497,0,18547
29,65512,65497,0,18573
29,65512,65497,0,18597
29,65513,65497,0,18623
29,65513,65497,0,18648
29,65513,65497,0,18672
29,65512,65497,0,18698
29,65512,65497,0,18722
29,65513,65497,0,18747
29,65513,65497,0,18772
29,65513,65497,0,18797
29,65512,65497,0,18823
29,65512,65497,0,18847
29,65512,65497,0,18872
29,65512,65497,0,18897
29,65512,65497,0,18922
29,65512,65497,0,18948
29,65512,65497,0,18972
29,65512,65497,0,18997
29,65512,65497,0,19022
29,65512,65497,0,19047
29,65512,65497,0,19072
29,65512,65497,0,19097
29,65512,65497,0,19122
29,65512,65497,0,19147
29,65512,65497,0,19172
29,65512,65497,0,19196
29,65512,65497,0,19222
29,65512,65497,0,19247
29,65512,65497,0,19271
29,65512,65497,0,19297
29,65512,65497,0,19321
29,65512,65497,0,19347
29,65512,65497,0,19372
29,65512,65497,0,19396
29,65512,65497,0,19422
29,65512,65497,0,19446
29,65512,65497,0,19471
29,65512,65497,0,19496
29,65512,65497,0,19521
29,65512,65497,0,19547
29,65512,65497,0,19571
29,65512,65497,0,19596
29,65512,65497,0,19621
29,65512,65497,0,19646
29,65512,65497,0,19671
29,65512,65497,0,19696
29,65512,65497,0,19721
29,65512,65497,0,19746
29,65512,65497,0,19771
29,65512,65497,0,19795
29,65512,65497,0,19821
29,65512,65497,0,19846
29,65512,65497,0,19870
29,65512,65497,0,19896
29,65512,65496,0,19920
29,65512,65496,0,19946
29,65512,65497,0,19971
29,65512,65497,0,19995
29,65512,65497,0,20021
29,65512,65497,0,20045
29,65512,65497,0,20070
29,65512,65497,0,20096
29,65512,65497,0,20120
29,65512,65497,0,20146
29,65512,65497,0,20170
29,65512,65497,0,20195
29,65512,65497,0,20220
29,65512,65496,0,20245
29,65512,65496,0,20270
29,65512,65496,0,20295
29,65512,65496,0,20320
29,65512,65496,0,20344
29,65512,65496,0,20370
29,65512,65496,0,20395
29,65512,65496,0,20420
29,65512,65496,0,20445
29,65512,65496,0,20469
29,65512,65496,0,20495
29,65512,65497,0,20519
29,65512,65497,0,20545
29,65512,65497,0,20570
29,65512,65497,0,20594
29,65512,65497,0,20620
29,65512,65497,0,20644
29,65512,65497,0,20669
29,65512,65497,0,20695
29,65512,65497,0,20719
29,65512,65497,0,20745
29,65512,65497,0,20769
29,65512,65497,0,20794
29,65512,65497,0,20819
29,65512,65497,0,20844
29,65512,65497,0,20869
29,65512,65497,0,20894
29,65512,65497,0,20919
29,65512,65497,0,20944
29,65512,65497,0,20969
29,65512,65497,0,20994
29,65512,65497,0,21019
29,65512,65497,0,21044
29,65512,65497,0,21068
29,65512,65497,0,21094
29,65512,65497,0,21118
29,65512,65497,0,21144
29,65512,65497,0,21169
29,65512,65496,0,21193
29,65512,65496,0,21219
29,65512,65496,0,21243
29,65512,65497,0,21268
29,65512,65497,0,21294
29,65512,65497,0,21318
29,65512,65497,0,21344
29,65512,65497,0,21368
29,65512,65497,0,21393
29,65512,65497,0,21419
29,65512,65497,0,21443
29,65512,65497,0,21468
29,65512,65497,0,21493
29,65512,65497,0,21518
29,65512,65497,0,21543
29,65512,65497,0,21568
29,65512,65497,0,21593
29,65512,65496,0,21618
29,65512,65496,0,21643
29,65512,65496,0,21667
29,65512,65497,0,21693
29,65512,65497,0,21718
29,65512,65497,0,21743
29,65512,65497,0,21768
29,65512,65497,0,21792
29,65512,65497,0,21818
29,65512,65497,0,21842
29,65512,65497,0,21867
29,65512,65496,0,21893
29,65512,65496,0,21917
29,65512,65496,0,21943
29,65512,65496,0,21967
29,65512,65496,0,21992
29,65512,65496,0,22018
29,65512,65496,0,22042
29,65512,65496,0,22067
29,65512,65497,0,22092
29,65512,65497,0,22117
29,65512,65497,0,22142
29,65512,65497,0,22167
29,65512,65497,0,22192
29,65512,65496,0,22217
29,65512,65496,0,22242
29,65512,65496,0,22266
29,65512,65496,0,22292
29,65512,65496,0,22317
29,65512,65496,0,22342
29,65512,65496,0,22367
29,65512,65496,0,22391
29,65512,65496,0,22417
29,65512,65497,0,22441
29,65512,65497,0,22466
29,65512,65496,0,22492
29,65512,65496,0,22516
29,65512,65496,0,22541
29,65512,65497,0,22566
29,65512,65497,0,22591
29,65512,65497,0,22617
29,65512,65497,0,22641
29,65512,65497,0,22666
29,65512,65497,0,22691
29,65512,65497,0,22716
29,65512,65497,0,22742
29,65512,65497,0,22766
29,65512,65497,0,22791
29,65512,65497,0,22816
29,65512,65497,0,22841
29,65512,65497,0,22865
29,65512,65497,0,22891
29,65512,65497,0,22916
29,65512,65497,0,22941
29,65512,65497,0,22966
29,65512,65497,0,22990
29,65512,65497,0,23016
29,65512,65497,0,23041
29,65512,65497,0,23065
29,65512,65497,0,23091
29,65512,65496,0,23115
29,65512,65496,0,23141
29,65512,65497,0,23165
29,65512,65497,0,23190
29,65512,65497,0,23216
29,65512,65497,0,23240
29,65512,65497,0,23265
29,65512,65497,0,23290
29,65512,65497,0,23315
29,65512,65497,0,23341
29,65512,65497,0,23365
29,65512,65497,0,23390
29,65512,65497,0,23415
29,65512,65497,0,23440
29,65512,65497,0,23464
29,65512,65497,0,23490
29,65512,65497,0,23515
29,65512,65497,0,23540
29,65512,65497,0,23565
29,65512,65497,0,23589
29,65512,65497,0,23615
29,65512,65497,0,23640
29,65512,65496,0,23664
29,65512,65496,0,23690
29,65512,65496,0,23714
29,65512,65496,0,23740
29,65512,65496,0,23764
29,65512,65497,0,23789
29,65512,65497,0,23815
29,65512,65497,0,23839
29,65512,65496,0,23864
29,65512,65496,0,23889
29,65512,65496,0,23914
29,65512,65496,0,23939
29,65512,65496,0,23964
29,65512,65496,0,23989
29,65512,65496,0,24014
29,65512,65496,0,24039
29,65512,65496,0,24064
29,65512,65496,0,24089
29,65512,65496,0,24114
29,65512,65497,0,24138
29,65512,65497,0,24164
29,65512,65497,0,24188
29,65512,65497,0,24214
29,65512,65497,0,24239
29,65512,65497,0,24263
29,65512,65497,0,24289
29,65512,65497,0,24313
29,65512,65496,0,24339
29,65512,65496,0,24364
29,65512,65496,0,24388
29,65512,65497,0,24414
29,65512,65497,0,24438
29,65512,65497,0,24463
29,65512,65497,0,24488
29,65512,65497,0,24513
29,65512,65496,0,24538
29,65512,65496,0,24563
29,65512,65496,0,24588
29,65512,65497,0,24613
29,65512,65497,0,24638
29,65512,65497,0,24663
29,65512,65497,0,24688
29,65512,65497,0,24713
29,65512,65496,0,24737
29,65512,65496,0,24763
29,65512,65496,0,24787
29,65512,65497,0,24813
29,65512,65497,0,24838