29,65512,65497,0,32105
29,65512,65497,0,32130
29,65512,65497,0,32154
29,65512,65497,0,32180
29,65512,65496,0,32204
29,65512,65496,0,32229
29,65512,65496,0,32254
29,65512,65497,0,32279
29,65512,65497,0,32305
29,65512,65497,0,32329
29,65512,65496,0,32354
29,65512,65496,0,32379
29,65511,65496,0,32404
29,65511,65496,0,32429
29,65511,65496,0,32454
29,65512,65496,0,32479
29,65512,65496,0,32504
29,65512,65496,0,32529
29,65512,65497,0,32553
29,65512,65497,0,32579
29,65512,65497,0,32604
29,65511,65496,0,32628
29,65511,65496,0,32654
29,65512,65497,0,32678
29,65512,65497,0,32704
29,65512,65497,0,32729
29,65511,65497,0,32753
29,65511,65497,0,32779
29,65511,65497,0,32803
29,65512,65497,0,32828
29,65512,65497,0,32854
29,65512,65497,0,32878
29,65512,65497,0,32904
29,65512,65497,0,32928
29,65512,65496,0,32953
29,65512,65496,0,32978
29,65512,65496,0,33003
29,65512,65496,0,33028
29,65512,65496,0,33053
29,65512,65496,0,33078
29,65511,65497,0,33103
29,65511,65497,0,33128
29,65512,65497,0,33153
29,65512,65497,0,33178
29,65512,65497,0,33203
29,65512,65497,0,33227
29,65512,65497,0,33253
29,65512,65497,0,33277
29,65511,65497,0,33303
29,65511,65497,0,33328
29,65511,65497,0,33352
29,65511,65497,0,33378
29,65511,65497,0,33402
29,65512,65497,0,33427
29,65512,65497,0,33453
29,65512,65497,0,33477
29,65511,65497,0,33503
29,65511,65497,0,33527
29,65511,65497,0,33552
29,65512,65496,0,33577
29,65512,65496,0,33602
29,65511,65497,0,33627
29,65511,65497,0,33652
29,65511,65497,0,33677
29,65511,65496,0,33702
29,65511,65496,0,33727
29,65511,65496,0,33752
29,65512,65496,0,33777
29,65512,65496,0,33802
29,65512,65496,0,33826
29,65512,65497,0,33852
29,65512,65497,0,33876
29,65511,65496,0,33902
29,65511,65496,0,33927
29,65511,65496,0,33951
29,65511,65497,0,33977
29,65511,65497,0,34001
29,65511,65497,0,34026
29,65511,65496,0,34052
29,65511,65496,0,34076
29,65511,65497,0,34102
29,65511,65497,0,34126
29,65511,65497,0,34151
29,65512,65497,0,34177
29,65512,65497,0,34201
29,65512,65497,0,34226
29,65512,65497,0,34251
29,65512,65497,0,34276
29,65512,65497,0,34301
29,65511,65497,0,34326
29,65511,65497,0,34351
29,65511,65497,0,34376
29,65511,65497,0,34401
29,65511,65497,0,34425
29,65511,65497,0,34451
29,65511,65497,0,34476
29,65511,65497,0,34501
29,65511,65497,0,34526
29,65511,65497,0,34550
29,65511,65497,0,34576
29,65511,65497,0,34600
29,65511,65497,0,34625
29,65511,65497,0,34651
29,65511,65497,0,34675
29,65511,65497,0,34701
29,65512,65497,0,34725
29,65512,65497,0,34750
29,65512,65497,0,34776
29,65511,65497,0,34800
29,65511,65497,0,34825
29,65511,65497,0,34850
29,65511,65497,0,34875
29,65511,65497,0,34900
29,65511,65497,0,34925
29,65511,65497,0,34950
29,65511,65497,0,34975
30,65511,65497,0,35000
30,65511,65497,0,35024
30,65511,65497,0,35050
30,65511,65497,0,35075
30,65511,65497,0,35100
31,65511,65498,0,35125
31,65511,65498,0,35149
31,65511,65498,0,35175
32,65510,65497,0,35200
32,65510,65497,0,35224
32,65510,65497,0,35250
33,65510,65497,0,35274
33,65510,65497,0,35300
33,65510,65497,0,35324
35,65509,65497,0,35349
35,65509,65497,0,35375
39,65508,65495,0,35399
39,65508,65495,0,35424
39,65508,65495,0,35449
42,65506,65490,0,35474
42,65506,65490,0,35500
42,65506,65490,0,35524
43,65504,65481,0,35549
43,65504,65481,0,35574
36,65502,65471,0,35599
36,65502,65471,0,35623
36,65502,65471,0,35649
20,65505,65478,0,35674
20,65505,65478,0,35699
20,65505,65478,0,35724
23,65507,65489,0,35748
23,65507,65489,0,35774
23,65507,65489,0,35799
29,65509,65492,0,35823
29,65509,65492,0,35849
30,65508,65476,0,35873
30,65508,65476,0,35899
30,65508,65476,0,35923
21,65517,65479,0,35948
21,65517,65479,0,35974
21,65517,65479,0,35998
18,65517,65486,0,36023
18,65517,65486,0,36048
17,65509,65496,0,36073
17,65509,65496,0,36099
17,65509,65496,0,36123
19,65496,65505,0,36148
19,65496,65505,0,36173
19,65496,65505,0,36198
17,65495,65508,0,36222
17,65495,65508,0,36248
17,65495,65508,0,36273
23,65500,65523,0,36298
23,65500,65523,0,36323
38,65508,65515,0,36347
38,65508,65515,0,36373
38,65508,65515,0,36398
47,65524,65486,0,36422
47,65524,65486,0,36448
47,65524,65486,0,36472
24,65516,65488,0,36498
24,65516,65488,0,36523
24,65516,65488,0,36547
33,65501,65499,0,36573
33,65501,65499,0,36597
31,65512,65483,0,36622
31,65512,65483,0,36647
31,65512,65483,0,36672
17,65516,65492,0,36698
17,65516,65492,0,36722
17,65516,65492,0,36747
24,65514,65499,0,36772
24,65514,65499,0,36797
27,65513,65499,0,36822
27,65513,65499,0,36847
27,65513,65499,0,36872
28,65513,65498,0,36897
28,65513,65498,0,36922
28,65513,65498,0,36946
29,65512,65497,0,36972
29,65512,65497,0,36997
29,65512,65497,0,37021
29,65512,65497,0,37047
29,65512,65497,0,37071
29,65512,65497,0,37097
29,65512,65497,0,37122
29,65512,65497,0,37146
29,65512,65497,0,37172
29,65512,65497,0,37196
29,65512,65497,0,37221
29,65512,65496,0,37246
29,65512,65496,0,37271
29,65512,65496,0,37297
29,65512,65496,0,37321
29,65512,65496,0,37346
29,65512,65497,0,37371
29,65512,65497,0,37396
29,65512,65497,0,37421
29,65512,65497,0,37446
29,65512,65497,0,37471
29,65512,65497,0,37496
29,65512,65497,0,37521
29,65512,65497,0,37545
29,65512,65497,0,37571
29,65512,65497,0,37596
29,65512,65497,0,37620
29,65512,65497,0,37646
29,65512,65497,0,37670
29,65512,65497,0,37696
29,65512,65497,0,37721
29,65512,65497,0,37745
29,65512,65497,0,37771
29,65512,65497,0,37795
29,65512,65497,0,37820
29,65512,65497,0,37846
29,65512,65497,0,37870
29,65512,65497,0,37896
29,65511,65496,0,37920
29,65511,65496,0,37945
29,65511,65496,0,37970
29,65511,65497,0,37995
29,65511,65497,0,38020
29,65512,65496,0,38045
29,65512,65496,0,38070
29,65512,65496,0,38095
29,65511,65496,0,38120
29,65511,65496,0,38145
29,65511,65496,0,38170
29,65512,65497,0,38195
29,65512,65497,0,38219
29,65512,65497,0,38245
29,65511,65496,0,38269
29,65511,65496,0,38295
29,65511,65497,0,38320
29,65511,65497,0,38344
29,65511,65497,0,38370
29,65512,65497,0,38394
29,65512,65497,0,38419
29,65512,65497,0,38445
29,65512,65496,0,38469
29,65512,65496,0,38495
29,65512,65496,0,38519