0,6,65483,0,19082
65535,6,65482,0,19102
65535,6,65482,0,19126
65535,6,65482,0,19149
0,6,65483,0,19174
0,6,65483,0,19193
0,6,65483,0,19213
0,6,65483,0,19233
0,6,65483,0,19253
0,6,65483,0,19272
0,6,65483,0,19292
0,6,65483,0,19312
0,6,65483,0,19332
0,6,65483,0,19351
65535,6,65483,0,19372
65535,6,65483,0,19395
65535,6,65483,0,19419
0,6,65483,0,19443
0,6,65483,0,19463
0,6,65483,0,19482
65535,6,65483,0,19503
65535,6,65483,0,19526
65535,6,65483,0,19550
0,5,65483,0,19574
0,5,65483,0,19594
0,5,65483,0,19613
0,5,65483,0,19634
0,5,65483,0,19653
0,5,65483,0,19673
0,5,65483,0,19692
0,6,65483,0,19713
0,6,65483,0,19732
0,6,65483,0,19751
0,5,65483,0,19772
0,5,65483,0,19791
0,5,65483,0,19811
0,5,65483,0,19831
0,6,65483,0,19851
0,6,65483,0,19870
0,6,65483,0,19890
0,5,65483,0,19910
0,5,65483,0,19930
0,5,65483,0,19949
0,5,65483,0,19970
65535,6,65483,0,19989
65535,6,65483,0,20013
65535,6,65483,0,20037
0,6,65483,0,20061
0,6,65483,0,20080
0,6,65483,0,20101
0,6,65483,0,20120
0,6,65483,0,20140
0,6,65483,0,20159
0,6,65482,0,20179
0,6,65482,0,20199
0,6,65482,0,20218
0,6,65482,0,20239
0,6,65482,0,20258
0,6,65482,0,20278
0,6,65482,0,20298
0,6,65483,0,20318
0,6,65483,0,20337
0,6,65483,0,20357
0,6,65483,0,20377
0,6,65483,0,20397
0,6,65483,0,20416
0,6,65483,0,20436
0,6,65483,0,20456
0,6,65483,0,20475
0,6,65483,0,20496
0,6,65483,0,20515
0,6,65483,0,20535
0,6,65483,0,20554
0,6,65483,0,20575
0,6,65483,0,20594
0,6,65483,0,20614
0,6,65483,0,20634
0,6,65483,0,20654
0,6,65483,0,20673
0,6,65483,0,20694
0,6,65483,0,20713
0,6,65483,0,20732
0,6,65483,0,20752
0,6,65483,0,20772
65535,6,65482,0,20792
65535,6,65482,0,20815
65535,6,65482,0,20840
0,6,65483,0,20864
0,6,65483,0,20883
0,6,65483,0,20903
0,6,65483,0,20923
0,6,65483,0,20942
0,6,65483,0,20963
0,6,65483,0,20982
65535,6,65483,0,21002
65535,6,65483,0,21026
65535,6,65483,0,21050
0,6,65483,0,21073
0,6,65483,0,21094
0,6,65483,0,21113
65535,5,65483,0,21133
65535,5,65483,0,21156
65535,5,65483,0,21181
0,5,65483,0,21204
0,5,65483,0,21224
0,5,65483,0,21244
0,5,65483,0,21264
0,6,65483,0,21283
0,6,65483,0,21304
0,6,65483,0,21323
0,6,65483,0,21343
0,6,65483,0,21363
0,6,65483,0,21383
0,6,65483,0,21402
0,6,65483,0,21422
0,6,65483,0,21442
0,6,65483,0,21462
0,5,65483,0,21481
0,5,65483,0,21501
0,5,65483,0,21521
0,5,65483,0,21540
0,5,65483,0,21561
0,5,65483,0,21580
0,5,65483,0,21600
0,5,65483,0,21619
0,5,65483,0,21640
0,5,65483,0,21659
0,5,65483,0,21679
0,5,65483,0,21699
0,5,65483,0,21719
0,5,65483,0,21738
0,6,65483,0,21758
0,6,65483,0,21778
0,6,65483,0,21797
0,5,65483,0,21817
0,5,65483,0,21837
0,5,65483,0,21857
0,5,65483,0,21876
0,5,65483,0,21897
0,5,65483,0,21916
0,5,65483,0,21936
0,5,65483,0,21955
0,5,65483,0,21976
0,5,65483,0,21995
0,5,65483,0,22014
0,5,65483,0,22035
0,5,65483,0,22054
0,5,65483,0,22074
0,6,65483,0,22094
0,6,65483,0,22114
0,6,65483,0,22133
0,6,65483,0,22153
0,5,65483,0,22173
0,5,65483,0,22193
0,5,65483,0,22212
0,5,65483,0,22233
0,5,65483,0,22252
0,5,65483,0,22272
0,5,65483,0,22292
0,5,65483,0,22311
0,5,65483,0,22331
0,5,65483,0,22350
0,5,65483,0,22371
0,5,65483,0,22390
0,5,65483,0,22410
0,5,65483,0,22430
0,5,65483,0,22450
0,5,65483,0,22469
0,5,65483,0,22489
0,5,65483,0,22509
0,5,65483,0,22529
0,5,65483,0,22548
0,5,65483,0,22568
0,5,65483,0,22588
0,5,65483,0,22607
0,5,65483,0,22628
0,5,65483,0,22647
0,5,65483,0,22667
0,5,65483,0,22686
0,5,65483,0,22707
0,5,65483,0,22726
0,5,65483,0,22746
0,5,65483,0,22766
0,5,65483,0,22786
0,5,65483,0,22805
0,5,65483,0,22825
0,5,65483,0,22845
0,5,65483,0,22864
0,5,65483,0,22884
0,5,65483,0,22904
0,5,65483,0,22924
0,5,65483,0,22943
0,5,65483,0,22964
0,5,65483,0,22983
0,5,65483,0,23003
0,5,65483,0,23023
0,5,65483,0,23043
0,5,65483,0,23062
0,5,65483,0,23081
0,5,65483,0,23102
0,5,65484,0,23121
0,5,65484,0,23141
0,5,65484,0,23161
0,5,65483,0,23181
0,5,65483,0,23200
0,5,65483,0,23220
0,5,65483,0,23240
0,5,65483,0,23260
0,5,65483,0,23279
0,5,65483,0,23300
0,5,65483,0,23319
0,5,65483,0,23339
0,5,65483,0,23359
0,5,65483,0,23378
1,5,65483,0,23398
1,5,65483,0,23417
1,5,65483,0,23438
0,5,65484,0,23457
0,5,65484,0,23477
0,5,65484,0,23497
0,5,65484,0,23517
0,4,65484,0,23536
0,4,65484,0,23557
0,4,65484,0,23576
1,5,65484,0,23596
1,5,65484,0,23615
1,5,65484,0,23635
1,5,65484,0,23655
1,5,65484,0,23674
1,5,65484,0,23695
1,5,65484,0,23714
1,4,65484,0,23734
1,4,65484,0,23753
1,4,65484,0,23774
1,4,65483,0,23793
1,4,65483,0,23813
1,4,65483,0,23833
1,4,65483,0,23853
1,4,65484,0,23872
1,4,65484,0,23892
1,4,65484,0,23912
2,4,65484,0,23931
2,4,65484,0,23951
2,4,65484,0,23971
2,4,65484,0,23991
2,4,65484,0,24010
2,4,65484,0,24031
2,4,65484,0,24050
2,4,65484,0,24070
2,4,65484,0,24090
2,4,65484,0,24110
2,4,65484,0,24129
2,4,65483,0,24148
2,4,65483,0,24169
2,4,65483,0,24188
2,4,65484,0,24208
2,4,65484,0,24228
2,4,65484,0,24248
2,4,65484,0,24267
2,4,65484,0,24288
2,4,65484,0,24307
2,4,65484,0,24327
2,4,65484,0,24346
2,4,65484,0,24367
2,4,65484,0,24386
2,4,65484,0,24406
2,4,65484,0,24426
2,4,65484,0,24445
2,4,65484,0,24465
3,4,65484,0,24484
3,4,65484,0,24505
3,4,65484,0,24524
3,3,65484,0,24544
3,3,65484,0,24564
3,3,65484,0,24584
3,3,65484,0,24603
3,3,65484,0,24624
3,3,65484,0,24643
3,3,65484,0,24663
4,3,65484,0,24682
4,3,65484,0,24702
4,3,65484,0,24722
4,3,65484,0,24741
4,3,65484,0,24762
4,3,65484,0,24781
4,3,65484,0,24801
4,3,65483,0,24821
4,3,65483,0,24841
4,3,65483,0,24860
4,3,65483,0,24880
4,3,65483,0,24900
4,3,65483,0,24920
4,3,65483,0,24939
5,3,65483,0,24960
5,3,65483,0,24979
5,3,65483,0,24998
5,3,65483,0,25018
5,3,65483,0,25038
5,3,65483,0,25058
5,3,65483,0,25077
5,3,65483,0,25098
5,3,65483,0,25117
5,3,65483,0,25137
6,3,65483,0,25157
6,3,65483,0,25177
6,3,65483,0,25196
6,3,65483,0,25216
6,2,65483,0,25236
6,2,65483,0,25255
6,2,65483,0,25275
6,2,65483,0,25295
6,2,65483,0,25315
6,2,65483,0,25334
6,2,65483,0,25355
7,2,65483,0,25374
7,2,65483,0,25394
7,2,65483,0,25413
7,2,65482,0,25434
7,2,65482,0,25453
7,2,65482,0,25473
7,2,65482,0,25493
7,2,65482,0,25512
7,2,65482,0,25532
7,2,65482,0,25552
8,2,65481,0,25572
8,2,65481,0,25591
8,2,65481,0,25611
8,2,65481,0,25631
8,1,65481,0,25651
8,1,65481,0,25670
8,1,65481,0,25691
9,1,65481,0,25710
9,1,65481,0,25730
9,1,65481,0,25749
9,1,65481,0,25769
9,1,65480,0,25789
9,1,65480,0,25808
9,1,65480,0,25829
10,1,65479,0,25848
10,1,65479,0,25869
10,1,65479,0,25890
10,0,65478,0,25911
10,0,65478,0,25931
10,0,65478,0,25953
10,0,65478,0,25973
11,0,65478,0,25994
11,0,65478,0,26014
11,0,65478,0,26036
11,0,65477,0,26056
11,0,65477,0,26077
11,0,65477,0,26098
11,0,65476,0,26119
11,0,65476,0,26139
11,0,65476,0,26161
12,0,65475,0,26181
12,0,65475,0,26202
12,0,65475,0,26223
12,0,65475,0,26244
12,65535,65474,0,26264
12,65535,65474,0,26290
12,65535,65474,0,26314
11,65535,65473,0,26339
11,65535,65473,0,26364
11,65534,65471,0,26389
11,65534,65471,0,26414
11,65534,65471,0,26439
11,65534,65470,0,26464
11,65534,65470,0,26489
11,65534,65470,0,26514
11,65534,65469,0,26539
11,65534,65469,0,26564
10,65533,65468,0,26589
10,65533,65468,0,26613
10,65533,65468,0,26639
9,65533,65466,0,26663
9,65533,65466,0,26688
9,65533,65466,0,26712
8,65532,65465,0,26735
8,65532,65465,0,26760
8,65532,65465,0,26783
7,65532,65463,0,26807
7,65532,65463,0,26831
7,65532,65463,0,26855
5,65532,65462,0,26878
5,65532,65462,0,26903
5,65532,65462,0,26927
3,65532,65461,0,26951
3,65532,65461,0,26975
3,65532,65461,0,26998
3,65532,65461,0,27023
3,65532,65461,0,27046
0,65532,65462,0,27070
0,65532,65462,0,27095
0,65532,65462,0,27118
65534,65531,65463,0,27142
65534,65531,65463,0,27170
65534,65531,65463,0,27198
65532,65531,65463,0,27227
65532,65531,65463,0,27254
65531,65531,65465,0,27283
65531,65531,65465,0,27311
65531,65531,65465,0,27338
65531,65531,65465,0,27367
65531,65531,65465,0,27395
65529,65531,65468,0,27423
65529,65531,65468,0,27451
65528,65531,65470,0,27479
65528,65531,65470,0,27507
65528,65531,65470,0,27535
65528,65531,65472,0,27564
65528,65531,65472,0,27591
65528,65531,65473,0,27620
65528,65531,65473,0,27648
65528,65531,65473,0,27675
65529,65531,65474,0,27704
65529,65531,65474,0,27731
65529,65531,65475,0,27760
65529,65531,65475,0,27788
65529,65531,65475,0,27816
65529,65531,65475,0,27844
65529,65531,65475,0,27872
65530,65532,65476,0,27900
65530,65532,65476,0,27928
65530,65532,65476,0,27957
65530,65532,65476,0,27984
65530,65532,65476,0,28012
65530,65533,65476,0,28041
65530,65533,65476,0,28068
65530,65533,65477,0,28097
65530,65533,65477,0,28125
65530,65533,65477,0,28153
65531,65534,65477,0,28181
65531,65534,65477,0,28209
65531,65534,65478,0,28237
65531,65534,65478,0,28265
65531,65534,65478,0,28294
65531,65535,65479,0,28321
65531,65535,65479,0,28350
65531,65535,65479,0,28378
65531,65535,65479,0,28405
65532,65535,65479,0,28434
65532,65535,65479,0,28462
65532,65535,65479,0,28490
65533,0,65480,0,28518
65533,0,65480,0,28541
65533,0,65480,0,28566
65533,0,65480,0,28590
65533,0,65480,0,28614
65535,0,65480,0,28638
65535,0,65480,0,28661
65535,0,65480,0,28686
0,0,65480,0,28709
0,0,65480,0,28729
0,0,65480,0,28749
0,0,65480,0,28769
0,0,65480,0,28788
0,0,65480,0,28808
0,0,65480,0,28828
1,0,65480,0,28848
1,0,65480,0,28867
1,0,65480,0,28888
1,0,65480,0,28907
3,0,65478,0,28926
3,0,65478,0,28947
3,0,65478,0,28966
4,0,65477,0,28986
4,0,65477,0,29005
4,0,65477,0,29026
5,0,65475,0,29045
5,0,65475,0,29065
5,0,65475,0,29085
5,0,65475,0,29105
5,0,65473,0,29124
5,0,65473,0,29144
5,0,65473,0,29164
5,0,65470,0,29184
5,0,65470,0,29203
5,0,65470,0,29223
5,0,65470,0,29243
4,0,65467,0,29262
4,0,65467,0,29283
4,0,65467,0,29302
2,0,65465,0,29322
2,0,65465,0,29341
2,0,65465,0,29362
2,0,65465,0,29381
0,1,65464,0,29401
0,1,65464,0,29421
0,1,65464,0,29441
65533,2,65464,0,29460
65533,2,65464,0,29485
65533,2,65464,0,29508
65531,3,65464,0,29532
65531,3,65464,0,29556
65531,3,65464,0,29580
65529,5,65465,0,29603
65529,5,65465,0,29628
65529,5,65465,0,29651
65528,6,65466,0,29675
65528,6,65466,0,29700
65528,6,65466,0,29723
65527,8,65468,0,29748
65527,8,65468,0,29771
65526,9,65469,0,29795
65526,9,65469,0,29819
65526,9,65469,0,29843
65526,11,65470,0,29867
65526,11,65470,0,29892
65526,11,65470,0,29917
65524,11,65471,0,29941
65524,11,65471,0,29967
65524,11,65471,0,29991
65523,12,65472,0,30017
65523,12,65472,0,30042
65523,12,65472,0,30066
65522,12,65475,0,30092
65522,12,65475,0,30116
65522,12,65478,0,30141
65522,12,65478,0,30167
65522,12,65478,0,30191
65522,10,65481,0,30217
65522,10,65481,0,30241
65522,10,65481,0,30266
65523,9,65483,0,30291
65523,9,65483,0,30315
65523,9,65483,0,30339
65524,7,65485,0,30363
65524,7,65485,0,30387
65525,5,65487,0,30411
65525,5,65487,0,30435
65525,5,65487,0,30458
65525,3,65488,0,30483
65525,3,65488,0,30507
65525,3,65488,0,30530
65526,1,65489,0,30555
65526,1,65489,0,30578
65526,1,65489,0,30602
65526,0,65491,0,30626
65526,0,65491,0,30650
65526,0,65491,0,30673
65527,65534,65492,0,30698
65527,65534,65492,0,30726
65528,65532,65494,0,30754
65528,65532,65494,0,30782
65528,65532,65494,0,30811
65529,65529,65495,0,30838
65529,65529,65495,0,30866
65530,65528,65496,0,30895
65530,65528,65496,0,30922
65530,65528,65496,0,30951
65531,65526,65497,0,30979
65531,65526,65497,0,31006
65533,65523,65496,0,31035
65533,65523,65496,0,31063
65533,65523,65496,0,31091
65533,65523,65496,0,31119
65533,65523,65496,0,31148
65534,65521,65495,0,31175
65534,65521,65495,0,31203
65535,65520,65494,0,31232
65535,65520,65494,0,31259
65535,65520,65494,0,31288
65535,65519,65493,0,31315
65535,65519,65493,0,31344
65535,65519,65492,0,31372
65535,65519,65492,0,31399
65535,65519,65492,0,31428
65534,65518,65491,0,31456
65534,65518,65491,0,31484
65534,65518,65491,0,31512
65534,65518,65491,0,31540
65534,65518,65491,0,31568
65534,65518,65491,0,31596
65534,65518,65491,0,31625
65533,65517,65492,0,31652
65533,65517,65492,0,31681
65532,65517,65493,0,31709
65532,65517,65493,0,31736
65532,65517,65493,0,31765
65531,65517,65495,0,31793
65531,65517,65495,0,31821
65530,65517,65495,0,31849
65530,65517,65495,0,31878
65530,65517,65495,0,31905
65530,65518,65498,0,31933
65530,65518,65498,0,31962
65530,65519,65499,0,31989
65530,65519,65499,0,32018
65532,65519,65502,0,32046
65532,65519,65502,0,32073
65532,65519,65502,0,32102
65533,65519,65503,0,32130
65533,65519,65503,0,32158
65534,65520,65504,0,32186
65534,65520,65504,0,32215
65534,65520,65504,0,32242
65535,65520,65504,0,32270
65535,65520,65504,0,32299
0,65520,65505,0,32326
0,65520,65505,0,32351
0,65520,65505,0,32374
0,65521,65505,0,32398
0,65521,65505,0,32422
0,65521,65505,0,32446
0,65521,65504,0,32470
0,65521,65504,0,32494
0,65521,65504,0,32518
1,65522,65505,0,32542
1,65522,65505,0,32566
1,65522,65505,0,32589
2,65522,65505,0,32614
2,65522,65505,0,32637
2,65522,65504,0,32661
2,65522,65504,0,32686
2,65522,65504,0,32709
3,65523,65504,0,32733
3,65523,65504,0,32757
3,65523,65504,0,32781
4,65523,65504,0,32804
4,65523,65504,0,32829
4,65523,65504,0,32852
5,65524,65504,0,32877
5,65524,65504,0,32901
5,65524,65504,0,32924
5,65524,65503,0,32949
5,65524,65503,0,32972
5,65524,65503,0,32996
6,65525,65503,0,33020
6,65525,65503,0,33044
6,65525,65503,0,33068
6,65525,65503,0,33092
6,65525,65503,0,33116
7,65526,65502,0,33140
7,65526,65502,0,33164
7,65526,65502,0,33187
7,65526,65502,0,33212
7,65526,65502,0,33235
7,65526,65502,0,33259
7,65526,65502,0,33284
7,65526,65502,0,33307
7,65526,65502,0,33331
8,65527,65502,0,33355
8,65527,65502,0,33379
8,65527,65502,0,33402
8,65527,65501,0,33427
8,65527,65501,0,33451
8,65527,65501,0,33475
8,65528,65501,0,33499
8,65528,65501,0,33522
8,65528,65501,0,33547
8,65528,65501,0,33570
8,65528,65501,0,33594
8,65528,65501,0,33618
8,65528,65501,0,33642
8,65528,65501,0,33666
9,65528,65500,0,33690
9,65528,65500,0,33714
9,65528,65500,0,33737
9,65528,65500,0,33762
9,65528,65500,0,33785
9,65528,65500,0,33810
9,65528,65500,0,33833
9,65528,65500,0,33857
9,65528,65500,0,33882
9,65529,65500,0,33905
9,65529,65500,0,33929
9,65529,65500,0,33953
9,65529,65500,0,33977
9,65529,65500,0,34000
9,65529,65500,0,34025
9,65529,65500,0,34049
9,65529,65500,0,34073
9,65529,65499,0,34097
9,65529,65499,0,34120
9,65529,65499,0,34145
9,65529,65499,0,34168
9,65529,65499,0,34192
9,65529,65499,0,34216
9,65529,65499,0,34240
9,65529,65499,0,34264
9,65529,65499,0,34288
9,65529,65499,0,34312
9,65529,65499,0,34335
9,65529,65499,0,34360
9,65529,65499,0,34383
9,65529,65499,0,34408
9,65529,65499,0,34432
9,65529,65499,0,34455
9,65529,65499,0,34480
9,65529,65499,0,34503
9,65529,65499,0,34527
9,65529,65499,0,34551
9,65529,65499,0,34575
9,65529,65499,0,34598
9,65529,65499,0,34623
9,65529,65499,0,34647
9,65529,65499,0,34671
9,65529,65499,0,34695
9,65529,65499,0,34718
9,65529,65499,0,34743
9,65529,65499,0,34766
9,65529,65499,0,34790
9,65529,65499,0,34814
9,65529,65499,0,34838
9,65529,65499,0,34862
9,65529,65499,0,34886
9,65529,65499,0,34910
9,65529,65499,0,34933
9,65529,65499,0,34958
9,65529,65499,0,34981
9,65529,65499,0,35006
9,65529,65499,0,35030
9,65529,65499,0,35053
9,65529,65499,0,35078
9,65529,65499,0,35101
9,65529,65500,0,35125
9,65529,65500,0,35149
9,65529,65500,0,35173
8,65528,65500,0,35196
8,65528,65500,0,35221
8,65528,65500,0,35245
8,65528,65500,0,35268
8,65528,65500,0,35293
8,65528,65500,0,35316
8,65528,65500,0,35341
8,65528,65500,0,35364
8,65528,65500,0,35388
8,65528,65500,0,35412
8,65528,65500,0,35436
8,65528,65500,0,35460
8,65528,65500,0,35484
8,65528,65500,0,35508
8,65527,65501,0,35531
8,65527,65501,0,35556
8,65527,65501,0,35579
7,65527,65501,0,35604
7,65527,65501,0,35628
7,65527,65501,0,35651
7,65526,65502,0,35676
7,65526,65502,0,35699
7,65526,65502,0,35723
6,65525,65502,0,35747
6,65525,65502,0,35771
6,65525,65502,0,35794
5,65524,65503,0,35819
5,65524,65503,0,35843
3,65523,65503,0,35866
3,65523,65503,0,35891
3,65523,65503,0,35914
2,65522,65504,0,35939
2,65522,65504,0,35962
2,65522,65504,0,35986
0,65521,65504,0,36011
0,65521,65504,0,36034
0,65521,65504,0,36058
65535,65520,65503,0,36082
65535,65520,65503,0,36110
65535,65520,65503,0,36139
65535,65520,65503,0,36166
65535,65520,65503,0,36194
65531,65519,65500,0,36222
65531,65519,65500,0,36250
65529,65518,65497,0,36279
65529,65518,65497,0,36306
65529,65518,65497,0,36335
65530,65517,65493,0,36363
65530,65517,65493,0,36390
65531,65517,65491,0,36419
65531,65517,65491,0,36447
65531,65517,65491,0,36475
65533,65517,65490,0,36503
65533,65517,65490,0,36531
65534,65518,65490,0,36559
65534,65518,65490,0,36587
65534,65518,65490,0,36616
65534,65518,65490,0,36643
65534,65518,65490,0,36672
65535,65519,65491,0,36700
65535,65519,65491,0,36727
65535,65520,65492,0,36756
65535,65520,65492,0,36784
65535,65520,65492,0,36812
65535,65521,65493,0,36840
65535,65521,65493,0,36869
65533,65523,65494,0,36896
65533,65523,65494,0,36924
65533,65523,65494,0,36953
65532,65525,65494,0,36980
65532,65525,65494,0,37009
65530,65528,65494,0,37037
65530,65528,65494,0,37064
65528,65530,65493,0,37093
65528,65530,65493,0,37121
65528,65530,65493,0,37149
65527,65533,65492,0,37177
65527,65533,65492,0,37206
65527,65535,65491,0,37233
65527,65535,65491,0,37261
65527,65535,65491,0,37289
65526,0,65489,0,37317
65526,0,65489,0,37342
65525,3,65489,0,37365
65525,3,65489,0,37389
65525,3,65489,0,37413
65525,5,65488,0,37437
65525,5,65488,0,37460
65525,5,65488,0,37485
65525,7,65486,0,37509
65525,7,65486,0,37533
65525,7,65486,0,37557
65524,8,65485,0,37580
65524,8,65485,0,37605
65524,8,65485,0,37628
65523,9,65483,0,37652
65523,9,65483,0,37677
65523,9,65483,0,37700
65523,10,65482,0,37724
65523,10,65482,0,37749
65523,10,65482,0,37774
65523,10,65482,0,37799
65523,10,65482,0,37824
65522,12,65480,0,37849
65522,12,65480,0,37874
65522,12,65480,0,37899
65521,12,65480,0,37923
65521,12,65480,0,37949
65521,12,65480,0,37974
65522,12,65479,0,37999
65522,12,65479,0,38024
65522,12,65479,0,38048
65522,12,65479,0,38074
65522,12,65479,0,38098
65522,12,65478,0,38123
65522,12,65478,0,38149
65522,12,65478,0,38173
65522,13,65477,0,38199
65522,13,65477,0,38223
65522,13,65477,0,38248
65522,13,65477,0,38274
65522,13,65477,0,38298
65522,13,65477,0,38323
65522,13,65477,0,38348
65522,13,65477,0,38373
65522,13,65476,0,38398
65522,13,65476,0,38423
65522,13,65476,0,38448
65522,13,65476,0,38473
65522,13,65476,0,38498
65522,13,65476,0,38522
65522,13,65477,0,38548
65522,13,65477,0,38573
65522,13,65476,0,38598
65522,13,65476,0,38623
65522,13,65476,0,38647
65522,13,65476,0,38673
65522,13,65476,0,38697
65522,13,65476,0,38722
65522,13,65477,0,38748
65522,13,65477,0,38772
65522,13,65477,0,38798
65522,13,65477,0,38822
65522,13,65477,0,38847
65522,12,65477,0,38873
65522,12,65477,0,38897
65522,12,65477,0,38922
65522,12,65478,0,38947
65522,12,65478,0,38972
65522,12,65478,0,38998
65522,11,65480,0,39022
65522,11,65480,0,39047
65523,10,65481,0,39072
65523,10,65481,0,39097
65523,10,65481,0,39121
65523,9,65483,0,39147
65523,9,65483,0,39171
65523,9,65483,0,39194
65524,7,65485,0,39219
65524,7,65485,0,39242
65524,7,65485,0,39267
65525,6,65486,0,39290
65525,6,65486,0,39314
65525,6,65486,0,39339
65525,3,65488,0,39362
65525,3,65488,0,39386
65525,3,65488,0,39410
65526,1,65490,0,39434
65526,1,65490,0,39457
65527,65535,65491,0,39482
65527,65535,65491,0,39510
65527,65535,65491,0,39538
65528,65531,65493,0,39566
65528,65531,65493,0,39593
65530,65528,65495,0,39622
65530,65528,65495,0,39650
65530,65528,65495,0,39678
65533,65524,65494,0,39706
65533,65524,65494,0,39735
65534,65521,65493,0,39762
65534,65521,65493,0,39790
65534,65521,65493,0,39819
65535,65519,65491,0,39846
65535,65519,65491,0,39875
65534,65518,65490,0,39903
65534,65518,65490,0,39931
65533,65517,65490,0,39959
65533,65517,65490,0,39987
65533,65517,65490,0,40015
65531,65517,65493,0,40043
65531,65517,65493,0,40072
65531,65518,65498,0,40099
65531,65518,65498,0,40127
65531,65518,65498,0,40156
65533,65519,65502,0,40183
65533,65519,65502,0,40212
0,65520,65504,0,40240
0,65520,65504,0,40264
0,65520,65504,0,40288
3,65522,65503,0,40311
3,65522,65503,0,40336
3,65522,65503,0,40359
6,65525,65502,0,40383
6,65525,65502,0,40408
6,65525,65502,0,40431
8,65528,65500,0,40455
8,65528,65500,0,40479
13,65531,65496,0,40503
13,65531,65496,0,40528
13,65531,65496,0,40553
13,0,65493,0,40578
13,0,65493,0,40599
13,0,65493,0,40620
15,3,65490,0,40640
15,3,65490,0,40662
15,3,65490,0,40682
15,3,65490,0,40702
17,8,65484,0,40723
17,8,65484,0,40744
17,8,65484,0,40765
16,11,65478,0,40785
16,11,65478,0,40808
16,11,65478,0,40829
12,12,65475,0,40851
12,12,65475,0,40873
12,12,65475,0,40895
11,10,65472,0,40916
11,10,65472,0,40939
11,10,65472,0,40961
8,8,65471,0,40982
8,8,65471,0,41003
8,8,65471,0,41022
8,8,65471,0,41041
6,4,65470,0,41062
6,4,65470,0,41081
6,4,65470,0,41101
4,0,65473,0,41120
4,0,65473,0,41141
4,0,65473,0,41160
4,0,65473,0,41180
4,65530,65476,0,41200
4,65530,65476,0,41224
4,65530,65476,0,41247
7,65523,65477,0,41272
7,65523,65477,0,41295
7,65523,65477,0,41319
11,65520,65475,0,41344
11,65520,65475,0,41368
11,65519,65474,0,41394
11,65519,65474,0,41418
11,65519,65474,0,41443
11,65520,65475,0,41468
11,65520,65475,0,41493
11,65520,65475,0,41518
9,65519,65472,0,41543
9,65519,65472,0,41567
9,65519,65472,0,41590
8,65521,65473,0,41615
8,65521,65473,0,41638
7,65521,65473,0,41663
7,65521,65473,0,41687
7,65521,65473,0,41710
7,65522,65472,0,41735
7,65522,65472,0,41758
7,65522,65472,0,41782
7,65523,65472,0,41806
7,65523,65472,0,41830
7,65523,65472,0,41853
7,65524,65471,0,41878
7,65524,65471,0,41902
7,65524,65471,0,41926
7,65525,65470,0,41950
7,65525,65470,0,41973
7,65525,65470,0,41998
6,65526,65468,0,42021
6,65526,65468,0,42045
6,65526,65468,0,42070
6,65528,65467,0,42093
6,65528,65467,0,42117
5,65529,65465,0,42141
5,65529,65465,0,42165
5,65529,65465,0,42188
4,65531,65463,0,42213
4,65531,65463,0,42236
4,65531,65463,0,42261
3,65531,65462,0,42285
3,65531,65462,0,42308
3,65531,65462,0,42333
2,65533,65460,0,42356
2,65533,65460,0,42380
2,65533,65460,0,42404
1,65534,65459,0,42428
1,65534,65459,0,42451
1,65534,65459,0,42476
0,65535,65458,0,42500
0,65535,65458,0,42523
0,65535,65458,0,42548
65535,0,65457,0,42571
65535,0,65457,0,42596
65534,1,65456,0,42619
65534,1,65456,0,42643
65534,1,65456,0,42668
65532,2,65456,0,42691
65532,2,65456,0,42715
65532,2,65456,0,42739
65530,2,65456,0,42763
65530,2,65456,0,42786
65530,2,65456,0,42811
65529,3,65456,0,42834
65529,3,65456,0,42859
65529,3,65456,0,42883
65529,3,65456,0,42906
65529,3,65456,0,42931
65529,3,65456,0,42954
65529,3,65456,0,42978
65529,3,65456,0,43002
65529,3,65456,0,43026
65528,3,65456,0,43049
65528,3,65456,0,43074
65529,3,65457,0,43098
65529,3,65457,0,43121
65529,3,65457,0,43146
65530,3,65456,0,43169
65530,3,65456,0,43194
65530,3,65456,0,43217
65532,2,65456,0,43241
65532,2,65456,0,43266
65532,2,65456,0,43289
65533,1,65457,0,43313
65533,1,65457,0,43337
65533,1,65457,0,43361
65535,0,65458,0,43384
65535,0,65458,0,43409
65535,0,65458,0,43432
0,65535,65459,0,43457
0,65535,65459,0,43481
3,65533,65461,0,43504
3,65533,65461,0,43529
3,65533,65461,0,43552
5,65530,65464,0,43576
5,65530,65464,0,43600
5,65530,65464,0,43624
6,65528,65468,0,43648
6,65528,65468,0,43672
6,65528,65468,0,43696
7,65525,65472,0,43719
7,65525,65472,0,43744
7,65525,65472,0,43767
7,65522,65474,0,43792
7,65522,65474,0,43815
7,65522,65474,0,43839
9,65521,65475,0,43864
9,65521,65475,0,43887
9,65521,65475,0,43911
11,65520,65477,0,43935
11,65520,65477,0,43960
11,65519,65477,0,43984
11,65519,65477,0,44010
11,65519,65477,0,44035
9,65523,65481,0,44060
9,65523,65481,0,44084
9,65523,65481,0,44107
4,65530,65480,0,44132
4,65530,65480,0,44155
4,65530,65480,0,44179
2,1,65477,0,44204
2,1,65477,0,44223
2,1,65477,0,44242
5,7,65474,0,44263
5,7,65474,0,44282
5,7,65474,0,44302
5,7,65474,0,44322
8,10,65475,0,44342
8,10,65475,0,44362
8,10,65475,0,44383
10,12,65477,0,44404
10,12,65477,0,44426
10,12,65477,0,44447
13,10,65481,0,44470
13,10,65481,0,44491
13,10,65481,0,44513
14,7,65486,0,44535
14,7,65486,0,44556
14,7,65486,0,44576
13,3,65490,0,44598
13,3,65490,0,44618
13,3,65490,0,44639
13,3,65490,0,44660
12,65535,65492,0,44681
12,65535,65492,0,44705
12,65535,65492,0,44731
11,65532,65496,0,44755
11,65532,65496,0,44780
9,65529,65498,0,44806
9,65529,65498,0,44829
9,65529,65498,0,44853
7,65526,65500,0,44877
7,65526,65500,0,44901
7,65526,65500,0,44925
4,65523,65501,0,44949
4,65523,65501,0,44973
4,65523,65501,0,44997
2,65522,65502,0,45021
2,65522,65502,0,45044
2,65522,65502,0,45069
0,65520,65502,0,45092
0,65520,65502,0,45116
0,65520,65502,0,45140
0,65520,65502,0,45164
0,65520,65502,0,45189
65531,65518,65497,0,45212
65531,65518,65497,0,45240
65531,65518,65497,0,45268
65530,65518,65493,0,45296
65530,65518,65493,0,45325
65531,65517,65490,0,45352
65531,65517,65490,0,45380
65531,65517,65490,0,45409
65533,65518,65489,0,45436
65533,65518,65489,0,45465
65534,65518,65488,0,45493
65534,65518,65488,0,45521
65534,65518,65488,0,45549
65535,65519,65489,0,45577
65535,65519,65489,0,45605
65535,65520,65490,0,45633
65535,65520,65490,0,45662
65535,65521,65491,0,45689
65535,65521,65491,0,45717
65535,65521,65491,0,45746
65534,65523,65493,0,45773
65534,65523,65493,0,45802
65532,65526,65494,0,45830
65532,65526,65494,0,45858
65532,65526,65494,0,45886
65530,65530,65493,0,45914
65530,65530,65493,0,45942
65528,65533,65492,0,45970
65528,65533,65492,0,45999
65528,65533,65492,0,46026
65527,65535,65490,0,46055
65527,65535,65490,0,46083
65527,2,65489,0,46110
65527,2,65489,0,46135
65527,2,65489,0,46158
65526,4,65488,0,46182
65526,4,65488,0,46206
65526,4,65488,0,46230
65525,6,65486,0,46255
65525,6,65486,0,46278
65524,9,65485,0,46302
65524,9,65485,0,46326
65524,9,65485,0,46350
65523,11,65482,0,46373
65523,11,65482,0,46399
65523,11,65482,0,46424
65522,13,65480,0,46448
65522,13,65480,0,46474
65522,13,65480,0,46498
65522,13,65475,0,46524
65522,13,65475,0,46548
65524,13,65473,0,46573
65524,13,65473,0,46599
65524,13,65473,0,46623
65525,11,65472,0,46648
65525,11,65472,0,46673
65525,11,65472,0,46698
65525,10,65471,0,46724
65525,10,65471,0,46748
65525,10,65471,0,46773
65526,8,65470,0,46798
65526,8,65470,0,46822
65526,7,65468,0,46845
65526,7,65468,0,46870
65526,7,65468,0,46894
65527,6,65467,0,46918
65527,6,65467,0,46942
65527,6,65467,0,46965
65529,4,65466,0,46990
65529,4,65466,0,47013
65529,4,65466,0,47037
65530,4,65465,0,47062
65530,4,65465,0,47085
65530,4,65465,0,47109
65532,2,65465,0,47133
65532,2,65465,0,47157
65532,2,65465,0,47180
65534,2,65464,0,47205
65534,2,65464,0,47228
65534,2,65464,0,47253
65535,1,65464,0,47277
65535,1,65464,0,47300
0,1,65464,0,47325
0,1,65464,0,47344
0,1,65464,0,47364
0,1,65464,0,47384
2,0,65466,0,47404
2,0,65466,0,47423
2,0,65466,0,47442
3,0,65466,0,47463
3,0,65466,0,47482
3,0,65466,0,47502
3,0,65466,0,47522
4,0,65468,0,47542
4,0,65468,0,47561
4,0,65468,0,47581
5,0,65469,0,47601
5,0,65469,0,47621
5,0,65469,0,47640
5,0,65469,0,47661
5,0,65471,0,47680
5,0,65471,0,47699
5,0,65471,0,47720
5,0,65472,0,47739
5,0,65472,0,47759
5,0,65472,0,47778
5,0,65472,0,47799
5,0,65474,0,47818
5,0,65474,0,47838
5,0,65474,0,47858
5,0,65475,0,47878
5,0,65475,0,47897
5,0,65475,0,47918
5,0,65476,0,47937
5,0,65476,0,47956
5,0,65476,0,47976
5,0,65476,0,47996
4,0,65477,0,48016
4,0,65477,0,48035
4,0,65477,0,48056
3,0,65478,0,48075
3,0,65478,0,48095
3,0,65478,0,48114
3,0,65478,0,48135
3,0,65478,0,48154
3,0,65478,0,48174
3,0,65478,0,48194
2,0,65479,0,48214
2,0,65479,0,48233
2,0,65479,0,48253
2,0,65479,0,48273
1,0,65479,0,48292
1,0,65479,0,48312
1,0,65479,0,48332
1,0,65480,0,48352
1,0,65480,0,48371
1,0,65480,0,48392
1,0,65480,0,48411
1,0,65480,0,48431
1,0,65480,0,48451
1,0,65480,0,48471
0,0,65480,0,48490
0,0,65480,0,48509
0,0,65480,0,48530
0,0,65480,0,48549
0,0,65480,0,48569
0,0,65480,0,48589
0,0,65480,0,48609
0,0,65480,0,48628
0,0,65480,0,48649
0,0,65480,0,48668
0,0,65480,0,48688
0,0,65480,0,48707
0,0,65480,0,48728
0,0,65480,0,48747
65535,0,65480,0,48766
65535,0,65480,0,48791
65535,0,65480,0,48815
65535,0,65480,0,48838
65535,0,65480,0,48863
65535,0,65480,0,48886
65535,0,65480,0,48910
65535,0,65480,0,48934
65535,0,65480,0,48958
65535,0,65480,0,48983
65535,0,65480,0,49006
65535,0,65480,0,49030
65535,0,65480,0,49054
65535,0,65480,0,49078
65535,0,65480,0,49101
65535,0,65480,0,49126
65535,0,65480,0,49149
65535,0,65480,0,49173
65535,0,65480,0,49198
65535,0,65480,0,49221
65535,0,65480,0,49245
65535,0,65480,0,49269
65535,0,65480,0,49293
0,0,65480,0,49317
0,0,65480,0,49337
0,0,65480,0,49356
0,0,65480,0,49376
0,0,65480,0,49396
0,0,65480,0,49416
0,0,65480,0,49435
0,0,65480,0,49456
0,0,65480,0,49475
0,0,65480,0,49495
2,0,65479,0,49515
2,0,65479,0,49534
2,0,65479,0,49554
2,0,65478,0,49573
2,0,65478,0,49594
2,0,65478,0,49613
2,0,65478,0,49633
4,0,65477,0,49653
4,0,65477,0,49673
4,0,65477,0,49692
4,0,65476,0,49712
4,0,65476,0,49732
4,0,65476,0,49752
4,0,65476,0,49771
5,0,65474,0,49792
5,0,65474,0,49811
5,0,65474,0,49830
5,0,65471,0,49851
5,0,65471,0,49870
5,0,65471,0,49890
5,0,65471,0,49909
4,0,65469,0,49930
4,0,65469,0,49949
4,0,65469,0,49969
3,0,65467,0,49989
3,0,65467,0,50009
3,0,65467,0,50028
3,0,65467,0,50049
1,0,65465,0,50068
1,0,65465,0,50087
1,0,65465,0,50107
0,1,65464,0,50127
0,1,65464,0,50147
0,1,65464,0,50166
0,1,65464,0,50187
0,1,65464,0,50206
0,1,65464,0,50226
0,1,65464,0,50246
65532,2,65464,0,50266
65532,2,65464,0,50289
65532,2,65464,0,50314
65530,3,65465,0,50337
65530,3,65465,0,50361
65530,3,65465,0,50385
65529,4,65466,0,50409
65529,4,65466,0,50433
65529,4,65466,0,50457
65528,5,65466,0,50481
65528,5,65466,0,50504
65527,6,65468,0,50529
65527,6,65468,0,50552
65527,6,65468,0,50576
65526,8,65469,0,50600
65526,8,65469,0,50624
65526,8,65469,0,50649
65526,9,65470,0,50672
65526,9,65470,0,50696
65526,9,65470,0,50720
65525,10,65471,0,50744
65525,10,65471,0,50768
65525,10,65471,0,50794
65525,10,65471,0,50819
65525,10,65471,0,50843
65524,11,65472,0,50869
65524,11,65472,0,50893
65524,11,65472,0,50919
65524,12,65473,0,50944
65524,12,65473,0,50968
65524,12,65473,0,50994
65523,13,65474,0,51018
65523,13,65474,0,51043
65523,13,65474,0,51068
65523,13,65476,0,51093
65523,13,65476,0,51119
65522,13,65478,0,51143
65522,13,65478,0,51168
65522,13,65478,0,51193
65522,13,65480,0,51218
65522,13,65480,0,51243
65522,13,65480,0,51268
65522,12,65481,0,51293
65522,12,65481,0,51318
65522,12,65481,0,51343
65523,11,65483,0,51367
65523,11,65483,0,51393
65524,10,65484,0,51418
65524,10,65484,0,51442
65524,10,65484,0,51468
65524,9,65485,0,51492
65524,9,65485,0,51517
65524,9,65485,0,51540
65525,8,65486,0,51564
65525,8,65486,0,51589
65525,8,65486,0,51612
65525,7,65487,0,51636
65525,7,65487,0,51660
65525,7,65487,0,51684
65525,6,65487,0,51707
65525,6,65487,0,51732
65526,4,65488,0,51756
65526,4,65488,0,51780
65526,4,65488,0,51804
65526,4,65489,0,51827
65526,4,65489,0,51852
65526,4,65489,0,51875
65526,2,65489,0,51899
65526,2,65489,0,51923
65526,2,65489,0,51947
65527,1,65489,0,51971
65527,1,65489,0,51995
65527,1,65489,0,52019
65527,0,65490,0,52043
65527,0,65490,0,52067
65527,0,65490,0,52090
65527,0,65491,0,52115
65527,0,65491,0,52139
65527,0,65491,0,52162
65528,65535,65491,0,52187
65528,65535,65491,0,52214
65528,65533,65492,0,52243
65528,65533,65492,0,52271
65528,65533,65492,0,52298
65529,65532,65493,0,52327
65529,65532,65493,0,52355
65529,65530,65494,0,52383
65529,65530,65494,0,52411
65530,65529,65494,0,52439
65530,65529,65494,0,52467
65530,65529,65494,0,52495
65531,65528,65494,0,52524
65531,65528,65494,0,52551
65532,65527,65494,0,52580
65532,65527,65494,0,52608
65532,65527,65494,0,52635
65533,65526,65494,0,52664
65533,65526,65494,0,52691
65534,65524,65493,0,52720
65534,65524,65493,0,52748
65534,65524,65493,0,52776
65534,65523,65493,0,52804
65534,65523,65493,0,52832
65534,65523,65493,0,52860
65534,65523,65493,0,52888
65535,65522,65493,0,52917
65535,65522,65493,0,52944
65535,65522,65493,0,52972
65535,65522,65492,0,53001
65535,65522,65492,0,53028
65535,65521,65492,0,53057
65535,65521,65492,0,53085
65535,65521,65492,0,53113
65535,65521,65492,0,53141
65535,65521,65492,0,53169
65535,65521,65491,0,53197
65535,65521,65491,0,53225
65535,65521,65491,0,53254
65535,65521,65492,0,53281
65535,65521,65492,0,53310
65535,65521,65492,0,53338
65535,65521,65492,0,53365
65535,65521,65491,0,53394
65535,65521,65491,0,53422
65535,65521,65491,0,53450
65535,65521,65492,0,53478
65535,65521,65492,0,53506
65535,65521,65492,0,53534
65535,65521,65492,0,53562
65535,65521,65492,0,53591
65535,65521,65492,0,53618
65535,65521,65492,0,53647
65535,65521,65491,0,53675
65535,65521,65491,0,53702
65535,65521,65491,0,53731
65535,65521,65491,0,53758
65535,65521,65491,0,53787
65535,65521,65491,0,53815
65535,65521,65491,0,53843
65535,65521,65490,0,53871
65535,65521,65490,0,53899
65535,65521,65490,0,53927
0,65521,65490,0,53955
0,65521,65490,0,53980
0,65521,65490,0,54003
0,65521,65490,0,54027
0,65521,65490,0,54051
0,65521,65490,0,54075
0,65521,65490,0,54098
0,65521,65490,0,54123
65535,65521,65490,0,54147
65535,65521,65490,0,54175
65535,65521,65490,0,54203
65535,65521,65490,0,54231
65535,65521,65490,0,54259
65535,65521,65490,0,54287
65535,65521,65490,0,54316
65535,65521,65490,0,54343
65535,65521,65490,0,54371
65535,65521,65490,0,54400
65535,65521,65490,0,54427
65535,65521,65490,0,54456
65535,65521,65490,0,54483
65535,65521,65490,0,54512
65535,65521,65490,0,54540
0,65521,65490,0,54567
0,65521,65490,0,54592
0,65521,65490,0,54616
65535,65521,65490,0,54640
65535,65521,65490,0,54668
65535,65521,65490,0,54695
65535,65521,65490,0,54724
65535,65521,65490,0,54752
0,65521,65491,0,54780
0,65521,65491,0,54804
65535,65522,65491,0,54828
65535,65522,65491,0,54856
65535,65522,65491,0,54884
65535,65523,65492,0,54913
65535,65523,65492,0,54940
65535,65524,65492,0,54968
65535,65524,65492,0,54996
65535,65524,65492,0,55024
65534,65524,65493,0,55053
65534,65524,65493,0,55080
65533,65526,65493,0,55109
65533,65526,65493,0,55137
65533,65526,65493,0,55164
65532,65527,65493,0,55193
65532,65527,65493,0,55221
65530,65529,65493,0,55249
65530,65529,65493,0,55277
65529,65532,65493,0,55306
65529,65532,65493,0,55333
65529,65532,65493,0,55361
65528,65534,65491,0,55390
65528,65534,65491,0,55417
65527,0,65490,0,55446
65527,0,65490,0,55470
65527,0,65490,0,55493
65527,3,65488,0,55518
65527,3,65488,0,55541
65527,3,65488,0,55565
65525,7,65486,0,55589
65525,7,65486,0,55613
65525,7,65486,0,55638
65524,10,65484,0,55661
65524,10,65484,0,55686
65524,14,65506,0,55711
65522,14,65480,0,55736
65522,14,65480,0,55760
65523,14,65474,0,55786
65523,14,65474,0,55811
65523,14,65474,0,55835
65525,11,65470,0,55861
65525,11,65470,0,55885
65525,11,65470,0,55911
65526,7,65468,0,55936
65526,7,65468,0,55959
65526,7,65468,0,55984
65531,3,65464,0,56007
65531,3,65464,0,56031
4,0,65467,0,56055
4,0,65467,0,56075
4,0,65467,0,56094
4,0,65467,0,56115
4,0,65478,0,56134
4,0,65478,0,56154
4,0,65478,0,56174
65533,0,65480,0,56194
65533,0,65480,0,56217
65533,0,65480,0,56242
65530,65534,65476,0,56265
65530,65534,65476,0,56293
65530,65534,65476,0,56322
65529,65530,65474,0,56349
65529,65530,65474,0,56378
65529,65530,65467,0,56406
65529,65530,65467,0,56433
0,65532,65461,0,56462
0,65532,65461,0,56485
0,65532,65461,0,56510
9,65532,65463,0,56534
9,65532,65463,0,56557
9,65532,65463,0,56582
12,65534,65470,0,56605
12,65534,65470,0,56630
12,65534,65470,0,56655
12,0,65476,0,56680
12,0,65476,0,56700
12,0,65476,0,56722
9,2,65481,0,56742
9,2,65481,0,56762
9,2,65481,0,56782
9,2,65481,0,56802
9,2,65481,0,56821
9,2,65481,0,56842
9,2,65481,0,56861
4,4,65484,0,56881
4,4,65484,0,56900
4,4,65484,0,56921
2,4,65484,0,56940
2,4,65484,0,56960
2,4,65484,0,56980
2,4,65484,0,56999
1,5,65484,0,57019
1,5,65484,0,57039
1,5,65484,0,57059
0,5,65484,0,57078
0,5,65484,0,57098
0,5,65484,0,57118
0,5,65484,0,57138
0,5,65483,0,57157
0,5,65483,0,57178
0,5,65483,0,57197
0,5,65483,0,57217
0,5,65483,0,57237
0,5,65483,0,57256
0,5,65483,0,57276
0,5,65483,0,57295
0,5,65483,0,57316
0,5,65483,0,57335
0,6,65483,0,57355
0,6,65483,0,57375
0,6,65483,0,57395
0,6,65483,0,57414
0,5,65483,0,57435
0,5,65483,0,57454
0,5,65483,0,57474
0,5,65483,0,57493
0,5,65483,0,57513
0,5,65483,0,57533
0,5,65482,0,57552
0,5,65482,0,57573
0,5,65482,0,57592
0,5,65482,0,57612
0,6,65483,0,57631
0,6,65483,0,57652
0,6,65483,0,57671
0,6,65483,0,57691
0,6,65483,0,57711
0,6,65483,0,57731
0,6,65483,0,57750
0,6,65483,0,57771
0,6,65483,0,57790
0,6,65483,0,57809
0,6,65483,0,57829
0,6,65483,0,57849
0,6,65483,0,57869
0,6,65483,0,57888
0,6,65483,0,57909
0,6,65483,0,57928
0,6,65483,0,57948
0,6,65483,0,57968
0,6,65483,0,57988
0,6,65483,0,58007
0,6,65483,0,58027
0,6,65483,0,58047
0,6,65483,0,58066
0,6,65483,0,58086
65535,6,65483,0,58106
65535,6,65483,0,58130
65535,6,65483,0,58153
0,6,65483,0,58178
0,6,65483,0,58198
0,6,65483,0,58217
0,6,65483,0,58237
0,6,65483,0,58257
0,6,65483,0,58276
0,6,65483,0,58296
0,6,65483,0,58316
0,6,65483,0,58336
0,6,65483,0,58355
0,6,65483,0,58376
0,6,65483,0,58395
0,6,65483,0,58415
0,6,65483,0,58435
0,6,65483,0,58455
0,6,65483,0,58474
0,6,65483,0,58493
0,5,65483,0,58514
0,5,65483,0,58533
0,5,65483,0,58553
0,5,65483,0,58573
0,6,65482,0,58593
0,6,65482,0,58612
0,6,65482,0,58633
65535,6,65482,0,58652
65535,6,65482,0,58676
65535,6,65482,0,58700
65535,6,65483,0,58724
65535,6,65483,0,58747
65535,6,65483,0,58772
65535,6,65483,0,58796
65535,6,65483,0,58819
65535,6,65483,0,58844
0,6,65483,0,58867
0,6,65483,0,58887
0,6,65483,0,58907
0,6,65483,0,58927
0,6,65483,0,58946
0,6,65483,0,58967
0,6,65483,0,58986
0,6,65483,0,59005
0,6,65483,0,59025
0,6,65483,0,59045
0,6,65482,0,59065
0,6,65482,0,59084
0,6,65482,0,59105
65535,6,65483,0,59124
65535,6,65483,0,59148
65535,6,65483,0,59172
65535,6,65483,0,59196
65535,6,65483,0,59219
65535,6,65483,0,59244
0,6,65483,0,59268
0,6,65483,0,59287
0,6,65483,0,59308
0,6,65482,0,59327
0,6,65482,0,59346
0,6,65482,0,59367
0,6,65482,0,59386
0,6,65483,0,59406
0,6,65483,0,59425
0,6,65483,0,59446
0,6,65482,0,59465
0,6,65482,0,59485
0,6,65482,0,59505
0,6,65482,0,59525
0,6,65483,0,59544
0,6,65483,0,59565
0,6,65483,0,59584
0,6,65482,0,59603
0,6,65482,0,59623
0,6,65482,0,59643
0,6,65482,0,59663
0,6,65482,0,59682
0,6,65482,0,59703
0,6,65482,0,59722
65535,6,65483,0,59742
65535,6,65483,0,59766
65535,6,65483,0,59790
65535,6,65483,0,59813
65535,6,65483,0,59838
65535,6,65483,0,59862
0,6,65482,0,59885
0,6,65482,0,59906
0,6,65482,0,59925
0,6,65482,0,59944
0,6,65482,0,59965
0,6,65482,0,59984
0,6,65482,0,60004
0,6,65482,0,60023
0,6,65482,0,60044
0,6,65482,0,60063
65535,6,65482,0,60083
65535,6,65482,0,60107
65535,6,65482,0,60131
65535,6,65483,0,60154
65535,6,65483,0,60179
65535,6,65483,0,60203
0,6,65482,0,60226
0,6,65482,0,60247
0,6,65482,0,60266
0,6,65483,0,60285
0,6,65483,0,60306
0,6,65483,0,60325
0,6,65483,0,60345
0,6,65482,0,60365
0,6,65482,0,60385
0,6,65482,0,60404
0,6,65483,0,60424
0,6,65483,0,60444
0,6,65483,0,60464
0,6,65483,0,60483
0,5,65483,0,60504
0,5,65483,0,60523
0,5,65483,0,60542
0,6,65483,0,60563
0,6,65483,0,60582
0,6,65483,0,60602
0,6,65482,0,60621
0,6,65482,0,60642
0,6,65482,0,60661
0,6,65482,0,60681
0,6,65483,0,60701
0,6,65483,0,60721
0,6,65483,0,60740
0,6,65482,0,60760
0,6,65482,0,60780
0,6,65482,0,60800
0,6,65482,0,60819
0,6,65483,0,60839
0,6,65483,0,60859
0,6,65483,0,60878
0,6,65483,0,60899
0,6,65483,0,60918
0,6,65483,0,60938
0,6,65483,0,60957
0,6,65483,0,60978
0,6,65483,0,60997
0,6,65483,0,61017
0,6,65483,0,61037
0,6,65483,0,61057
0,6,65483,0,61076
0,6,65483,0,61096
0,6,65483,0,61116
0,6,65483,0,61135
0,6,65483,0,61155
0,6,65483,0,61175
0,6,65483,0,61195
0,6,65483,0,61214
0,6,65483,0,61235
0,6,65482,0,61254
0,6,65482,0,61274
0,6,65482,0,61293
0,6,65483,0,61314
0,6,65483,0,61333
0,6,65483,0,61352
0,6,65483,0,61373
0,6,65483,0,61392
0,6,65483,0,61412
0,6,65483,0,61432
0,6,65483,0,61452
0,6,65483,0,61471
0,6,65483,0,61491
0,6,65483,0,61511
0,6,65483,0,61531
0,6,65483,0,61550
0,6,65483,0,61571
0,6,65483,0,61590
0,6,65483,0,61609
0,6,65483,0,61630
0,6,65483,0,61649
0,6,65483,0,61669
0,6,65483,0,61688
0,6,65483,0,61709
0,6,65483,0,61728
0,6,65483,0,61748
0,6,65483,0,61768
0,6,65482,0,61788
0,6,65482,0,61807
0,6,65482,0,61828
0,6,65482,0,61847
0,6,65483,0,61867
0,6,65483,0,61886
0,6,65483,0,61906
0,6,65483,0,61926
0,6,65483,0,61945
0,6,65483,0,61966
0,6,65482,0,61985
0,6,65482,0,62005
0,6,65482,0,62024
0,6,65482,0,62045
0,6,65483,0,62064
0,6,65483,0,62084
0,6,65483,0,62104
0,6,65483,0,62124
0,6,65483,0,62143
0,6,65483,0,62163
0,6,65483,0,62183
0,6,65483,0,62202
0,6,65483,0,62222
0,6,65483,0,62242
0,6,65482,0,62262
0,6,65482,0,62281
0,6,65482,0,62302
0,6,65482,0,62321
0,6,65483,0,62341
0,6,65483,0,62361
0,6,65483,0,62381
65535,6,65483,0,62400
65535,6,65483,0,62424
65535,6,65483,0,62448
0,6,65483,0,62472
0,6,65483,0,62491
0,6,65483,0,62512
0,6,65482,0,62531
0,6,65482,0,62551
0,6,65482,0,62571
0,6,65482,0,62590
0,6,65483,0,62610
0,6,65483,0,62630
0,6,65483,0,62650
65535,6,65483,0,62669
65535,6,65483,0,62694
65535,6,65483,0,62717
0,6,65482,0,62741
0,6,65482,0,62761
0,6,65482,0,62781
0,6,65482,0,62800
0,6,65483,0,62820
0,6,65483,0,62840
0,6,65483,0,62860
0,5,65482,0,62879
0,5,65482,0,62900
0,5,65482,0,62919
0,5,65482,0,62939
0,6,65482,0,62959
0,6,65482,0,62979
0,6,65482,0,62998
0,6,65482,0,63017
0,6,65482,0,63038
0,6,65482,0,63057
0,6,65482,0,63077
0,6,65482,0,63097
0,6,65482,0,63117
0,6,65482,0,63136
0,6,65483,0,63156
0,6,65483,0,63176
0,6,65483,0,63196
65535,6,65483,0,63215
65535,6,65483,0,63240
65535,6,65483,0,63263
65535,6,65483,0,63287
65535,6,65483,0,63311
65535,6,65483,0,63335
65535,6,65483,0,63360
65535,6,65483,0,63383
65535,6,65483,0,63407
65535,6,65482,0,63431
65535,6,65482,0,63455
65535,6,65482,0,63478
0,6,65483,0,63503
0,6,65483,0,63522
0,6,65483,0,63542
65535,6,65483,0,63562
65535,6,65483,0,63586
65535,6,65483,0,63609
0,6,65483,0,63634
0,6,65483,0,63653
0,6,65483,0,63673
0,6,65483,0,63693
0,6,65483,0,63713
0,6,65483,0,63732
0,6,65483,0,63752
0,5,65483,0,63772
0,5,65483,0,63792
0,5,65483,0,63811
0,6,65482,0,63832
0,6,65482,0,63851
0,6,65482,0,63870
0,6,65482,0,63891
0,6,65482,0,63910
0,6,65482,0,63930
0,6,65482,0,63949
0,5,65482,0,63970
0,5,65482,0,63989
0,5,65482,0,64009
0,5,65482,0,64029
65535,6,65483,0,64049
65535,6,65483,0,64072
65535,6,65483,0,64097
0,6,65483,0,64120
0,6,65483,0,64140
0,6,65483,0,64160
0,6,65482,0,64180
0,6,65482,0,64199
0,6,65482,0,64219
0,6,65483,0,64239
0,6,65483,0,64259
0,6,65483,0,64278
0,6,65483,0,64299
0,6,65482,0,64318
0,6,65482,0,64337
0,6,65482,0,64358
65535,6,65483,0,64377
65535,6,65483,0,64401
65535,6,65483,0,64425
0,6,65483,0,64449
0,6,65483,0,64468
0,6,65483,0,64488
0,6,65483,0,64508
0,6,65483,0,64528
0,6,65483,0,64547
0,6,65483,0,64568
0,6,65483,0,64587
0,6,65483,0,64607
0,6,65483,0,64627
0,6,65483,0,64647
0,6,65483,0,64666
0,6,65483,0,64686
0,6,65483,0,64706
0,6,65482,0,64726
0,6,65482,0,64745
0,6,65482,0,64765
0,6,65483,0,64785
0,6,65483,0,64804
0,6,65483,0,64825
0,6,65483,0,64844
0,6,65483,0,64864
0,6,65483,0,64883
0,6,65483,0,64904
0,6,65483,0,64923
0,6,65483,0,64943
0,6,65483,0,64963
0,6,65483,0,64983
0,6,65482,0,65002
0,6,65482,0,65022
0,6,65482,0,65042
0,6,65483,0,65061
0,6,65483,0,65081
0,6,65483,0,65101
0,6,65483,0,65121
65535,6,65482,0,65140
65535,6,65482,0,65165
65535,6,65482,0,65188
0,6,65482,0,65212
0,6,65482,0,65232
0,6,65482,0,65252
0,6,65482,0,65271
0,6,65482,0,65292
0,6,65482,0,65311
0,6,65483,0,65331
0,6,65483,0,65350
0,6,65483,0,65371
0,6,65483,0,65390
0,6,65482,0,65410
0,6,65482,0,65430
0,6,65482,0,65449
0,5,65482,0,65469
0,5,65482,0,65489
0,5,65482,0,65509
0,5,65482,0,65528
0,6,65483,0,12
0,6,65483,0,29
0,6,65483,0,46
0,6,65483,0,62
0,6,65483,0,78
0,6,65483,0,96
0,6,65483,0,112
0,6,65483,0,130
0,6,65483,0,147
0,6,65483,0,165
0,6,65483,0,183
65535,6,65482,0,200
65535,6,65482,0,223
65535,6,65482,0,244
65535,6,65482,0,266
0,6,65483,0,288
0,6,65483,0,306
0,6,65483,0,323
0,6,65483,0,340
0,6,65483,0,359
0,6,65483,0,376
0,6,65483,0,394
65535,5,65482,0,411
65535,5,65482,0,434
65535,5,65482,0,455
0,6,65483,0,477
0,6,65483,0,495
0,6,65483,0,513
0,6,65483,0,530
65535,6,65482,0,547
65535,6,65482,0,570
65535,6,65482,0,591
0,6,65483,0,613
0,6,65483,0,631
0,6,65483,0,649
0,6,65483,0,666
0,6,65483,0,685
0,6,65483,0,702
0,6,65483,0,719
0,6,65483,0,737
0,6,65482,0,755
0,6,65482,0,773
0,6,65482,0,790
0,6,65482,0,807
0,6,65482,0,826
0,6,65482,0,843
0,6,65482,0,861
0,6,65482,0,878
65535,5,65483,0,897
65535,5,65483,0,918
65535,5,65483,0,940
0,6,65482,0,962
0,6,65482,0,979
0,6,65482,0,997
0,6,65482,0,1014
0,6,65483,0,1034
0,6,65483,0,1052
0,6,65483,0,1071
0,6,65483,0,1090
0,6,65483,0,1108
0,6,65483,0,1127
0,6,65483,0,1145
0,6,65482,0,1165
0,6,65482,0,1183
0,6,65482,0,1202
0,6,65482,0,1221
0,6,65482,0,1240
0,6,65482,0,1258
0,6,65482,0,1276
0,6,65482,0,1296
0,6,65482,0,1314
0,6,65482,0,1333
0,6,65482,0,1352
0,6,65483,0,1371
0,6,65483,0,1389
0,6,65483,0,1408
0,6,65483,0,1427
65535,6,65482,0,1445
65535,6,65482,0,1468
65535,6,65482,0,1491
0,6,65483,0,1514
0,6,65483,0,1532
0,6,65483,0,1552
0,6,65482,0,1570
0,6,65482,0,1589
0,6,65482,0,1607
0,6,65482,0,1627
0,6,65482,0,1645
0,6,65482,0,1664
0,6,65482,0,1683
0,6,65483,0,1701
0,6,65483,0,1720
0,6,65483,0,1738
0,6,65483,0,1758
0,6,65482,0,1776
0,6,65482,0,1795
0,6,65482,0,1813
0,6,65482,0,1832
0,6,65483,0,1851
0,6,65483,0,1869
0,6,65483,0,1889
65535,6,65483,0,1907
65535,6,65483,0,1930
65535,6,65483,0,1953
0,6,65483,0,1976
0,6,65483,0,1994
0,6,65483,0,2013
0,6,65483,0,2032
0,6,65483,0,2051
0,6,65483,0,2069
0,6,65483,0,2088
0,6,65483,0,2107
65535,6,65483,0,2125
65535,6,65483,0,2149
65535,6,65483,0,2171
0,6,65483,0,2194
0,6,65483,0,2212
0,6,65483,0,2232
0,6,65482,0,2250
0,6,65482,0,2269
0,6,65482,0,2288
0,6,65482,0,2307
65535,6,65482,0,2325
65535,6,65482,0,2349
65535,6,65482,0,2371
65535,6,65483,0,2394
65535,6,65483,0,2417
65535,6,65483,0,2440
0,6,65482,0,2462
0,6,65482,0,2482
0,6,65482,0,2500
0,6,65482,0,2519
65535,6,65482,0,2537
65535,6,65482,0,2561
65535,6,65482,0,2583
0,6,65482,0,2606
0,6,65482,0,2625
0,6,65482,0,2643
0,6,65482,0,2662
0,6,65482,0,2681
0,6,65482,0,2700
0,6,65482,0,2718
65535,6,65482,0,2737
65535,6,65482,0,2760
65535,6,65482,0,2783
0,6,65482,0,2805
0,6,65482,0,2825
0,6,65482,0,2843
0,6,65483,0,2862
0,6,65483,0,2881
0,6,65483,0,2899
0,6,65483,0,2918
65535,6,65483,0,2936
65535,6,65483,0,2960
65535,6,65483,0,2982
65535,6,65483,0,3005
65535,6,65483,0,3028
65535,6,65483,0,3051
65535,6,65482,0,3074
65535,6,65482,0,3097
65535,6,65482,0,3120
65535,5,65482,0,3142
65535,5,65482,0,3166
65535,5,65482,0,3188
0,6,65483,0,3211
0,6,65483,0,3230
0,6,65483,0,3249
0,6,65483,0,3267
65535,6,65483,0,3287
65535,6,65483,0,3309
65535,6,65483,0,3332
0,6,65483,0,3355
0,6,65483,0,3374
0,6,65483,0,3392
65535,6,65482,0,3410
65535,6,65482,0,3434
65535,6,65482,0,3457
65535,6,65483,0,3480
65535,6,65483,0,3503
65535,6,65483,0,3525
65535,5,65483,0,3549
65535,5,65483,0,3571
65535,5,65483,0,3594
0,6,65483,0,3617
0,6,65483,0,3636
0,6,65483,0,3654
0,6,65483,0,3673
0,6,65483,0,3692
0,6,65483,0,3710
0,6,65483,0,3729
0,6,65483,0,3748
0,6,65483,0,3767
0,6,65483,0,3785
0,6,65483,0,3804
0,6,65483,0,3823
0,6,65483,0,3842
0,6,65483,0,3860
0,6,65483,0,3879
0,6,65483,0,3898
0,6,65483,0,3916
0,6,65483,0,3935
0,6,65483,0,3954
0,6,65483,0,3973
0,6,65483,0,3991
0,6,65483,0,4009
65535,6,65483,0,4029
65535,6,65483,0,4051
65535,6,65483,0,4074
0,6,65482,0,4098
0,6,65482,0,4116
0,6,65482,0,4134
0,6,65482,0,4154
65535,6,65483,0,4172
65535,6,65483,0,4195
65535,6,65483,0,4218
65535,6,65483,0,4241
65535,6,65483,0,4263
65535,6,65483,0,4287
0,6,65483,0,4310
0,6,65483,0,4328
0,6,65483,0,4347
65535,6,65483,0,4366
65535,6,65483,0,4388
65535,6,65483,0,4412
0,6,65482,0,4434
0,6,65482,0,4453
0,6,65482,0,4471
0,6,65482,0,4491
0,6,65483,0,4509
0,6,65483,0,4528
0,6,65483,0,4547
0,5,65483,0,4566
0,5,65483,0,4584
0,5,65483,0,4602
0,5,65483,0,4622
0,5,65483,0,4640
0,5,65483,0,4659
0,5,65483,0,4678
0,5,65483,0,4697
65535,6,65483,0,4715
65535,6,65483,0,4738
65535,6,65483,0,4761
0,6,65483,0,4784
0,6,65483,0,4802
0,6,65483,0,4822
65535,6,65482,0,4840
65535,6,65482,0,4862
65535,6,65482,0,4886
0,6,65483,0,4909
0,6,65483,0,4927
0,6,65483,0,4946
0,6,65483,0,4965
65535,6,65483,0,4983
65535,6,65483,0,5006
65535,6,65483,0,5029
65535,6,65482,0,5052
65535,6,65482,0,5074
65535,6,65482,0,5098
0,6,65482,0,5121
0,6,65482,0,5139
0,6,65482,0,5158
0,6,65482,0,5177
0,6,65482,0,5195
0,6,65482,0,5215
0,6,65482,0,5233
65535,6,65483,0,5252
65535,6,65483,0,5274
65535,6,65483,0,5298
65535,6,65483,0,5320
65535,6,65483,0,5344
65535,6,65483,0,5366
65535,6,65482,0,5389
65535,6,65482,0,5412
65535,6,65482,0,5435
65535,6,65483,0,5457
65535,6,65483,0,5481
65535,6,65483,0,5504
0,6,65482,0,5526
0,6,65482,0,5545
0,6,65482,0,5564
0,6,65482,0,5582
65535,6,65482,0,5601
65535,6,65482,0,5624
65535,6,65482,0,5647
0,6,65482,0,5669
0,6,65482,0,5689
0,6,65482,0,5707
65535,6,65483,0,5726
65535,6,65483,0,5749
65535,6,65483,0,5772
65535,6,65482,0,5794
65535,6,65482,0,5818
65535,6,65482,0,5840
0,6,65482,0,5863
0,6,65482,0,5882
0,6,65482,0,5901
0,6,65482,0,5919
65535,6,65483,0,5938
65535,6,65483,0,5961
65535,6,65483,0,5984
65535,6,65483,0,6006
65535,6,65483,0,6030
65535,6,65483,0,6052
0,6,65483,0,6076
0,6,65483,0,6094
0,6,65483,0,6113
0,6,65483,0,6131
0,6,65482,0,6151
0,6,65482,0,6169
0,6,65482,0,6188
0,6,65483,0,6206
0,6,65483,0,6225
0,6,65483,0,6244
0,6,65483,0,6262
65535,6,65483,0,6282
65535,6,65483,0,6304
65535,6,65483,0,6327
0,6,65482,0,6350
0,6,65482,0,6369
0,6,65482,0,6387
0,6,65482,0,6406
0,6,65482,0,6425
0,6,65482,0,6444
0,6,65482,0,6462
0,5,65483,0,6481
0,5,65483,0,6500
0,5,65483,0,6518
0,5,65483,0,6537
0,6,65482,0,6556
0,6,65482,0,6575
0,6,65482,0,6593
0,6,65482,0,6612
0,6,65482,0,6631
0,6,65482,0,6649
0,6,65482,0,6668
0,6,65483,0,6687
0,6,65483,0,6706
0,6,65483,0,6724
0,6,65483,0,6744
0,6,65483,0,6762
0,6,65483,0,6780
0,6,65483,0,6799
65535,6,65483,0,6818
65535,6,65483,0,6841
65535,6,65483,0,6863
0,6,65483,0,6887
0,6,65483,0,6905
0,6,65483,0,6924
0,6,65483,0,6943
0,5,65482,0,6962
0,5,65482,0,6980
0,5,65482,0,6999
0,5,65482,0,7018
0,6,65483,0,7036
0,6,65483,0,7055
0,6,65483,0,7074
0,6,65482,0,7093
0,6,65482,0,7111
0,6,65482,0,7130
0,6,65482,0,7149
0,6,65483,0,7168
0,6,65483,0,7186
0,6,65483,0,7204
0,6,65483,0,7224
0,6,65483,0,7242
0,6,65483,0,7261
0,6,65483,0,7280
0,6,65482,0,7299
0,6,65482,0,7317
0,6,65482,0,7335
0,6,65482,0,7355
0,6,65483,0,7373
0,6,65483,0,7392
0,6,65483,0,7411
0,6,65483,0,7430
0,6,65483,0,7448
0,6,65483,0,7467
0,6,65483,0,7486
65535,6,65482,0,7504
65535,6,65482,0,7527
65535,6,65482,0,7550
0,6,65482,0,7573
0,6,65482,0,7591
0,6,65482,0,7611
0,6,65482,0,7629
0,6,65483,0,7648
0,6,65483,0,7666
0,6,65483,0,7686
0,6,65483,0,7704
0,6,65483,0,7723
0,6,65483,0,7742
0,6,65483,0,7760
0,6,65483,0,7779
0,6,65483,0,7797
0,6,65483,0,7817
0,6,65483,0,7835
0,6,65483,0,7854
0,6,65483,0,7873
0,6,65483,0,7891
0,6,65483,0,7910
0,6,65483,0,7928
0,6,65483,0,7948
0,6,65483,0,7966
0,6,65483,0,7985
0,6,65483,0,8003
0,6,65483,0,8023
0,6,65483,0,8041
0,6,65482,0,8059
0,6,65482,0,8079
0,6,65482,0,8097
0,6,65483,0,8116
0,6,65483,0,8134
0,6,65483,0,8154
0,6,65483,0,8172
0,6,65483,0,8190
0,6,65483,0,8210
0,6,65483,0,8228
0,6,65483,0,8247
65535,6,65482,0,8265
65535,6,65482,0,8289
65535,6,65482,0,8311
65535,6,65483,0,8334
65535,6,65483,0,8357
65535,6,65483,0,8380
65535,6,65483,0,8402
65535,6,65483,0,8426
65535,6,65483,0,8449
0,6,65483,0,8472
0,6,65483,0,8491
0,6,65483,0,8509
0,6,65483,0,8527
0,6,65483,0,8547
0,6,65483,0,8565
0,6,65483,0,8584
0,6,65482,0,8602
0,6,65482,0,8622
0,6,65482,0,8640
65535,6,65483,0,8658
65535,6,65483,0,8682
65535,6,65483,0,8705
65535,6,65483,0,8727
65535,6,65483,0,8751
65535,6,65483,0,8773
65535,6,65482,0,8796
65535,6,65482,0,8819
65535,6,65482,0,8842
0,6,65483,0,8864
0,6,65483,0,8884
0,6,65483,0,8902
0,6,65483,0,8921
0,6,65482,0,8940
0,6,65482,0,8958
0,6,65482,0,8977
0,6,65482,0,8995
0,6,65483,0,9015
0,6,65483,0,9033
0,6,65483,0,9052
0,6,65482,0,9071
0,6,65482,0,9090
0,6,65482,0,9108
0,6,65482,0,9126
0,6,65482,0,9146
0,6,65482,0,9164
0,6,65482,0,9183
0,6,65482,0,9201
65535,6,65483,0,9221
65535,6,65483,0,9243
65535,6,65483,0,9266
0,6,65482,0,9289
0,6,65482,0,9308
0,6,65482,0,9326
0,6,65483,0,9346
0,6,65483,0,9364
0,6,65483,0,9382
0,6,65483,0,9401
0,6,65483,0,9420
0,6,65483,0,9439
0,6,65483,0,9457
0,6,65482,0,9477
0,6,65482,0,9495
0,6,65482,0,9513
0,6,65482,0,9532
0,6,65483,0,9551
0,6,65483,0,9570
0,6,65483,0,9588
0,6,65483,0,9608
0,6,65482,0,9626
0,6,65482,0,9645
0,6,65482,0,9663
65535,6,65483,0,9682
65535,6,65483,0,9705
65535,6,65483,0,9728
0,6,65483,0,9751
0,6,65483,0,9769
0,6,65483,0,9788
0,6,65483,0,9807
0,6,65482,0,9826
0,6,65482,0,9844
0,6,65482,0,9863
0,6,65482,0,9882
65535,6,65482,0,9901
65535,6,65482,0,9923
65535,6,65482,0,9947
0,6,65483,0,9969
0,6,65483,0,9988
0,6,65483,0,10007
0,6,65483,0,10027
0,6,65483,0,10046
0,6,65483,0,10065
0,6,65483,0,10086
0,5,65482,0,10105
0,5,65482,0,10125
0,5,65482,0,10145
65535,6,65482,0,10165
65535,6,65482,0,10188
65535,6,65482,0,10213
0,6,65483,0,10236
0,6,65483,0,10256
0,6,65483,0,10276
0,6,65482,0,10296
0,6,65482,0,10315
0,6,65482,0,10336
0,6,65482,0,10355
65535,6,65483,0,10375
65535,6,65483,0,10398
65535,6,65483,0,10423
0,6,65483,0,10446
0,6,65483,0,10466
0,6,65483,0,10486
65535,6,65483,0,10506
65535,6,65483,0,10529
65535,6,65483,0,10554
0,6,65483,0,10577
0,6,65483,0,10597
0,6,65483,0,10617
0,6,65482,0,10637
0,6,65482,0,10656
0,6,65482,0,10677
0,6,65482,0,10696
65535,6,65483,0,10716
65535,6,65483,0,10740
65535,6,65483,0,10764
65535,6,65483,0,10787
65535,6,65483,0,10812
65535,6,65483,0,10835
0,6,65483,0,10859
0,6,65483,0,10880
0,6,65483,0,10899
0,6,65483,0,10918
0,6,65483,0,10939
0,6,65483,0,10958
0,6,65483,0,10978
0,6,65483,0,10997
0,6,65483,0,11018
0,6,65483,0,11037
0,6,65483,0,11057
0,6,65483,0,11077
0,6,65483,0,11097
0,6,65482,0,11116
0,6,65482,0,11137
0,6,65482,0,11156
0,6,65482,0,11175
0,6,65482,0,11195
0,6,65482,0,11215
0,6,65482,0,11235
0,6,65482,0,11254
0,6,65482,0,11275
0,6,65482,0,11294
0,6,65482,0,11314
0,6,65483,0,11334
0,6,65483,0,11354
0,6,65483,0,11373
0,6,65482,0,11393
0,6,65482,0,11413
0,6,65482,0,11432
0,6,65482,0,11452
0,6,65483,0,11472
0,6,65483,0,11492
0,6,65483,0,11511
0,6,65482,0,11531
0,6,65482,0,11551
0,6,65482,0,11571
0,6,65483,0,11590
0,6,65483,0,11611
0,6,65483,0,11630
0,6,65483,0,11650
0,6,65482,0,11670
0,6,65482,0,11689
0,6,65482,0,11709
65535,6,65482,0,11728
65535,6,65482,0,11753
65535,6,65482,0,11777
0,6,65483,0,11801
0,6,65483,0,11821
0,6,65483,0,11840
0,6,65483,0,11859
65535,6,65482,0,11880
65535,6,65482,0,11904
65535,6,65482,0,11927
65535,6,65482,0,11952
65535,6,65482,0,11975
0,6,65483,0,12000
0,6,65483,0,12019
0,6,65483,0,12039
0,6,65483,0,12058
0,6,65483,0,12079
0,6,65483,0,12098
0,6,65483,0,12118
0,5,65482,0,12138
0,5,65482,0,12157
0,5,65482,0,12177
0,5,65482,0,12196
65535,6,65483,0,12217
65535,6,65483,0,12240
65535,6,65483,0,12264
0,6,65483,0,12289
0,6,65483,0,12308
0,6,65483,0,12327
0,6,65483,0,12348
0,6,65483,0,12367
0,6,65483,0,12387
0,6,65483,0,12407
0,6,65482,0,12427
0,6,65482,0,12446
0,6,65482,0,12467
0,6,65483,0,12486
0,6,65483,0,12506
0,6,65483,0,12525
0,6,65483,0,12546
0,6,65483,0,12565
0,6,65483,0,12584
0,6,65483,0,12605
0,6,65483,0,12624
0,6,65483,0,12644
0,6,65483,0,12663
65535,6,65483,0,12684
65535,6,65483,0,12707
65535,6,65483,0,12732
0,6,65482,0,12755
0,6,65482,0,12775
0,6,65482,0,12794
0,6,65482,0,12815
0,6,65483,0,12834
0,6,65483,0,12854
0,6,65483,0,12874
0,6,65483,0,12894
0,6,65483,0,12913
0,6,65483,0,12934
0,6,65483,0,12953
65535,5,65483,0,12973
65535,5,65483,0,12996
65535,5,65483,0,13021
0,6,65482,0,13044
0,6,65482,0,13065
0,6,65482,0,13084
65535,6,65483,0,13104
65535,6,65483,0,13127
65535,6,65483,0,13152
0,6,65483,0,13175
0,6,65483,0,13195
0,6,65483,0,13215
0,6,65483,0,13235
0,6,65483,0,13254
0,6,65483,0,13275
0,6,65483,0,13294
0,6,65483,0,13314
0,6,65483,0,13334
0,6,65483,0,13353
0,6,65483,0,13373
0,6,65483,0,13392
0,6,65483,0,13413
0,6,65483,0,13432
0,6,65483,0,13452
0,6,65483,0,13472
0,6,65483,0,13492
65535,6,65483,0,13511
65535,6,65483,0,13536
65535,6,65483,0,13559
0,6,65482,0,13583
0,6,65482,0,13603
0,6,65482,0,13623
0,5,65483,0,13642
0,5,65483,0,13662
0,5,65483,0,13682
0,5,65483,0,13702
0,6,65483,0,13721
0,6,65483,0,13742