29,65511,65497,0,43553
29,65511,65497,0,43578
29,65511,65497,0,43603
29,65512,65497,0,43628
29,65512,65497,0,43653
29,65512,65497,0,43678
29,65511,65497,0,43703
29,65511,65497,0,43727
29,65511,65497,0,43753
29,65511,65497,0,43778
29,65511,65497,0,43803
30,65511,65497,0,43828
30,65511,65497,0,43852
30,65511,65497,0,43878
30,65511,65497,0,43902
30,65511,65497,0,43927
30,65511,65497,0,43953
30,65512,65497,0,43977
30,65512,65497,0,44003
30,65512,65497,0,44027
30,65511,65497,0,44052
30,65511,65497,0,44078
30,65511,65497,0,44102
30,65511,65497,0,44127
30,65511,65497,0,44152
30,65511,65497,0,44177
30,65511,65497,0,44203
30,65511,65497,0,44227
30,65511,65497,0,44252
30,65511,65497,0,44277
30,65511,65497,0,44302
30,65511,65497,0,44326
30,65511,65497,0,44352
30,65511,65497,0,44377
30,65511,65497,0,44402
30,65511,65497,0,44427
30,65511,65497,0,44451
30,65511,65497,0,44477
30,65511,65497,0,44502
30,65511,65497,0,44526
30,65511,65497,0,44552
30,65511,65497,0,44576
30,65511,65497,0,44602
30,65511,65497,0,44626
30,65511,65497,0,44651
30,65511,65497,0,44677
30,65511,65497,0,44701
30,65511,65497,0,44726
30,65511,65497,0,44751
30,65511,65497,0,44776
30,65511,65497,0,44802
30,65511,65497,0,44826
30,65511,65497,0,44851
30,65511,65497,0,44876
30,65511,65497,0,44901
30,65511,65497,0,44925
30,65511,65497,0,44951
30,65511,65497,0,44976
30,65511,65497,0,45001
30,65511,65497,0,45026
30,65511,65497,0,45050
30,65511,65497,0,45076
30,65511,65497,0,45101
31,65511,65497,0,45125
31,65511,65497,0,45151
31,65511,65497,0,45175
31,65511,65497,0,45201
31,65511,65497,0,45225
31,65511,65497,0,45250
31,65511,65497,0,45276
31,65511,65497,0,45300
31,65510,65498,0,45325
31,65510,65498,0,45350
31,65510,65498,0,45375
31,65511,65497,0,45401
31,65511,65497,0,45425
31,65511,65497,0,45450
32,65511,65497,0,45475
32,65511,65497,0,45500
32,65511,65497,0,45524
32,65511,65497,0,45550
32,65511,65497,0,45575
32,65511,65498,0,45600
32,65511,65498,0,45625
32,65511,65498,0,45649
32,65510,65498,0,45675
32,65510,65498,0,45700
32,65510,65498,0,45724
33,65510,65498,0,45750
33,65510,65498,0,45774
33,65510,65497,0,45800
33,65510,65497,0,45825
33,65510,65497,0,45849
33,65510,65497,0,45875
33,65510,65497,0,45899
33,65510,65497,0,45924
34,65510,65497,0,45949
34,65510,65497,0,45974
34,65510,65497,0,46000
34,65510,65497,0,46024
34,65510,65497,0,46049
35,65509,65497,0,46074
35,65509,65497,0,46099
35,65509,65497,0,46124
35,65509,65497,0,46149
35,65509,65497,0,46174
35,65509,65497,0,46199
36,65509,65497,0,46224
36,65509,65497,0,46248
36,65509,65497,0,46274
36,65509,65497,0,46299
36,65509,65497,0,46323
37,65508,65496,0,46349
37,65508,65496,0,46373
37,65508,65496,0,46399
38,65508,65495,0,46424
38,65508,65495,0,46448
38,65508,65495,0,46474
39,65508,65495,0,46498
39,65508,65495,0,46523
40,65508,65494,0,46548
40,65508,65494,0,46573
40,65508,65494,0,46599
41,65507,65493,0,46623
41,65507,65493,0,46648
41,65507,65493,0,46673
42,65506,65491,0,46698
42,65506,65491,0,46723
42,65506,65491,0,46748
43,65506,65490,0,46773
43,65506,65490,0,46798
44,65505,65488,0,46823
44,65505,65488,0,46848
44,65505,65488,0,46873
44,65504,65486,0,46898
44,65504,65486,0,46922
44,65504,65486,0,46948
44,65503,65483,0,46972
44,65503,65483,0,46998
44,65503,65481,0,47023
44,65503,65481,0,47047
44,65503,65481,0,47073
43,65502,65479,0,47097
43,65502,65479,0,47122
43,65502,65479,0,47148
42,65501,65476,0,47172
42,65501,65476,0,47198
42,65501,65476,0,47222
40,65501,65473,0,47247
40,65501,65473,0,47272
37,65501,65471,0,47297
37,65501,65471,0,47322
37,65501,65471,0,47347
34,65502,65469,0,47372
34,65502,65469,0,47397
34,65502,65469,0,47422
29,65503,65469,0,47447
29,65503,65469,0,47472
29,65503,65469,0,47497
25,65504,65472,0,47521
25,65504,65472,0,47547
21,65505,65475,0,47571
21,65505,65475,0,47597
21,65505,65475,0,47622
19,65506,65479,0,47646
19,65506,65479,0,47672
19,65506,65479,0,47696
19,65506,65484,0,47721
19,65506,65484,0,47747
20,65507,65487,0,47771
20,65507,65487,0,47797
20,65507,65487,0,47821
22,65507,65489,0,47846
22,65507,65489,0,47872
22,65507,65489,0,47896
23,65507,65489,0,47921
23,65507,65489,0,47946
23,65507,65489,0,47971
24,65508,65490,0,47996
24,65508,65490,0,48021
25,65508,65491,0,48046
25,65508,65491,0,48071
25,65508,65491,0,48096
26,65509,65491,0,48120
26,65509,65491,0,48146
26,65509,65491,0,48171
28,65509,65492,0,48196
28,65509,65492,0,48221
28,65509,65492,0,48245
28,65509,65492,0,48271
28,65509,65492,0,48295
32,65509,65490,0,48320
32,65509,65490,0,48346
32,65509,65490,0,48370
35,65508,65487,0,48396
35,65508,65487,0,48420
35,65508,65487,0,48445
36,65507,65483,0,48471
36,65507,65483,0,48495
33,65507,65478,0,48520
33,65507,65478,0,48545
33,65507,65478,0,48570
30,65508,65476,0,48595
30,65508,65476,0,48620
30,65508,65476,0,48645
28,65509,65475,0,48670
28,65509,65475,0,48695
28,65509,65475,0,48719
25,65510,65474,0,48745
25,65510,65474,0,48770
23,65512,65474,0,48795
23,65512,65474,0,48820
23,65512,65474,0,48844
22,65514,65476,0,48870
22,65514,65476,0,48894
22,65514,65476,0,48919
22,65515,65477,0,48945
22,65515,65477,0,48969
21,65516,65478,0,48995
21,65516,65478,0,49019
21,65516,65478,0,49044
20,65516,65478,0,49070
20,65516,65478,0,49094
20,65516,65478,0,49119
18,65517,65480,0,49144
18,65517,65480,0,49169
18,65517,65480,0,49195
17,65516,65483,0,49219
17,65516,65483,0,49244
17,65515,65485,0,49269
17,65515,65485,0,49294
17,65515,65485,0,49318
17,65514,65487,0,49344
17,65514,65487,0,49369
17,65514,65487,0,49394
17,65512,65489,0,49419
17,65512,65489,0,49443
17,65512,65489,0,49469
16,65511,65491,0,49494
16,65511,65491,0,49518
15,65509,65494,0,49544
15,65509,65494,0,49568
15,65509,65494,0,49594
15,65508,65496,0,49618
15,65508,65496,0,49643
15,65508,65496,0,49669
14,65506,65499,0,49693
14,65506,65499,0,49718
15,65504,65503,0,49743
15,65504,65503,0,49768
15,65504,65503,0,49794
16,65502,65506,0,49818
16,65502,65506,0,49843
16,65502,65506,0,49868
17,65500,65508,0,49893
17,65500,65508,0,49917
17,65500,65508,0,49943
18,65498,65509,0,49968
18,65498,65509,0,49993
19,65497,65510,0,50018
19,65497,65510,0,50042
19,65497,65510,0,50068
19,65496,65510,0,50093
19,65496,65510,0,50117
19,65496,65510,0,50143
20,65496,65510,0,50167
20,65496,65510,0,50193
20,65496,65510,0,50217
19,65496,65510,0,50242
19,65496,65510,0,50268
17,65497,65511,0,50292
17,65497,65511,0,50317
17,65497,65511,0,50342
16,65498,65514,0,50367
16,65498,65514,0,50393
16,65498,65514,0,50417
16,65499,65517,0,50442
16,65499,65517,0,50467
18,65501,65520,0,50492
18,65501,65520,0,50516
18,65501,65520,0,50542
20,65503,65523,0,50567
20,65503,65523,0,50592
20,65503,65523,0,50617
23,65504,65525,0,50641
23,65504,65525,0,50667
23,65504,65525,0,50692
26,65506,65525,0,50716
26,65506,65525,0,50742
30,65507,65525,0,50766
30,65507,65525,0,50792
30,65507,65525,0,50817
32,65508,65523,0,50841
32,65508,65523,0,50867
32,65508,65523,0,50891
35,65509,65521,0,50916
35,65509,65521,0,50941
37,65510,65518,0,50966
37,65510,65518,0,50992
37,65510,65518,0,51016
40,65511,65514,0,51041
40,65511,65514,0,51066
40,65511,65514,0,51091
44,65511,65512,0,51116
44,65511,65512,0,51141
44,65511,65512,0,51166
45,65513,65508,0,51191
45,65513,65508,0,51216
48,65514,65503,0,51240
48,65514,65503,0,51266
48,65514,65503,0,51291
51,65516,65497,0,51315
51,65516,65497,0,51341
51,65516,65497,0,51365
53,65518,65491,0,51391
53,65518,65491,0,51416
53,65518,65491,0,51440
53,65519,65485,0,51466
53,65519,65485,0,51490
53,65521,65479,0,51515
53,65521,65479,0,51540
53,65521,65479,0,51565
51,65521,65476,0,51591
51,65521,65476,0,51615
51,65521,65476,0,51640
50,65522,65474,0,51665
50,65522,65474,0,51690
49,65522,65473,0,51715
49,65522,65473,0,51740
49,65522,65473,0,51765
49,65522,65473,0,51790
49,65522,65473,0,51815
49,65522,65473,0,51840
50,65522,65473,0,51865
50,65522,65473,0,51890
50,65522,65473,0,51914
50,65523,65473,0,51940
50,65523,65473,0,51964
51,65522,65472,0,51990
51,65522,65472,0,52015
51,65522,65472,0,52039
50,65522,65473,0,52065
50,65522,65473,0,52089
50,65522,65473,0,52114
50,65522,65472,0,52140
50,65522,65472,0,52164
50,65522,65472,0,52190
52,65522,65470,0,52214
52,65522,65470,0,52239
49,65523,65473,0,52264
49,65523,65473,0,52289
49,65523,65473,0,52314
51,65522,65471,0,52339
51,65522,65471,0,52364
51,65522,65471,0,52389
49,65523,65473,0,52414
49,65523,65473,0,52439
51,65522,65471,0,52464
51,65522,65471,0,52489
51,65522,65471,0,52513
50,65522,65471,0,52539
50,65522,65471,0,52563
50,65522,65471,0,52589
52,65522,65468,0,52614
52,65522,65468,0,52638
52,65522,65468,0,52664
51,65523,65469,0,52688
51,65523,65469,0,52713
50,65523,65469,0,52739
50,65523,65469,0,52763
50,65523,65469,0,52789
49,65524,65471,0,52813
49,65524,65471,0,52838
49,65524,65471,0,52864
47,65523,65473,0,52888
47,65523,65473,0,52913
46,65524,65474,0,52938
46,65524,65474,0,52963
46,65524,65474,0,52988
44,65524,65475,0,53013
44,65524,65475,0,53038
44,65524,65475,0,53063
43,65524,65476,0,53088
43,65524,65476,0,53112
43,65524,65476,0,53138
42,65524,65476,0,53163
42,65524,65476,0,53188
42,65524,65476,0,53213
42,65524,65476,0,53237
42,65524,65476,0,53263
42,65524,65477,0,53287
42,65524,65477,0,53312
42,65524,65477,0,53338
41,65524,65477,0,53362
41,65524,65477,0,53388
41,65524,65477,0,53412
41,65524,65477,0,53437
41,65524,65477,0,53463
41,65524,65477,0,53487
41,65524,65477,0,53512
41,65524,65477,0,53537
41,65524,65477,0,53562
41,65524,65477,0,53587
41,65524,65477,0,53612
41,65524,65477,0,53637
41,65524,65477,0,53662
41,65524,65476,0,53687
41,65524,65476,0,53711
41,65524,65476,0,53737
41,65524,65476,0,53762
41,65524,65476,0,53787
41,65524,65476,0,53812
41,65525,65476,0,53836
41,65525,65476,0,53862
41,65525,65476,0,53886
41,65524,65476,0,53911
41,65524,65476,0,53937
41,65525,65477,0,53961
41,65525,65477,0,53987
41,65525,65477,0,54011
41,65524,65476,0,54036
41,65524,65476,0,54062
41,65524,65476,0,54086
41,65524,65476,0,54111
41,65524,65476,0,54136
41,65524,65476,0,54161
41,65524,65476,0,54187
41,65524,65476,0,54211
41,65524,65476,0,54236
41,65524,65476,0,54261
41,65524,65476,0,54286
41,65524,65476,0,54310
41,65524,65476,0,54336
41,65524,65476,0,54361
41,65524,65476,0,54386
41,65524,65476,0,54411
41,65524,65476,0,54435
41,65524,65476,0,54461
41,65524,65476,0,54486
41,65525,65476,0,54510
41,65525,65476,0,54536
41,65525,65476,0,54560
41,65524,65476,0,54586
41,65524,65476,0,54610
41,65524,65476,0,54635
41,65525,65476,0,54661
41,65525,65476,0,54685
41,65525,65476,0,54710
41,65525,65476,0,54735
41,65525,65476,0,54760
41,65524,65476,0,54786
41,65524,65476,0,54810
41,65524,65476,0,54835
41,65524,65476,0,54860
41,65524,65476,0,54885
41,65524,65476,0,54909
41,65524,65476,0,54935
41,65524,65476,0,54960
41,65525,65476,0,54985
41,65525,65476,0,55010
41,65525,65476,0,55034
41,65525,65476,0,55060
41,65525,65476,0,55085
41,65525,65476,0,55109
41,65525,65476,0,55135
41,65525,65476,0,55159
41,65525,65476,0,55185
41,65525,65476,0,55209
41,65525,65476,0,55234
41,65524,65477,0,55260
41,65524,65477,0,55284
41,65524,65477,0,55309
41,65524,65476,0,55334
41,65524,65476,0,55359
41,65524,65476,0,55385
41,65524,65476,0,55409
41,65524,65476,0,55434
41,65525,65476,0,55459
41,65525,65476,0,55484
41,65525,65476,0,55508
41,65524,65476,0,55534
41,65524,65476,0,55559
41,65524,65476,0,55584
41,65525,65476,0,55609
41,65525,65476,0,55633
41,65525,65476,0,55659
41,65525,65476,0,55684
41,65525,65476,0,55708
41,65525,65476,0,55734
41,65525,65476,0,55758
41,65525,65476,0,55784
41,65525,65476,0,55809
41,65525,65476,0,55833
41,65525,65476,0,55859
41,65525,65476,0,55883
41,65525,65476,0,55908
41,65525,65476,0,55933
41,65525,65476,0,55958
41,65525,65476,0,55984
41,65525,65476,0,56008
41,65525,65476,0,56033
41,65525,65476,0,56058
41,65525,65476,0,56083
41,65525,65476,0,56108
40,65525,65476,0,56133
40,65525,65476,0,56158
40,65525,65476,0,56183
41,65525,65476,0,56208
41,65525,65476,0,56232
41,65525,65476,0,56258
40,65524,65476,0,56283
40,65524,65476,0,56307
40,65524,65476,0,56333
40,65525,65476,0,56357
40,65525,65476,0,56383
40,65525,65476,0,56408
40,65525,65476,0,56432
40,65525,65476,0,56458
40,65525,65476,0,56482
40,65525,65476,0,56507
40,65525,65476,0,56532
41,65525,65476,0,56557
41,65525,65476,0,56583
41,65525,65476,0,56607
41,65525,65476,0,56632
41,65525,65476,0,56657
41,65525,65476,0,56682
41,65525,65476,0,56707
41,65525,65476,0,56732
40,65525,65476,0,56757
40,65525,65476,0,56782
40,65525,65476,0,56807
40,65525,65476,0,56832
40,65525,65476,0,56857
40,65525,65476,0,56882
40,65525,65476,0,56906
40,65525,65476,0,56932
40,65525,65476,0,56956
40,65525,65476,0,56982
40,65525,65476,0,57007
40,65525,65476,0,57031
40,65525,65476,0,57057
40,65525,65476,0,57081
40,65525,65476,0,57106
40,65525,65476,0,57132
40,65525,65476,0,57156
40,65525,65476,0,57182
40,65525,65476,0,57206
40,65525,65476,0,57231
40,65525,65476,0,57256
40,65525,65476,0,57281
40,65525,65476,0,57306
40,65525,65476,0,57331
40,65525,65476,0,57356
41,65525,65476,0,57381
41,65525,65476,0,57406
41,65525,65476,0,57431
41,65525,65476,0,57456
41,65525,65476,0,57481
41,65525,65476,0,57505
41,65525,65476,0,57531
41,65525,65476,0,57555
40,65525,65476,0,57581
40,65525,65476,0,57606
41,65525,65476,0,57630
41,65525,65476,0,57656
41,65525,65476,0,57680
40,65525,65476,0,57705
40,65525,65476,0,57731
40,65525,65476,0,57755
40,65525,65476,0,57781
40,65525,65476,0,57805
40,65525,65476,0,57830
40,65525,65476,0,57856
40,65525,65476,0,57880
40,65525,65476,0,57905
40,65525,65476,0,57930
40,65525,65476,0,57955
40,65525,65476,0,57980
40,65525,65476,0,58005
40,65525,65476,0,58030
40,65525,65476,0,58055
40,65525,65476,0,58080
40,65525,65476,0,58104
40,65525,65476,0,58130
40,65525,65476,0,58155
40,65525,65476,0,58180
40,65525,65476,0,58205
40,65525,65476,0,58229
40,65525,65476,0,58255
40,65525,65476,0,58279
40,65525,65476,0,58304
40,65525,65476,0,58330
40,65525,65476,0,58354
40,65525,65476,0,58380
40,65525,65476,0,58404
40,65525,65476,0,58429
40,65525,65476,0,58455
40,65525,65476,0,58479
40,65525,65476,0,58504
40,65525,65476,0,58529
40,65525,65476,0,58554
40,65525,65476,0,58579
40,65524,65476,0,58604
40,65524,65476,0,58629
40,65525,65476,0,58654
40,65525,65476,0,58679
40,65525,65476,0,58703
40,65525,65476,0,58729
40,65525,65476,0,58754
40,65525,65476,0,58779
40,65525,65476,0,58804
40,65525,65476,0,58828
40,65525,65476,0,58854
40,65525,65476,0,58878
40,65525,65476,0,58903
40,65525,65476,0,58929
40,65525,65476,0,58953
40,65525,65476,0,58979
40,65525,65476,0,59003
40,65525,65476,0,59028
40,65525,65476,0,59054
40,65525,65476,0,59078
40,65525,65476,0,59103
40,65525,65476,0,59128
40,65525,65476,0,59153
40,65525,65476,0,59179
40,65525,65476,0,59203
40,65525,65476,0,59228
40,65525,65476,0,59253
40,65525,65476,0,59278
40,65525,65476,0,59302
40,65525,65476,0,59328
40,65525,65476,0,59353
40,65525,65476,0,59378
40,65525,65476,0,59403
40,65525,65476,0,59427
40,65525,65476,0,59453
40,65525,65476,0,59478
40,65525,65476,0,59502
40,65525,65476,0,59528
40,65525,65476,0,59552
40,65525,65476,0,59578
40,65525,65476,0,59602
40,65525,65476,0,59627
40,65525,65476,0,59653
40,65525,65476,0,59677
40,65525,65476,0,59702
40,65525,65476,0,59727
40,65525,65476,0,59752
40,65525,65476,0,59778
40,65525,65476,0,59802
40,65525,65476,0,59827
40,65525,65476,0,59852
40,65525,65476,0,59877
40,65525,65476,0,59901
40,65525,65476,0,59927
40,65525,65476,0,59952
40,65525,65476,0,59977
40,65525,65476,0,60002
40,65525,65476,0,60026
40,65525,65476,0,60052
40,65525,65475,0,60077
40,65525,65475,0,60101
40,65525,65475,0,60127
40,65525,65476,0,60151
40,65525,65476,0,60177
40,65525,65476,0,60201
40,65525,65476,0,60226
40,65525,65476,0,60252
40,65525,65476,0,60276
40,65525,65476,0,60301
40,65525,65476,0,60326
40,65525,65476,0,60351
40,65525,65476,0,60377
40,65525,65476,0,60401
40,65525,65476,0,60426
40,65525,65476,0,60451
40,65525,65476,0,60476
40,65525,65476,0,60500
40,65525,65476,0,60526
40,65525,65476,0,60551
40,65525,65476,0,60576
40,65525,65476,0,60601
40,65525,65476,0,60625
40,65525,65476,0,60651
40,65525,65476,0,60676
40,65525,65476,0,60700
40,65525,65476,0,60726
40,65525,65476,0,60750
40,65525,65476,0,60776
40,65525,65476,0,60801
40,65525,65476,0,60825
40,65525,65476,0,60851
40,65525,65476,0,60875
40,65525,65476,0,60900
40,65525,65476,0,60925
40,65525,65476,0,60950
40,65525,65476,0,60976
40,65525,65476,0,61000
40,65525,65476,0,61025
40,65525,65476,0,61050
40,65525,65476,0,61075
40,65525,65476,0,61100
40,65525,65476,0,61125
40,65525,65476,0,61150
39,65525,65475,0,61175
39,65525,65475,0,61200
39,65525,65475,0,61224
40,65525,65476,0,61250
40,65525,65476,0,61275
40,65525,65476,0,61299
40,65525,65476,0,61325
40,65525,65476,0,61349
40,65525,65476,0,61375
40,65525,65476,0,61400
40,65525,65476,0,61424
40,65525,65475,0,61450
40,65525,65475,0,61474
40,65525,65475,0,61499
40,65525,65476,0,61524
40,65525,65476,0,61549
40,65525,65476,0,61575
40,65525,65476,0,61599
40,65525,65476,0,61624
39,65525,65476,0,61649
39,65525,65476,0,61674
39,65525,65476,0,61699
40,65525,65475,0,61724
40,65525,65475,0,61749
40,65525,65475,0,61774
40,65525,65475,0,61799
40,65525,65475,0,61824
40,65525,65475,0,61849
40,65525,65475,0,61874
40,65525,65475,0,61898
40,65525,65476,0,61924
40,65525,65476,0,61948
40,65525,65476,0,61974
40,65525,65476,0,61999
40,65525,65476,0,62023
40,65525,65475,0,62049
40,65525,65475,0,62073
40,65525,65475,0,62098
39,65525,65476,0,62124
39,65525,65476,0,62148
39,65525,65476,0,62174
39,65525,65476,0,62198
39,65525,65476,0,62223
39,65525,65476,0,62248
39,65525,65475,0,62273
39,65525,65475,0,62298
40,65525,65476,0,62323
40,65525,65476,0,62348
40,65525,65476,0,62373
39,65525,65475,0,62398
39,65525,65475,0,62423
39,65525,65475,0,62448
39,65525,65476,0,62473
39,65525,65476,0,62497
39,65525,65476,0,62523
39,65525,65475,0,62547
39,65525,65475,0,62573
39,65525,65475,0,62598
39,65525,65475,0,62622
39,65525,65475,0,62648
39,65525,65475,0,62672
39,65525,65475,0,62697
39,65525,65475,0,62723
39,65525,65475,0,62747
39,65525,65475,0,62773
40,65525,65475,0,62797
40,65525,65475,0,62822
40,65525,65475,0,62848
39,65525,65475,0,62872
39,65525,65475,0,62897
39,65525,65475,0,62922
39,65525,65476,0,62947
39,65525,65476,0,62972
39,65525,65476,0,62997
40,65525,65476,0,63022
40,65525,65476,0,63047
39,65525,65476,0,63072
39,65525,65476,0,63096
39,65525,65476,0,63122
40,65525,65476,0,63147
40,65525,65476,0,63172
40,65525,65476,0,63197
40,65525,65475,0,63221
40,65525,65475,0,63247
40,65525,65475,0,63271
40,65525,65475,0,63296
40,65525,65475,0,63322
39,65525,65476,0,63346
39,65525,65476,0,63372
39,65525,65476,0,63396
39,65525,65475,0,63421
39,65525,65475,0,63447
39,65525,65475,0,63471
39,65525,65475,0,63496
39,65525,65475,0,63521
39,65525,65476,0,63546
39,65525,65476,0,63571
39,65525,65476,0,63596
40,65524,65476,0,63621
40,65524,65476,0,63646
40,65524,65476,0,63671
41,65524,65476,0,63695
41,65524,65476,0,63721
41,65524,65476,0,63746
41,65524,65475,0,63771
41,65524,65475,0,63796
41,65524,65475,0,63820
41,65524,65475,0,63846
41,65524,65475,0,63870
41,65524,65475,0,63895
41,65524,65475,0,63921
41,65524,65475,0,63945
41,65524,65475,0,63971
41,65524,65475,0,63995
41,65524,65475,0,64020
41,65524,65475,0,64046
41,65524,65475,0,64070
41,65525,65475,0,64095
41,65525,65475,0,64120
41,65525,65475,0,64145
41,65524,65475,0,64171
41,65524,65475,0,64195
41,65524,65475,0,64220
41,65524,65475,0,64245
41,65524,65475,0,64270
41,65524,65475,0,64294
41,65524,65475,0,64320
41,65524,65475,0,64345
41,65525,65475,0,64370
41,65525,65475,0,64395
41,65525,65475,0,64419
41,65524,65475,0,64445
41,65524,65475,0,64470
41,65524,65475,0,64494
41,65524,65475,0,64520
41,65524,65475,0,64544
41,65524,65475,0,64570
41,65524,65475,0,64594
41,65524,65475,0,64619
41,65524,65475,0,64645
41,65524,65475,0,64669
41,65524,65475,0,64694
41,65525,65475,0,64719
41,65525,65475,0,64744
41,65525,65475,0,64770
41,65525,65475,0,64794
41,65525,65475,0,64819
41,65525,65475,0,64844
41,65525,65475,0,64869
41,65525,65475,0,64893
41,65525,65475,0,64919
41,65525,65475,0,64944
41,65525,65475,0,64969
41,65525,65474,0,64994
41,65525,65474,0,65018
41,65524,65475,0,65044
41,65524,65475,0,65069
41,65524,65475,0,65093
41,65524,65475,0,65119
41,65524,65475,0,65143
41,65524,65475,0,65169
41,65524,65475,0,65193
41,65524,65475,0,65218
41,65524,65475,0,65244
41,65524,65475,0,65268
41,65524,65475,0,65293
41,65524,65475,0,65318
41,65524,65475,0,65343
41,65524,65475,0,65369
41,65524,65475,0,65393
41,65524,65475,0,65418
41,65524,65475,0,65443
41,65524,65475,0,65468
41,65524,65475,0,65492
41,65525,65474,0,65518
41,65525,65474,0,7
41,65525,65474,0,27
41,65524,65475,0,50
41,65524,65475,0,71
41,65524,65475,0,93
41,65524,65475,0,115
41,65524,65475,0,138
41,65524,65475,0,160
41,65524,65475,0,184
41,65524,65475,0,206
41,65524,65475,0,230
41,65524,65475,0,252
41,65524,65475,0,275
41,65524,65475,0,299
41,65524,65475,0,321
41,65524,65475,0,344
41,65524,65475,0,367
41,65524,65474,0,390
41,65524,65474,0,412
41,65524,65474,0,436
41,65524,65475,0,458
41,65524,65475,0,481
41,65524,65475,0,504
41,65524,65475,0,527
41,65524,65475,0,549
41,65524,65475,0,573
41,65524,65475,0,595
41,65524,65475,0,618
41,65524,65475,0,642
40,65525,65474,0,664
40,65525,65474,0,687
40,65525,65474,0,710
40,65524,65474,0,733
40,65524,65474,0,755
40,65524,65474,0,779
40,65525,65475,0,801
40,65525,65475,0,824
40,65525,65475,0,847
40,65525,65474,0,870
40,65525,65474,0,892
40,65525,65474,0,916
41,65525,65474,0,939
41,65525,65474,0,962
41,65525,65474,0,985
40,65525,65474,0,1007
40,65525,65474,0,1032
40,65525,65474,0,1055
40,65524,65475,0,1079
40,65524,65475,0,1103
40,65524,65475,0,1127
37,65520,65482,0,1150
37,65520,65482,0,1175
37,65520,65482,0,1199
38,65521,65479,0,1222
38,65521,65479,0,1247
38,65521,65479,0,1270
38,65521,65479,0,1295
38,65521,65479,0,1318
36,65520,65482,0,1342
36,65520,65482,0,1367
36,65520,65482,0,1390
39,65522,65478,0,1414
39,65522,65478,0,1438
39,65522,65478,0,1462
39,65521,65478,0,1485
39,65521,65478,0,1510
39,65521,65478,0,1533
43,65521,65474,0,1557
43,65521,65474,0,1582
43,65521,65474,0,1605
51,65520,65465,0,1630
51,65520,65465,0,1653
51,65520,65465,0,1677
55,65520,65462,0,1701
55,65520,65462,0,1725
57,65521,65459,0,1748
57,65521,65459,0,1773
57,65521,65459,0,1797
48,65524,65467,0,1820
48,65524,65467,0,1845
48,65524,65467,0,1868
47,65524,65469,0,1893
47,65524,65469,0,1916
47,65524,65469,0,1940
47,65523,65468,0,1965
47,65523,65468,0,1988
47,65523,65468,0,2012
47,65523,65468,0,2036
47,65523,65468,0,2060
47,65523,65468,0,2083
46,65523,65469,0,2108
46,65523,65469,0,2131
46,65523,65468,0,2155
47,65523,65468,0,2180
47,65523,65468,0,2203
47,65523,65469,0,2228
47,65523,65469,0,2251
47,65523,65469,0,2275
46,65524,65469,0,2299
46,65524,65469,0,2323
46,65524,65469,0,2347
46,65523,65469,0,2371
46,65523,65469,0,2395
46,65523,65469,0,2418
47,65523,65468,0,2443
47,65523,65468,0,2466
47,65523,65468,0,2490
46,65524,65469,0,2514
46,65524,65469,0,2538
46,65524,65469,0,2563
47,65523,65468,0,2586
47,65523,65468,0,2610
46,65523,65469,0,2634
46,65523,65469,0,2658
46,65523,65469,0,2681
46,65523,65469,0,2706
46,65523,65469,0,2729
46,65523,65469,0,2753
46,65524,65469,0,2778
46,65524,65469,0,2801
46,65524,65469,0,2826
46,65524,65469,0,2849
46,65524,65469,0,2873
46,65524,65469,0,2897
46,65524,65469,0,2921
46,65524,65469,0,2945
46,65524,65469,0,2969
46,65524,65469,0,2993
46,65524,65469,0,3016
45,65523,65469,0,3041
45,65523,65469,0,3064
45,65523,65469,0,3088
46,65524,65469,0,3112
46,65524,65469,0,3136
46,65524,65469,0,3161
46,65524,65469,0,3184
46,65524,65469,0,3208
46,65524,65469,0,3232
46,65523,65469,0,3256
46,65523,65469,0,3279
46,65523,65469,0,3304
45,65523,65469,0,3328
45,65523,65469,0,3351
45,65523,65469,0,3376
45,65523,65469,0,3399
45,65523,65469,0,3424
45,65523,65469,0,3447
45,65523,65469,0,3471
45,65523,65469,0,3495
45,65524,65469,0,3519
45,65524,65469,0,3543
45,65524,65469,0,3567
45,65524,65469,0,3591
45,65524,65469,0,3614
45,65524,65469,0,3639
45,65524,65469,0,3662
45,65524,65469,0,3686
45,65524,65469,0,3710
45,65524,65470,0,3734
45,65524,65470,0,3759
45,65524,65470,0,3782
44,65524,65470,0,3806
44,65524,65470,0,3830
44,65524,65470,0,3854
45,65523,65469,0,3877
45,65523,65469,0,3902
44,65524,65469,0,3926
44,65524,65469,0,3949
44,65524,65469,0,3974
44,65524,65469,0,3997
44,65524,65469,0,4021
44,65524,65469,0,4045
43,65524,65470,0,4069
43,65524,65470,0,4093
43,65524,65470,0,4117
43,65524,65469,0,4141
43,65524,65469,0,4165
43,65524,65469,0,4189
43,65524,65469,0,4212
43,65524,65469,0,4237
43,65524,65469,0,4260
43,65524,65469,0,4284
43,65524,65469,0,4308
43,65524,65469,0,4332
43,65524,65469,0,4357
43,65524,65469,0,4380
42,65524,65468,0,4404
42,65524,65468,0,4428
42,65524,65468,0,4452
40,65524,65469,0,4475
40,65524,65469,0,4500
40,65524,65469,0,4524
37,65524,65469,0,4547
37,65524,65469,0,4572
37,65524,65469,0,4595
37,65523,65469,0,4619
37,65523,65469,0,4643
37,65523,65469,0,4667
34,65523,65471,0,4691
34,65523,65471,0,4715
34,65523,65471,0,4739
32,65521,65472,0,4763
32,65521,65472,0,4787
33,65519,65471,0,4810
33,65519,65471,0,4835
33,65519,65471,0,4858
30,65517,65472,0,4882
30,65517,65472,0,4907
30,65517,65472,0,4930
25,65516,65477,0,4955
25,65516,65477,0,4978
25,65516,65477,0,5002
20,65512,65481,0,5026
20,65512,65481,0,5050
20,65512,65481,0,5073
16,65511,65498,0,5098
16,65511,65498,0,5122
16,65511,65498,0,5145
20,65504,65510,0,5170
20,65504,65510,0,5193
31,65502,65511,0,5217
31,65502,65511,0,5241
31,65502,65511,0,5265
36,65504,65506,0,5289
36,65504,65506,0,5313
36,65504,65506,0,5337
35,65504,65501,0,5361
35,65504,65501,0,5385
35,65504,65501,0,5408
35,65506,65499,0,5433
35,65506,65499,0,5456
35,65506,65499,0,5480
35,65508,65496,0,5505
35,65508,65496,0,5528
35,65508,65496,0,5552
36,65510,65493,0,5576
36,65510,65493,0,5600
35,65511,65489,0,5624
35,65511,65489,0,5648
35,65511,65489,0,5671
33,65513,65484,0,5696
33,65513,65484,0,5720
33,65513,65484,0,5743
28,65513,65480,0,5768
28,65513,65480,0,5791
28,65513,65480,0,5815
22,65514,65481,0,5839
22,65514,65481,0,5863
22,65514,65481,0,5888
17,65516,65485,0,5911
17,65516,65485,0,5935
17,65516,65485,0,5959
16,65517,65490,0,5983
16,65517,65490,0,6006
16,65517,65490,0,6031
17,65516,65494,0,6054
17,65516,65494,0,6078
19,65516,65497,0,6103
19,65516,65497,0,6126
19,65516,65497,0,6150
21,65515,65498,0,6174
21,65515,65498,0,6198
21,65515,65498,0,6222
23,65514,65499,0,6246
23,65514,65499,0,6269
23,65514,65499,0,6294
24,65514,65499,0,6318
24,65514,65499,0,6341
24,65514,65499,0,6366
25,65514,65499,0,6389
25,65514,65499,0,6413
25,65514,65499,0,6437
26,65513,65498,0,6461
26,65513,65498,0,6486
26,65513,65498,0,6509
26,65513,65498,0,6533
26,65513,65498,0,6557
27,65513,65498,0,6581
27,65513,65498,0,6604
27,65513,65498,0,6629
27,65513,65498,0,6652
27,65513,65498,0,6676
27,65513,65498,0,6701
27,65513,65498,0,6724
27,65513,65498,0,6748
27,65513,65498,0,6772
28,65512,65498,0,6796
28,65512,65498,0,6820
28,65512,65498,0,6844
28,65513,65498,0,6867
28,65513,65498,0,6892
28,65512,65497,0,6916
28,65512,65497,0,6939
28,65512,65497,0,6964
28,65512,65498,0,6987
28,65512,65498,0,7011
28,65512,65498,0,7035
28,65512,65497,0,7059
28,65512,65497,0,7083
28,65512,65497,0,7107
29,65512,65498,0,7131
29,65512,65498,0,7155
29,65512,65498,0,7179
28,65512,65497,0,7202
28,65512,65497,0,7227
28,65512,65497,0,7250
29,65512,65497,0,7274
29,65512,65497,0,7299
29,65512,65497,0,7322
28,65512,65497,0,7346
28,65512,65497,0,7370
29,65512,65497,0,7394
29,65512,65497,0,7418
29,65512,65497,0,7442
28,65512,65497,0,7465
28,65512,65497,0,7490
28,65512,65497,0,7514
28,65512,65497,0,7537
28,65512,65497,0,7562
28,65512,65497,0,7585
28,65512,65497,0,7609
28,65512,65497,0,7633
28,65512,65497,0,7657
29,65512,65497,0,7681
29,65512,65497,0,7705
29,65512,65497,0,7729
29,65512,65497,0,7753
29,65512,65497,0,7777
29,65512,65496,0,7800
29,65512,65496,0,7825
29,65512,65496,0,7848
29,65512,65497,0,7872
29,65512,65497,0,7897
29,65512,65497,0,7920
29,65512,65497,0,7944
29,65512,65497,0,7968
29,65512,65497,0,7992
28,65512,65497,0,8016
28,65512,65497,0,8040
28,65512,65497,0,8064
28,65512,65497,0,8088
28,65512,65497,0,8112
28,65512,65497,0,8135
29,65512,65496,0,8160
29,65512,65496,0,8183
29,65512,65497,0,8207
29,65512,65497,0,8231
29,65512,65497,0,8255
29,65512,65497,0,8279
29,65512,65497,0,8303
29,65512,65497,0,8327
29,65512,65497,0,8351
29,65512,65497,0,8375
29,65512,65497,0,8398
29,65512,65497,0,8423
29,65512,65497,0,8446
29,65512,65497,0,8470
29,65511,65497,0,8495
29,65511,65497,0,8518
29,65511,65497,0,8542
29,65512,65497,0,8566
29,65512,65497,0,8590
29,65512,65497,0,8613
29,65512,65497,0,8638
29,65512,65497,0,8662
29,65512,65496,0,8686
29,65512,65496,0,8710
29,65512,65496,0,8733
29,65512,65497,0,8758
29,65512,65497,0,8781
29,65512,65497,0,8805
29,65512,65497,0,8829
29,65512,65497,0,8853
29,65512,65497,0,8877
29,65512,65497,0,8901
29,65512,65497,0,8925
29,65512,65497,0,8949
29,65512,65496,0,8973
29,65512,65496,0,8996
29,65512,65496,0,9021
29,65512,65497,0,9044
29,65512,65497,0,9068
29,65512,65496,0,9093
29,65512,65496,0,9116
29,65512,65496,0,9140
29,65512,65497,0,9164
29,65512,65497,0,9188
29,65512,65497,0,9211
28,65512,65496,0,9236
28,65512,65496,0,9260
28,65512,65496,0,9284
29,65511,65496,0,9308
29,65511,65496,0,9331
29,65511,65496,0,9356
29,65511,65497,0,9379
29,65511,65497,0,9403
29,65511,65497,0,9427
29,65512,65497,0,9451
29,65512,65497,0,9475
28,65512,65497,0,9499
28,65512,65497,0,9523
28,65512,65497,0,9547
29,65512,65496,0,9571
29,65512,65496,0,9594
29,65512,65496,0,9619
29,65512,65497,0,9643
29,65512,65497,0,9666
29,65512,65497,0,9691
28,65512,65496,0,9714
28,65512,65496,0,9738
28,65512,65496,0,9762
29,65512,65497,0,9786
29,65512,65497,0,9809
29,65512,65497,0,9834
29,65512,65496,0,9858
29,65512,65496,0,9882
29,65512,65496,0,9906
29,65511,65496,0,9929
29,65511,65496,0,9954
29,65511,65497,0,9977
29,65511,65497,0,10001
29,65511,65497,0,10027
29,65512,65497,0,10051
29,65512,65497,0,10076
29,65512,65497,0,10101
29,65512,65496,0,10126
29,65512,65496,0,10151
29,65512,65496,0,10176
29,65512,65497,0,10201
29,65512,65497,0,10226
28,65511,65497,0,10251
28,65511,65497,0,10275
28,65511,65497,0,10301
29,65512,65496,0,10326
29,65512,65496,0,10351
29,65512,65496,0,10376
29,65511,65496,0,10400
29,65511,65496,0,10426
29,65512,65497,0,10450
29,65512,65497,0,10475
29,65512,65497,0,10501
29,65512,65496,0,10525
29,65512,65496,0,10551
29,65512,65496,0,10575
28,65512,65496,0,10600
28,65512,65496,0,10626
28,65512,65496,0,10650
29,65511,65497,0,10675
29,65511,65497,0,10700
29,65512,65496,0,10725
29,65512,65496,0,10750
29,65512,65496,0,10775
29,65511,65497,0,10800
29,65511,65497,0,10825
29,65511,65497,0,10850
29,65512,65496,0,10874
29,65512,65496,0,10900
29,65512,65496,0,10925
29,65512,65496,0,10950
29,65512,65496,0,10975
29,65511,65497,0,10999
29,65511,65497,0,11025
29,65511,65497,0,11049
29,65511,65497,0,11074
29,65511,65497,0,11100
29,65511,65497,0,11124
29,65512,65496,0,11150
29,65512,65496,0,11174
29,65512,65497,0,11199
29,65512,65497,0,11225
29,65512,65497,0,11249
29,65511,65497,0,11274
29,65511,65497,0,11299
29,65511,65497,0,11324
29,65512,65497,0,11350
29,65512,65497,0,11374
29,65512,65497,0,11399
29,65511,65496,0,11424
29,65511,65496,0,11449
28,65512,65497,0,11473
28,65512,65497,0,11499
28,65512,65497,0,11524
29,65512,65497,0,11549
29,65512,65497,0,11574
29,65512,65497,0,11598
29,65512,65497,0,11624
29,65512,65497,0,11649
29,65512,65497,0,11673
29,65511,65496,0,11699
29,65511,65496,0,11723
29,65512,65497,0,11749
29,65512,65497,0,11773
29,65512,65497,0,11798
29,65512,65496,0,11824
29,65512,65496,0,11848
29,65512,65496,0,11873
29,65512,65496,0,11898
29,65512,65496,0,11923
29,65511,65497,0,11949
29,65511,65497,0,11973
29,65511,65497,0,11998
29,65512,65497,0,12023
29,65512,65497,0,12048
29,65512,65497,0,12072
29,65512,65497,0,12098
29,65512,65497,0,12123
29,65512,65497,0,12148
29,65511,65497,0,12173
29,65511,65497,0,12197
29,65512,65497,0,12223
29,65512,65497,0,12248
29,65512,65497,0,12272
29,65512,65497,0,12298
29,65512,65497,0,12322
29,65512,65497,0,12348
29,65512,65497,0,12372
29,65512,65497,0,12397
29,65512,65496,0,12423
29,65512,65496,0,12447
29,65512,65496,0,12472
28,65512,65497,0,12497
28,65512,65497,0,12522
28,65512,65497,0,12548
29,65512,65497,0,12572
29,65512,65497,0,12597
29,65512,65497,0,12622
29,65512,65497,0,12647
29,65512,65497,0,12672
29,65512,65496,0,12697
29,65512,65496,0,12722
29,65512,65496,0,12747
29,65512,65497,0,12772
29,65512,65497,0,12796
29,65512,65497,0,12822
29,65512,65497,0,12847
29,65512,65497,0,12871
29,65512,65497,0,12897
29,65512,65497,0,12921
29,65512,65497,0,12947
29,65512,65496,0,12972
29,65512,65496,0,12996
29,65512,65496,0,13022
29,65512,65496,0,13046
29,65512,65496,0,13071
29,65512,65496,0,13096
29,65512,65496,0,13121
29,65512,65496,0,13147
29,65512,65497,0,13171
29,65512,65497,0,13196
29,65512,65497,0,13221
29,65512,65497,0,13246
29,65512,65497,0,13271
29,65512,65497,0,13296
29,65512,65496,0,13321
29,65512,65496,0,13346
29,65512,65496,0,13371
29,65511,65496,0,13395
29,65511,65496,0,13421
28,65512,65497,0,13446
28,65512,65497,0,13470
28,65512,65497,0,13496
29,65512,65497,0,13520
29,65512,65497,0,13546
29,65512,65497,0,13571
29,65512,65497,0,13595
29,65512,65497,0,13621
29,65512,65497,0,13645
29,65512,65497,0,13670
29,65512,65497,0,13696
29,65512,65496,0,13720
29,65512,65496,0,13746
29,65512,65496,0,13770
29,65512,65497,0,13795
29,65512,65497,0,13820
29,65512,65497,0,13845
29,65512,65496,0,13870
29,65512,65496,0,13895
29,65512,65497,0,13920
29,65512,65497,0,13945
29,65512,65497,0,13970
29,65512,65496,0,13995
29,65512,65496,0,14020
29,65512,65496,0,14045
29,65512,65497,0,14069
29,65512,65497,0,14095
29,65512,65497,0,14119
29,65512,65497,0,14145
29,65512,65497,0,14170
29,65512,65496,0,14194
29,65512,65496,0,14220
29,65512,65496,0,14244
29,65512,65497,0,14269
29,65512,65497,0,14295
29,65512,65497,0,14319
29,65512,65497,0,14345
29,65512,65497,0,14369