29,65512,65496,0,53956
29,65512,65496,0,53981
29,65512,65496,0,54005
29,65512,65496,0,54031
29,65512,65497,0,54055
29,65512,65497,0,54081
29,65512,65496,0,54106
29,65512,65496,0,54130
29,65512,65496,0,54156
29,65512,65496,0,54180
29,65512,65496,0,54205
29,65512,65496,0,54231
29,65512,65497,0,54255
29,65512,65497,0,54281
29,65512,65497,0,54305
29,65511,65496,0,54330
29,65511,65496,0,54355
29,65511,65496,0,54380
29,65511,65496,0,54405
29,65511,65496,0,54430
29,65511,65496,0,54455
29,65511,65496,0,54480
29,65511,65496,0,54505
29,65512,65496,0,54530
29,65512,65496,0,54555
29,65512,65497,0,54580
29,65512,65497,0,54604
29,65512,65497,0,54630
29,65512,65496,0,54654
29,65512,65496,0,54680
29,65512,65496,0,54705
29,65512,65496,0,54729
29,65512,65496,0,54755
29,65512,65496,0,54779
29,65511,65496,0,54804
29,65511,65496,0,54830
29,65512,65497,0,54854
29,65512,65497,0,54880
29,65512,65497,0,54904
29,65512,65496,0,54929
29,65512,65496,0,54955
29,65512,65496,0,54979
29,65512,65496,0,55004
29,65512,65496,0,55029
29,65511,65496,0,55054
29,65511,65496,0,55079
29,65511,65496,0,55104
29,65511,65496,0,55129
29,65511,65496,0,55154
29,65511,65496,0,55179
29,65512,65496,0,55203
29,65512,65496,0,55229
29,65512,65496,0,55254
29,65512,65496,0,55279
29,65512,65496,0,55304
29,65512,65496,0,55328
29,65512,65496,0,55354
29,65512,65496,0,55378
29,65511,65496,0,55403
29,65511,65496,0,55429
29,65511,65496,0,55453
29,65512,65497,0,55479
29,65512,65497,0,55503
29,65512,65497,0,55528
29,65511,65496,0,55554
29,65511,65496,0,55578
29,65512,65496,0,55603
29,65512,65496,0,55628
29,65512,65496,0,55653
29,65511,65496,0,55678
29,65511,65496,0,55703
29,65511,65496,0,55728
29,65512,65496,0,55753
29,65512,65496,0,55778
29,65512,65497,0,55802
29,65512,65497,0,55828
29,65512,65497,0,55853
29,65512,65496,0,55878
29,65512,65496,0,55903
29,65512,65496,0,55927
29,65511,65496,0,55953
29,65511,65496,0,55977
29,65511,65496,0,56002
29,65512,65496,0,56028
29,65512,65496,0,56052
29,65512,65496,0,56078
29,65512,65496,0,56102
29,65512,65496,0,56127
29,65511,65497,0,56153
29,65511,65497,0,56177
29,65511,65497,0,56202
29,65512,65497,0,56227
29,65512,65497,0,56252
29,65512,65497,0,56278
29,65511,65496,0,56302
29,65511,65496,0,56327
29,65512,65496,0,56352
29,65512,65496,0,56377
29,65512,65496,0,56401
29,65512,65496,0,56427
29,65512,65496,0,56452
29,65512,65496,0,56477
29,65512,65496,0,56502
29,65512,65496,0,56526
29,65511,65496,0,56552
29,65511,65496,0,56577
29,65511,65496,0,56601
29,65511,65497,0,56627
29,65511,65497,0,56651
29,65511,65497,0,56677
29,65512,65496,0,56701
29,65512,65496,0,56726
29,65512,65496,0,56752
29,65511,65496,0,56776
29,65511,65496,0,56801
29,65512,65497,0,56826
29,65512,65497,0,56851
29,65512,65497,0,56877
29,65512,65496,0,56901
29,65512,65496,0,56926
29,65512,65496,0,56951
29,65511,65496,0,56976
29,65511,65496,0,57000
29,65512,65496,0,57026
29,65512,65496,0,57051
29,65512,65496,0,57076
29,65511,65496,0,57101
29,65511,65496,0,57125
29,65511,65496,0,57151
29,65512,65497,0,57176
29,65512,65497,0,57200
29,65512,65497,0,57226
29,65511,65497,0,57250
29,65511,65497,0,57276
29,65511,65496,0,57300
29,65511,65496,0,57325
29,65511,65496,0,57351
29,65511,65497,0,57375
29,65511,65497,0,57400
29,65511,65497,0,57425
29,65512,65496,0,57450
29,65512,65496,0,57476
29,65512,65496,0,57500
29,65512,65496,0,57525
29,65512,65496,0,57550
29,65512,65496,0,57575
29,65512,65496,0,57600
29,65512,65496,0,57625
29,65511,65497,0,57650
29,65511,65497,0,57675
29,65511,65497,0,57700
29,65511,65497,0,57724
29,65511,65497,0,57750
29,65512,65497,0,57775
29,65512,65497,0,57799
29,65512,65497,0,57825
29,65512,65496,0,57849
29,65512,65496,0,57875
29,65512,65496,0,57900
29,65511,65496,0,57924
29,65511,65496,0,57950
29,65511,65496,0,57974
29,65511,65497,0,57999
29,65511,65497,0,58024
29,65512,65497,0,58049
29,65512,65497,0,58075
29,65512,65497,0,58099
29,65512,65496,0,58124
29,65512,65496,0,58149
29,65512,65496,0,58174
29,65511,65496,0,58199
29,65511,65496,0,58224
29,65511,65496,0,58249
29,65512,65496,0,58274
29,65512,65496,0,58299
29,65511,65496,0,58323
29,65511,65496,0,58349
29,65511,65496,0,58374
29,65511,65497,0,58398
29,65511,65497,0,58424
29,65511,65497,0,58448
29,65511,65496,0,58474
29,65511,65496,0,58499
29,65512,65496,0,58523
29,65512,65496,0,58549
29,65512,65496,0,58573
29,65512,65497,0,58598
29,65512,65497,0,58624
29,65512,65497,0,58648
29,65512,65496,0,58674
29,65512,65496,0,58698
29,65512,65496,0,58723
29,65511,65497,0,58748
29,65511,65497,0,58773
29,65511,65496,0,58798
29,65511,65496,0,58823
29,65511,65496,0,58848
29,65512,65496,0,58873
29,65512,65496,0,58898
29,65512,65496,0,58923
29,65512,65497,0,58948
29,65512,65497,0,58973
29,65512,65497,0,58997
29,65512,65497,0,59023
29,65512,65497,0,59047
29,65511,65496,0,59073
29,65511,65496,0,59098
29,65511,65496,0,59122
29,65511,65497,0,59148
29,65511,65497,0,59172
29,65511,65497,0,59197
29,65512,65496,0,59223
29,65512,65496,0,59247
29,65512,65497,0,59273
29,65512,65497,0,59297
29,65512,65497,0,59322
29,65512,65496,0,59347
29,65512,65496,0,59372
29,65512,65496,0,59397
29,65512,65497,0,59422
29,65512,65497,0,59447
29,65512,65497,0,59472
29,65512,65496,0,59497
29,65512,65496,0,59522
29,65512,65496,0,59547
29,65512,65496,0,59572
29,65512,65496,0,59596
29,65512,65496,0,59622
29,65512,65496,0,59646
29,65512,65496,0,59672
29,65512,65497,0,59697
29,65512,65497,0,59721
29,65511,65497,0,59747
29,65511,65497,0,59771
29,65511,65497,0,59796
29,65511,65497,0,59822
29,65511,65497,0,59846
29,65511,65497,0,59872
29,65512,65497,0,59896
29,65512,65497,0,59921
29,65512,65497,0,59947
29,65512,65497,0,59971
29,65512,65497,0,59996
29,65512,65497,0,60021
29,65512,65497,0,60046
29,65512,65497,0,60071
29,65512,65497,0,60096
29,65512,65497,0,60121
29,65512,65497,0,60146
29,65512,65497,0,60171
29,65512,65497,0,60195
29,65512,65497,0,60221
29,65512,65497,0,60246
29,65512,65497,0,60271
29,65512,65497,0,60296
29,65512,65497,0,60320
29,65512,65497,0,60346
29,65512,65497,0,60370
29,65512,65497,0,60395
29,65512,65497,0,60421
28,65512,65497,0,60445
28,65512,65497,0,60471
29,65512,65497,0,60495
29,65512,65497,0,60520
29,65512,65497,0,60546
28,65512,65498,0,60570
28,65512,65498,0,60595
28,65512,65498,0,60620
28,65512,65498,0,60645
28,65512,65498,0,60670
28,65512,65498,0,60695
28,65512,65498,0,60720
28,65512,65498,0,60745
28,65512,65498,0,60770
28,65512,65498,0,60794
28,65512,65498,0,60820
28,65513,65498,0,60845
28,65513,65498,0,60870
28,65513,65498,0,60895
28,65513,65498,0,60919
28,65513,65498,0,60945
28,65513,65498,0,60969
27,65513,65498,0,60994
27,65513,65498,0,61020
27,65513,65498,0,61044
27,65513,65498,0,61070
27,65513,65498,0,61094
27,65513,65498,0,61119
27,65513,65498,0,61145
27,65513,65498,0,61169
26,65514,65499,0,61194
26,65514,65499,0,61219
25,65514,65499,0,61244
25,65514,65499,0,61270
25,65514,65499,0,61294
24,65514,65499,0,61319
24,65514,65499,0,61344
24,65514,65499,0,61369
22,65515,65498,0,61393
22,65515,65498,0,61419
22,65515,65498,0,61444
20,65515,65498,0,61469
20,65515,65498,0,61494
18,65516,65496,0,61518
18,65516,65496,0,61544
18,65516,65496,0,61569
17,65516,65492,0,61593
17,65516,65492,0,61619
17,65516,65492,0,61643
16,65517,65488,0,61669
16,65517,65488,0,61693
16,65517,65488,0,61718
16,65517,65488,0,61744
16,65517,65488,0,61768
24,65514,65480,0,61793
24,65514,65480,0,61818
24,65514,65480,0,61843
31,65512,65483,0,61869
31,65512,65483,0,61893
31,65512,65483,0,61918
33,65510,65487,0,61943
33,65510,65487,0,61968
34,65508,65493,0,61992
34,65508,65493,0,62018
34,65508,65493,0,62043
34,65506,65497,0,62068
34,65506,65497,0,62093
34,65506,65497,0,62117
33,65502,65498,0,62143
33,65502,65498,0,62168
33,65502,65498,0,62192
34,65500,65501,0,62218
34,65500,65501,0,62242
34,65499,65506,0,62268
34,65499,65506,0,62292
34,65499,65506,0,62317
27,65501,65506,0,62343
27,65501,65506,0,62367
27,65501,65506,0,62392
20,65510,65499,0,62417
20,65510,65499,0,62442
24,65516,65488,0,62468
24,65516,65488,0,62492
24,65516,65488,0,62517
28,65520,65485,0,62542
28,65520,65485,0,62567
28,65520,65485,0,62592
31,65524,65483,0,62617
31,65524,65483,0,62642
31,65524,65483,0,62667
36,65526,65480,0,62692
36,65526,65480,0,62716
41,65526,65481,0,62742
41,65526,65481,0,62767
41,65526,65481,0,62791
46,65524,65486,0,62817
46,65524,65486,0,62841
46,65524,65486,0,62867
48,65520,65494,0,62892
48,65520,65494,0,62916
48,65516,65501,0,62942
45,65516,65501,0,62966
45,65516,65501,0,62991
43,65513,65506,0,63016
43,65513,65506,0,63041
43,65513,65506,0,63067
41,65510,65510,0,63091
41,65510,65510,0,63116
41,65510,65510,0,63141
38,65508,65513,0,63166
38,65508,65513,0,63191
37,65507,65515,0,63216
37,65507,65515,0,63241
37,65507,65515,0,63266
34,65506,65518,0,63291
34,65506,65518,0,63315
34,65506,65518,0,63341
32,65504,65519,0,63366
32,65504,65519,0,63390
32,65504,65519,0,63416
30,65503,65521,0,63440
30,65503,65521,0,63466
28,65501,65522,0,63491
28,65501,65522,0,63515
28,65501,65522,0,63541
26,65501,65522,0,63565
26,65501,65522,0,63590
26,65501,65522,0,63616
23,65500,65522,0,63640
23,65500,65522,0,63666
21,65499,65520,0,63690
21,65499,65520,0,63715
21,65499,65520,0,63740
19,65498,65519,0,63765
19,65498,65519,0,63790
19,65498,65519,0,63815
17,65497,65516,0,63840
17,65497,65516,0,63865
17,65497,65516,0,63890
16,65496,65513,0,63915
16,65496,65513,0,63940
16,65496,65510,0,63965
16,65496,65510,0,63989
16,65496,65510,0,64015
17,65495,65509,0,64039
17,65495,65509,0,64065
17,65495,65509,0,64090
17,65494,65507,0,64114
17,65494,65507,0,64140
17,65494,65507,0,64164
18,65494,65506,0,64189
18,65494,65506,0,64215
19,65493,65505,0,64239
19,65493,65505,0,64265
19,65493,65505,0,64289
19,65493,65505,0,64314
19,65493,65505,0,64339
19,65493,65505,0,64364
20,65494,65505,0,64389
20,65494,65505,0,64414
20,65493,65505,0,64439
20,65493,65505,0,64464
20,65493,65505,0,64489
20,65493,65505,0,64514
20,65493,65505,0,64539
20,65493,65505,0,64564
20,65493,65505,0,64588
20,65493,65505,0,64614
20,65493,65505,0,64638
20,65493,65505,0,64664
20,65493,65505,0,64689
20,65493,65505,0,64713
20,65493,65505,0,64739
20,65493,65505,0,64763
21,65493,65505,0,64788
21,65493,65505,0,64814
21,65493,65505,0,64838
20,65493,65505,0,64864
20,65493,65505,0,64888
20,65493,65505,0,64913
20,65493,65505,0,64939
20,65493,65505,0,64963
20,65493,65505,0,64988
20,65493,65505,0,65013
20,65493,65505,0,65038
20,65493,65504,0,65063
20,65493,65504,0,65088
20,65493,65504,0,65113
21,65494,65504,0,65138
21,65494,65504,0,65163
20,65494,65505,0,65187
20,65494,65505,0,65213
20,65494,65505,0,65238
20,65494,65505,0,65263
20,65494,65505,0,65288
20,65494,65505,0,65312
20,65494,65505,0,65338
20,65494,65505,0,65362
20,65494,65505,0,65387
20,65493,65505,0,65413
20,65493,65505,0,65437
20,65493,65505,0,65463
20,65493,65505,0,65487
20,65493,65505,0,65512
20,65493,65505,0,2
20,65493,65505,0,22
20,65493,65505,0,44
20,65493,65504,0,66
20,65493,65504,0,88
20,65493,65504,0,109
20,65493,65504,0,133
20,65493,65504,0,155
20,65493,65504,0,178
20,65493,65503,0,201
20,65493,65503,0,224
20,65493,65503,0,246
20,65493,65503,0,270
20,65493,65503,0,292
20,65493,65503,0,315
20,65493,65503,0,338
20,65493,65503,0,361
20,65493,65503,0,384
20,65492,65503,0,407
20,65492,65503,0,430
20,65492,65503,0,452
20,65493,65503,0,476
20,65493,65503,0,498
20,65493,65503,0,522
20,65493,65503,0,544
20,65493,65503,0,567
20,65493,65503,0,590
20,65493,65503,0,613
20,65493,65503,0,635
20,65493,65503,0,659
20,65493,65503,0,681
20,65493,65503,0,704
20,65493,65503,0,728
20,65493,65503,0,750
20,65493,65503,0,773
20,65493,65503,0,796
20,65493,65503,0,819
20,65493,65503,0,841
20,65493,65503,0,865
20,65493,65503,0,887
20,65493,65503,0,910
20,65493,65503,0,933
20,65493,65505,0,956
20,65493,65505,0,978
20,65493,65505,0,1002
20,65493,65504,0,1026
20,65493,65504,0,1049
20,65493,65504,0,1074
20,65493,65504,0,1097
20,65493,65504,0,1122
20,65493,65504,0,1145
20,65493,65504,0,1169
20,65493,65504,0,1193
20,65493,65504,0,1217
20,65493,65504,0,1241
20,65493,65504,0,1265
20,65493,65504,0,1289
20,65493,65504,0,1312
20,65493,65504,0,1337
19,65493,65504,0,1360
19,65493,65504,0,1384
19,65493,65504,0,1409
19,65493,65504,0,1432
19,65493,65504,0,1457
19,65493,65504,0,1480
19,65493,65504,0,1504
19,65493,65504,0,1528
19,65493,65504,0,1552
19,65493,65504,0,1575
19,65493,65504,0,1600
19,65493,65504,0,1624
19,65493,65504,0,1647
19,65493,65504,0,1672
19,65493,65504,0,1695
19,65493,65504,0,1720
19,65493,65504,0,1743
19,65493,65504,0,1767
19,65493,65504,0,1792
19,65493,65504,0,1815
18,65493,65504,0,1839
18,65493,65504,0,1863
18,65493,65504,0,1887
18,65493,65505,0,1910
18,65493,65505,0,1935
18,65493,65505,0,1958
18,65493,65505,0,1982
18,65493,65505,0,2007
18,65493,65505,0,2030
18,65493,65505,0,2055
18,65493,65505,0,2078
18,65493,65505,0,2102
18,65493,65505,0,2126
18,65493,65505,0,2150
18,65493,65504,0,2173
18,65493,65504,0,2198
18,65493,65504,0,2222
18,65494,65504,0,2245
18,65494,65504,0,2270
18,65494,65504,0,2293
18,65493,65505,0,2318
18,65493,65505,0,2341
18,65493,65505,0,2365
18,65493,65505,0,2390
18,65493,65505,0,2413
18,65493,65505,0,2437
17,65493,65505,0,2461
17,65493,65505,0,2485
18,65494,65505,0,2508
18,65494,65505,0,2533
18,65494,65505,0,2556
17,65494,65505,0,2580
17,65494,65505,0,2605
17,65494,65505,0,2628
17,65494,65505,0,2653
17,65494,65505,0,2676
17,65494,65505,0,2700
17,65494,65505,0,2724
17,65494,65505,0,2748
17,65494,65505,0,2771
17,65494,65506,0,2796
17,65494,65506,0,2820
17,65494,65506,0,2843
17,65494,65506,0,2868
17,65494,65506,0,2891
17,65494,65506,0,2915
17,65494,65506,0,2939
17,65494,65506,0,2963
17,65494,65506,0,2988
17,65494,65506,0,3011
17,65494,65506,0,3035
17,65494,65506,0,3059
17,65494,65506,0,3083
17,65494,65506,0,3106
17,65494,65506,0,3131
17,65494,65506,0,3154
17,65494,65506,0,3178
17,65494,65507,0,3203
17,65494,65507,0,3226
17,65494,65507,0,3251
17,65494,65507,0,3274
17,65494,65507,0,3298
16,65494,65507,0,3322
16,65494,65507,0,3346
16,65494,65507,0,3369
17,65494,65507,0,3394
17,65494,65507,0,3418
17,65494,65507,0,3441
16,65494,65507,0,3466
16,65494,65507,0,3489
16,65494,65507,0,3513
16,65494,65507,0,3537
16,65494,65507,0,3561
16,65494,65507,0,3586
16,65494,65507,0,3609
16,65494,65507,0,3633
16,65494,65507,0,3657
16,65494,65507,0,3681
16,65494,65507,0,3704
16,65494,65507,0,3729
16,65494,65507,0,3752
16,65494,65507,0,3776
16,65494,65508,0,3801
16,65494,65508,0,3824
16,65494,65508,0,3849
16,65494,65508,0,3872
16,65494,65508,0,3896
16,65494,65508,0,3920
16,65495,65508,0,3944
16,65495,65508,0,3968
16,65495,65508,0,3992
16,65495,65508,0,4016
16,65495,65508,0,4039
16,65495,65508,0,4064
16,65495,65508,0,4087
16,65495,65508,0,4111
16,65495,65508,0,4135
16,65495,65508,0,4159
16,65495,65508,0,4184
16,65495,65508,0,4207
16,65495,65508,0,4231
16,65495,65508,0,4255
16,65494,65508,0,4279
16,65494,65508,0,4302
16,65494,65508,0,4327
16,65494,65508,0,4350
16,65494,65508,0,4374
16,65494,65508,0,4399
16,65495,65508,0,4422
16,65495,65508,0,4446
16,65495,65508,0,4470
16,65494,65508,0,4494
16,65494,65508,0,4518
16,65494,65508,0,4542
16,65495,65508,0,4566
16,65495,65508,0,4590
16,65495,65508,0,4614
16,65495,65508,0,4637
16,65495,65508,0,4662
16,65494,65508,0,4685
16,65494,65508,0,4709
16,65494,65508,0,4733
16,65494,65508,0,4757
16,65494,65508,0,4782
16,65494,65508,0,4805
16,65494,65508,0,4829
16,65494,65508,0,4853
16,65494,65508,0,4877
16,65494,65508,0,4900
16,65494,65508,0,4925
16,65494,65508,0,4948
16,65494,65508,0,4972
16,65494,65508,0,4997
16,65494,65508,0,5020
16,65494,65508,0,5044
16,65494,65508,0,5068
16,65495,65508,0,5092
16,65495,65508,0,5116
16,65495,65508,0,5140
16,65494,65508,0,5164
16,65494,65508,0,5188
16,65494,65508,0,5212
16,65495,65508,0,5235
16,65495,65508,0,5260
16,65495,65508,0,5283
16,65495,65508,0,5307
16,65495,65508,0,5331
16,65495,65508,0,5355
16,65495,65508,0,5380
16,65495,65508,0,5403
16,65495,65508,0,5427
16,65495,65508,0,5451
16,65495,65508,0,5475
16,65494,65508,0,5498
16,65494,65508,0,5523
16,65494,65508,0,5547
16,65495,65508,0,5570
16,65495,65508,0,5595
16,65495,65508,0,5618
16,65495,65508,0,5642
16,65495,65508,0,5666
16,65495,65508,0,5690
16,65495,65508,0,5714
16,65495,65508,0,5738
16,65495,65508,0,5762
16,65494,65508,0,5786
16,65494,65508,0,5810
16,65494,65508,0,5833
16,65495,65508,0,5858
16,65495,65508,0,5881
16,65494,65508,0,5905
16,65494,65508,0,5929
16,65494,65508,0,5953
16,65494,65508,0,5977
16,65494,65508,0,6001
16,65494,65508,0,6025
16,65494,65508,0,6049
16,65494,65508,0,6073
16,65494,65508,0,6096
16,65494,65508,0,6121
16,65494,65508,0,6145
16,65494,65508,0,6168
16,65495,65508,0,6193
16,65495,65508,0,6216
16,65495,65508,0,6240
16,65494,65508,0,6264
16,65494,65508,0,6288
16,65494,65508,0,6312
16,65494,65508,0,6336
16,65494,65508,0,6360
16,65494,65508,0,6384
16,65494,65508,0,6408
16,65494,65508,0,6431
16,65494,65508,0,6456
16,65494,65508,0,6479
16,65494,65508,0,6503
16,65494,65508,0,6528
16,65494,65508,0,6551
16,65494,65508,0,6575
16,65494,65508,0,6599
16,65494,65508,0,6623
16,65494,65508,0,6647
16,65494,65508,0,6671
16,65494,65508,0,6694
16,65494,65508,0,6719
16,65494,65508,0,6743
16,65494,65508,0,6766
16,65495,65507,0,6791
16,65495,65507,0,6814
16,65495,65507,0,6838
16,65495,65508,0,6862
16,65495,65508,0,6886
16,65495,65508,0,6910
16,65494,65508,0,6934
16,65494,65508,0,6958
16,65494,65508,0,6982
16,65495,65508,0,7006
16,65495,65508,0,7029
16,65495,65508,0,7054
16,65495,65508,0,7077
16,65495,65508,0,7101
16,65495,65508,0,7126
16,65495,65508,0,7149
16,65495,65508,0,7173
16,65495,65508,0,7197
16,65495,65508,0,7221
16,65495,65508,0,7245
16,65494,65508,0,7269
16,65494,65508,0,7292
16,65494,65508,0,7317
16,65495,65508,0,7341
16,65495,65508,0,7364
16,65495,65508,0,7389
16,65494,65508,0,7412
16,65494,65508,0,7436
16,65494,65508,0,7460
16,65494,65508,0,7484
16,65494,65508,0,7507
16,65494,65508,0,7532
16,65495,65508,0,7556
16,65495,65508,0,7580
16,65495,65508,0,7604
16,65494,65508,0,7627
16,65494,65508,0,7652
16,65495,65508,0,7675
16,65495,65508,0,7699
16,65495,65508,0,7724
16,65494,65508,0,7747
16,65494,65508,0,7771
16,65494,65508,0,7795
16,65494,65508,0,7819
16,65494,65508,0,7843
16,65494,65508,0,7867
16,65495,65508,0,7890
16,65495,65508,0,7915
16,65495,65508,0,7939
16,65494,65508,0,7962
16,65494,65508,0,7987
16,65494,65508,0,8010
16,65495,65508,0,8034
16,65495,65508,0,8058
16,65495,65508,0,8082
16,65495,65508,0,8105
16,65495,65508,0,8130
17,65494,65508,0,8154
17,65494,65508,0,8178
17,65494,65508,0,8202
16,65494,65508,0,8225
16,65494,65508,0,8250
16,65494,65508,0,8273
16,65494,65508,0,8297
16,65494,65508,0,8322
16,65494,65508,0,8345
16,65495,65508,0,8369
16,65495,65508,0,8393
16,65495,65508,0,8417
16,65495,65508,0,8441
16,65495,65508,0,8465
16,65495,65508,0,8488
16,65495,65508,0,8513
16,65495,65508,0,8537
16,65494,65508,0,8560
16,65494,65508,0,8585
16,65494,65508,0,8608
16,65495,65508,0,8632
16,65495,65508,0,8656
16,65495,65508,0,8680
16,65494,65508,0,8704
16,65494,65508,0,8728
16,65494,65508,0,8752
16,65494,65508,0,8776
16,65494,65508,0,8800
16,65494,65508,0,8823
16,65495,65508,0,8848
16,65495,65508,0,8871
16,65495,65508,0,8895
16,65494,65508,0,8920
16,65494,65508,0,8943
16,65495,65508,0,8967
16,65495,65508,0,8991
16,65495,65508,0,9015
16,65494,65508,0,9038
16,65494,65508,0,9063
16,65494,65508,0,9086
16,65495,65508,0,9111
16,65495,65508,0,9135
16,65495,65508,0,9158
16,65495,65508,0,9183
16,65495,65508,0,9206
16,65495,65508,0,9230
16,65495,65508,0,9254
16,65495,65508,0,9278
16,65495,65508,0,9302
16,65494,65508,0,9326
16,65494,65508,0,9350
16,65495,65508,0,9374
16,65495,65508,0,9398
16,65495,65508,0,9421
16,65494,65508,0,9446
16,65494,65508,0,9469
16,65494,65508,0,9493
16,65494,65508,0,9518
16,65494,65508,0,9541
16,65494,65508,0,9565
16,65494,65508,0,9589
16,65494,65508,0,9613
16,65494,65508,0,9636
16,65494,65508,0,9661
16,65494,65508,0,9684
16,65494,65508,0,9709
16,65495,65508,0,9733
16,65495,65508,0,9756
16,65495,65508,0,9781
16,65495,65508,0,9804
16,65495,65508,0,9828
16,65495,65508,0,9852
16,65495,65508,0,9876
16,65495,65508,0,9900
16,65494,65508,0,9924
16,65494,65508,0,9948
16,65494,65508,0,9972
16,65495,65508,0,9996
16,65495,65508,0,10019
16,65495,65508,0,10045
16,65494,65508,0,10070
16,65494,65508,0,10094
16,65494,65508,0,10120
16,65494,65508,0,10144
16,65494,65508,0,10169
16,65494,65508,0,10194
16,65494,65508,0,10219
16,65494,65508,0,10245
16,65495,65508,0,10269
16,65495,65508,0,10294
16,65495,65508,0,10319
16,65494,65508,0,10344
16,65494,65508,0,10369
16,65494,65508,0,10394
16,65494,65508,0,10419
16,65494,65508,0,10444
16,65494,65508,0,10469
16,65494,65508,0,10493
16,65494,65508,0,10519
16,65494,65508,0,10544
16,65494,65508,0,10568
16,65494,65508,0,10594
16,65494,65508,0,10618
16,65494,65508,0,10644
16,65494,65508,0,10669
16,65494,65508,0,10693
16,65494,65508,0,10719
16,65494,65508,0,10743
16,65494,65508,0,10768
16,65494,65508,0,10793
16,65494,65508,0,10818
16,65494,65508,0,10844
16,65494,65508,0,10868
16,65494,65508,0,10893
16,65494,65508,0,10918
16,65495,65508,0,10943
16,65495,65508,0,10968
16,65495,65508,0,10993
16,65494,65508,0,11018
16,65494,65508,0,11043
16,65494,65508,0,11068
16,65494,65508,0,11092
16,65494,65508,0,11118
16,65494,65508,0,11143
16,65494,65508,0,11167
16,65494,65508,0,11193
16,65495,65508,0,11217
16,65495,65508,0,11243
16,65495,65508,0,11268
16,65494,65508,0,11292
16,65494,65508,0,11318
16,65494,65508,0,11342
16,65494,65508,0,11367
16,65494,65508,0,11393
16,65494,65508,0,11417
16,65494,65508,0,11443
16,65494,65508,0,11467
16,65494,65508,0,11492
16,65494,65508,0,11517
16,65494,65508,0,11542
16,65494,65508,0,11567
16,65494,65508,0,11592
16,65494,65508,0,11617
16,65494,65510,0,11642
16,65494,65510,0,11667
16,65494,65511,0,11692
16,65494,65511,0,11717
16,65494,65511,0,11742
16,65494,65510,0,11766
16,65494,65510,0,11792
16,65494,65510,0,11816
16,65495,65510,0,11842
16,65495,65510,0,11867
16,65494,65510,0,11891
16,65494,65510,0,11917
16,65494,65510,0,11941
16,65494,65510,0,11966
16,65494,65510,0,11992
16,65494,65510,0,12016
16,65494,65509,0,12042
16,65494,65509,0,12066
16,65494,65509,0,12091
16,65495,65510,0,12116
16,65495,65510,0,12141
16,65495,65510,0,12166
16,65495,65510,0,12191
16,65495,65510,0,12216
16,65495,65510,0,12241
16,65495,65510,0,12266
16,65495,65510,0,12291
16,65495,65510,0,12316
16,65495,65510,0,12341
16,65495,65510,0,12365
16,65494,65510,0,12391
16,65494,65510,0,12416
16,65494,65510,0,12441
16,65494,65510,0,12466
16,65494,65510,0,12490
16,65495,65510,0,12516
16,65495,65510,0,12540
16,65495,65510,0,12565
16,65495,65510,0,12591
16,65495,65510,0,12615
16,65494,65510,0,12641
16,65494,65510,0,12665
16,65494,65510,0,12690
16,65494,65510,0,12716
16,65494,65510,0,12740
16,65494,65510,0,12765
16,65494,65510,0,12790
16,65494,65510,0,12815
16,65494,65510,0,12840
16,65494,65510,0,12865
16,65494,65510,0,12890
16,65494,65510,0,12915
16,65494,65510,0,12940
16,65494,65510,0,12964
16,65494,65510,0,12990
16,65494,65510,0,13015
16,65494,65510,0,13040
16,65494,65510,0,13065
16,65494,65510,0,13089
16,65494,65510,0,13115
16,65494,65510,0,13139
16,65494,65510,0,13164
16,65494,65510,0,13190
16,65494,65510,0,13214
16,65494,65510,0,13240
16,65494,65510,0,13264
16,65494,65510,0,13289
16,65494,65510,0,13315
16,65494,65510,0,13339
16,65494,65510,0,13364
16,65494,65510,0,13389
16,65494,65510,0,13414
16,65494,65510,0,13440
16,65494,65510,0,13464
16,65494,65510,0,13489
16,65494,65510,0,13514
16,65494,65510,0,13539
16,65494,65510,0,13563
16,65494,65510,0,13589
16,65494,65510,0,13614
16,65494,65510,0,13639
15,65493,65510,0,13664
15,65493,65510,0,13688
15,65493,65510,0,13714
16,65494,65510,0,13739
16,65494,65510,0,13763
16,65494,65510,0,13789
15,65494,65510,0,13813
15,65494,65510,0,13839
15,65493,65509,0,13863
15,65493,65509,0,13888
15,65493,65509,0,13914
15,65494,65510,0,13938
15,65494,65510,0,13963
15,65494,65510,0,13988
16,65494,65510,0,14013
16,65494,65510,0,14039
16,65494,65510,0,14063
17,65495,65510,0,14088
17,65495,65510,0,14113
18,65495,65509,0,14138
18,65495,65509,0,14162
18,65495,65509,0,14188
18,65496,65510,0,14213
18,65496,65510,0,14238
18,65496,65510,0,14263
17,65495,65510,0,14287
17,65495,65510,0,14313
17,65495,65510,0,14338
17,65495,65510,0,14362
17,65495,65510,0,14388
17,65495,65510,0,14412
17,65495,65510,0,14438
17,65495,65510,0,14462
17,65495,65510,0,14487
17,65495,65510,0,14513
17,65495,65510,0,14537
17,65495,65510,0,14562
17,65495,65510,0,14587
17,65495,65510,0,14612
17,65495,65510,0,14638
17,65495,65510,0,14662
17,65495,65510,0,14687
17,65495,65510,0,14712
17,65495,65510,0,14737
17,65495,65510,0,14761
17,65495,65510,0,14787
17,65495,65510,0,14812
16,65495,65510,0,14837
16,65495,65510,0,14862
16,65495,65510,0,14886
16,65495,65510,0,14912
16,65495,65510,0,14937
17,65495,65510,0,14961
17,65495,65510,0,14987
17,65495,65510,0,15011
17,65496,65510,0,15037
17,65496,65510,0,15062
17,65496,65510,0,15086
17,65495,65510,0,15112
17,65495,65510,0,15136
17,65495,65510,0,15161
17,65495,65510,0,15186
17,65495,65510,0,15211
17,65495,65510,0,15237
17,65495,65510,0,15261
17,65495,65510,0,15286
17,65495,65510,0,15311
17,65495,65510,0,15336
16,65495,65510,0,15361
16,65495,65510,0,15386
16,65495,65510,0,15411
16,65495,65510,0,15436
16,65495,65510,0,15461
16,65495,65510,0,15485
16,65495,65510,0,15511
16,65495,65510,0,15536
16,65495,65510,0,15560
17,65495,65510,0,15586
17,65495,65510,0,15610
17,65495,65510,0,15636
17,65495,65510,0,15661
17,65495,65510,0,15685
17,65495,65510,0,15711
17,65495,65510,0,15735
17,65495,65510,0,15760
17,65495,65510,0,15785
17,65495,65510,0,15810
17,65495,65510,0,15836
16,65495,65510,0,15860
16,65495,65510,0,15885
17,65495,65510,0,15910
17,65495,65510,0,15935
17,65495,65510,0,15960
16,65495,65510,0,15985
16,65495,65510,0,16010
16,65495,65510,0,16035
16,65495,65510,0,16060
16,65495,65510,0,16084
16,65495,65510,0,16110
16,65495,65510,0,16135
16,65495,65510,0,16159
17,65495,65510,0,16185
17,65495,65510,0,16209
17,65495,65510,0,16235
16,65495,65510,0,16260
16,65495,65510,0,16284
16,65495,65510,0,16310
17,65495,65510,0,16334
17,65495,65510,0,16359
16,65495,65510,0,16385
16,65495,65510,0,16409
16,65495,65510,0,16435
16,65495,65510,0,16459
16,65495,65510,0,16484
16,65495,65510,0,16509
16,65495,65510,0,16534
16,65495,65510,0,16559
17,65495,65510,0,16584
17,65495,65510,0,16609
17,65495,65510,0,16634
16,65495,65510,0,16659
16,65495,65510,0,16684
16,65495,65510,0,16709
16,65495,65510,0,16734
16,65495,65510,0,16758
16,65495,65510,0,16784
16,65495,65510,0,16808
16,65495,65510,0,16834
16,65495,65510,0,16859
16,65495,65510,0,16883
16,65495,65510,0,16909
16,65495,65510,0,16933
16,65495,65510,0,16958
16,65495,65510,0,16984
16,65495,65511,0,17008
16,65495,65511,0,17034
16,65495,65511,0,17058
17,65495,65511,0,17083
17,65495,65511,0,17108
16,65496,65512,0,17133
16,65496,65512,0,17158
16,65496,65512,0,17183
16,65496,65513,0,17208
16,65496,65513,0,17233
16,65496,65513,0,17258
16,65496,65514,0,17283
16,65496,65514,0,17308
17,65496,65516,0,17333
17,65496,65516,0,17357
17,65496,65516,0,17383
17,65497,65516,0,17408
17,65497,65516,0,17433
17,65497,65516,0,17458
17,65498,65518,0,17482
17,65498,65518,0,17508
17,65498,65518,0,17532
19,65498,65519,0,17557
19,65498,65519,0,17583
19,65498,65520,0,17607
19,65498,65520,0,17633
19,65498,65520,0,17657
21,65499,65521,0,17682
21,65499,65521,0,17708
21,65499,65521,0,17732
22,65499,65522,0,17757
22,65499,65522,0,17782
22,65499,65522,0,17807
23,65500,65522,0,17832
23,65500,65522,0,17857
25,65500,65523,0,17882
25,65500,65523,0,17907
25,65500,65523,0,17932
26,65501,65523,0,17956
26,65501,65523,0,17982
26,65501,65523,0,18007
28,65501,65523,0,18032
28,65501,65523,0,18057
30,65502,65522,0,18081
30,65502,65522,0,18107
30,65502,65522,0,18131
31,65503,65521,0,18156
31,65503,65521,0,18182
31,65503,65521,0,18206
33,65504,65520,0,18232
33,65504,65520,0,18256
33,65504,65520,0,18281
34,65505,65519,0,18307
34,65505,65519,0,18331
36,65507,65518,0,18356
36,65507,65518,0,18381
36,65507,65518,0,18406
38,65508,65515,0,18432
38,65508,65515,0,18456
38,65508,65515,0,18481
39,65509,65513,0,18506
39,65509,65513,0,18531
39,65510,65510,0,18555
41,65510,65510,0,18581
41,65510,65510,0,18606
44,65512,65507,0,18631
44,65512,65507,0,18656
44,65512,65507,0,18680
45,65515,65503,0,18706
45,65515,65503,0,18731
45,65515,65503,0,18755
47,65518,65497,0,18781
47,65518,65497,0,18805
48,65522,65490,0,18831
48,65522,65490,0,18855
48,65522,65490,0,18880
45,65525,65483,0,18906
45,65525,65483,0,18930
45,65525,65483,0,18955
46,65525,65472,0,18980
46,65525,65472,0,19005
46,65525,65472,0,19031
41,65524,65473,0,19055
41,65524,65473,0,19080
36,65521,65475,0,19105
36,65521,65475,0,19130
36,65521,65475,0,19154
32,65516,65476,0,19180
32,65516,65476,0,19205
32,65516,65476,0,19230
26,65509,65481,0,19255
26,65509,65481,0,19279
24,65500,65491,0,19305
24,65500,65491,0,19330
24,65500,65491,0,19354
31,65495,65496,0,19380
31,65495,65496,0,19404
31,65495,65496,0,19430
33,65494,65493,0,19454
33,65494,65493,0,19479
33,65494,65493,0,19505
31,65497,65491,0,19529
31,65497,65491,0,19554
29,65501,65491,0,19579
29,65501,65491,0,19604
29,65501,65491,0,19630
31,65505,65490,0,19654
31,65505,65490,0,19679
31,65505,65490,0,19704
31,65508,65486,0,19729
31,65508,65486,0,19753
31,65508,65486,0,19779
29,65510,65481,0,19804
29,65510,65481,0,19829
24,65513,65478,0,19854
24,65513,65478,0,19878
24,65513,65478,0,19904
18,65515,65480,0,19929
18,65515,65480,0,19953
18,65515,65480,0,19979
15,65516,65486,0,20003
15,65516,65486,0,20029
16,65517,65491,0,20054
16,65517,65491,0,20078
16,65517,65491,0,20104
18,65516,65495,0,20128
18,65516,65495,0,20153
18,65516,65495,0,20178
20,65515,65497,0,20203
20,65515,65497,0,20229
20,65515,65497,0,20253
22,65515,65498,0,20278
22,65515,65498,0,20303
24,65514,65498,0,20328
24,65514,65498,0,20353
24,65514,65498,0,20378
25,65514,65499,0,20403
25,65514,65499,0,20428
25,65514,65499,0,20453
26,65513,65498,0,20477
26,65513,65498,0,20503
26,65513,65498,0,20528
27,65513,65498,0,20552
27,65513,65498,0,20578
27,65513,65498,0,20602
27,65513,65498,0,20628
27,65513,65498,0,20653
28,65512,65498,0,20677
28,65512,65498,0,20703
28,65512,65498,0,20727
28,65513,65498,0,20752
28,65513,65498,0,20777
28,65512,65497,0,20802
28,65512,65497,0,20828
28,65512,65497,0,20852
28,65512,65498,0,20877
28,65512,65498,0,20902
28,65512,65498,0,20927
28,65512,65497,0,20952
28,65512,65497,0,20977
28,65512,65497,0,21002
28,65512,65497,0,21027
28,65512,65497,0,21052
29,65512,65497,0,21076
29,65512,65497,0,21102
29,65512,65497,0,21127
29,65512,65497,0,21151
29,65512,65497,0,21177
29,65512,65497,0,21201
29,65512,65497,0,21227
29,65512,65497,0,21252
29,65512,65498,0,21276
29,65512,65498,0,21302
29,65512,65498,0,21326
29,65512,65497,0,21351
29,65512,65497,0,21377
29,65512,65497,0,21401
29,65512,65497,0,21427
29,65512,65497,0,21451
29,65512,65497,0,21476
29,65512,65497,0,21501
29,65512,65497,0,21526
29,65511,65497,0,21551
29,65511,65497,0,21576
29,65511,65497,0,21601
29,65512,65497,0,21626
29,65512,65497,0,21651
29,65512,65497,0,21676
29,65512,65497,0,21701
29,65512,65497,0,21726
29,65512,65497,0,21750
29,65511,65497,0,21776
29,65511,65497,0,21800
29,65512,65497,0,21826
29,65512,65497,0,21851
29,65512,65497,0,21875
29,65512,65497,0,21901
29,65512,65497,0,21925
29,65512,65497,0,21950
29,65512,65497,0,21976
29,65512,65497,0,22000
29,65512,65497,0,22026
29,65512,65497,0,22050
29,65512,65497,0,22075
29,65511,65497,0,22100
29,65511,65497,0,22125
29,65511,65497,0,22150
29,65512,65497,0,22175
29,65512,65497,0,22200
29,65512,65497,0,22225
29,65512,65497,0,22250
29,65512,65497,0,22275
29,65512,65497,0,22300
29,65512,65497,0,22325
29,65512,65497,0,22349
29,65511,65496,0,22375
29,65511,65496,0,22400
29,65511,65496,0,22425
29,65512,65496,0,22450
29,65512,65496,0,22474
29,65512,65496,0,22500
29,65512,65496,0,22524
29,65512,65496,0,22549
29,65511,65496,0,22575
29,65511,65496,0,22599
29,65511,65496,0,22625
29,65512,65496,0,22649
29,65512,65496,0,22674
29,65512,65496,0,22700
29,65512,65496,0,22724
29,65512,65496,0,22749
29,65511,65496,0,22774
29,65511,65496,0,22799
29,65511,65496,0,22824
29,65512,65496,0,22849
29,65512,65496,0,22874
29,65512,65496,0,22899
29,65512,65496,0,22924
29,65512,65496,0,22948
29,65512,65496,0,22974
29,65512,65497,0,22999
29,65512,65497,0,23024
29,65512,65496,0,23049
29,65512,65496,0,23073
29,65512,65496,0,23099
29,65512,65497,0,23123
29,65512,65497,0,23148
29,65512,65497,0,23174
29,65511,65497,0,23198
29,65511,65497,0,23224
29,65511,65497,0,23248
29,65511,65497,0,23273
29,65511,65497,0,23299
29,65512,65497,0,23323
29,65512,65497,0,23348
29,65512,65497,0,23373
29,65511,65496,0,23398
29,65511,65496,0,23424
29,65511,65496,0,23448
29,65512,65496,0,23473
29,65512,65496,0,23498
29,65512,65496,0,23523
29,65512,65496,0,23547
29,65512,65496,0,23573
29,65512,65496,0,23598
29,65512,65496,0,23623
29,65512,65496,0,23648
29,65512,65496,0,23672
29,65512,65496,0,23698
29,65512,65496,0,23723
29,65512,65496,0,23747
29,65512,65496,0,23773
29,65512,65497,0,23797
29,65512,65497,0,23823
29,65512,65497,0,23847
29,65512,65496,0,23872
29,65512,65496,0,23898
29,65512,65496,0,23922
29,65512,65496,0,23947
29,65512,65496,0,23972
29,65512,65496,0,23997
29,65512,65496,0,24023
29,65512,65496,0,24047
29,65512,65496,0,24072
29,65512,65496,0,24097
29,65512,65496,0,24122
29,65512,65496,0,24146
29,65512,65496,0,24172
29,65512,65496,0,24197
29,65512,65496,0,24222
29,65512,65496,0,24247
29,65512,65496,0,24271
29,65512,65496,0,24297
29,65512,65496,0,24322
29,65512,65496,0,24346
29,65512,65496,0,24372
29,65512,65496,0,24396
29,65512,65497,0,24422
29,65512,65497,0,24446
29,65512,65497,0,24471
29,65512,65496,0,24497
29,65512,65496,0,24521
29,65512,65497,0,24546
29,65512,65497,0,24571
29,65512,65497,0,24596
29,65512,65496,0,24622
29,65512,65496,0,24646
29,65512,65496,0,24671
29,65512,65496,0,24696
29,65512,65496,0,24721
29,65512,65497,0,24745
29,65512,65497,0,24771
29,65512,65497,0,24796
29,65512,65497,0,24821
29,65512,65497,0,24846
29,65512,65497,0,24870
29,65512,65497,0,24896
29,65512,65497,0,24921
29,65512,65497,0,24945
29,65512,65497,0,24971
29,65512,65497,0,24995
29,65512,65496,0,25021
29,65512,65496,0,25046
29,65512,65496,0,25070
29,65512,65496,0,25096
29,65512,65496,0,25120
29,65512,65496,0,25145
29,65512,65496,0,25170
29,65512,65496,0,25195
29,65512,65496,0,25221
29,65512,65496,0,25245
29,65512,65496,0,25270
29,65512,65496,0,25295
29,65512,65496,0,25320
29,65512,65496,0,25345
29,65511,65496,0,25370
29,65511,65496,0,25395
29,65511,65496,0,25420
29,65512,65497,0,25445
29,65512,65497,0,25469
29,65512,65496,0,25495
29,65512,65496,0,25520
29,65512,65496,0,25544
29,65512,65497,0,25570
29,65512,65497,0,25594
29,65512,65497,0,25620
29,65512,65496,0,25645
29,65512,65496,0,25669
29,65512,65496,0,25695
29,65512,65497,0,25719
29,65512,65497,0,25744
29,65512,65497,0,25769
29,65512,65497,0,25794
29,65512,65497,0,25820
29,65512,65496,0,25844
29,65512,65496,0,25869
29,65512,65496,0,25894
29,65512,65496,0,25919
29,65512,65496,0,25944
29,65511,65496,0,25969
29,65511,65496,0,25994
29,65511,65496,0,26019
29,65512,65496,0,26044
29,65512,65496,0,26068
29,65512,65496,0,26094
29,65512,65496,0,26119
29,65512,65496,0,26143
29,65512,65496,0,26169
29,65512,65497,0,26193
29,65512,65497,0,26219
29,65512,65497,0,26244
29,65512,65497,0,26268
29,65512,65497,0,26294
29,65512,65496,0,26318
29,65512,65496,0,26343
29,65512,65496,0,26369
29,65512,65496,0,26393
29,65512,65496,0,26419
29,65512,65496,0,26443
29,65512,65496,0,26468
29,65512,65496,0,26493
29,65512,65497,0,26518
29,65512,65497,0,26543
29,65512,65497,0,26568
29,65512,65496,0,26593
29,65512,65496,0,26618
29,65512,65496,0,26643
29,65512,65496,0,26668
29,65512,65496,0,26693
29,65512,65497,0,26718
29,65512,65497,0,26742
29,65512,65497,0,26768
29,65512,65497,0,26792
29,65512,65497,0,26818
29,65512,65497,0,26843
29,65511,65496,0,26867
29,65511,65496,0,26893
29,65511,65496,0,26917
29,65512,65497,0,26942
29,65512,65497,0,26968
29,65512,65496,0,26992
29,65512,65496,0,27018
29,65512,65496,0,27042
29,65512,65496,0,27067
29,65512,65496,0,27092
29,65512,65496,0,27117
29,65512,65497,0,27142
29,65512,65497,0,27167
29,65512,65497,0,27192
29,65512,65496,0,27217
29,65512,65496,0,27242
29,65512,65497,0,27267
29,65512,65497,0,27292
29,65512,65497,0,27317
29,65512,65496,0,27341
29,65512,65496,0,27367
29,65512,65496,0,27392
29,65512,65496,0,27417
29,65512,65496,0,27442
29,65512,65496,0,27466
29,65512,65496,0,27492
29,65512,65496,0,27516
29,65512,65496,0,27541
29,65512,65496,0,27567
29,65512,65496,0,27591
29,65512,65497,0,27617
29,65512,65497,0,27641
29,65512,65497,0,27666
29,65512,65496,0,27692
29,65512,65496,0,27716
29,65512,65496,0,27741
29,65512,65496,0,27766
29,65512,65496,0,27791
29,65512,65496,0,27816
29,65512,65496,0,27841
29,65512,65496,0,27866
29,65512,65497,0,27891
29,65512,65497,0,27916
29,65512,65497,0,27940
28,65512,65496,0,27966
28,65512,65496,0,27991
29,65512,65497,0,28016
29,65512,65497,0,28041
29,65512,65497,0,28065
29,65512,65496,0,28091
29,65512,65496,0,28115
29,65512,65496,0,28140
29,65512,65497,0,28166
29,65512,65497,0,28190
29,65512,65496,0,28216
29,65512,65496,0,28240
29,65512,65496,0,28265
29,65512,65496,0,28291
29,65512,65496,0,28315
29,65512,65496,0,28340
29,65512,65496,0,28365
29,65512,65496,0,28390
29,65512,65496,0,28416
29,65511,65496,0,28440
29,65511,65496,0,28465
29,65512,65496,0,28490
29,65512,65496,0,28515
29,65512,65496,0,28539
29,65511,65497,0,28565
29,65511,65497,0,28590
29,65511,65497,0,28615
29,65511,65497,0,28640
29,65511,65497,0,28664
29,65512,65496,0,28690
29,65512,65496,0,28715
29,65512,65496,0,28739