65533,3,65481,0,1637
65533,3,65481,0,1659
65533,3,65481,0,1682
65533,3,65481,0,1705
65533,3,65481,0,1728
65533,3,65481,0,1751
65533,3,65481,0,1774
65533,3,65482,0,1797
65533,3,65482,0,1819
65533,3,65482,0,1843
65533,3,65482,0,1865
65533,3,65482,0,1888
65533,3,65482,0,1911
65533,3,65482,0,1934
65533,3,65482,0,1956
65533,3,65482,0,1980
65533,3,65482,0,2002
65533,3,65482,0,2025
65533,3,65482,0,2049
65533,3,65481,0,2071
65533,3,65481,0,2094
65533,3,65481,0,2117
65533,3,65481,0,2140
65533,3,65481,0,2162
65533,3,65481,0,2186
65533,3,65481,0,2208
65533,3,65481,0,2232
65533,3,65481,0,2254
65533,4,65482,0,2277
65533,4,65482,0,2300
65533,4,65482,0,2323
65533,3,65482,0,2345
65533,3,65482,0,2369
65533,3,65482,0,2392
65533,3,65482,0,2414
65533,3,65482,0,2438
65533,3,65482,0,2460
65533,3,65481,0,2483
65533,3,65481,0,2506
65533,3,65481,0,2529
65533,3,65481,0,2551
65533,3,65481,0,2575
65533,3,65481,0,2597
65533,3,65482,0,2620
65533,3,65482,0,2643
65533,3,65482,0,2666
65533,3,65482,0,2689
65533,3,65482,0,2712
65533,3,65482,0,2735
65533,3,65482,0,2757
65533,3,65482,0,2781
65533,3,65482,0,2803
65533,3,65482,0,2826
65533,3,65482,0,2849
65533,3,65482,0,2872
65533,3,65481,0,2894
65533,3,65481,0,2918
65533,3,65481,0,2940
65533,3,65482,0,2964
65533,3,65482,0,2987
65533,3,65482,0,3009
65533,3,65481,0,3033
65533,3,65481,0,3055
65533,3,65481,0,3078
65533,3,65482,0,3101
65533,3,65482,0,3124
65533,3,65482,0,3146
65533,3,65482,0,3170
65533,3,65482,0,3192
65533,3,65482,0,3215
65533,3,65482,0,3238
65533,3,65482,0,3261
65533,3,65482,0,3283
65533,3,65482,0,3307
65533,3,65482,0,3330
65533,3,65482,0,3352
65533,3,65482,0,3376
65533,3,65482,0,3398
65533,3,65482,0,3421
65533,3,65481,0,3444
65533,3,65481,0,3467
65533,3,65481,0,3489
65533,3,65481,0,3513
65533,3,65481,0,3535
65533,3,65481,0,3558
65533,3,65482,0,3581
65533,3,65482,0,3604
65533,3,65482,0,3627
65533,3,65482,0,3650
65533,3,65482,0,3673
65533,3,65482,0,3696
65533,3,65482,0,3719
65533,3,65482,0,3741
65533,3,65482,0,3765
65533,3,65482,0,3787
65533,3,65482,0,3810
65533,3,65482,0,3833
65533,3,65482,0,3856
65533,3,65482,0,3878
65533,3,65482,0,3902
65533,3,65482,0,3924
65533,3,65482,0,3947
65533,3,65482,0,3971
65533,3,65482,0,3993
65533,3,65482,0,4016
65533,3,65482,0,4039
65533,4,65481,0,4062
65533,4,65481,0,4084
65533,4,65481,0,4108
65533,3,65482,0,4130
65533,3,65482,0,4153
65533,3,65482,0,4176
65533,3,65482,0,4199
65533,3,65482,0,4221
65533,3,65482,0,4245
65533,3,65481,0,4268
65533,3,65481,0,4290
65533,3,65481,0,4314
65533,3,65482,0,4336
65533,3,65482,0,4359
65533,3,65482,0,4382
65533,3,65482,0,4405
65533,3,65482,0,4428
65533,3,65482,0,4451
65533,4,65481,0,4473
65533,4,65481,0,4497
65533,4,65481,0,4519
65533,3,65482,0,4542
65533,3,65482,0,4566
65533,3,65482,0,4588
65533,3,65481,0,4611
65533,3,65481,0,4634
65533,3,65482,0,4657
65533,3,65482,0,4679
65533,3,65482,0,4703
65533,3,65481,0,4725
65533,3,65481,0,4748
65533,3,65481,0,4771
65533,3,65481,0,4794
65533,3,65481,0,4816
65533,3,65481,0,4840
65533,4,65482,0,4862
65533,4,65482,0,4885
65533,4,65482,0,4909
65533,3,65481,0,4931
65533,3,65481,0,4954
65533,3,65481,0,4977
65533,3,65482,0,5000
65533,3,65482,0,5022
65533,3,65482,0,5046
65533,3,65481,0,5068
65533,3,65481,0,5091
65533,3,65481,0,5114
65533,3,65482,0,5137
65533,3,65482,0,5160
65533,3,65482,0,5183
65533,3,65482,0,5206
65533,3,65482,0,5229
65533,3,65482,0,5252
65533,3,65482,0,5274
65533,3,65482,0,5298
65533,3,65482,0,5320
65533,4,65481,0,5343
65533,4,65481,0,5366
65533,4,65481,0,5389
65533,3,65482,0,5411
65533,3,65482,0,5435
65533,3,65482,0,5457
65533,3,65482,0,5480
65533,3,65482,0,5504
65533,3,65482,0,5526
65533,3,65481,0,5549
65533,3,65481,0,5572
65533,3,65481,0,5595
65533,4,65481,0,5617
65533,4,65481,0,5641
65533,4,65481,0,5663
65533,3,65482,0,5686
65533,3,65482,0,5709
65533,3,65482,0,5732
65533,3,65481,0,5754
65533,3,65481,0,5778
65533,3,65481,0,5800
65533,3,65482,0,5823
65533,3,65482,0,5847
65533,3,65482,0,5869
65533,3,65482,0,5893
65533,3,65482,0,5915
65533,3,65482,0,5938
65533,3,65481,0,5961
65533,3,65481,0,5984
65533,3,65481,0,6006
65533,3,65482,0,6030
65533,3,65482,0,6052
65533,3,65482,0,6075
65533,3,65482,0,6098
65533,3,65482,0,6121
65533,3,65482,0,6144
65533,3,65482,0,6167
65533,3,65482,0,6190
65533,3,65482,0,6212
65533,3,65482,0,6236
65533,3,65482,0,6258
65533,3,65482,0,6281
65533,3,65482,0,6304
65533,3,65482,0,6327
65533,3,65482,0,6349
65533,3,65481,0,6373
65533,3,65481,0,6395
65533,3,65481,0,6418
65533,3,65481,0,6441
65533,3,65481,0,6464
65533,3,65481,0,6487
65533,3,65481,0,6510
65533,3,65481,0,6533
65533,3,65481,0,6555
65533,3,65481,0,6579
65533,3,65481,0,6601
65533,3,65481,0,6625
65533,3,65481,0,6647
65533,3,65481,0,6670
65533,3,65481,0,6693
65533,3,65482,0,6716
65533,3,65482,0,6738
65533,3,65482,0,6762
65533,3,65482,0,6785
65533,3,65482,0,6807
65533,3,65482,0,6831
65533,3,65481,0,6853
65533,3,65481,0,6876
65533,3,65481,0,6899
65533,3,65482,0,6922
65533,3,65482,0,6944
65533,3,65482,0,6968
65533,3,65481,0,6990
65533,3,65481,0,7013
65533,3,65481,0,7036
65533,3,65482,0,7059
65533,3,65482,0,7081
65533,3,65482,0,7105
65533,3,65482,0,7128
65533,3,65482,0,7150
65533,3,65482,0,7174
65533,3,65482,0,7196
65533,3,65482,0,7219
65533,3,65482,0,7242
65533,3,65482,0,7265
65533,3,65482,0,7287
65533,3,65482,0,7311
65533,3,65481,0,7333
65533,3,65481,0,7357
65533,3,65481,0,7379
65533,3,65482,0,7402
65533,3,65482,0,7426
65533,3,65482,0,7448
65533,3,65481,0,7471
65533,3,65481,0,7494
65533,3,65481,0,7517
65533,3,65482,0,7539
65533,3,65482,0,7563
65533,3,65482,0,7585
65533,3,65481,0,7608
65533,3,65481,0,7631
65533,3,65481,0,7654
65533,3,65481,0,7676
65533,3,65481,0,7700
65533,3,65481,0,7723
65533,3,65481,0,7745
65533,3,65481,0,7769
65533,3,65481,0,7791
65533,3,65482,0,7814
65533,3,65482,0,7837
65533,3,65482,0,7860
65533,3,65481,0,7882
65533,3,65481,0,7906
65533,3,65481,0,7928
65533,3,65482,0,7951
65533,3,65482,0,7974
65533,3,65482,0,7997
65533,3,65482,0,8019
65533,3,65482,0,8043
65533,3,65482,0,8066
65533,3,65481,0,8089
65533,3,65481,0,8112
65533,3,65481,0,8134
65533,3,65482,0,8158
65533,3,65482,0,8180
65533,3,65482,0,8203
65533,3,65481,0,8226
65533,3,65481,0,8249
65533,3,65481,0,8271
65533,3,65481,0,8295
65533,3,65481,0,8317
65533,3,65481,0,8340
65533,3,65481,0,8364
65533,3,65481,0,8386
65533,3,65481,0,8409
65533,3,65481,0,8432
65533,3,65481,0,8455
65533,3,65482,0,8477
65533,3,65482,0,8501
65533,3,65482,0,8523
65533,3,65481,0,8546
65533,3,65481,0,8569
65533,3,65481,0,8592
65533,3,65482,0,8614
65533,3,65482,0,8638
65533,3,65482,0,8660
65533,3,65481,0,8683
65533,3,65481,0,8707
65533,3,65481,0,8729
65533,3,65481,0,8752
65533,3,65481,0,8775
65533,3,65481,0,8798
65533,4,65482,0,8821
65533,4,65482,0,8844
65533,4,65482,0,8866
65533,3,65481,0,8890
65533,3,65481,0,8912
65533,3,65481,0,8935
65533,3,65481,0,8958
65533,3,65481,0,8981
65533,3,65481,0,9004
65533,3,65481,0,9027
65533,3,65481,0,9050
65533,3,65481,0,9072
65533,3,65481,0,9096
65533,3,65481,0,9118
65533,3,65481,0,9141
65533,3,65481,0,9164
65533,3,65481,0,9187
65533,3,65481,0,9209
65533,3,65481,0,9233
65533,3,65481,0,9255
65533,3,65481,0,9278
65533,3,65481,0,9302
65533,3,65481,0,9324
65533,3,65481,0,9347
65533,3,65481,0,9370
65533,3,65481,0,9393
65533,3,65481,0,9415
65533,3,65481,0,9439
65533,3,65481,0,9461
65533,3,65481,0,9484
65533,3,65482,0,9507
65533,3,65482,0,9530
65533,3,65482,0,9553
65533,3,65482,0,9576
65533,3,65482,0,9598
65533,3,65482,0,9622
65533,3,65481,0,9645
65533,3,65481,0,9667
65533,3,65481,0,9691
65533,3,65481,0,9713
65533,3,65481,0,9736
65533,3,65481,0,9759
65533,3,65482,0,9782
65533,3,65482,0,9804
65533,3,65482,0,9828
65533,3,65481,0,9850
65533,3,65481,0,9873
65533,3,65481,0,9896
65533,3,65482,0,9919
65533,3,65482,0,9942
65533,3,65482,0,9965
65533,3,65482,0,9988
65533,3,65482,0,10010
65533,3,65482,0,10035
65533,3,65481,0,10058
65533,3,65481,0,10082
65533,3,65481,0,10106
65533,3,65482,0,10130
65533,3,65482,0,10155
65533,3,65482,0,10178
65533,3,65482,0,10202
65533,3,65482,0,10226
65533,3,65482,0,10250
65533,3,65482,0,10273
65533,3,65482,0,10298
65533,4,65481,0,10321
65533,4,65481,0,10345
65533,4,65481,0,10370
65533,3,65481,0,10393
65533,3,65481,0,10418
65533,3,65481,0,10441
65533,3,65481,0,10465
65533,3,65481,0,10489
65533,3,65481,0,10513
65533,3,65481,0,10536
65533,3,65481,0,10561
65533,3,65481,0,10585
65533,3,65482,0,10608
65533,3,65482,0,10633
65533,3,65482,0,10656
65533,4,65481,0,10680
65533,4,65481,0,10704
65533,4,65481,0,10728
65533,4,65481,0,10753
65533,4,65481,0,10776
65533,4,65481,0,10800
65533,4,65481,0,10824
65533,4,65481,0,10848
65533,3,65481,0,10871
65533,3,65481,0,10896
65533,3,65481,0,10919
65533,3,65481,0,10943
65533,3,65481,0,10968
65533,3,65481,0,10991
65533,3,65481,0,11015
65533,3,65481,0,11039
65533,3,65481,0,11063
65533,4,65481,0,11087
65533,4,65481,0,11111
65533,4,65481,0,11134
65533,4,65482,0,11159
65533,4,65482,0,11183
65533,3,65482,0,11206
65533,3,65482,0,11231
65533,3,65482,0,11254
65533,3,65482,0,11278
65533,3,65482,0,11302
65533,3,65482,0,11326
65533,3,65482,0,11351
65533,3,65482,0,11374
65533,3,65482,0,11398
65533,3,65481,0,11422
65533,3,65481,0,11446
65533,3,65481,0,11469
65533,3,65482,0,11494
65533,3,65482,0,11517
65533,3,65482,0,11541
65533,3,65482,0,11566
65533,3,65482,0,11589
65533,3,65482,0,11613
65533,3,65482,0,11637
65533,3,65482,0,11661
65533,3,65482,0,11685
65533,3,65482,0,11709
65533,3,65482,0,11732
65533,3,65482,0,11757
65533,3,65482,0,11781
65533,3,65482,0,11804
65533,3,65482,0,11829
65533,3,65482,0,11852
65533,3,65482,0,11876
65533,3,65482,0,11900
65533,3,65482,0,11924
65533,3,65482,0,11949
65533,3,65482,0,11972
65533,3,65482,0,11996
65533,3,65482,0,12020
65533,3,65481,0,12044
65533,3,65481,0,12067
65533,3,65481,0,12092
65533,3,65481,0,12115
65533,3,65481,0,12139
65533,3,65482,0,12164
65533,3,65482,0,12187
65533,3,65482,0,12211
65533,3,65481,0,12235
65533,3,65481,0,12259
65533,3,65481,0,12283
65533,3,65482,0,12307
65533,3,65482,0,12331
65533,3,65482,0,12355
65533,3,65481,0,12379
65533,3,65481,0,12402
65533,3,65481,0,12427
65533,3,65482,0,12450
65533,3,65482,0,12474
65533,3,65482,0,12498
65533,3,65482,0,12522
65533,3,65482,0,12546
65533,3,65481,0,12570
65533,3,65481,0,12594
65533,3,65481,0,12618
65533,3,65482,0,12642
65533,3,65482,0,12665
65533,3,65482,0,12690
65533,3,65481,0,12713
65533,3,65481,0,12737
65533,3,65481,0,12762
65533,4,65482,0,12785
65533,4,65482,0,12809
65533,4,65482,0,12833
65533,3,65481,0,12857
65533,3,65481,0,12881
65533,3,65481,0,12905
65533,3,65481,0,12929
65533,3,65481,0,12953
65533,3,65481,0,12977
65533,3,65481,0,13000
65533,3,65481,0,13025
65533,3,65481,0,13048
65533,3,65481,0,13072
65533,3,65481,0,13096
65533,3,65481,0,13120
65533,3,65481,0,13144
65533,3,65481,0,13168
65533,3,65482,0,13192
65533,3,65482,0,13216
65533,3,65482,0,13240
65533,3,65482,0,13263
65533,3,65482,0,13288
65533,3,65482,0,13312
65533,3,65482,0,13335
65533,3,65482,0,13360
65533,3,65482,0,13383
65533,3,65481,0,13407
65533,3,65481,0,13431
65533,3,65481,0,13455
65533,3,65482,0,13479
65533,3,65482,0,13503
65533,3,65482,0,13527
65533,3,65482,0,13551
65533,3,65482,0,13575
65533,3,65481,0,13598
65533,3,65481,0,13623
65533,3,65481,0,13646
65533,3,65481,0,13670
65533,3,65481,0,13694
65533,3,65481,0,13718
65533,3,65481,0,13742
65533,3,65481,0,13766
65533,3,65481,0,13790
65533,3,65481,0,13814
65533,3,65481,0,13838
65533,3,65481,0,13861
65533,3,65481,0,13886
65533,3,65481,0,13910
65533,3,65481,0,13933
65533,3,65481,0,13958
65533,3,65481,0,13981
65533,3,65481,0,14005
65533,3,65481,0,14029
65533,3,65481,0,14053
65533,3,65481,0,14076
65533,3,65481,0,14101
65533,3,65481,0,14125
65533,3,65482,0,14149
65533,3,65482,0,14173
65533,3,65482,0,14196
65533,3,65482,0,14221
65533,3,65482,0,14244
65533,3,65482,0,14268
65533,4,65482,0,14292
65533,4,65482,0,14316
65533,4,65482,0,14340
65533,3,65481,0,14364
65533,3,65481,0,14388
65533,3,65481,0,14412
65533,3,65481,0,14436
65533,3,65481,0,14459
65533,3,65481,0,14484
65533,3,65481,0,14508
65533,3,65481,0,14531
65533,3,65482,0,14556
65533,3,65482,0,14579
65533,3,65482,0,14603
65533,3,65482,0,14627
65533,3,65482,0,14651
65533,3,65482,0,14674
65533,3,65481,0,14699
65533,3,65481,0,14723
65533,3,65481,0,14747
65533,3,65482,0,14771
65533,3,65482,0,14794
65533,3,65482,0,14819
65533,3,65482,0,14842
65533,3,65482,0,14866
65533,3,65481,0,14891
65533,3,65481,0,14914
65533,3,65481,0,14938
65533,3,65482,0,14962
65533,3,65482,0,14986
65533,3,65482,0,15010
65533,3,65482,0,15034
65533,3,65482,0,15057
65533,3,65482,0,15082
65533,3,65481,0,15106
65533,3,65481,0,15129
65533,3,65481,0,15154
65533,3,65481,0,15177
65533,3,65481,0,15201
65533,3,65481,0,15225
65533,3,65482,0,15249
65533,3,65482,0,15272
65533,3,65482,0,15297
65533,3,65481,0,15321
65533,3,65481,0,15345
65533,3,65481,0,15369
65533,3,65481,0,15392
65533,3,65481,0,15417
65533,3,65481,0,15440
65533,3,65481,0,15464
65533,3,65481,0,15489
65533,3,65481,0,15512
65533,3,65481,0,15536
65533,3,65481,0,15560
65533,3,65481,0,15584
65533,3,65481,0,15607
65533,3,65481,0,15632
65533,3,65482,0,15655
65533,3,65482,0,15680
65533,3,65482,0,15704
65533,3,65482,0,15727
65533,3,65482,0,15752
65533,3,65482,0,15775
65533,3,65482,0,15799
65533,3,65482,0,15823
65533,3,65481,0,15847
65533,3,65481,0,15870
65533,3,65481,0,15895
65533,3,65481,0,15919
65533,3,65481,0,15943
65533,3,65481,0,15967
65533,3,65482,0,15990
65533,3,65482,0,16015
65533,3,65482,0,16038
65533,3,65482,0,16062
65533,3,65482,0,16087
65533,3,65482,0,16110
65533,3,65481,0,16134
65533,3,65481,0,16158
65533,3,65481,0,16182
65533,3,65481,0,16205
65533,3,65481,0,16230
65533,3,65481,0,16253
65533,3,65481,0,16278
65533,3,65481,0,16302
65533,3,65482,0,16325
65533,3,65482,0,16350
65533,3,65482,0,16373
65533,3,65481,0,16397
65533,3,65481,0,16421
65533,3,65481,0,16445
65533,3,65482,0,16468
65533,3,65482,0,16493
65533,3,65482,0,16517
65533,3,65482,0,16541
65533,3,65482,0,16565
65533,3,65482,0,16588
65533,3,65481,0,16613
65533,3,65481,0,16636
65533,3,65481,0,16660
65533,3,65481,0,16685
65533,3,65481,0,16708
65533,3,65481,0,16732
65533,3,65481,0,16756
65533,3,65481,0,16780
65533,3,65481,0,16803
65533,3,65481,0,16828
65533,3,65481,0,16851
65533,3,65482,0,16876
65533,3,65482,0,16900
65533,3,65482,0,16923
65533,3,65481,0,16948
65533,3,65481,0,16971
65533,3,65481,0,16995
65533,3,65481,0,17019
65533,3,65481,0,17043
65533,3,65481,0,17067
65533,3,65482,0,17091
65533,3,65482,0,17115
65533,3,65482,0,17138
65533,3,65481,0,17163
65533,3,65481,0,17186
65533,3,65482,0,17211
65533,3,65482,0,17234
65533,3,65482,0,17258
65533,3,65482,0,17283
65533,3,65482,0,17306
65533,3,65482,0,17330
65533,3,65481,0,17354
65533,3,65481,0,17378
65533,3,65481,0,17401
65533,3,65481,0,17426
65533,3,65481,0,17449
65533,3,65481,0,17474
65533,3,65482,0,17498
65533,3,65482,0,17521
65533,3,65482,0,17546
65533,3,65482,0,17569
65533,3,65482,0,17593
65533,3,65481,0,17617
65533,3,65481,0,17641
65533,3,65481,0,17665
65533,3,65481,0,17689
65533,3,65481,0,17713
65533,3,65481,0,17736
65533,3,65482,0,17761
65533,3,65482,0,17784
65533,3,65482,0,17809
65533,3,65481,0,17832
65533,3,65481,0,17856
65533,3,65481,0,17881
65533,3,65481,0,17904
65533,3,65481,0,17928
65533,3,65481,0,17952
65533,3,65482,0,17976
65533,3,65482,0,17999
65533,3,65482,0,18024
65533,3,65481,0,18048
65533,3,65481,0,18072
65533,3,65482,0,18096
65533,3,65482,0,18119
65533,3,65482,0,18144
65533,3,65482,0,18167
65533,3,65482,0,18191
65533,3,65482,0,18215
65533,3,65482,0,18239
65533,3,65482,0,18263
65533,3,65482,0,18287
65533,3,65482,0,18311
65533,3,65482,0,18334
65533,3,65482,0,18359
65533,3,65481,0,18382
65533,3,65481,0,18407
65533,3,65481,0,18430
65533,3,65481,0,18454
65533,3,65481,0,18479
65533,3,65481,0,18502
65533,3,65481,0,18526
65533,3,65481,0,18550
65533,4,65482,0,18574
65533,4,65482,0,18597
65533,4,65482,0,18622
65533,3,65482,0,18646
65533,3,65482,0,18669
65533,3,65482,0,18694
65533,3,65481,0,18717
65533,3,65481,0,18742
65533,3,65481,0,18765
65533,3,65482,0,18789
65533,3,65482,0,18813
65533,3,65482,0,18837
65533,3,65481,0,18861
65533,3,65481,0,18885
65533,3,65481,0,18909
65533,3,65482,0,18932
65533,3,65482,0,18957
65533,3,65482,0,18980
65533,3,65481,0,19005
65533,3,65481,0,19028
65533,3,65482,0,19052
65533,3,65482,0,19077
65533,3,65482,0,19100
65533,3,65482,0,19124
65533,3,65482,0,19148
65533,3,65482,0,19172
65533,3,65482,0,19195
65533,3,65482,0,19220
65533,3,65482,0,19244
65533,3,65481,0,19267
65533,3,65481,0,19292
65533,3,65481,0,19315
65533,3,65482,0,19340
65533,3,65482,0,19363
65533,3,65482,0,19387
65533,3,65482,0,19411
65533,3,65482,0,19435
65533,3,65481,0,19459
65533,3,65481,0,19483
65533,3,65481,0,19507
65533,3,65482,0,19530
65533,3,65482,0,19555
65533,3,65482,0,19578
65533,3,65481,0,19603
65533,3,65481,0,19627
65533,3,65481,0,19650
65533,3,65481,0,19675
65533,3,65481,0,19698
65533,3,65481,0,19722
65533,3,65482,0,19746
65533,3,65482,0,19770
65533,3,65482,0,19793
65533,3,65481,0,19818
65533,3,65481,0,19842
65533,3,65481,0,19865
65533,3,65481,0,19890
65533,3,65481,0,19913
65533,3,65482,0,19938
65533,3,65482,0,19961
65533,3,65482,0,19985
65533,3,65481,0,20009
65533,3,65481,0,20033
65533,3,65481,0,20057
65533,4,65481,0,20081
65533,4,65481,0,20105
65533,4,65481,0,20128
65533,3,65482,0,20153
65533,3,65482,0,20176
65533,3,65482,0,20200
65533,3,65481,0,20225
65533,3,65481,0,20248
65533,3,65481,0,20273
65533,3,65482,0,20296
65533,3,65482,0,20320
65533,3,65482,0,20344
65533,3,65482,0,20368
65533,3,65482,0,20391
65533,3,65481,0,20416
65533,3,65481,0,20440
65533,3,65481,0,20463
65533,4,65482,0,20488
65533,4,65482,0,20511
65533,4,65482,0,20536
65533,3,65482,0,20559
65533,3,65482,0,20583
65533,3,65482,0,20608
65533,3,65481,0,20631
65533,3,65481,0,20655
65533,3,65481,0,20679
65533,3,65482,0,20703
65533,3,65482,0,20726
65533,3,65482,0,20751
65533,3,65482,0,20774
65533,3,65482,0,20798
65533,3,65482,0,20823
65533,3,65481,0,20846
65533,3,65481,0,20871
65533,3,65481,0,20894
65533,3,65481,0,20918
65533,3,65481,0,20942
65533,3,65482,0,20966
65533,3,65482,0,20989
65533,3,65482,0,21014
65533,3,65482,0,21038
65533,3,65482,0,21061
65533,3,65482,0,21086
65533,3,65482,0,21109
65533,3,65482,0,21134
65533,3,65482,0,21157
65533,4,65482,0,21181
65533,4,65482,0,21206
65533,4,65482,0,21229
65533,3,65482,0,21253
65533,3,65482,0,21277
65533,3,65482,0,21301
65533,3,65482,0,21324
65533,3,65482,0,21349
65533,4,65482,0,21372
65533,4,65482,0,21396
65533,4,65482,0,21421
65533,3,65481,0,21444
65533,3,65481,0,21469
65533,3,65481,0,21492
65533,3,65482,0,21516
65533,3,65482,0,21540
65533,3,65482,0,21564
65533,3,65481,0,21587
65533,3,65481,0,21612
65533,3,65481,0,21636
65533,3,65481,0,21659
65533,3,65481,0,21684
65533,3,65481,0,21707
65533,3,65482,0,21731
65533,3,65482,0,21755
65533,3,65481,0,21779
65533,3,65481,0,21804
65533,3,65481,0,21827
65533,3,65481,0,21851
65533,3,65481,0,21875
65533,3,65481,0,21899
65533,3,65481,0,21922
65533,3,65481,0,21947
65533,3,65481,0,21970
65533,3,65481,0,21994
65533,3,65481,0,22019
65533,3,65481,0,22042
65533,3,65482,0,22067
65533,3,65482,0,22090
65533,3,65482,0,22114
65533,3,65481,0,22138
65533,3,65481,0,22162
65533,3,65481,0,22185
65533,3,65482,0,22210
65533,3,65482,0,22234
65533,4,65482,0,22257
65533,4,65482,0,22282
65533,4,65482,0,22305
65533,3,65482,0,22329
65533,3,65482,0,22353
65533,3,65482,0,22377
65533,3,65482,0,22402
65533,3,65482,0,22425
65533,3,65482,0,22449
65533,3,65481,0,22473
65533,3,65481,0,22497
65533,3,65481,0,22520
65533,3,65481,0,22545
65533,3,65481,0,22568
65533,3,65481,0,22592
65533,3,65481,0,22617
65533,3,65481,0,22640
65533,3,65481,0,22665
65533,3,65481,0,22688
65533,3,65481,0,22712
65533,3,65482,0,22736
65533,3,65482,0,22760
65533,3,65482,0,22784
65533,3,65481,0,22808
65533,3,65481,0,22832
65533,3,65481,0,22855
65533,3,65482,0,22880
65533,3,65482,0,22903
65533,3,65482,0,22927
65533,3,65482,0,22951
65533,3,65482,0,22975
65533,3,65482,0,23000
65533,3,65482,0,23023
65533,3,65482,0,23047
65533,3,65482,0,23071
65533,3,65481,0,23095
65533,3,65481,0,23118
65533,3,65481,0,23143
65533,3,65481,0,23166
65533,3,65481,0,23190
65533,3,65482,0,23215
65533,3,65482,0,23238
65533,3,65482,0,23262
65533,3,65481,0,23286
65533,3,65481,0,23310
65533,3,65481,0,23334
65533,3,65482,0,23358
65533,3,65482,0,23382
65533,3,65482,0,23406
65533,3,65482,0,23430
65533,3,65482,0,23453
65533,3,65482,0,23478
65533,3,65482,0,23501
65533,3,65482,0,23525
65533,3,65482,0,23549
65533,3,65482,0,23573
65533,3,65482,0,23598
65533,3,65482,0,23621
65533,3,65482,0,23645
65533,3,65482,0,23669
65533,3,65482,0,23693
65533,3,65482,0,23716
65533,3,65482,0,23741
65533,3,65481,0,23764
65533,3,65481,0,23788
65533,3,65481,0,23813
65533,3,65482,0,23836
65533,3,65482,0,23860
65533,3,65482,0,23884
65533,3,65482,0,23908
65533,3,65482,0,23932
65533,3,65482,0,23956
65533,3,65482,0,23980
65533,3,65482,0,24004
65533,3,65482,0,24028
65533,3,65482,0,24051
65533,3,65482,0,24076
65533,3,65482,0,24099
65533,3,65482,0,24123
65533,3,65482,0,24147
65533,3,65482,0,24171
65533,3,65482,0,24196
65533,3,65482,0,24219
65533,3,65482,0,24243
65533,3,65482,0,24267
65533,3,65482,0,24291
65533,3,65482,0,24314
65533,3,65482,0,24339
65533,3,65482,0,24363
65533,3,65482,0,24386
65533,3,65482,0,24411
65533,3,65482,0,24434
65533,3,65482,0,24458
65533,3,65482,0,24482
65533,3,65482,0,24506
65533,3,65481,0,24530
65533,3,65481,0,24554
65533,3,65482,0,24578
65533,3,65482,0,24602
65533,3,65482,0,24626
65533,3,65481,0,24649
65533,3,65481,0,24674
65533,3,65481,0,24697
65533,3,65482,0,24721
65533,3,65482,0,24745
65533,3,65482,0,24769
65533,3,65482,0,24793
65533,3,65482,0,24817
65533,3,65482,0,24841
65533,3,65482,0,24865
65533,3,65482,0,24889
65533,3,65482,0,24912
65533,3,65482,0,24937
65533,3,65482,0,24961
65533,3,65482,0,24984
65533,3,65482,0,25009
65533,3,65482,0,25032
65533,3,65482,0,25056
65533,3,65482,0,25080
65533,3,65482,0,25104
65533,3,65482,0,25128
65533,3,65482,0,25152
65533,3,65482,0,25176
65533,3,65482,0,25200
65533,3,65482,0,25224
65533,3,65482,0,25247
65533,3,65482,0,25272
65533,3,65482,0,25295
65533,3,65482,0,25319
65533,3,65482,0,25344
65533,3,65482,0,25367
65533,3,65482,0,25391
65533,3,65482,0,25415
65533,3,65482,0,25439
65533,3,65482,0,25463
65533,3,65482,0,25487
65533,3,65482,0,25510
65533,3,65482,0,25535
65533,3,65482,0,25559
65533,3,65482,0,25582
65533,3,65482,0,25607
65533,3,65482,0,25630
65533,3,65482,0,25654
65533,3,65482,0,25678
65533,3,65482,0,25702
65533,3,65482,0,25726
65533,3,65482,0,25750
65533,3,65482,0,25774
65533,3,65482,0,25798
65533,3,65482,0,25822
65533,3,65482,0,25845
65533,3,65482,0,25870
65533,3,65482,0,25893
65533,3,65482,0,25917
65533,3,65482,0,25942
65533,3,65482,0,25965
65533,3,65482,0,25989
65533,3,65482,0,26013
65533,3,65482,0,26037
65533,3,65482,0,26061
65533,3,65482,0,26085
65533,3,65482,0,26108
65533,3,65482,0,26133
65533,3,65482,0,26157
65533,3,65482,0,26180
65533,3,65482,0,26205
65533,3,65482,0,26228
65533,3,65482,0,26252
65533,3,65482,0,26276
65533,3,65482,0,26300
65533,3,65482,0,26323
65533,3,65482,0,26348
65533,3,65482,0,26372
65533,3,65482,0,26396
65533,3,65483,0,26420
65533,3,65483,0,26443
65533,3,65483,0,26468
65533,3,65482,0,26491
65533,3,65482,0,26515
65533,3,65482,0,26540
65533,3,65482,0,26563
65533,3,65482,0,26587
65533,3,65482,0,26611
65533,3,65482,0,26635
65533,3,65482,0,26659
65533,3,65482,0,26683
65533,3,65482,0,26706
65533,3,65482,0,26731
65533,3,65482,0,26755
65533,3,65482,0,26778
65533,3,65482,0,26803
65533,3,65483,0,26826
65533,3,65483,0,26850
65533,3,65483,0,26874
65533,3,65483,0,26898
65533,3,65483,0,26921
65533,3,65483,0,26946
65533,2,65482,0,26970
65533,2,65482,0,26994
65533,2,65482,0,27018
65533,3,65483,0,27041
65533,3,65483,0,27066
65533,3,65483,0,27089
65533,2,65483,0,27113
65533,2,65483,0,27138
65533,2,65483,0,27161
65533,2,65483,0,27185
65533,2,65483,0,27209
65533,2,65483,0,27233
65533,2,65483,0,27257
65533,2,65483,0,27281
65533,2,65482,0,27304
65533,2,65482,0,27329
65533,2,65482,0,27353
65533,2,65483,0,27376
65533,2,65483,0,27401
65533,2,65483,0,27424
65533,2,65483,0,27448
65533,2,65483,0,27472
65533,2,65483,0,27496
65533,2,65483,0,27520
65533,2,65483,0,27544
65533,2,65483,0,27568
65533,2,65483,0,27592
65533,2,65483,0,27616
65533,2,65483,0,27639
65533,2,65483,0,27664
65533,2,65483,0,27687
65533,2,65483,0,27711
65533,2,65483,0,27736
65533,2,65483,0,27759
65533,2,65483,0,27783
65533,2,65483,0,27807
65533,2,65483,0,27831
65533,2,65484,0,27854
65533,2,65484,0,27879
65533,2,65484,0,27902
65533,2,65484,0,27927
65533,2,65484,0,27951
65533,2,65484,0,27974
65533,2,65484,0,27999
65533,2,65484,0,28022
65533,2,65484,0,28046
65533,1,65484,0,28070
65533,1,65484,0,28094
65533,1,65484,0,28118
65533,1,65484,0,28142
65533,1,65484,0,28166
65533,1,65484,0,28190
65533,1,65484,0,28214
65533,1,65484,0,28237
65533,1,65484,0,28262
65533,1,65484,0,28285
65533,1,65484,0,28309
65533,1,65484,0,28334
65533,1,65484,0,28357
65533,1,65484,0,28381
65533,1,65484,0,28405
65533,1,65484,0,28429
65533,1,65484,0,28452
65533,1,65484,0,28477
65533,1,65484,0,28500
65533,1,65484,0,28525
65533,1,65484,0,28549
65533,1,65484,0,28572
65533,1,65484,0,28597
65533,1,65484,0,28620
65533,1,65484,0,28644
65533,0,65485,0,28668
65533,0,65485,0,28692
65533,0,65485,0,28716
65533,0,65485,0,28740
65533,0,65485,0,28764
65533,0,65485,0,28788
65533,0,65485,0,28812
65533,0,65485,0,28835
65533,0,65485,0,28860
65533,0,65485,0,28883
65533,0,65485,0,28907
65533,0,65485,0,28932
65532,0,65486,0,28955
65532,0,65486,0,28979
65532,0,65486,0,29003
65532,0,65485,0,29027
65532,0,65485,0,29050
65532,0,65485,0,29075
65532,0,65486,0,29099
65532,0,65486,0,29123
65532,0,65486,0,29147
65532,0,65486,0,29170
65532,0,65486,0,29195
65531,0,65486,0,29218
65531,0,65486,0,29242
65531,0,65486,0,29266
65532,65535,65486,0,29290
65532,65535,65486,0,29318
65532,65535,65486,0,29346
65531,65535,65487,0,29374
65531,65535,65487,0,29403
65531,65535,65487,0,29430
65531,65535,65487,0,29459
65531,65535,65487,0,29487
65531,65535,65487,0,29514
65531,65535,65487,0,29543
65531,65535,65488,0,29571
65531,65535,65488,0,29599
65530,65534,65488,0,29627
65530,65534,65488,0,29656
65530,65534,65488,0,29683
65530,65534,65489,0,29711
65530,65534,65489,0,29740
65529,65534,65489,0,29767
65529,65534,65489,0,29796
65529,65534,65489,0,29824
65529,65534,65490,0,29851
65529,65534,65490,0,29880
65529,65534,65491,0,29907
65529,65534,65491,0,29936
65529,65534,65491,0,29964
65529,65534,65491,0,29992
65529,65534,65491,0,30020
65528,65534,65492,0,30048
65528,65534,65492,0,30076
65528,65534,65493,0,30104
65528,65534,65493,0,30133
65528,65534,65493,0,30160
65527,65535,65494,0,30189
65527,65535,65494,0,30217
65527,0,65494,0,30244
65527,0,65494,0,30269
65527,0,65494,0,30292
65527,0,65494,0,30316
65527,0,65494,0,30341
65527,0,65494,0,30364
65527,1,65495,0,30389
65527,1,65495,0,30412
65527,1,65495,0,30436
65527,2,65495,0,30460
65527,2,65495,0,30484
65527,2,65495,0,30508
65528,3,65495,0,30532
65528,3,65495,0,30556
65530,4,65495,0,30579
65530,4,65495,0,30604
65530,4,65495,0,30627
65531,5,65495,0,30652
65531,5,65495,0,30675
65531,5,65495,0,30699
65533,6,65495,0,30724
65533,6,65495,0,30747
65533,6,65495,0,30771
65533,6,65494,0,30795
65533,6,65494,0,30819
65533,6,65494,0,30842
65534,5,65493,0,30867
65534,5,65493,0,30891
65534,5,65493,0,30914
65535,4,65492,0,30939
65535,4,65492,0,30962
65535,4,65492,0,30987
65535,4,65491,0,31010
65535,4,65491,0,31034
0,3,65490,0,31058
0,3,65490,0,31078
0,3,65490,0,31097
0,3,65490,0,31118
0,3,65488,0,31137
0,3,65488,0,31157
0,3,65488,0,31176
0,3,65487,0,31197
0,3,65487,0,31216
0,3,65487,0,31236
0,3,65487,0,31256
65535,2,65487,0,31276
65535,2,65487,0,31299
65535,2,65487,0,31324
65535,2,65486,0,31347
65535,2,65486,0,31371
65535,2,65486,0,31395
65534,2,65485,0,31419
65534,2,65485,0,31442
65534,3,65485,0,31467
65534,3,65485,0,31491
65534,3,65485,0,31514
65534,3,65484,0,31539
65534,3,65484,0,31562
65534,3,65484,0,31587
65534,3,65484,0,31610
65534,3,65484,0,31634
65534,3,65484,0,31659
65533,3,65484,0,31682
65533,3,65484,0,31706
65533,3,65484,0,31730
65533,4,65484,0,31754
65533,4,65484,0,31777
65533,4,65484,0,31802
65533,4,65483,0,31825
65533,4,65483,0,31850
65533,4,65483,0,31874
65533,4,65483,0,31897
65533,4,65483,0,31922
65533,5,65483,0,31945
65533,5,65483,0,31969
65533,5,65483,0,31993
65533,5,65483,0,32017
65533,5,65483,0,32040
65533,5,65483,0,32065
65533,6,65483,0,32089
65533,6,65483,0,32112
65533,6,65483,0,32137
65533,5,65483,0,32160
65533,5,65483,0,32185
65533,5,65483,0,32208
65533,6,65483,0,32232
65533,6,65483,0,32257
65533,6,65483,0,32280
65533,6,65483,0,32304
65533,6,65483,0,32328
65533,6,65483,0,32352
65533,6,65483,0,32375
65533,6,65483,0,32400
65533,6,65483,0,32423
65533,6,65483,0,32447
65533,6,65483,0,32472
65533,6,65483,0,32495
65533,6,65483,0,32520
65533,6,65483,0,32543
65533,6,65484,0,32567
65533,6,65484,0,32591
65533,6,65484,0,32615
65533,6,65484,0,32638
65533,6,65484,0,32663
65533,6,65484,0,32687
65533,6,65483,0,32710
65533,6,65483,0,32735
65533,6,65483,0,32758
65533,6,65483,0,32783
65533,6,65483,0,32806
65533,6,65483,0,32830
65533,6,65483,0,32855
65533,6,65483,0,32878
65533,7,65483,0,32902
65533,7,65483,0,32926
65533,7,65483,0,32950
65533,7,65483,0,32973
65533,7,65483,0,32998
65533,7,65483,0,33021
65533,7,65483,0,33045
65533,7,65483,0,33070
65533,7,65483,0,33093
65533,7,65483,0,33118
65533,7,65483,0,33141
65533,7,65483,0,33165
65533,7,65483,0,33189
65533,7,65483,0,33213
65533,7,65483,0,33236
65533,7,65484,0,33261
65533,7,65484,0,33285
65534,7,65483,0,33308
65534,7,65483,0,33333
65534,7,65483,0,33356
65533,7,65484,0,33381
65533,7,65484,0,33404
65533,7,65484,0,33428
65533,7,65483,0,33453
65533,7,65483,0,33476
65533,7,65483,0,33500
65533,7,65483,0,33524
65533,7,65483,0,33548
65533,7,65483,0,33571
65533,7,65483,0,33596
65533,7,65483,0,33619
65533,7,65483,0,33643
65533,7,65484,0,33668
65533,7,65484,0,33691
65533,7,65484,0,33716
65534,7,65484,0,33739
65534,7,65484,0,33763
65533,6,65484,0,33787
65533,6,65484,0,33811
65533,6,65484,0,33835
65533,7,65483,0,33859
65533,7,65483,0,33883
65533,7,65483,0,33906
65533,7,65483,0,33931
65533,7,65483,0,33954
65533,7,65483,0,33978
65533,7,65484,0,34002
65533,7,65484,0,34026
65533,7,65484,0,34051
65534,7,65483,0,34074
65534,7,65483,0,34098
65534,7,65483,0,34122
65533,7,65484,0,34146
65533,7,65484,0,34169
65533,7,65484,0,34194
65533,7,65484,0,34217
65533,7,65484,0,34241
65533,7,65484,0,34266
65533,7,65484,0,34289
65533,7,65484,0,34314
65533,7,65483,0,34337
65533,7,65483,0,34361
65533,7,65483,0,34385
65533,7,65483,0,34409
65533,7,65483,0,34433
65533,7,65483,0,34457
65533,7,65483,0,34481
65533,7,65483,0,34504
65533,7,65483,0,34529
65533,7,65483,0,34552
65533,7,65483,0,34576
65533,7,65483,0,34600
65534,7,65484,0,34624
65534,7,65484,0,34649
65534,7,65484,0,34672
65534,7,65484,0,34696
65534,7,65484,0,34720
65533,7,65483,0,34744
65533,7,65483,0,34767
65533,7,65483,0,34792
65534,7,65483,0,34816
65534,7,65483,0,34839
65534,7,65483,0,34864
65533,7,65483,0,34887
65533,7,65483,0,34912
65533,7,65483,0,34935
65533,7,65483,0,34959
65533,7,65483,0,34983
65533,7,65483,0,35007
65533,7,65483,0,35031
65533,7,65483,0,35055
65533,7,65483,0,35079
65533,7,65484,0,35102
65533,7,65484,0,35127
65533,7,65484,0,35150
65533,7,65484,0,35174
65533,7,65484,0,35198
65534,7,65483,0,35222
65534,7,65483,0,35247
65534,7,65483,0,35270
65533,7,65483,0,35294
65533,7,65483,0,35318
65533,7,65483,0,35342
65533,7,65483,0,35365
65533,7,65483,0,35390
65533,7,65483,0,35414
65533,7,65483,0,35437
65533,7,65483,0,35462
65533,7,65483,0,35485
65534,7,65483,0,35509
65534,7,65483,0,35533
65534,7,65483,0,35557
65533,7,65483,0,35581
65533,7,65483,0,35605
65533,7,65483,0,35629
65533,7,65483,0,35653
65533,7,65483,0,35677
65533,7,65484,0,35700
65533,7,65484,0,35725
65533,7,65484,0,35748
65534,7,65483,0,35772
65534,7,65483,0,35796
65534,7,65483,0,35820
65533,7,65483,0,35845
65533,7,65483,0,35868
65533,7,65483,0,35892
65534,7,65484,0,35916
65534,7,65484,0,35940
65534,7,65484,0,35963
65534,7,65483,0,35988
65534,7,65483,0,36012
65534,7,65483,0,36035
65534,7,65483,0,36060
65534,7,65483,0,36083
65534,7,65483,0,36107
65534,7,65483,0,36131
65534,7,65483,0,36155
65534,7,65484,0,36179
65534,7,65484,0,36203
65534,7,65484,0,36227
65534,7,65484,0,36251
65534,7,65484,0,36275
65534,7,65484,0,36298
65534,7,65483,0,36323
65534,7,65483,0,36346
65534,7,65483,0,36370
65534,7,65484,0,36395
65534,7,65484,0,36418
65534,7,65484,0,36443
65534,7,65483,0,36466
65534,7,65483,0,36490
65534,8,65483,0,36514
65534,8,65483,0,36538
65534,8,65483,0,36561
65535,8,65483,0,36586
65535,8,65483,0,36610
65535,8,65483,0,36633
65535,7,65483,0,36658
65535,7,65483,0,36681
65535,7,65483,0,36705
65535,8,65483,0,36729
65535,8,65483,0,36753
65535,8,65483,0,36777
65535,7,65483,0,36801
65535,7,65483,0,36825
65535,7,65483,0,36849
65535,8,65483,0,36873
65535,8,65483,0,36896
65535,8,65483,0,36921
65535,8,65483,0,36944
65535,8,65483,0,36968
65535,7,65483,0,36993
65535,7,65483,0,37016
65535,7,65483,0,37040
65535,8,65483,0,37064
65535,8,65483,0,37088
65535,8,65483,0,37112
65535,8,65483,0,37136
65535,8,65483,0,37159
65535,8,65483,0,37184
65535,8,65483,0,37208
65535,8,65483,0,37231
65535,8,65483,0,37256
65535,8,65483,0,37279
65535,8,65483,0,37303
65535,8,65483,0,37327
65535,8,65483,0,37351
65535,8,65483,0,37376
65535,8,65483,0,37399
65535,7,65483,0,37423
65535,7,65483,0,37447
65535,8,65483,0,37471
65535,8,65483,0,37494
65535,8,65483,0,37519
0,7,65483,0,37542
0,7,65483,0,37562
0,7,65483,0,37582
0,7,65483,0,37602
65535,7,65483,0,37621
65535,7,65483,0,37646
65535,7,65483,0,37669
65535,8,65483,0,37693
65535,8,65483,0,37718
0,7,65483,0,37741
0,7,65483,0,37761
0,7,65483,0,37781
0,7,65483,0,37800
65535,7,65483,0,37820
65535,7,65483,0,37844
65535,7,65483,0,37868
65535,7,65483,0,37892
65535,7,65483,0,37916
65535,7,65483,0,37940
0,7,65484,0,37963
0,7,65484,0,37984
0,7,65484,0,38003
0,7,65483,0,38023
0,7,65483,0,38043
0,7,65483,0,38063
65535,7,65483,0,38082
65535,7,65483,0,38107
65535,7,65483,0,38130
0,7,65483,0,38154
0,7,65483,0,38174
0,7,65483,0,38194
0,7,65483,0,38213
0,7,65483,0,38233
0,7,65483,0,38253
0,7,65483,0,38273
0,7,65483,0,38292
0,7,65483,0,38312
0,7,65483,0,38332
0,7,65483,0,38351
0,7,65483,0,38371
0,7,65483,0,38391
0,7,65483,0,38411
0,7,65483,0,38430
0,7,65483,0,38451
0,7,65483,0,38470
0,7,65483,0,38490
0,6,65483,0,38510
0,6,65483,0,38530
0,6,65483,0,38549
0,6,65482,0,38568
0,6,65482,0,38589
0,6,65482,0,38608
0,6,65482,0,38628
0,6,65482,0,38648
0,6,65482,0,38668
0,6,65482,0,38687
1,5,65482,0,38708
1,5,65482,0,38727
1,5,65482,0,38747
1,4,65482,0,38766
1,4,65482,0,38787
1,4,65482,0,38806
1,4,65482,0,38825
1,4,65482,0,38846
1,4,65482,0,38865
1,4,65482,0,38885
1,3,65482,0,38905
1,3,65482,0,38925
1,3,65482,0,38944
1,3,65482,0,38964
0,3,65482,0,38984
0,3,65482,0,39004
0,3,65482,0,39023
0,3,65482,0,39044
0,3,65482,0,39063
0,3,65482,0,39083
0,3,65482,0,39102
0,3,65482,0,39122
0,3,65482,0,39142
0,3,65482,0,39161
0,2,65481,0,39182
0,2,65481,0,39201
0,2,65481,0,39221
0,2,65481,0,39241
65535,2,65481,0,39261
65535,2,65481,0,39284
65535,2,65481,0,39309
65535,2,65481,0,39332
65535,2,65481,0,39356
65534,2,65482,0,39380
65534,2,65482,0,39404
65534,2,65482,0,39428
65534,3,65482,0,39452
65534,3,65482,0,39476
65534,3,65482,0,39499
65533,3,65482,0,39524
65533,3,65482,0,39547
65533,3,65482,0,39572
65534,4,65483,0,39596
65534,4,65483,0,39619
65534,4,65483,0,39644
65534,4,65482,0,39667
65534,4,65482,0,39691
65534,4,65482,0,39715
65534,4,65483,0,39739
65534,4,65483,0,39762
65534,4,65483,0,39787
65534,4,65483,0,39811
65534,4,65483,0,39834
0,3,65483,0,39859
0,3,65483,0,39878
0,3,65483,0,39898
0,3,65483,0,39918
0,1,65484,0,39938
0,1,65484,0,39957
0,1,65484,0,39977
65535,0,65483,0,39997
65535,0,65483,0,40020
65535,0,65483,0,40045
65533,65535,65483,0,40069
65533,65535,65483,0,40096
65533,65535,65483,0,40125
65532,65535,65482,0,40153
65532,65535,65482,0,40181
65531,0,65482,0,40209
65531,0,65482,0,40232
65531,0,65482,0,40257
65531,0,65482,0,40281
65531,0,65482,0,40305
65531,0,65482,0,40329
65531,1,65482,0,40352
65531,1,65482,0,40377
65531,1,65482,0,40400
65532,2,65482,0,40424
65532,2,65482,0,40449
65532,2,65482,0,40472
65532,2,65482,0,40496
65532,2,65482,0,40520
65532,2,65482,0,40544
65532,2,65482,0,40567
65532,2,65482,0,40592
65532,2,65482,0,40615
65532,2,65482,0,40640
65532,2,65482,0,40664
65532,3,65482,0,40687
65532,3,65482,0,40712
65532,3,65482,0,40735
65532,3,65481,0,40759
65532,3,65481,0,40783
65532,3,65481,0,40807
65532,3,65482,0,40830
65532,3,65482,0,40855
65533,3,65481,0,40879
65533,3,65481,0,40903
65533,3,65481,0,40927
65532,3,65482,0,40950
65532,3,65482,0,40975
65532,3,65482,0,40998
65533,3,65482,0,41022
65533,3,65482,0,41047
65533,3,65482,0,41070
65533,3,65482,0,41094
65533,3,65482,0,41118
65533,3,65482,0,41142
65533,3,65482,0,41165
65533,3,65482,0,41190
65533,3,65482,0,41213
65533,3,65481,0,41238
65533,3,65481,0,41262
65533,3,65481,0,41285
65533,3,65481,0,41310
65533,3,65481,0,41333
65533,3,65481,0,41357
65533,3,65481,0,41381
65533,3,65481,0,41405
65533,3,65481,0,41428
65533,3,65481,0,41453
65533,3,65481,0,41477
65533,3,65482,0,41501
65533,3,65482,0,41525
65533,3,65482,0,41548
65533,3,65481,0,41573
65533,3,65481,0,41596
65533,3,65481,0,41620
65533,3,65481,0,41645
65533,3,65481,0,41668
65533,3,65481,0,41692
65533,3,65482,0,41716
65533,3,65482,0,41740
65533,3,65482,0,41763
65533,3,65481,0,41788
65533,3,65481,0,41811
65533,3,65482,0,41836
65533,3,65482,0,41860
65533,3,65482,0,41883
65533,3,65481,0,41908
65533,3,65481,0,41931
65533,3,65481,0,41955
65533,3,65481,0,41979
65533,3,65481,0,42003
65533,3,65481,0,42027
65533,3,65481,0,42051
65533,3,65481,0,42075
65533,3,65481,0,42098
65533,3,65481,0,42123
65533,3,65481,0,42146
65533,3,65481,0,42171
65533,3,65481,0,42194
65533,3,65481,0,42218
65533,3,65481,0,42243
65533,3,65481,0,42266
65533,3,65481,0,42290
65533,3,65481,0,42314
65533,3,65481,0,42338
65533,3,65481,0,42361
65533,3,65482,0,42386
65533,3,65482,0,42409
65533,3,65482,0,42434
65533,3,65481,0,42458
65533,3,65481,0,42481
65533,3,65481,0,42506
65533,3,65481,0,42529
65533,3,65481,0,42553
65533,3,65481,0,42577
65533,3,65482,0,42601
65533,3,65482,0,42625
65533,3,65482,0,42649
65533,3,65481,0,42673
65533,3,65481,0,42696
65533,3,65482,0,42721
65533,3,65482,0,42744
65533,3,65482,0,42769
65533,3,65481,0,42792
65533,3,65481,0,42816
65533,3,65481,0,42841
65533,3,65481,0,42864
65533,3,65481,0,42888
65533,3,65481,0,42912
65533,4,65481,0,42936
65533,4,65481,0,42959
65533,4,65481,0,42984
65533,3,65481,0,43008
65533,3,65481,0,43032
65533,3,65481,0,43056
65533,3,65481,0,43079
65533,3,65481,0,43104
65533,3,65481,0,43127
65533,3,65481,0,43151
65533,3,65481,0,43175
65533,3,65481,0,43199
65533,3,65481,0,43223
65533,3,65481,0,43247
65533,4,65482,0,43271
65533,4,65482,0,43294
65533,4,65482,0,43319