29,65511,65497,0,8892
29,65511,65497,0,8915
29,65511,65496,0,8940
29,65511,65496,0,8964
29,65512,65497,0,8987
29,65512,65497,0,9012
29,65512,65497,0,9035
29,65511,65496,0,9059
29,65511,65496,0,9083
29,65511,65496,0,9107
29,65511,65496,0,9131
29,65511,65496,0,9155
29,65511,65496,0,9179
29,65511,65497,0,9203
29,65511,65497,0,9227
29,65511,65497,0,9250
29,65511,65497,0,9275
29,65511,65497,0,9298
29,65511,65497,0,9322
29,65511,65496,0,9347
29,65511,65496,0,9370
29,65511,65497,0,9394
29,65511,65497,0,9418
29,65511,65497,0,9442
29,65512,65496,0,9466
29,65512,65496,0,9490
29,65512,65496,0,9513
29,65511,65497,0,9538
29,65511,65497,0,9562
29,65511,65497,0,9585
29,65511,65496,0,9610
29,65511,65496,0,9633
29,65511,65496,0,9657
29,65511,65497,0,9681
29,65511,65497,0,9705
29,65511,65497,0,9729
29,65511,65496,0,9753
29,65511,65496,0,9777
29,65511,65496,0,9801
29,65511,65497,0,9825
29,65511,65497,0,9848
29,65511,65497,0,9873
29,65511,65497,0,9896
29,65511,65497,0,9920
29,65511,65496,0,9945
29,65511,65496,0,9968
29,65511,65496,0,9992
29,65511,65497,0,10016
29,65511,65497,0,10041
29,65511,65497,0,10066
29,65511,65497,0,10091
29,65511,65497,0,10116
29,65511,65497,0,10141
29,65511,65497,0,10166
29,65511,65497,0,10190
29,65511,65496,0,10216
29,65511,65496,0,10241
29,65511,65496,0,10266
29,65512,65496,0,10291
29,65512,65496,0,10315
29,65512,65496,0,10341
29,65511,65497,0,10365
29,65511,65497,0,10390
29,65511,65496,0,10416
29,65511,65496,0,10440
29,65511,65496,0,10466
29,65511,65497,0,10490
29,65511,65497,0,10515
29,65511,65497,0,10541
29,65511,65496,0,10565
29,65511,65496,0,10590
29,65511,65496,0,10615
29,65511,65497,0,10640
29,65511,65497,0,10665
29,65511,65496,0,10690
29,65511,65496,0,10715
29,65511,65496,0,10740
29,65511,65497,0,10765
29,65511,65497,0,10789
29,65511,65497,0,10815
29,65511,65496,0,10840
29,65511,65496,0,10865
29,65511,65496,0,10890
29,65511,65496,0,10914
29,65511,65496,0,10940
29,65511,65496,0,10964
29,65511,65496,0,10989
29,65511,65496,0,11015
29,65511,65496,0,11039
29,65511,65496,0,11065
29,65511,65496,0,11089
29,65511,65496,0,11114
29,65511,65496,0,11140
29,65511,65496,0,11164
29,65511,65496,0,11189
29,65511,65496,0,11214
29,65511,65496,0,11239
29,65511,65496,0,11265
29,65511,65496,0,11289
29,65511,65497,0,11314
29,65511,65497,0,11339
29,65511,65497,0,11364
29,65511,65496,0,11388
29,65511,65496,0,11414
29,65511,65497,0,11439
29,65511,65497,0,11464
29,65511,65497,0,11489
29,65511,65496,0,11513
29,65511,65496,0,11539
29,65511,65496,0,11564
29,65511,65496,0,11588
29,65511,65496,0,11614
29,65511,65496,0,11638
29,65511,65496,0,11664
29,65511,65496,0,11688
29,65511,65497,0,11713
29,65511,65497,0,11739
29,65511,65497,0,11763
29,65511,65497,0,11788
29,65511,65497,0,11813
29,65511,65497,0,11838
29,65511,65496,0,11864
29,65511,65496,0,11888
29,65511,65497,0,11913
29,65511,65497,0,11938
29,65511,65497,0,11963
29,65511,65496,0,11987
29,65511,65496,0,12013
29,65511,65496,0,12038
29,65511,65497,0,12063
29,65511,65497,0,12088
29,65511,65497,0,12112
29,65511,65496,0,12138
29,65511,65496,0,12163
29,65512,65496,0,12187
29,65512,65496,0,12213
29,65512,65496,0,12237
29,65511,65497,0,12263
29,65511,65497,0,12288
29,65511,65497,0,12312
29,65511,65496,0,12338
29,65511,65496,0,12362
29,65512,65496,0,12387
29,65512,65496,0,12412
29,65512,65496,0,12437
29,65511,65496,0,12463
29,65511,65496,0,12487
29,65511,65496,0,12512
29,65511,65496,0,12537
29,65511,65496,0,12562
29,65511,65496,0,12587
29,65511,65497,0,12612
29,65511,65497,0,12637
29,65512,65497,0,12662
29,65512,65497,0,12687
29,65512,65497,0,12711
29,65512,65497,0,12737
29,65512,65497,0,12762
29,65512,65497,0,12786
29,65511,65497,0,12812
29,65511,65497,0,12836
29,65511,65497,0,12862
29,65511,65497,0,12887
29,65511,65497,0,12911
29,65512,65496,0,12937
29,65512,65496,0,12961
29,65512,65496,0,12986
29,65511,65496,0,13011
29,65511,65496,0,13036
29,65511,65496,0,13062
29,65511,65496,0,13086
29,65511,65496,0,13111
29,65511,65497,0,13136
29,65511,65497,0,13161
29,65511,65497,0,13186
29,65511,65497,0,13211
29,65511,65497,0,13236
29,65511,65497,0,13261
29,65511,65497,0,13286
29,65511,65497,0,13310
29,65511,65497,0,13336
29,65511,65496,0,13361
29,65511,65496,0,13385
29,65511,65496,0,13411
29,65511,65496,0,13435
29,65511,65496,0,13461
29,65511,65497,0,13486
29,65511,65497,0,13510
29,65511,65497,0,13536
29,65511,65496,0,13560
29,65511,65496,0,13585
29,65511,65496,0,13611
29,65511,65496,0,13635
29,65511,65496,0,13661
29,65511,65496,0,13685
29,65511,65496,0,13710
29,65511,65496,0,13735
29,65511,65497,0,13760
29,65511,65497,0,13785
29,65511,65497,0,13810
29,65511,65497,0,13835
29,65511,65497,0,13860
29,65511,65497,0,13885
29,65511,65497,0,13910
29,65511,65497,0,13935
29,65511,65497,0,13960
29,65511,65497,0,13984
29,65511,65497,0,14010
29,65512,65497,0,14034
29,65512,65497,0,14060
29,65512,65497,0,14085
29,65511,65497,0,14109
29,65511,65497,0,14135
29,65511,65497,0,14159
29,65511,65497,0,14184
29,65511,65497,0,14210
29,65511,65497,0,14234
29,65511,65497,0,14260
29,65511,65497,0,14284
29,65511,65497,0,14309
29,65511,65497,0,14334
29,65511,65497,0,14359
29,65511,65497,0,14384
29,65511,65497,0,14409
29,65511,65496,0,14434
29,65511,65496,0,14459
29,65511,65496,0,14484
29,65511,65496,0,14509
29,65511,65496,0,14534
29,65511,65496,0,14559
29,65512,65496,0,14583
29,65512,65496,0,14609
29,65511,65496,0,14633
29,65511,65496,0,14659
29,65511,65496,0,14684
29,65511,65496,0,14708
29,65511,65496,0,14734
29,65511,65496,0,14758
29,65511,65496,0,14783
29,65511,65496,0,14809
29,65511,65496,0,14833
29,65511,65496,0,14859
29,65511,65496,0,14883
29,65511,65497,0,14908
29,65511,65497,0,14934
29,65511,65497,0,14958
29,65511,65496,0,14983
29,65511,65496,0,15008
29,65511,65496,0,15033
29,65511,65496,0,15058
29,65511,65496,0,15083
29,65511,65496,0,15108
29,65511,65496,0,15133
29,65511,65496,0,15158
29,65512,65497,0,15182
29,65512,65497,0,15208
29,65512,65497,0,15233
29,65511,65496,0,15258
29,65511,65496,0,15283
29,65511,65496,0,15307
29,65511,65496,0,15333
29,65511,65496,0,15357
29,65512,65497,0,15382
29,65512,65497,0,15408
29,65512,65497,0,15432
29,65512,65497,0,15458
29,65512,65497,0,15482
29,65512,65497,0,15507
29,65511,65497,0,15533
29,65511,65497,0,15557
29,65511,65497,0,15582
29,65511,65497,0,15607
29,65511,65497,0,15632
29,65511,65496,0,15657
29,65511,65496,0,15682
29,65511,65496,0,15707
29,65511,65497,0,15732
29,65511,65497,0,15757
29,65511,65497,0,15781
29,65511,65496,0,15807
29,65511,65496,0,15832
29,65511,65496,0,15857
29,65511,65496,0,15882
29,65511,65496,0,15906
29,65511,65496,0,15932
29,65511,65496,0,15956
29,65511,65496,0,15981
29,65511,65496,0,16007
29,65511,65496,0,16031
29,65511,65496,0,16057
29,65511,65497,0,16081
29,65511,65497,0,16106
29,65511,65496,0,16132
29,65511,65496,0,16156
29,65511,65496,0,16181
29,65511,65496,0,16206
29,65511,65496,0,16231
29,65511,65496,0,16257
29,65512,65496,0,16281
29,65512,65496,0,16306
29,65511,65496,0,16331
29,65511,65496,0,16356
29,65511,65496,0,16380
29,65512,65496,0,16406
29,65512,65496,0,16431
29,65512,65496,0,16456
29,65511,65496,0,16481
29,65511,65496,0,16505
29,65511,65496,0,16531
29,65512,65496,0,16556
29,65512,65496,0,16580
29,65511,65497,0,16606
29,65511,65497,0,16630
29,65511,65497,0,16656
29,65511,65497,0,16680
29,65511,65497,0,16705
29,65511,65497,0,16731
29,65511,65497,0,16755
29,65511,65497,0,16780
29,65511,65497,0,16805
29,65511,65497,0,16830
29,65511,65497,0,16856
29,65511,65497,0,16880
29,65511,65497,0,16905
29,65511,65497,0,16930
29,65511,65496,0,16955
29,65511,65496,0,16979
29,65511,65496,0,17005
29,65511,65497,0,17030
29,65511,65497,0,17055
29,65512,65496,0,17080
29,65512,65496,0,17104
29,65512,65496,0,17130
29,65511,65497,0,17155
29,65511,65497,0,17179
29,65511,65497,0,17205
29,65511,65496,0,17229
29,65511,65496,0,17255
29,65511,65496,0,17280
29,65512,65497,0,17304
29,65512,65497,0,17330
29,65512,65497,0,17354
29,65512,65497,0,17379
29,65512,65497,0,17404
29,65511,65496,0,17429
29,65511,65496,0,17455
29,65511,65496,0,17479
29,65511,65497,0,17504
29,65511,65497,0,17529
29,65511,65497,0,17554
29,65511,65497,0,17579
29,65511,65497,0,17604
29,65511,65497,0,17629
29,65511,65497,0,17654
29,65511,65497,0,17679
29,65511,65497,0,17703
29,65511,65497,0,17729
29,65511,65497,0,17754
29,65512,65497,0,17778
29,65512,65497,0,17804
29,65511,65497,0,17828
29,65511,65497,0,17854
29,65511,65497,0,17879
29,65511,65496,0,17903
29,65511,65496,0,17929
29,65511,65496,0,17953
29,65511,65496,0,17978
29,65511,65496,0,18003
29,65511,65496,0,18028
29,65511,65496,0,18054
29,65511,65496,0,18078
29,65511,65497,0,18103
29,65511,65497,0,18128
29,65511,65497,0,18153
29,65511,65496,0,18178
29,65511,65496,0,18203
29,65511,65496,0,18228
29,65511,65496,0,18253
29,65511,65496,0,18278
29,65512,65496,0,18302
29,65512,65496,0,18328
29,65512,65496,0,18353
29,65512,65496,0,18377
29,65512,65496,0,18403
29,65512,65496,0,18427
29,65511,65497,0,18453
29,65511,65497,0,18478
29,65511,65497,0,18502
29,65511,65497,0,18528
29,65511,65497,0,18552
29,65512,65497,0,18577
29,65512,65497,0,18603
29,65512,65497,0,18627
29,65512,65497,0,18653
29,65512,65497,0,18677
29,65512,65497,0,18702
29,65511,65497,0,18727
29,65511,65497,0,18752
29,65511,65497,0,18777
29,65511,65497,0,18802
29,65511,65497,0,18827
29,65511,65496,0,18852
29,65511,65496,0,18877
29,65511,65496,0,18902
29,65511,65497,0,18927
29,65511,65497,0,18952
29,65511,65497,0,18976
29,65511,65497,0,19002
29,65511,65497,0,19026
29,65511,65496,0,19052
29,65511,65496,0,19077
29,65511,65496,0,19101
29,65511,65497,0,19127
29,65511,65497,0,19151
29,65511,65497,0,19176
29,65512,65496,0,19202
29,65512,65496,0,19226
29,65512,65496,0,19252
29,65511,65497,0,19276
29,65511,65497,0,19301
29,65511,65497,0,19326
29,65511,65497,0,19351
29,65511,65497,0,19376
29,65511,65497,0,19401
29,65511,65497,0,19426
29,65511,65497,0,19451
29,65511,65497,0,19476
29,65511,65497,0,19501
29,65511,65497,0,19526
29,65511,65497,0,19551
29,65511,65497,0,19575
29,65511,65497,0,19601
29,65511,65497,0,19625
29,65511,65497,0,19651
29,65511,65496,0,19676
29,65511,65496,0,19700
29,65511,65496,0,19726
29,65511,65497,0,19750
29,65511,65497,0,19775
30,65511,65497,0,19801
30,65511,65497,0,19825
30,65511,65497,0,19851
29,65512,65497,0,19875
29,65512,65497,0,19900
29,65512,65497,0,19926
30,65511,65497,0,19950
30,65511,65497,0,19975
30,65511,65497,0,20000
29,65511,65497,0,20025
29,65511,65497,0,20050
30,65511,65497,0,20075
30,65511,65497,0,20100
30,65511,65497,0,20125
29,65511,65497,0,20150
29,65511,65497,0,20174
29,65511,65497,0,20200
29,65511,65497,0,20225
29,65511,65497,0,20250
30,65511,65497,0,20275
30,65511,65497,0,20299
30,65511,65497,0,20325
30,65511,65497,0,20349
30,65511,65497,0,20374
30,65511,65497,0,20400
30,65511,65497,0,20424
30,65511,65497,0,20450
30,65511,65497,0,20474
30,65511,65497,0,20499
30,65511,65497,0,20525
30,65511,65497,0,20549
30,65511,65497,0,20574
30,65511,65497,0,20599
30,65511,65497,0,20624
30,65511,65497,0,20649
30,65511,65497,0,20674
30,65511,65497,0,20699
30,65511,65497,0,20724
30,65511,65497,0,20749
30,65511,65497,0,20773
30,65511,65497,0,20799
30,65511,65497,0,20824
30,65511,65497,0,20849
30,65511,65497,0,20874
30,65511,65497,0,20898
30,65511,65497,0,20924
30,65511,65497,0,20948
30,65511,65497,0,20973
30,65511,65497,0,20999
31,65511,65497,0,21023
31,65511,65497,0,21049
31,65511,65497,0,21073
31,65511,65497,0,21098
31,65511,65497,0,21124
31,65511,65497,0,21148
31,65511,65497,0,21173
31,65511,65497,0,21198
31,65511,65497,0,21223
32,65511,65497,0,21249
32,65511,65497,0,21273
32,65510,65497,0,21298
32,65510,65497,0,21323
32,65510,65497,0,21348
32,65511,65497,0,21372
32,65511,65497,0,21398
32,65511,65497,0,21423
32,65511,65497,0,21448
32,65511,65497,0,21473
32,65511,65497,0,21497
33,65510,65497,0,21523
33,65510,65497,0,21548
33,65511,65497,0,21572
33,65511,65497,0,21598
33,65511,65497,0,21622
34,65510,65497,0,21648
34,65510,65497,0,21672
34,65510,65497,0,21697
34,65510,65497,0,21723
34,65510,65497,0,21747
34,65510,65497,0,21772
34,65510,65497,0,21797
34,65510,65497,0,21822
35,65510,65497,0,21848
35,65510,65497,0,21872
35,65510,65497,0,21897
36,65510,65496,0,21922
36,65510,65496,0,21947
36,65510,65496,0,21971
37,65510,65496,0,21997
37,65510,65496,0,22022
37,65509,65496,0,22047
37,65509,65496,0,22072
37,65509,65496,0,22096
38,65509,65495,0,22122
38,65509,65495,0,22147
38,65509,65495,0,22171
39,65509,65495,0,22197
39,65509,65495,0,22221
40,65508,65494,0,22247
40,65508,65494,0,22272
40,65508,65494,0,22296
41,65508,65493,0,22322
41,65508,65493,0,22346
41,65508,65493,0,22371
42,65508,65492,0,22396
42,65508,65492,0,22421
42,65508,65492,0,22447
43,65507,65491,0,22471
43,65507,65491,0,22496
44,65506,65489,0,22521
44,65506,65489,0,22546
44,65506,65489,0,22571
44,65506,65487,0,22596
44,65506,65487,0,22621
44,65506,65487,0,22646
45,65506,65485,0,22671
45,65506,65485,0,22695
45,65506,65485,0,22721
44,65505,65482,0,22746
44,65505,65482,0,22770
44,65504,65480,0,22796
44,65504,65480,0,22820
44,65504,65480,0,22846
43,65504,65478,0,22871
43,65504,65478,0,22895
43,65504,65478,0,22921
42,65504,65476,0,22945
42,65504,65476,0,22970
40,65504,65474,0,22995
40,65504,65474,0,23020
40,65504,65474,0,23046
38,65505,65472,0,23070
38,65505,65472,0,23095
38,65505,65472,0,23120
35,65504,65470,0,23145
35,65504,65470,0,23170
35,65504,65470,0,23195
32,65505,65470,0,23220
32,65505,65470,0,23245
28,65505,65471,0,23270
28,65505,65471,0,23294
28,65505,65471,0,23320
25,65505,65473,0,23345
25,65505,65473,0,23369
25,65505,65473,0,23395
23,65505,65475,0,23419
23,65505,65475,0,23445
23,65505,65475,0,23470
21,65505,65478,0,23494
21,65505,65478,0,23520
20,65505,65481,0,23544
20,65505,65481,0,23569
20,65505,65481,0,23595
20,65505,65484,0,23619
20,65505,65484,0,23645
20,65505,65484,0,23669
20,65505,65485,0,23694
20,65505,65485,0,23719
21,65505,65486,0,23744
21,65505,65486,0,23769
21,65505,65486,0,23794
22,65507,65487,0,23819
22,65507,65487,0,23844
22,65507,65487,0,23869
22,65507,65488,0,23894
22,65507,65488,0,23919
22,65507,65488,0,23944
23,65508,65489,0,23968
23,65508,65489,0,23994
24,65508,65490,0,24018
24,65508,65490,0,24044
24,65508,65490,0,24069
25,65509,65491,0,24093
25,65509,65491,0,24119
25,65509,65491,0,24143
27,65509,65491,0,24168
27,65509,65491,0,24194
29,65509,65491,0,24218
29,65509,65491,0,24244
29,65509,65491,0,24268
31,65509,65490,0,24293
31,65509,65490,0,24318
31,65509,65490,0,24343
33,65508,65488,0,24368
33,65508,65488,0,24393
33,65508,65488,0,24418
34,65508,65485,0,24443
34,65508,65485,0,24468
34,65508,65481,0,24493
34,65508,65481,0,24518
34,65508,65481,0,24543
32,65509,65478,0,24567
32,65509,65478,0,24593
32,65509,65478,0,24617
29,65510,65476,0,24643
29,65510,65476,0,24668
29,65510,65476,0,24692
26,65511,65476,0,24718
26,65511,65476,0,24742
24,65513,65476,0,24767
24,65513,65476,0,24793
24,65513,65476,0,24817
22,65515,65477,0,24843
22,65515,65477,0,24867
22,65515,65477,0,24892
20,65517,65478,0,24918
20,65517,65478,0,24942
19,65518,65481,0,24967
19,65518,65481,0,24992
19,65518,65481,0,25017
19,65519,65482,0,25042
19,65519,65482,0,25067
19,65519,65482,0,25092
19,65520,65484,0,25117
19,65520,65484,0,25142
19,65520,65484,0,25166
19,65521,65485,0,25192
19,65521,65485,0,25217
19,65521,65486,0,25242
19,65521,65486,0,25267
19,65521,65486,0,25291
19,65522,65487,0,25317
19,65522,65487,0,25341
19,65522,65487,0,25366
19,65522,65488,0,25392
19,65522,65488,0,25416
19,65522,65488,0,25442
19,65521,65490,0,25466
19,65521,65490,0,25491
20,65520,65491,0,25517
20,65520,65491,0,25541
20,65520,65491,0,25566
20,65519,65492,0,25591
20,65519,65492,0,25616
20,65519,65492,0,25641
20,65518,65493,0,25666
20,65518,65493,0,25691
21,65516,65494,0,25716
21,65516,65494,0,25741
21,65516,65494,0,25765
21,65515,65495,0,25791
21,65515,65495,0,25816
21,65515,65495,0,25841
21,65513,65495,0,25866
21,65513,65495,0,25890
21,65513,65495,0,25916
21,65512,65495,0,25940
21,65512,65495,0,25965
21,65510,65496,0,25991
21,65510,65496,0,26015
21,65510,65496,0,26041
21,65508,65497,0,26065
21,65508,65497,0,26090
21,65508,65497,0,26116
21,65506,65498,0,26140
21,65506,65498,0,26165
21,65506,65498,0,26190
21,65506,65498,0,26215
21,65506,65498,0,26241
22,65503,65499,0,26265
22,65503,65499,0,26290
22,65503,65499,0,26315
24,65501,65498,0,26340
24,65501,65498,0,26364
24,65501,65498,0,26390
25,65500,65498,0,26415
25,65500,65498,0,26440
25,65498,65495,0,26465
25,65498,65495,0,26489
25,65498,65495,0,26515
24,65497,65494,0,26540
24,65497,65494,0,26564
24,65497,65494,0,26590
24,65497,65494,0,26614
24,65497,65494,0,26640
24,65497,65494,0,26664
23,65497,65494,0,26689
23,65497,65494,0,26715
22,65497,65494,0,26739
22,65497,65494,0,26764
22,65497,65494,0,26789
21,65497,65494,0,26814
21,65497,65494,0,26840
21,65497,65494,0,26864
21,65497,65495,0,26889
21,65497,65495,0,26914
20,65497,65496,0,26939
20,65497,65496,0,26963
20,65497,65496,0,26989
19,65497,65499,0,27014
19,65497,65499,0,27039
19,65497,65499,0,27064
19,65497,65500,0,27088
19,65497,65500,0,27114
19,65497,65500,0,27139
18,65497,65503,0,27163
18,65497,65503,0,27189
18,65496,65506,0,27213
18,65496,65506,0,27239
18,65496,65506,0,27264
20,65496,65508,0,27288
20,65496,65508,0,27314
20,65496,65508,0,27338
21,65495,65510,0,27363
21,65495,65510,0,27388
21,65495,65510,0,27413
22,65495,65511,0,27439
22,65495,65511,0,27463
24,65495,65512,0,27488
24,65495,65512,0,27513
24,65495,65512,0,27538
26,65495,65514,0,27563
26,65495,65514,0,27588
26,65495,65514,0,27613
27,65495,65513,0,27638
27,65495,65513,0,27663
28,65496,65513,0,27687
28,65496,65513,0,27713
28,65496,65513,0,27738
29,65497,65513,0,27762
29,65497,65513,0,27788
29,65497,65513,0,27812
31,65498,65513,0,27838
31,65498,65513,0,27863
31,65498,65513,0,27887
31,65499,65513,0,27913
31,65499,65513,0,27937
32,65500,65512,0,27962
32,65500,65512,0,27987
32,65500,65512,0,28012
33,65500,65512,0,28038
33,65500,65512,0,28062
33,65500,65512,0,28087
34,65502,65511,0,28112
34,65502,65511,0,28137
34,65502,65511,0,28162
35,65503,65511,0,28187
35,65503,65511,0,28212
35,65504,65510,0,28237
35,65504,65510,0,28262
35,65504,65510,0,28286
36,65505,65508,0,28312
36,65505,65508,0,28337
36,65505,65508,0,28361
37,65507,65507,0,28387
37,65507,65507,0,28411
37,65508,65506,0,28437
37,65508,65506,0,28462
37,65508,65506,0,28486
39,65510,65506,0,28512
39,65510,65506,0,28536
39,65510,65506,0,28561
39,65511,65504,0,28587
39,65511,65504,0,28611
39,65511,65504,0,28637
39,65513,65503,0,28661
39,65513,65503,0,28686
39,65514,65503,0,28711
39,65514,65503,0,28736
39,65514,65503,0,28761
39,65516,65501,0,28786
39,65516,65501,0,28811
39,65516,65501,0,28836
39,65517,65501,0,28861
39,65517,65501,0,28886
39,65518,65499,0,28911
39,65518,65499,0,28936
39,65518,65499,0,28960
39,65519,65499,0,28986
39,65519,65499,0,29010
39,65519,65499,0,29036
40,65519,65498,0,29061
40,65519,65498,0,29085
40,65519,65498,0,29111
39,65519,65498,0,29135
39,65519,65498,0,29160
39,65519,65499,0,29186
39,65519,65499,0,29210
39,65519,65499,0,29236
39,65519,65499,0,29260
39,65519,65499,0,29285
39,65519,65499,0,29310
41,65519,65497,0,29335
41,65519,65497,0,29360
41,65519,65497,0,29385
39,65519,65499,0,29410
39,65519,65499,0,29435
39,65519,65499,0,29460
39,65519,65499,0,29485
39,65519,65499,0,29510
39,65519,65498,0,29535
39,65519,65498,0,29559
39,65519,65498,0,29585
41,65519,65496,0,29609
41,65519,65496,0,29635
41,65519,65496,0,29660
41,65519,65496,0,29684
41,65519,65496,0,29710
42,65520,65495,0,29734
42,65520,65495,0,29759
42,65520,65495,0,29785
41,65520,65495,0,29809
41,65520,65495,0,29835
41,65520,65495,0,29859
40,65520,65496,0,29884
40,65520,65496,0,29910
38,65520,65498,0,29934
38,65520,65498,0,29959
38,65520,65498,0,29984
36,65519,65499,0,30009
36,65519,65499,0,30034
36,65519,65499,0,30059
35,65519,65501,0,30084
35,65519,65501,0,30109
35,65519,65501,0,30134
34,65518,65502,0,30158
34,65518,65502,0,30184
33,65518,65502,0,30209
33,65518,65502,0,30234
33,65518,65502,0,30259
33,65518,65503,0,30283
33,65518,65503,0,30309
33,65518,65503,0,30333
32,65519,65502,0,30358
32,65519,65502,0,30384
32,65518,65503,0,30408
32,65518,65503,0,30434
32,65518,65503,0,30458
31,65519,65503,0,30483
31,65519,65503,0,30509
31,65519,65503,0,30533
32,65518,65503,0,30558
32,65518,65503,0,30583
32,65518,65503,0,30608
32,65518,65503,0,30633
32,65518,65503,0,30658
32,65519,65503,0,30683
32,65519,65503,0,30708
32,65519,65503,0,30733
32,65518,65503,0,30757
32,65518,65503,0,30783
32,65518,65503,0,30808
31,65518,65503,0,30833
31,65518,65503,0,30858
31,65518,65502,0,30882
31,65518,65502,0,30908
31,65518,65502,0,30932
31,65519,65503,0,30957
31,65519,65503,0,30983
31,65519,65503,0,31007
31,65518,65503,0,31033
31,65518,65503,0,31057
31,65518,65503,0,31082
31,65518,65503,0,31108
31,65518,65503,0,31132
31,65518,65503,0,31157
31,65518,65503,0,31182
31,65518,65503,0,31207
32,65518,65503,0,31233
32,65518,65503,0,31257
32,65518,65503,0,31282
31,65518,65502,0,31307
31,65518,65502,0,31332
31,65518,65502,0,31356
31,65518,65503,0,31382
31,65518,65503,0,31407
31,65518,65503,0,31432
31,65518,65503,0,31457
31,65518,65503,0,31481
32,65518,65503,0,31507
32,65518,65503,0,31532
32,65518,65503,0,31556
32,65518,65502,0,31582
32,65518,65502,0,31606
32,65518,65503,0,31632
32,65518,65503,0,31656
32,65518,65503,0,31681
32,65519,65503,0,31707
32,65519,65503,0,31731
32,65519,65503,0,31756
32,65518,65503,0,31781
32,65518,65503,0,31806
32,65518,65503,0,31832
32,65519,65503,0,31856
32,65519,65503,0,31881
32,65518,65503,0,31906
32,65518,65503,0,31931
32,65518,65503,0,31955
32,65518,65503,0,31981
32,65518,65503,0,32006
32,65518,65503,0,32031
32,65518,65503,0,32056
32,65518,65503,0,32080
32,65518,65503,0,32106
32,65518,65503,0,32131
32,65518,65503,0,32155
32,65518,65502,0,32181
32,65518,65502,0,32205
32,65518,65502,0,32231
32,65518,65502,0,32256
32,65518,65502,0,32280
32,65518,65502,0,32306
32,65518,65503,0,32330
32,65518,65503,0,32355
32,65518,65503,0,32380
32,65518,65503,0,32405
32,65518,65503,0,32431
32,65518,65502,0,32455
32,65518,65502,0,32480
32,65518,65502,0,32505
31,65518,65502,0,32530
31,65518,65502,0,32555
31,65518,65502,0,32580
31,65518,65503,0,32605
31,65518,65503,0,32630
32,65518,65503,0,32655
32,65518,65503,0,32679
32,65518,65503,0,32705
32,65519,65502,0,32730
32,65519,65502,0,32754
32,65519,65502,0,32780
32,65518,65503,0,32804
32,65518,65503,0,32830
32,65518,65503,0,32855
32,65518,65502,0,32879
32,65518,65502,0,32905
32,65518,65503,0,32929
32,65518,65503,0,32954
32,65518,65503,0,32979
32,65519,65502,0,33004
32,65519,65502,0,33030
32,65519,65502,0,33054
32,65518,65503,0,33079
32,65518,65503,0,33104
32,65518,65502,0,33129
32,65518,65502,0,33154
32,65518,65502,0,33179
31,65518,65502,0,33204
31,65518,65502,0,33229
31,65518,65502,0,33254
31,65519,65503,0,33278
31,65519,65503,0,33304
31,65519,65503,0,33329
31,65518,65503,0,33353
31,65518,65503,0,33379
32,65518,65503,0,33403
32,65518,65503,0,33429
32,65518,65503,0,33454
32,65518,65502,0,33478
32,65518,65502,0,33504
32,65518,65502,0,33528
32,65518,65503,0,33553
32,65518,65503,0,33579
32,65518,65503,0,33603
32,65518,65503,0,33629
32,65518,65503,0,33653
32,65518,65503,0,33678
32,65518,65503,0,33703
32,65518,65503,0,33728
32,65518,65503,0,33753
32,65518,65503,0,33778
32,65518,65503,0,33803
32,65518,65502,0,33828
32,65518,65502,0,33853
31,65519,65502,0,33878
31,65519,65502,0,33903
31,65519,65502,0,33928
31,65518,65503,0,33952
31,65518,65503,0,33978
31,65518,65503,0,34002
32,65518,65503,0,34028
32,65518,65503,0,34053
32,65518,65503,0,34077
31,65518,65502,0,34103
31,65518,65502,0,34127
32,65518,65502,0,34152
32,65518,65502,0,34178
32,65518,65502,0,34202
32,65518,65503,0,34228
32,65518,65503,0,34252
32,65518,65503,0,34277
32,65518,65502,0,34302
32,65518,65502,0,34327
32,65518,65502,0,34352
32,65518,65502,0,34377
32,65518,65502,0,34402
32,65518,65502,0,34427
32,65518,65502,0,34452
32,65518,65502,0,34477
32,65519,65502,0,34502
32,65519,65502,0,34527
32,65519,65502,0,34551
31,65518,65502,0,34577
31,65518,65502,0,34601
32,65518,65502,0,34627
32,65518,65502,0,34652
32,65518,65502,0,34676
32,65518,65502,0,34702
32,65518,65502,0,34726
32,65518,65502,0,34751
31,65518,65503,0,34777
31,65518,65503,0,34801
31,65518,65503,0,34827
32,65518,65503,0,34851
32,65518,65503,0,34876
31,65518,65503,0,34902
31,65518,65503,0,34926
31,65518,65503,0,34951
31,65518,65502,0,34976
31,65518,65502,0,35001
31,65518,65502,0,35026
31,65518,65503,0,35051
31,65518,65503,0,35076
31,65518,65502,0,35101
31,65518,65502,0,35126
31,65518,65502,0,35150
32,65519,65503,0,35176
32,65519,65503,0,35201
32,65519,65503,0,35226
31,65518,65502,0,35251
31,65518,65502,0,35275
31,65518,65502,0,35301
32,65519,65502,0,35325
32,65519,65502,0,35350
31,65518,65502,0,35376
31,65518,65502,0,35400
31,65518,65502,0,35426
32,65518,65502,0,35450
32,65518,65502,0,35475
32,65518,65502,0,35501
31,65518,65503,0,35525
31,65518,65503,0,35550
31,65518,65503,0,35575
31,65518,65502,0,35600
31,65518,65502,0,35625
32,65518,65503,0,35650
32,65518,65503,0,35675
32,65518,65503,0,35700
31,65518,65502,0,35725
31,65518,65502,0,35749
31,65518,65502,0,35775
32,65519,65503,0,35800
32,65519,65503,0,35825
32,65518,65502,0,35850
32,65518,65502,0,35874
32,65518,65502,0,35900
32,65518,65503,0,35924
32,65518,65503,0,35949
32,65518,65503,0,35975
31,65518,65503,0,35999
31,65518,65503,0,36025
31,65518,65503,0,36049
32,65519,65503,0,36074
32,65519,65503,0,36100
32,65518,65502,0,36124
32,65518,65502,0,36149
32,65518,65502,0,36174
32,65519,65503,0,36199
32,65519,65503,0,36225
32,65519,65503,0,36249
31,65518,65503,0,36274
31,65518,65503,0,36299
31,65518,65503,0,36324
32,65518,65503,0,36348
32,65518,65503,0,36374
31,65518,65502,0,36399
31,65518,65502,0,36424
31,65518,65502,0,36449
32,65518,65502,0,36473
32,65518,65502,0,36499
32,65518,65502,0,36524
31,65518,65503,0,36548
31,65518,65503,0,36574
32,65518,65503,0,36598
32,65518,65503,0,36624
32,65518,65503,0,36648
31,65518,65502,0,36673
31,65518,65502,0,36699
31,65518,65502,0,36723
31,65518,65502,0,36748
31,65518,65502,0,36773
31,65518,65502,0,36798
32,65519,65502,0,36824
32,65519,65502,0,36848
31,65519,65502,0,36873
31,65519,65502,0,36898
31,65519,65502,0,36923
32,65518,65503,0,36947
32,65518,65503,0,36973
32,65518,65503,0,36998
31,65518,65503,0,37023
31,65518,65503,0,37048
31,65519,65502,0,37072
31,65519,65502,0,37098
31,65519,65502,0,37123
32,65518,65503,0,37147
32,65518,65503,0,37173
32,65518,65503,0,37197
32,65518,65502,0,37223
32,65518,65502,0,37248
32,65518,65502,0,37272
32,65518,65503,0,37298
32,65518,65503,0,37322
32,65518,65502,0,37347
32,65518,65502,0,37372
32,65518,65502,0,37397
32,65518,65502,0,37423
32,65518,65502,0,37447
32,65518,65502,0,37472
32,65518,65503,0,37497
32,65518,65503,0,37522
32,65518,65503,0,37547
31,65518,65502,0,37572
31,65518,65502,0,37597
31,65518,65503,0,37622
31,65518,65503,0,37647
31,65518,65503,0,37671
31,65518,65503,0,37697
31,65518,65503,0,37722
31,65518,65503,0,37746
32,65518,65502,0,37772
32,65518,65502,0,37796
32,65519,65502,0,37822
32,65519,65502,0,37847
32,65519,65502,0,37871
32,65518,65502,0,37897
32,65518,65502,0,37921
32,65518,65502,0,37946
32,65519,65502,0,37971
32,65519,65502,0,37996
32,65519,65502,0,38022
32,65518,65502,0,38046
32,65518,65502,0,38071
32,65518,65503,0,38096
32,65518,65503,0,38121
32,65518,65503,0,38146
32,65519,65503,0,38171
32,65519,65503,0,38196
32,65519,65503,0,38221
32,65518,65503,0,38246
32,65518,65503,0,38270
32,65518,65503,0,38296
32,65518,65502,0,38321
32,65518,65502,0,38345
32,65519,65502,0,38371
32,65519,65502,0,38395
32,65519,65502,0,38421
32,65519,65503,0,38446
32,65519,65503,0,38470
32,65519,65503,0,38496
32,65518,65502,0,38520
32,65518,65502,0,38545
32,65519,65503,0,38571
32,65519,65503,0,38595
32,65519,65503,0,38621
32,65519,65503,0,38645
32,65519,65503,0,38670
32,65519,65503,0,38695
31,65519,65503,0,38720
31,65519,65503,0,38745
31,65519,65503,0,38770
32,65518,65502,0,38795
32,65518,65502,0,38820
32,65518,65502,0,38845
32,65518,65502,0,38870
32,65518,65502,0,38895
32,65518,65502,0,38920
32,65518,65502,0,38944
32,65518,65502,0,38970
32,65518,65503,0,38994
32,65518,65503,0,39020
32,65518,65503,0,39045
31,65518,65503,0,39069
31,65518,65503,0,39095
31,65518,65502,0,39119
31,65518,65502,0,39144
31,65518,65502,0,39170
32,65518,65502,0,39194
32,65518,65502,0,39220
32,65518,65502,0,39244
31,65518,65502,0,39269
31,65518,65502,0,39294
32,65519,65502,0,39319
32,65519,65502,0,39344
32,65519,65502,0,39369
31,65518,65502,0,39394
31,65518,65502,0,39419
31,65518,65502,0,39444
32,65519,65503,0,39469
32,65519,65503,0,39494
32,65519,65503,0,39519
32,65518,65502,0,39543
32,65518,65502,0,39569
32,65518,65503,0,39593
32,65518,65503,0,39619
32,65518,65503,0,39644
31,65519,65502,0,39668
31,65519,65502,0,39694
31,65519,65502,0,39718
32,65518,65503,0,39743
32,65518,65503,0,39769
32,65518,65502,0,39793
32,65518,65502,0,39819
32,65518,65502,0,39843
32,65518,65503,0,39868
32,65518,65503,0,39894
32,65518,65503,0,39918
32,65518,65503,0,39943
32,65518,65503,0,39968
32,65518,65503,0,39993
32,65518,65503,0,40018
32,65518,65503,0,40043
32,65518,65502,0,40068
32,65518,65502,0,40093
32,65518,65502,0,40118
32,65519,65502,0,40142
32,65519,65502,0,40168
32,65519,65502,0,40193
32,65518,65502,0,40218
32,65518,65502,0,40243
32,65518,65502,0,40267
31,65519,65503,0,40293
31,65519,65503,0,40317
32,65519,65502,0,40342
32,65519,65502,0,40368
32,65519,65502,0,40392
32,65519,65502,0,40418
32,65519,65502,0,40442
32,65519,65502,0,40467
31,65519,65503,0,40493
31,65519,65503,0,40517
32,65519,65502,0,40542
32,65519,65502,0,40567
32,65519,65502,0,40592
32,65518,65502,0,40617
32,65518,65502,0,40642
32,65518,65502,0,40667
32,65519,65503,0,40692
32,65519,65503,0,40717
32,65519,65503,0,40741
32,65518,65502,0,40767
32,65518,65502,0,40792
32,65519,65503,0,40817
32,65519,65503,0,40842
32,65519,65503,0,40866
32,65518,65502,0,40892
32,65518,65502,0,40916
32,65518,65502,0,40941
32,65519,65502,0,40967
32,65519,65502,0,40991
32,65519,65502,0,41017
32,65518,65503,0,41041
32,65518,65503,0,41066
32,65518,65502,0,41092
32,65518,65502,0,41116
32,65518,65502,0,41141
32,65518,65502,0,41166
32,65518,65502,0,41191
32,65518,65502,0,41217
31,65518,65502,0,41241
31,65518,65502,0,41266
32,65519,65503,0,41291
32,65519,65503,0,41316
32,65519,65503,0,41340
32,65518,65502,0,41366
32,65518,65502,0,41391
32,65518,65502,0,41416
32,65519,65502,0,41441
32,65519,65502,0,41465
32,65519,65502,0,41491
31,65518,65503,0,41516
31,65518,65503,0,41540
32,65518,65502,0,41566
32,65518,65502,0,41590
32,65518,65502,0,41616
32,65518,65502,0,41640
32,65518,65502,0,41665
32,65518,65502,0,41691
32,65519,65502,0,41715
32,65519,65502,0,41740
32,65518,65502,0,41765
31,65518,65502,0,41790
31,65518,65502,0,41816
32,65518,65503,0,41840
32,65518,65503,0,41865
32,65518,65503,0,41890
32,65518,65502,0,41915
32,65518,65502,0,41939
32,65518,65502,0,41965
32,65519,65503,0,41990
32,65519,65503,0,42015
32,65518,65502,0,42040
32,65518,65502,0,42064
32,65518,65502,0,42090
32,65519,65502,0,42115
32,65519,65502,0,42139
32,65519,65502,0,42165
32,65519,65502,0,42189
32,65519,65502,0,42215
32,65519,65502,0,42240
32,65518,65502,0,42264
32,65518,65502,0,42290
32,65518,65502,0,42314
32,65518,65502,0,42339
32,65518,65502,0,42364
32,65518,65502,0,42389
32,65518,65502,0,42415
32,65518,65502,0,42439
32,65519,65503,0,42464
32,65519,65503,0,42489
32,65518,65502,0,42514
32,65518,65502,0,42539
32,65518,65502,0,42564
32,65519,65503,0,42589
32,65519,65503,0,42614
32,65519,65503,0,42639
32,65518,65503,0,42663
32,65518,65503,0,42689
32,65518,65503,0,42714
32,65518,65502,0,42738
32,65518,65502,0,42764
32,65518,65502,0,42788
32,65518,65502,0,42814
32,65518,65502,0,42839
32,65519,65502,0,42863
32,65519,65502,0,42889
32,65519,65502,0,42913
31,65519,65502,0,42938
31,65519,65502,0,42963
31,65519,65502,0,42988
32,65518,65502,0,43014
32,65518,65502,0,43038
32,65518,65502,0,43063
32,65518,65502,0,43088
32,65518,65502,0,43113
32,65518,65502,0,43138
32,65518,65502,0,43163
32,65518,65502,0,43188
32,65519,65502,0,43213
32,65519,65502,0,43238
32,65519,65502,0,43262
32,65519,65502,0,43288
32,65519,65502,0,43313
32,65518,65503,0,43337
32,65518,65503,0,43363
32,65518,65503,0,43387
32,65519,65503,0,43413
32,65519,65503,0,43438
32,65519,65503,0,43462
31,65519,65503,0,43488
31,65519,65503,0,43512
32,65518,65503,0,43537
32,65518,65503,0,43563
32,65518,65503,0,43587
32,65519,65502,0,43613
32,65519,65502,0,43637
32,65519,65502,0,43662
32,65518,65503,0,43687
32,65518,65503,0,43712
32,65518,65503,0,43737
32,65518,65502,0,43762
32,65518,65502,0,43787
32,65518,65503,0,43812
32,65518,65503,0,43837
32,65518,65503,0,43862
32,65519,65502,0,43887
32,65519,65502,0,43912
32,65519,65502,0,43936
32,65518,65503,0,43962
32,65518,65503,0,43986
31,65518,65502,0,44012
31,65518,65502,0,44037
31,65518,65502,0,44061
32,65518,65502,0,44087
32,65518,65502,0,44111
32,65518,65502,0,44136
32,65518,65502,0,44162
32,65518,65502,0,44186
32,65518,65502,0,44212
32,65518,65502,0,44236
32,65518,65502,0,44261
32,65518,65502,0,44286
32,65518,65502,0,44311
32,65518,65502,0,44336
31,65518,65503,0,44361
31,65518,65503,0,44386
31,65518,65503,0,44411
32,65518,65502,0,44436
32,65518,65502,0,44461
32,65518,65502,0,44486
32,65518,65502,0,44511
32,65518,65502,0,44535
32,65518,65502,0,44561
32,65518,65502,0,44585
32,65518,65502,0,44611
31,65518,65502,0,44636
31,65518,65502,0,44660
31,65518,65502,0,44686
32,65518,65502,0,44710
32,65518,65502,0,44735
33,65518,65503,0,44761
33,65518,65503,0,44785
33,65518,65503,0,44811
33,65519,65502,0,44835
33,65519,65502,0,44860
33,65519,65502,0,44886
33,65519,65502,0,44910
33,65519,65502,0,44935
33,65519,65502,0,44960
33,65518,65501,0,44985
33,65518,65501,0,45010
33,65519,65502,0,45035
33,65519,65502,0,45060
33,65519,65502,0,45085
33,65519,65502,0,45110
33,65519,65502,0,45134
33,65519,65502,0,45160
33,65518,65502,0,45185
33,65518,65502,0,45210
33,65518,65502,0,45235
33,65518,65502,0,45259
33,65518,65502,0,45285
33,65519,65502,0,45309
33,65519,65502,0,45334
33,65519,65502,0,45360
33,65519,65502,0,45384
33,65519,65502,0,45410
33,65519,65502,0,45434
33,65518,65502,0,45459
33,65518,65502,0,45485
33,65518,65502,0,45509
33,65518,65502,0,45534
33,65518,65502,0,45559
33,65518,65501,0,45584
33,65518,65501,0,45609
33,65518,65501,0,45634
33,65519,65502,0,45659
33,65519,65502,0,45684
33,65519,65502,0,45709
33,65519,65502,0,45733
33,65519,65502,0,45759
33,65518,65501,0,45784
33,65518,65501,0,45809
33,65518,65501,0,45834
33,65519,65502,0,45858
33,65519,65502,0,45884
33,65519,65502,0,45908
33,65517,65502,0,45933
33,65517,65502,0,45959
31,65513,65504,0,45983
31,65513,65504,0,46009
31,65513,65504,0,46033
32,65515,65504,0,46058
32,65515,65504,0,46084
32,65515,65504,0,46108
32,65515,65503,0,46133
32,65515,65503,0,46158
32,65515,65503,0,46183
31,65514,65504,0,46209
31,65514,65504,0,46233
33,65516,65503,0,46258
33,65516,65503,0,46283
33,65516,65503,0,46308
35,65516,65500,0,46332
35,65516,65500,0,46358
35,65516,65500,0,46383
43,65517,65494,0,46408
43,65517,65494,0,46433
43,65517,65494,0,46457
47,65520,65491,0,46483
47,65520,65491,0,46508
44,65520,65494,0,46532
44,65520,65494,0,46558
44,65520,65494,0,46582
42,65520,65495,0,46608
42,65520,65495,0,46632
42,65520,65495,0,46657
41,65520,65496,0,46683
41,65520,65496,0,46707
38,65519,65498,0,46732
38,65519,65498,0,46757
38,65519,65498,0,46782
38,65519,65498,0,46808
38,65519,65498,0,46832
38,65519,65498,0,46857
39,65519,65498,0,46882
39,65519,65498,0,46907
39,65519,65498,0,46931
39,65519,65498,0,46957
39,65519,65498,0,46982
39,65519,65498,0,47007
39,65519,65498,0,47032
39,65519,65498,0,47056
38,65519,65498,0,47082
38,65519,65498,0,47107
38,65519,65498,0,47131
38,65519,65498,0,47157
38,65519,65498,0,47181
38,65519,65498,0,47207
38,65519,65498,0,47232
38,65519,65498,0,47256
38,65519,65498,0,47282
38,65519,65498,0,47306
38,65519,65498,0,47331
38,65520,65498,0,47356
38,65520,65498,0,47381
38,65520,65498,0,47407
38,65519,65498,0,47431
38,65519,65498,0,47456
38,65520,65498,0,47481
38,65520,65498,0,47506
38,65520,65498,0,47531
38,65519,65498,0,47556
38,65519,65498,0,47581
38,65519,65498,0,47606
39,65520,65498,0,47631
39,65520,65498,0,47655
39,65520,65498,0,47681
38,65519,65498,0,47706
38,65519,65498,0,47730
38,65519,65499,0,47756
38,65519,65499,0,47780
38,65519,65499,0,47806
38,65519,65498,0,47831
38,65519,65498,0,47855
38,65519,65498,0,47881
38,65519,65498,0,47905
38,65519,65498,0,47930
38,65519,65498,0,47955
38,65519,65498,0,47980
38,65519,65498,0,48006
37,65519,65499,0,48030
37,65519,65499,0,48055
37,65519,65499,0,48080
38,65519,65499,0,48105
38,65519,65499,0,48130
38,65519,65499,0,48155
38,65519,65499,0,48180
38,65519,65499,0,48205
37,65519,65499,0,48230
37,65519,65499,0,48254
37,65519,65499,0,48280
38,65519,65499,0,48305
38,65519,65499,0,48329
38,65519,65499,0,48355
38,65519,65499,0,48379
38,65519,65499,0,48405
38,65519,65499,0,48430
37,65518,65500,0,48454
37,65518,65500,0,48480
38,65518,65500,0,48504
38,65518,65500,0,48529
38,65518,65500,0,48555
38,65517,65500,0,48579
38,65517,65500,0,48605
38,65517,65500,0,48629
38,65516,65501,0,48654
38,65516,65501,0,48679
37,65514,65502,0,48704
37,65514,65502,0,48729
37,65514,65502,0,48754
38,65513,65503,0,48779
38,65513,65503,0,48804
38,65513,65503,0,48829
38,65511,65503,0,48854
38,65511,65503,0,48879
38,65511,65503,0,48904
37,65510,65505,0,48928
37,65510,65505,0,48954
37,65508,65506,0,48978
37,65508,65506,0,49004
37,65508,65506,0,49029
37,65506,65507,0,49053
37,65506,65507,0,49079
37,65506,65507,0,49103
35,65504,65508,0,49128
35,65504,65508,0,49154
35,65504,65508,0,49178
34,65502,65510,0,49204
34,65502,65510,0,49228
33,65501,65510,0,49253
33,65501,65510,0,49278
33,65501,65510,0,49303
31,65499,65511,0,49328
31,65499,65511,0,49353
31,65499,65511,0,49378
30,65497,65511,0,49403
30,65497,65511,0,49428
28,65496,65511,0,49453
28,65496,65511,0,49478
28,65496,65511,0,49503
26,65496,65511,0,49527
26,65496,65511,0,49553
26,65496,65511,0,49577
23,65495,65510,0,49603
23,65495,65510,0,49628
23,65495,65510,0,49652
21,65496,65508,0,49678
21,65496,65508,0,49702
19,65497,65503,0,49727
19,65497,65503,0,49753
19,65497,65503,0,49777
19,65498,65499,0,49803
19,65498,65499,0,49827
19,65498,65499,0,49852
20,65498,65496,0,49878
20,65498,65496,0,49902
20,65498,65496,0,49927
21,65497,65493,0,49952
21,65497,65493,0,49977
23,65497,65492,0,50002
23,65497,65492,0,50027
23,65497,65492,0,50052
25,65496,65492,0,50077
25,65496,65492,0,50102
25,65496,65492,0,50126
26,65499,65496,0,50152
26,65499,65496,0,50177
26,65499,65496,0,50202
26,65499,65496,0,50227
26,65499,65496,0,50251
22,65507,65496,0,50277
22,65507,65496,0,50301
22,65507,65496,0,50326
21,65511,65495,0,50352
21,65511,65495,0,50376
21,65511,65495,0,50402
21,65514,65494,0,50426
21,65514,65494,0,50451
21,65518,65492,0,50477
21,65518,65492,0,50501
21,65518,65492,0,50526
20,65521,65490,0,50551
20,65521,65490,0,50576
20,65521,65490,0,50601
20,65522,65487,0,50626
20,65522,65487,0,50651
20,65522,65487,0,50676
19,65521,65484,0,50701
19,65521,65484,0,50725
20,65518,65479,0,50751
20,65518,65479,0,50776
20,65518,65479,0,50801
24,65513,65475,0,50826
24,65513,65475,0,50850
24,65513,65475,0,50876
31,65509,65476,0,50900
31,65509,65476,0,50925
35,65508,65484,0,50951
35,65508,65484,0,50975
35,65508,65484,0,51001
30,65508,65490,0,51025
30,65508,65490,0,51050
30,65508,65490,0,51076
25,65508,65491,0,51100
25,65508,65491,0,51125
25,65508,65491,0,51150
23,65507,65488,0,51175
23,65507,65488,0,51201
21,65505,65486,0,51225
21,65505,65486,0,51250
21,65505,65486,0,51275
20,65504,65481,0,51300
20,65504,65481,0,51324
20,65504,65481,0,51350
23,65505,65474,0,51375
23,65505,65474,0,51400
23,65505,65474,0,51425
30,65504,65470,0,51449
30,65504,65470,0,51475
38,65504,65471,0,51500
38,65504,65471,0,51524
38,65504,65471,0,51550
43,65504,65476,0,51574
43,65504,65476,0,51600
43,65504,65476,0,51624
45,65504,65481,0,51649
45,65504,65481,0,51675
45,65506,65486,0,51699
45,65506,65486,0,51724
45,65506,65486,0,51749
44,65507,65490,0,51774
44,65507,65490,0,51800
44,65507,65490,0,51824
42,65508,65493,0,51849
42,65508,65493,0,51874
42,65508,65493,0,51899
40,65509,65495,0,51923
40,65509,65495,0,51949
37,65509,65496,0,51974
37,65509,65496,0,51999
37,65509,65496,0,52024
36,65509,65496,0,52048
36,65509,65496,0,52074
36,65509,65496,0,52099
35,65510,65497,0,52123
35,65510,65497,0,52149
35,65510,65497,0,52173
34,65510,65497,0,52199
34,65510,65497,0,52224
33,65510,65497,0,52248
33,65510,65497,0,52274
33,65510,65497,0,52298
32,65510,65497,0,52323
32,65510,65497,0,52348
32,65510,65497,0,52373
32,65511,65497,0,52399
32,65511,65497,0,52423
31,65511,65497,0,52448
31,65511,65497,0,52473
31,65511,65497,0,52498
31,65511,65497,0,52523
31,65511,65497,0,52548
31,65511,65497,0,52573
31,65511,65497,0,52598
31,65511,65497,0,52623
31,65511,65497,0,52647
30,65511,65497,0,52673
30,65511,65497,0,52698
30,65511,65497,0,52722
30,65511,65497,0,52748
30,65511,65497,0,52772
30,65511,65497,0,52798
30,65511,65497,0,52823
30,65511,65497,0,52847
30,65511,65497,0,52873
30,65511,65497,0,52897
30,65511,65496,0,52922
30,65511,65496,0,52947
30,65511,65496,0,52972
30,65511,65497,0,52998
30,65511,65497,0,53022
30,65511,65497,0,53047
30,65511,65497,0,53072
30,65511,65497,0,53097
30,65511,65497,0,53122
30,65511,65496,0,53147
30,65511,65496,0,53172
29,65511,65497,0,53197
29,65511,65497,0,53222
29,65511,65497,0,53246
29,65511,65497,0,53272
29,65511,65497,0,53297
29,65511,65497,0,53321
29,65511,65496,0,53347
29,65511,65496,0,53371
29,65511,65496,0,53397
29,65511,65496,0,53422
29,65511,65496,0,53446
29,65511,65496,0,53472
29,65511,65496,0,53496
29,65511,65496,0,53521
29,65511,65496,0,53547
29,65511,65496,0,53571
29,65511,65496,0,53597
29,65511,65496,0,53621
29,65511,65496,0,53646
29,65511,65496,0,53671
29,65511,65496,0,53696
29,65511,65496,0,53721
29,65511,65496,0,53746
29,65511,65496,0,53771
29,65511,65496,0,53796
29,65511,65496,0,53821
29,65511,65496,0,53846
29,65511,65496,0,53871
29,65511,65496,0,53896
29,65511,65496,0,53920
29,65511,65496,0,53946
29,65511,65496,0,53970
29,65511,65496,0,53996
29,65511,65496,0,54021
29,65511,65496,0,54045
29,65511,65496,0,54071
29,65511,65496,0,54095
29,65511,65496,0,54120
29,65511,65496,0,54146
29,65511,65496,0,54170
29,65511,65496,0,54196
29,65511,65496,0,54220
29,65511,65496,0,54245
29,65511,65496,0,54270
29,65511,65496,0,54295
29,65511,65496,0,54320
29,65511,65496,0,54345
29,65511,65496,0,54370
29,65511,65496,0,54395
29,65511,65497,0,54420
29,65511,65497,0,54445
29,65511,65497,0,54470
29,65511,65496,0,54495
29,65511,65496,0,54519
29,65511,65496,0,54545
29,65511,65496,0,54569
29,65511,65496,0,54595
29,65511,65496,0,54620
29,65511,65496,0,54644
29,65511,65496,0,54670
29,65511,65496,0,54694
29,65511,65496,0,54719
29,65511,65496,0,54745
29,65512,65496,0,54769
29,65512,65496,0,54795
29,65512,65496,0,54819
29,65512,65496,0,54844
29,65512,65496,0,54870
29,65512,65496,0,54894
29,65511,65496,0,54919
29,65511,65496,0,54944
29,65511,65496,0,54969
29,65511,65496,0,54994
29,65511,65496,0,55019
29,65511,65496,0,55044
29,65511,65496,0,55069
29,65511,65496,0,55094
29,65511,65496,0,55118
29,65511,65496,0,55144
29,65511,65497,0,55169
29,65511,65497,0,55194
29,65511,65497,0,55219
29,65511,65496,0,55243
29,65511,65496,0,55269
29,65511,65496,0,55293
29,65511,65496,0,55318
29,65511,65496,0,55344
29,65511,65496,0,55368
29,65511,65496,0,55394
29,65511,65496,0,55418
29,65511,65496,0,55443
29,65511,65496,0,55469
29,65511,65496,0,55493
29,65511,65496,0,55518
29,65511,65496,0,55543
29,65511,65496,0,55568
29,65512,65496,0,55593
29,65512,65496,0,55618
29,65512,65496,0,55643
29,65512,65496,0,55668
29,65512,65496,0,55693
29,65511,65496,0,55717
29,65511,65496,0,55743
29,65511,65496,0,55768
29,65511,65496,0,55793
29,65511,65496,0,55818
29,65511,65496,0,55842
29,65511,65496,0,55868
29,65511,65496,0,55892
29,65511,65496,0,55917
29,65511,65496,0,55943
29,65511,65496,0,55967
29,65511,65496,0,55993
29,65511,65496,0,56017
29,65511,65496,0,56042
29,65511,65496,0,56068
29,65511,65496,0,56092
29,65511,65496,0,56117
29,65511,65496,0,56142
29,65511,65496,0,56167
29,65512,65496,0,56193
29,65512,65496,0,56217
29,65512,65496,0,56242
29,65511,65496,0,56267
29,65511,65496,0,56292
29,65511,65496,0,56316
29,65512,65496,0,56342
29,65512,65496,0,56367
29,65511,65496,0,56392
29,65511,65496,0,56417
29,65511,65496,0,56441
29,65512,65496,0,56467
29,65512,65496,0,56492
29,65512,65496,0,56516
29,65511,65496,0,56542
29,65511,65496,0,56566
29,65511,65496,0,56592
29,65511,65496,0,56616
29,65511,65496,0,56641
29,65511,65496,0,56667
29,65511,65496,0,56691
29,65511,65496,0,56716
29,65511,65497,0,56741
29,65511,65497,0,56766
29,65511,65497,0,56792
29,65511,65496,0,56816
29,65511,65496,0,56841
29,65511,65496,0,56866
29,65511,65496,0,56891
29,65511,65496,0,56915
29,65511,65496,0,56941
29,65511,65496,0,56966
29,65511,65496,0,56991
29,65511,65496,0,57016
29,65511,65496,0,57040
29,65511,65496,0,57066
29,65511,65496,0,57091
29,65511,65496,0,57115
29,65512,65496,0,57141
29,65512,65496,0,57165
29,65512,65496,0,57191
29,65512,65496,0,57216
29,65512,65496,0,57240
29,65512,65496,0,57266
29,65511,65496,0,57290
29,65511,65496,0,57315
29,65511,65496,0,57340
29,65511,65496,0,57365
29,65511,65496,0,57391
29,65512,65496,0,57415
29,65512,65496,0,57440
29,65512,65496,0,57465
29,65511,65496,0,57490
29,65511,65496,0,57515
29,65511,65496,0,57540
29,65511,65496,0,57565
29,65511,65496,0,57590
29,65511,65496,0,57615
29,65511,65497,0,57639
29,65511,65497,0,57665
29,65512,65496,0,57690
29,65512,65496,0,57714
29,65512,65496,0,57740
29,65512,65496,0,57764
29,65512,65496,0,57790
29,65512,65496,0,57815
29,65511,65496,0,57839
29,65511,65496,0,57865
29,65511,65496,0,57889
29,65511,65496,0,57914
29,65511,65496,0,57939
29,65511,65496,0,57964
29,65511,65496,0,57990
29,65511,65496,0,58014
29,65511,65496,0,58039
29,65511,65496,0,58064
29,65511,65496,0,58089
29,65511,65496,0,58114
29,65511,65496,0,58139
29,65511,65496,0,58164
29,65511,65496,0,58189
29,65511,65496,0,58214
29,65511,65496,0,58238
29,65511,65496,0,58264
29,65511,65496,0,58289
29,65511,65496,0,58313
29,65511,65496,0,58339
29,65511,65496,0,58363
29,65511,65496,0,58389
29,65511,65496,0,58414
29,65511,65496,0,58438
29,65511,65496,0,58464
29,65511,65496,0,58488
29,65511,65496,0,58513
29,65511,65496,0,58539
29,65511,65496,0,58563
29,65511,65496,0,58589
29,65511,65496,0,58613
29,65512,65496,0,58638
29,65512,65496,0,58663
29,65512,65496,0,58688
29,65511,65496,0,58713
29,65511,65496,0,58738
29,65511,65496,0,58763
29,65512,65496,0,58788
29,65512,65496,0,58813
29,65512,65496,0,58838
29,65511,65496,0,58863
29,65511,65496,0,58888
29,65511,65497,0,58912
29,65511,65497,0,58938
29,65511,65497,0,58962
29,65511,65496,0,58988
29,65511,65496,0,59013
29,65511,65496,0,59037
29,65511,65496,0,59063
29,65511,65496,0,59087
29,65512,65496,0,59112
29,65512,65496,0,59138
29,65512,65496,0,59162
29,65511,65496,0,59188
29,65511,65496,0,59212
29,65511,65496,0,59237
29,65511,65496,0,59262
29,65511,65496,0,59287
29,65511,65496,0,59312
29,65511,65496,0,59337
29,65511,65496,0,59362
29,65511,65496,0,59387
29,65511,65496,0,59412
29,65511,65496,0,59437
29,65511,65496,0,59462
29,65511,65496,0,59487
29,65511,65496,0,59511
29,65511,65496,0,59537
29,65511,65496,0,59561
29,65511,65496,0,59587
29,65511,65497,0,59612
29,65511,65497,0,59636
29,65511,65496,0,59662
29,65511,65496,0,59686
29,65511,65496,0,59711
29,65511,65496,0,59737
29,65511,65496,0,59761