65533,65502,65494,0,4511
65533,65502,65494,0,4538
65533,65502,65494,0,4566
65533,65502,65494,0,4592
65533,65502,65494,0,4620
65533,65502,65494,0,4646
65533,65502,65494,0,4673
65533,65502,65494,0,4701
65533,65502,65494,0,4727
65533,65502,65494,0,4755
65533,65502,65494,0,4782
65533,65502,65494,0,4808
65533,65502,65494,0,4836
65533,65502,65494,0,4862
65534,65502,65494,0,4890
65534,65502,65494,0,4917
65533,65502,65494,0,4944
65533,65502,65494,0,4971
65533,65502,65494,0,4998
65533,65502,65494,0,5025
65533,65502,65494,0,5052
65533,65502,65494,0,5080
65533,65502,65494,0,5106
65533,65502,65494,0,5133
65533,65502,65494,0,5160
65533,65502,65494,0,5187
65533,65502,65494,0,5215
65533,65502,65494,0,5241
65533,65502,65494,0,5268
65533,65502,65494,0,5296
65533,65502,65494,0,5322
65533,65502,65494,0,5350
65533,65502,65494,0,5377
65533,65502,65494,0,5403
65533,65502,65494,0,5431
65533,65502,65494,0,5457
65533,65502,65494,0,5485
65533,65502,65494,0,5512
65533,65502,65494,0,5538
65533,65502,65494,0,5566
65533,65502,65494,0,5593
65533,65502,65494,0,5620
65533,65502,65494,0,5647
65533,65502,65494,0,5673
65533,65502,65494,0,5701
65533,65502,65494,0,5728
65533,65502,65494,0,5755
65533,65502,65494,0,5782
65533,65502,65494,0,5809
65533,65502,65494,0,5836
65533,65502,65494,0,5863
65534,65502,65494,0,5891
65534,65502,65494,0,5917
65534,65502,65494,0,5945
65533,65502,65495,0,5971
65533,65502,65495,0,5998
65533,65502,65495,0,6026
65533,65502,65495,0,6052
65533,65502,65495,0,6080
65533,65502,65495,0,6107
65533,65502,65495,0,6133
65533,65502,65494,0,6161
65533,65502,65494,0,6188
65533,65502,65494,0,6215
65533,65502,65494,0,6242
65533,65502,65494,0,6268
65533,65502,65494,0,6296
65533,65502,65494,0,6323
65533,65502,65494,0,6350
65533,65502,65494,0,6377
65533,65502,65494,0,6404
65533,65502,65494,0,6431
65533,65502,65494,0,6458
65533,65502,65494,0,6486
65533,65502,65495,0,6512
65533,65502,65495,0,6539
65533,65502,65494,0,6566
65533,65502,65494,0,6593
65533,65502,65494,0,6621
65533,65502,65494,0,6647
65533,65502,65494,0,6675
65533,65502,65494,0,6702
65533,65502,65494,0,6728
65533,65502,65494,0,6756
65533,65502,65494,0,6782
65533,65502,65494,0,6810
65533,65502,65494,0,6837
65533,65502,65494,0,6863
65533,65502,65494,0,6891
65533,65502,65495,0,6918
65533,65502,65495,0,6945
65533,65502,65495,0,6972
65533,65502,65494,0,6999
65533,65502,65494,0,7026
65533,65502,65494,0,7053
65533,65502,65494,0,7080
65533,65502,65494,0,7107
65533,65502,65494,0,7134
65533,65502,65494,0,7161
65533,65502,65494,0,7188
65533,65502,65494,0,7216
65533,65502,65494,0,7242
65533,65502,65494,0,7269
65533,65502,65494,0,7297
65533,65502,65495,0,7323
65533,65502,65495,0,7351
65533,65502,65495,0,7377
65533,65502,65494,0,7404
65533,65502,65494,0,7432
65533,65502,65494,0,7458
65533,65502,65494,0,7486
65533,65502,65494,0,7513
65533,65502,65494,0,7540
65533,65502,65494,0,7567
65533,65502,65494,0,7593
65533,65502,65494,0,7621
65533,65502,65494,0,7648
65533,65502,65494,0,7675
65533,65502,65494,0,7702
65533,65502,65494,0,7729
65533,65502,65494,0,7756
65533,65502,65494,0,7783
65533,65502,65494,0,7811
65533,65502,65494,0,7837
65533,65502,65494,0,7864
65533,65502,65494,0,7891
65533,65502,65494,0,7918
65533,65502,65494,0,7946
65533,65502,65494,0,7972
65533,65502,65494,0,7999
65533,65502,65494,0,8027
65533,65502,65494,0,8053
65533,65502,65494,0,8081
65533,65502,65494,0,8108
65533,65502,65494,0,8134
65533,65502,65494,0,8162
65533,65502,65494,0,8188
65533,65502,65495,0,8216
65533,65502,65495,0,8243
65533,65502,65494,0,8269
65533,65502,65494,0,8297
65533,65502,65494,0,8324
65533,65502,65494,0,8351
65533,65502,65494,0,8378
65533,65502,65495,0,8404
65533,65502,65495,0,8432
65533,65502,65495,0,8459
65533,65502,65494,0,8486
65533,65502,65494,0,8513
65533,65502,65494,0,8541
65533,65502,65494,0,8567
65533,65502,65494,0,8594
65533,65502,65494,0,8622
65533,65502,65494,0,8648
65533,65502,65494,0,8676
65533,65502,65494,0,8702
65533,65502,65494,0,8729
65533,65502,65494,0,8757
65533,65502,65494,0,8783
65533,65502,65494,0,8811
65533,65502,65494,0,8838
65533,65502,65494,0,8864
65533,65502,65495,0,8892
65533,65502,65495,0,8919
65533,65502,65494,0,8946
65533,65502,65494,0,8973
65533,65502,65494,0,8999
65533,65502,65494,0,9027
65533,65502,65494,0,9054
65533,65502,65494,0,9081
65533,65502,65494,0,9108
65533,65502,65494,0,9135
65533,65502,65494,0,9162
65533,65502,65494,0,9189
65533,65502,65494,0,9217
65533,65502,65494,0,9243
65533,65502,65494,0,9270
65533,65502,65494,0,9297
65533,65502,65494,0,9324
65533,65502,65494,0,9352
65533,65502,65494,0,9378
65533,65502,65494,0,9406
65533,65502,65494,0,9433
65533,65502,65494,0,9459
65533,65502,65494,0,9487
65533,65502,65495,0,9513
65533,65502,65495,0,9541
65533,65502,65494,0,9568
65533,65502,65494,0,9594
65533,65502,65494,0,9622
65533,65502,65494,0,9649
65533,65502,65494,0,9676
65533,65502,65494,0,9703
65533,65502,65494,0,9730
65533,65502,65494,0,9757
65533,65502,65494,0,9784
65533,65502,65494,0,9811
65533,65502,65494,0,9838
65533,65502,65494,0,9865
65533,65502,65494,0,9892
65533,65502,65494,0,9919
65533,65502,65494,0,9947
65533,65502,65494,0,9973
65533,65502,65494,0,10000
65533,65502,65494,0,10029
65533,65502,65494,0,10056
65533,65502,65494,0,10085
65533,65502,65494,0,10113
65533,65502,65494,0,10141
65533,65502,65494,0,10169
65533,65502,65494,0,10196
65533,65502,65494,0,10225
65533,65502,65494,0,10253
65533,65502,65494,0,10281
65533,65502,65494,0,10309
65533,65502,65494,0,10338
65533,65502,65494,0,10365
65533,65502,65494,0,10393
65533,65502,65494,0,10422
65533,65502,65494,0,10449
65533,65502,65494,0,10478
65533,65502,65494,0,10506
65533,65502,65494,0,10533
65533,65502,65494,0,10562
65533,65502,65495,0,10590
65533,65502,65495,0,10618
65533,65502,65494,0,10646
65533,65502,65494,0,10675
65533,65502,65494,0,10702
65533,65502,65494,0,10730
65533,65502,65494,0,10759
65533,65502,65494,0,10786
65533,65502,65494,0,10815
65533,65502,65494,0,10843
65533,65502,65494,0,10871
65533,65502,65494,0,10899
65533,65502,65494,0,10927
65533,65502,65494,0,10955
65533,65502,65494,0,10983
65533,65502,65494,0,11012
65533,65502,65494,0,11039
65533,65502,65494,0,11068
65533,65502,65494,0,11096
65533,65502,65494,0,11123
65533,65502,65494,0,11152
65533,65502,65494,0,11180
65533,65502,65494,0,11208
65533,65502,65494,0,11236
65533,65502,65494,0,11264
65533,65502,65494,0,11292
65533,65502,65494,0,11320
65533,65502,65494,0,11348
65533,65502,65494,0,11376
65533,65502,65494,0,11405
65533,65502,65494,0,11432
65533,65502,65494,0,11460
65533,65502,65494,0,11489
65533,65502,65494,0,11516
65533,65502,65494,0,11545
65533,65502,65494,0,11573
65533,65502,65494,0,11601
65533,65502,65494,0,11629
65533,65502,65494,0,11657
65533,65502,65494,0,11685
65533,65502,65494,0,11713
65533,65502,65494,0,11742
65533,65502,65494,0,11769
65533,65502,65494,0,11797
65533,65502,65495,0,11826
65533,65502,65495,0,11853
65533,65502,65494,0,11882
65533,65502,65494,0,11910
65533,65502,65494,0,11938
65533,65502,65494,0,11966
65533,65502,65494,0,11994
65533,65502,65494,0,12022
65533,65502,65494,0,12050
65533,65502,65494,0,12079
65533,65502,65494,0,12106
65533,65502,65494,0,12135
65533,65502,65494,0,12163
65533,65502,65494,0,12190
65533,65502,65494,0,12219
65533,65502,65494,0,12247
65533,65502,65494,0,12275
65533,65502,65494,0,12303
65533,65502,65494,0,12331
65533,65502,65494,0,12359
65533,65502,65494,0,12387
65533,65502,65494,0,12416
65533,65502,65494,0,12443
65533,65502,65494,0,12472
65533,65502,65494,0,12499
65533,65502,65494,0,12527
65533,65502,65494,0,12556
65533,65502,65494,0,12583
65533,65502,65494,0,12612
65533,65502,65495,0,12640
65533,65502,65495,0,12668
65533,65502,65494,0,12696
65533,65502,65494,0,12724
65533,65502,65494,0,12752
65533,65502,65494,0,12780
65533,65502,65494,0,12809
65533,65502,65494,0,12836
65533,65502,65494,0,12865
65533,65502,65494,0,12893
65533,65502,65494,0,12920
65533,65502,65494,0,12949
65533,65502,65495,0,12977
65533,65502,65495,0,13005
65533,65502,65494,0,13033
65533,65502,65494,0,13061
65533,65502,65494,0,13089
65533,65502,65494,0,13117
65533,65502,65494,0,13146
65533,65502,65494,0,13173
65533,65502,65494,0,13202
65533,65502,65494,0,13230
65533,65502,65494,0,13257
65533,65502,65494,0,13286
65533,65502,65494,0,13314
65533,65502,65494,0,13342
65533,65502,65494,0,13370
65533,65502,65494,0,13399
65533,65502,65494,0,13426
65533,65502,65494,0,13454
65533,65502,65494,0,13483
65533,65502,65494,0,13510
65533,65502,65494,0,13539
65533,65502,65494,0,13566
65533,65502,65494,0,13594
65533,65502,65494,0,13623
65533,65502,65494,0,13650
65533,65502,65494,0,13679
65533,65502,65494,0,13707
65533,65502,65494,0,13735
65533,65502,65494,0,13763
65533,65502,65494,0,13791
65533,65502,65494,0,13819
65533,65502,65494,0,13847
65533,65502,65494,0,13876
65533,65502,65494,0,13903
65533,65502,65494,0,13932
65533,65502,65494,0,13960
65533,65502,65494,0,13987
65533,65502,65494,0,14016
65533,65502,65494,0,14044
65533,65502,65494,0,14072
65533,65502,65494,0,14100
65533,65502,65494,0,14128
65533,65502,65494,0,14156
65533,65502,65494,0,14184
65533,65502,65494,0,14213
65533,65502,65494,0,14240
65533,65502,65494,0,14269
65533,65502,65494,0,14297
65533,65502,65494,0,14324
65533,65502,65494,0,14353
65533,65502,65494,0,14381
65533,65502,65494,0,14409
65533,65502,65494,0,14437
65533,65502,65494,0,14466
65533,65502,65494,0,14493
65533,65502,65494,0,14521
65533,65502,65494,0,14550
65533,65502,65494,0,14577
65533,65502,65494,0,14606
65533,65502,65494,0,14633
65533,65502,65494,0,14661
65533,65502,65494,0,14690
65533,65502,65494,0,14717
65533,65502,65494,0,14746
65533,65502,65494,0,14774
65533,65502,65494,0,14802
65533,65502,65494,0,14830
65533,65502,65494,0,14858
65533,65502,65494,0,14886
65533,65502,65494,0,14914
65533,65502,65494,0,14943
65533,65502,65494,0,14970
65533,65502,65494,0,14999
65533,65502,65494,0,15027
65533,65502,65494,0,15054
65533,65502,65494,0,15083
65533,65502,65494,0,15111
65533,65502,65494,0,15139
65533,65502,65494,0,15167
65533,65502,65494,0,15196
65533,65502,65494,0,15223
65533,65502,65494,0,15251
65533,65502,65494,0,15280
65533,65502,65494,0,15307
65533,65502,65494,0,15336
65533,65502,65494,0,15364
65533,65502,65494,0,15391
65533,65502,65494,0,15420
65533,65502,65494,0,15448
65533,65502,65494,0,15476
65533,65502,65494,0,15504
65533,65502,65494,0,15533
65533,65502,65494,0,15560
65533,65502,65494,0,15588
65533,65502,65494,0,15617
65533,65502,65494,0,15644
65533,65502,65494,0,15673
65533,65502,65494,0,15700
65533,65502,65494,0,15729
65533,65502,65494,0,15757
65533,65502,65494,0,15784
65533,65502,65494,0,15813
65533,65502,65494,0,15841
65533,65502,65494,0,15869
65533,65502,65494,0,15897
65533,65502,65494,0,15925
65533,65502,65494,0,15953
65533,65502,65494,0,15981
65533,65502,65494,0,16010
65533,65502,65494,0,16037
65533,65502,65494,0,16066
65533,65502,65494,0,16094
65533,65502,65494,0,16121
65533,65502,65495,0,16150
65533,65502,65495,0,16178
65533,65502,65495,0,16206
65533,65502,65494,0,16234
65533,65502,65494,0,16263
65533,65502,65494,0,16290
65533,65502,65494,0,16318
65533,65502,65494,0,16347
65533,65502,65494,0,16374
65533,65502,65494,0,16403
65533,65502,65495,0,16431
65533,65502,65495,0,16459
65533,65502,65495,0,16487
65533,65502,65494,0,16515
65533,65502,65494,0,16543
65533,65502,65494,0,16571
65533,65502,65494,0,16600
65533,65502,65494,0,16627
65533,65502,65494,0,16655
65533,65502,65494,0,16684
65533,65502,65495,0,16711
65533,65502,65495,0,16740
65533,65502,65494,0,16768
65533,65502,65494,0,16796
65533,65502,65494,0,16824
65533,65502,65494,0,16851
65533,65502,65494,0,16880
65533,65502,65495,0,16908
65533,65502,65495,0,16936
65533,65502,65495,0,16964
65533,65502,65494,0,16993
65533,65502,65494,0,17020
65533,65502,65494,0,17048
65533,65502,65494,0,17077
65533,65502,65494,0,17104
65533,65502,65494,0,17133
65533,65502,65494,0,17161
65533,65502,65494,0,17188
65533,65502,65494,0,17217
65533,65502,65495,0,17245
65533,65502,65495,0,17273
65533,65502,65495,0,17301
65533,65502,65495,0,17330
65533,65502,65495,0,17357
65533,65502,65494,0,17385
65533,65502,65494,0,17414
65533,65502,65494,0,17441
65533,65502,65494,0,17470
65533,65502,65494,0,17498
65533,65502,65494,0,17526
65533,65502,65494,0,17554
65533,65502,65494,0,17582
65533,65502,65494,0,17610
65533,65502,65494,0,17638
65533,65502,65494,0,17667
65533,65502,65494,0,17694
65533,65502,65494,0,17722
65533,65502,65494,0,17751
65533,65502,65494,0,17778
65533,65502,65494,0,17807
65533,65502,65494,0,17835
65533,65502,65494,0,17863
65533,65502,65494,0,17891
65533,65502,65494,0,17918
65533,65502,65494,0,17947
65533,65502,65494,0,17975
65533,65502,65494,0,18003
65533,65502,65494,0,18031
65533,65502,65494,0,18060
65533,65502,65494,0,18087
65533,65502,65494,0,18115
65533,65502,65494,0,18144
65533,65502,65494,0,18171
65533,65502,65494,0,18200
65533,65502,65494,0,18228
65533,65502,65494,0,18256
65533,65502,65494,0,18284
65533,65502,65494,0,18312
65533,65502,65494,0,18340
65533,65502,65494,0,18368
65533,65502,65494,0,18397
65533,65502,65494,0,18424
65533,65502,65494,0,18452
65533,65502,65494,0,18481
65533,65502,65494,0,18508
65533,65502,65494,0,18537
65533,65502,65494,0,18565
65533,65502,65494,0,18593
65533,65502,65494,0,18621
65533,65502,65494,0,18649
65533,65502,65494,0,18677
65533,65502,65494,0,18705
65533,65502,65494,0,18734
65533,65502,65494,0,18761
65533,65502,65494,0,18790
65533,65502,65495,0,18818
65533,65502,65495,0,18845
65533,65502,65494,0,18874
65533,65502,65494,0,18902
65533,65502,65494,0,18930
65533,65502,65494,0,18958
65533,65502,65494,0,18985
65533,65502,65494,0,19014
65533,65502,65494,0,19042
65533,65502,65494,0,19070
65533,65502,65494,0,19098
65533,65502,65494,0,19127
65533,65502,65494,0,19154
65533,65502,65494,0,19182
65533,65502,65494,0,19211
65533,65502,65494,0,19238
65533,65502,65494,0,19267
65533,65502,65494,0,19295
65533,65502,65494,0,19323
65533,65502,65494,0,19351
65533,65502,65494,0,19379
65533,65502,65494,0,19407
65533,65502,65494,0,19435
65533,65502,65494,0,19464
65533,65502,65494,0,19491
65533,65502,65494,0,19519
65533,65502,65494,0,19548
65533,65502,65494,0,19575
65533,65502,65494,0,19604
65533,65502,65494,0,19632
65533,65502,65494,0,19660
65533,65502,65494,0,19688
65533,65502,65494,0,19716
65533,65502,65494,0,19744
65533,65502,65494,0,19772
65533,65502,65494,0,19801
65533,65502,65494,0,19828
65533,65502,65494,0,19857
65533,65502,65494,0,19885
65533,65502,65494,0,19912
65533,65502,65494,0,19941
65533,65502,65494,0,19969
65533,65502,65494,0,19997
65533,65502,65494,0,20025
65533,65502,65494,0,20054
65533,65502,65494,0,20081
65533,65502,65494,0,20109
65533,65502,65494,0,20137
65533,65502,65494,0,20165
65533,65502,65494,0,20194
65533,65502,65494,0,20221
65533,65502,65494,0,20249
65533,65502,65494,0,20278
65533,65502,65494,0,20305
65533,65502,65494,0,20334
65533,65502,65494,0,20362
65533,65502,65494,0,20390
65533,65502,65494,0,20418
65533,65502,65494,0,20446
65533,65502,65494,0,20474
65533,65502,65494,0,20502
65533,65502,65494,0,20531
65533,65502,65494,0,20558
65533,65502,65494,0,20587
65533,65502,65494,0,20615
65533,65502,65494,0,20642
65533,65502,65494,0,20671
65533,65502,65494,0,20699
65533,65502,65494,0,20727
65533,65502,65494,0,20755
65533,65502,65494,0,20783
65533,65502,65494,0,20811
65533,65502,65494,0,20839
65533,65502,65494,0,20868
65533,65502,65494,0,20895
65533,65502,65495,0,20924
65533,65502,65495,0,20952
65533,65502,65494,0,20979
65533,65502,65494,0,21008
65533,65502,65494,0,21036
65533,65502,65494,0,21064
65533,65502,65494,0,21092
65533,65502,65494,0,21121
65533,65502,65494,0,21148
65533,65502,65494,0,21176
65533,65503,65494,0,21204
65533,65503,65494,0,21232
65533,65502,65494,0,21261
65533,65502,65494,0,21288
65533,65502,65494,0,21316
65533,65502,65494,0,21345
65533,65502,65494,0,21372
65533,65502,65494,0,21401
65533,65502,65494,0,21429
65533,65502,65494,0,21457
65533,65502,65494,0,21485
65533,65502,65494,0,21513
65533,65502,65494,0,21541
65533,65502,65494,0,21569
65533,65502,65494,0,21598
65533,65502,65494,0,21625
65533,65502,65494,0,21654
65533,65502,65494,0,21682
65533,65502,65494,0,21709
65533,65502,65494,0,21738
65533,65502,65494,0,21766
65533,65502,65494,0,21794
65533,65502,65494,0,21822
65533,65502,65494,0,21851
65533,65502,65494,0,21878
65533,65502,65494,0,21906
65533,65502,65494,0,21935
65533,65502,65494,0,21962
65533,65502,65494,0,21991
65533,65502,65494,0,22019
65533,65502,65494,0,22046
65533,65502,65494,0,22075
65533,65502,65494,0,22103
65533,65502,65494,0,22131
65533,65502,65494,0,22159
65533,65502,65494,0,22188
65533,65502,65494,0,22215
65533,65502,65494,0,22243
65533,65502,65494,0,22272
65533,65502,65494,0,22299
65533,65502,65494,0,22328
65533,65502,65494,0,22355
65533,65502,65494,0,22384
65533,65502,65494,0,22412
65533,65502,65494,0,22439
65533,65502,65494,0,22468
65533,65502,65495,0,22496
65533,65502,65495,0,22524
65533,65502,65494,0,22552
65533,65502,65494,0,22580
65533,65502,65494,0,22608
65533,65502,65494,0,22636
65533,65502,65494,0,22665
65533,65502,65494,0,22692
65533,65502,65494,0,22721
65533,65502,65494,0,22749
65533,65502,65494,0,22776
65533,65502,65494,0,22805
65533,65502,65494,0,22833
65533,65502,65494,0,22861
65533,65502,65494,0,22889
65533,65502,65494,0,22918
65533,65502,65494,0,22945
65533,65502,65494,0,22973
65533,65502,65494,0,23002
65533,65502,65494,0,23029
65533,65502,65494,0,23058
65533,65502,65494,0,23086
65533,65502,65494,0,23113
65533,65502,65494,0,23142
65533,65502,65494,0,23170
65533,65502,65494,0,23198
65533,65502,65494,0,23226
65533,65502,65494,0,23255
65533,65502,65494,0,23282
65533,65502,65494,0,23310
65533,65502,65494,0,23339
65533,65502,65494,0,23366
65533,65502,65494,0,23395
65533,65502,65494,0,23422
65533,65502,65494,0,23451
65533,65502,65494,0,23479
65533,65502,65494,0,23506
65533,65502,65494,0,23535
65533,65502,65495,0,23563
65533,65502,65495,0,23591
65533,65502,65495,0,23619
65533,65502,65494,0,23648
65533,65502,65494,0,23675
65533,65502,65494,0,23703
65533,65502,65494,0,23732
65533,65502,65494,0,23759
65533,65502,65494,0,23788
65533,65502,65494,0,23816
65533,65502,65494,0,23843
65533,65502,65494,0,23872
65533,65502,65494,0,23900
65533,65502,65494,0,23928
65533,65502,65494,0,23956
65533,65503,65494,0,23985
65533,65503,65494,0,24012
65533,65502,65494,0,24040
65533,65502,65494,0,24069
65533,65502,65494,0,24096
65533,65502,65495,0,24125
65533,65502,65495,0,24153
65533,65502,65494,0,24181
65533,65502,65494,0,24209
65533,65502,65494,0,24237
65533,65502,65494,0,24265
65533,65502,65494,0,24293
65533,65502,65495,0,24322
65533,65502,65495,0,24349
65533,65502,65494,0,24377
65533,65502,65494,0,24406
65533,65502,65494,0,24433
65533,65502,65494,0,24462
65533,65502,65494,0,24489
65533,65502,65494,0,24518
65533,65502,65494,0,24546
65533,65502,65494,0,24573
65533,65502,65494,0,24602
65533,65502,65494,0,24630
65533,65502,65494,0,24658
65533,65502,65494,0,24686
65533,65502,65494,0,24715
65533,65502,65494,0,24742
65533,65502,65494,0,24770
65533,65502,65494,0,24799
65533,65502,65494,0,24826
65533,65502,65494,0,24855
65533,65502,65494,0,24883
65533,65502,65494,0,24910
65533,65502,65494,0,24939
65533,65502,65494,0,24967
65533,65502,65494,0,24995
65533,65502,65494,0,25023
65533,65502,65494,0,25052
65533,65502,65494,0,25079
65533,65502,65494,0,25107
65533,65502,65494,0,25136
65533,65502,65494,0,25163
65533,65502,65494,0,25192
65533,65502,65494,0,25220
65533,65502,65494,0,25248
65533,65502,65494,0,25276
65533,65502,65494,0,25304
65533,65502,65494,0,25332
65533,65502,65494,0,25360
65533,65502,65494,0,25389
65533,65502,65494,0,25416
65533,65502,65494,0,25445
65533,65502,65494,0,25473
65533,65502,65494,0,25500
65533,65502,65495,0,25529
65533,65502,65495,0,25556
65533,65502,65495,0,25585
65533,65502,65494,0,25613
65533,65502,65494,0,25640
65533,65502,65494,0,25669
65533,65502,65494,0,25697
65533,65502,65494,0,25725
65533,65502,65494,0,25753
65533,65502,65494,0,25782
65533,65502,65494,0,25809
65533,65502,65494,0,25837
65533,65502,65494,0,25866
65533,65502,65494,0,25893
65533,65502,65494,0,25922
65533,65502,65494,0,25950
65533,65502,65494,0,25978
65533,65502,65494,0,26006
65533,65502,65494,0,26034
65533,65502,65494,0,26062
65533,65502,65494,0,26090
65533,65502,65494,0,26119
65533,65502,65494,0,26146
65533,65502,65494,0,26174
65533,65502,65494,0,26203
65533,65502,65494,0,26230
65533,65502,65494,0,26259
65533,65502,65495,0,26287
65533,65502,65495,0,26315
65533,65502,65495,0,26343
65533,65502,65494,0,26371
65533,65502,65494,0,26399
65533,65502,65494,0,26427
65533,65502,65494,0,26456
65533,65502,65494,0,26483
65533,65502,65494,0,26512
65533,65502,65494,0,26540
65533,65502,65494,0,26567
65533,65502,65494,0,26596
65533,65502,65494,0,26624
65533,65502,65494,0,26652
65533,65502,65494,0,26680
65533,65502,65494,0,26707
65533,65502,65494,0,26736
65533,65502,65494,0,26764
65533,65502,65494,0,26792
65533,65502,65494,0,26820
65533,65502,65494,0,26849
65533,65502,65494,0,26876
65533,65502,65494,0,26904
65533,65502,65494,0,26933
65533,65502,65495,0,26960
65533,65502,65495,0,26989
65533,65502,65495,0,27017
65533,65502,65494,0,27045
65533,65502,65494,0,27073
65533,65502,65494,0,27101
65533,65502,65494,0,27129
65533,65502,65494,0,27157
65533,65502,65494,0,27186
65533,65502,65494,0,27213
65533,65502,65494,0,27242
65533,65502,65494,0,27270
65533,65502,65494,0,27297
65533,65502,65494,0,27326
65533,65502,65494,0,27354
65533,65502,65494,0,27382
65533,65502,65494,0,27410
65533,65502,65494,0,27438
65533,65502,65494,0,27466
65533,65502,65494,0,27494
65533,65502,65494,0,27523
65533,65502,65494,0,27550
65533,65502,65494,0,27579
65533,65502,65494,0,27607
65533,65502,65494,0,27634
65533,65502,65494,0,27663
65533,65502,65494,0,27691
65533,65502,65494,0,27719
65533,65502,65494,0,27747
65533,65502,65494,0,27776
65533,65502,65494,0,27803
65533,65502,65494,0,27831
65533,65502,65494,0,27859
65533,65502,65494,0,27887
65533,65502,65494,0,27916
65533,65502,65494,0,27943
65533,65502,65494,0,27971
65533,65502,65494,0,28000
65533,65502,65494,0,28027
65533,65502,65494,0,28056
65533,65502,65494,0,28084
65533,65502,65494,0,28112
65533,65502,65494,0,28140
65533,65502,65494,0,28168
65533,65502,65495,0,28196
65533,65502,65495,0,28224
65533,65502,65494,0,28253
65533,65502,65494,0,28280
65533,65502,65494,0,28309
65533,65502,65495,0,28337
65533,65502,65495,0,28364
65533,65502,65494,0,28393
65533,65502,65494,0,28421
65533,65502,65494,0,28449
65533,65502,65494,0,28477
65533,65502,65494,0,28505
65533,65502,65494,0,28533
65533,65502,65494,0,28561
65533,65502,65494,0,28590
65533,65502,65494,0,28617
65533,65502,65494,0,28646
65533,65502,65494,0,28674
65533,65502,65494,0,28701
65533,65502,65494,0,28730
65533,65502,65494,0,28758
65533,65502,65494,0,28786
65533,65502,65494,0,28814
65533,65502,65494,0,28843
65533,65502,65494,0,28870
65533,65502,65494,0,28898
65533,65502,65494,0,28926
65533,65502,65494,0,28954
65533,65502,65494,0,28983
65533,65502,65495,0,29010
65533,65502,65495,0,29039
65533,65502,65494,0,29067
65533,65502,65494,0,29094
65533,65502,65494,0,29123
65533,65501,65494,0,29151
65533,65501,65494,0,29179
65533,65501,65494,0,29207
65533,65501,65494,0,29235
65533,65501,65494,0,29263
65533,65502,65494,0,29291
65533,65502,65494,0,29320
65533,65501,65495,0,29347
65533,65501,65495,0,29376
65533,65501,65494,0,29404
65533,65501,65494,0,29431
65533,65501,65494,0,29460
65532,65501,65495,0,29488
65532,65501,65495,0,29516
65533,65501,65494,0,29544
65533,65501,65494,0,29573
65533,65501,65494,0,29600
65532,65501,65494,0,29628
65532,65501,65494,0,29657
65532,65501,65494,0,29684
65532,65501,65494,0,29713
65532,65501,65494,0,29741
65533,65501,65494,0,29768
65533,65501,65494,0,29797
65533,65501,65494,0,29825
65533,65501,65494,0,29853
65532,65500,65494,0,29881
65532,65500,65494,0,29910
65532,65500,65494,0,29937
65532,65500,65494,0,29965
65532,65500,65494,0,29993
65532,65500,65495,0,30021
65532,65500,65495,0,30050
65532,65500,65495,0,30077
65532,65500,65494,0,30106
65532,65500,65494,0,30134
65532,65499,65494,0,30161
65532,65499,65494,0,30190
65532,65499,65494,0,30218
65532,65499,65494,0,30246
65532,65499,65494,0,30274
65532,65499,65494,0,30302
65532,65499,65494,0,30330
65532,65498,65494,0,30358
65532,65498,65494,0,30387
65532,65498,65494,0,30414
65532,65498,65494,0,30443
65532,65498,65494,0,30471
65532,65497,65494,0,30498
65532,65497,65494,0,30527
65532,65497,65494,0,30555
65532,65496,65494,0,30583
65532,65496,65494,0,30611
65532,65495,65493,0,30640
65532,65495,65493,0,30667
65532,65494,65492,0,30695
65532,65494,65492,0,30724
65532,65494,65492,0,30751
65532,65493,65492,0,30780
65532,65493,65492,0,30808
65532,65492,65491,0,30835
65532,65492,65491,0,30864
65532,65492,65491,0,30892
65532,65490,65489,0,30920
65532,65490,65489,0,30948
65532,65489,65487,0,30977
65532,65489,65487,0,31004
65532,65489,65487,0,31032
65532,65488,65484,0,31060
65532,65488,65484,0,31088
65532,65487,65481,0,31117
65532,65487,65481,0,31144
65532,65487,65478,0,31173
65532,65487,65478,0,31201
65532,65487,65478,0,31228
65532,65489,65474,0,31257
65532,65489,65474,0,31285
65533,65491,65470,0,31313
65533,65491,65470,0,31341
65533,65491,65470,0,31370
65533,65495,65468,0,31397
65533,65495,65468,0,31425
65534,65499,65466,0,31454
65534,65499,65466,0,31481
65535,65503,65466,0,31510
65535,65503,65466,0,31538
65535,65503,65466,0,31565
0,65507,65469,0,31594
0,65507,65469,0,31618
0,65507,65469,0,31642
0,65510,65471,0,31666
0,65510,65471,0,31689
0,65512,65475,0,31714
0,65512,65475,0,31737
0,65512,65475,0,31761
0,65512,65478,0,31785
0,65512,65478,0,31809
0,65512,65478,0,31833
0,65511,65481,0,31857
0,65511,65481,0,31881
0,65511,65481,0,31905
0,65511,65484,0,31929
0,65511,65484,0,31952
0,65511,65484,0,31977
65535,65509,65486,0,32001
65535,65509,65486,0,32028
65535,65507,65486,0,32057
65535,65507,65486,0,32084
65535,65507,65486,0,32113
65534,65505,65486,0,32141
65534,65505,65486,0,32169
65534,65503,65485,0,32197
65534,65503,65485,0,32225
65534,65503,65485,0,32253
65535,65503,65482,0,32281
65535,65503,65482,0,32310
0,65505,65479,0,32337
0,65505,65479,0,32361
0,65505,65479,0,32386
3,65511,65479,0,32409
3,65511,65479,0,32433
3,65511,65479,0,32457
5,65516,65483,0,32481
5,65516,65483,0,32505
6,65518,65490,0,32529
6,65518,65490,0,32552
6,65518,65490,0,32577
6,65517,65498,0,32601
6,65517,65498,0,32624
6,65517,65498,0,32649
4,65514,65503,0,32672
4,65514,65503,0,32696
4,65514,65503,0,32720
1,65510,65505,0,32744
1,65510,65505,0,32769
1,65510,65505,0,32792
0,65508,65505,0,32816
0,65508,65505,0,32840
0,65508,65505,0,32864
65533,65506,65505,0,32887
65533,65506,65505,0,32916
65531,65504,65504,0,32944
65531,65504,65504,0,32972
65531,65504,65504,0,33000
65528,65502,65501,0,33028
65528,65502,65501,0,33056
65527,65502,65498,0,33084
65527,65502,65498,0,33113
65527,65502,65496,0,33140
65525,65502,65496,0,33169
65525,65502,65496,0,33197
65524,65503,65494,0,33224
65524,65503,65494,0,33253
65522,65504,65493,0,33281
65522,65504,65493,0,33309
65522,65504,65493,0,33337
65522,65505,65491,0,33366
65522,65505,65491,0,33393
65522,65505,65490,0,33421
65522,65505,65490,0,33449
65522,65505,65490,0,33477
65522,65506,65489,0,33506
65522,65506,65489,0,33533
65522,65507,65489,0,33561
65522,65507,65489,0,33590
65522,65507,65488,0,33617
65522,65507,65488,0,33646
65522,65507,65488,0,33674
65521,65508,65489,0,33702
65521,65508,65489,0,33730
65521,65508,65488,0,33758
65521,65508,65488,0,33786
65521,65508,65488,0,33814
65522,65509,65488,0,33843
65522,65509,65488,0,33870
65521,65509,65488,0,33899
65521,65509,65488,0,33927
65521,65509,65488,0,33954
65521,65509,65488,0,33983
65521,65509,65488,0,34011
65521,65510,65489,0,34039
65521,65510,65489,0,34067
65521,65510,65489,0,34095
65521,65510,65489,0,34123
65521,65510,65489,0,34151
65521,65510,65490,0,34180
65521,65510,65490,0,34207
65520,65510,65490,0,34236
65520,65510,65490,0,34264
65520,65510,65490,0,34291
65520,65510,65491,0,34320
65520,65510,65491,0,34348
65520,65509,65491,0,34376
65520,65509,65491,0,34404
65520,65509,65491,0,34433
65520,65509,65491,0,34460
65520,65509,65491,0,34488
65520,65509,65491,0,34516
65520,65509,65491,0,34544
65520,65508,65491,0,34573
65520,65508,65491,0,34600
65520,65508,65491,0,34628
65519,65508,65492,0,34657
65519,65508,65492,0,34684
65519,65508,65492,0,34713
65519,65508,65492,0,34741
65519,65508,65492,0,34769
65519,65507,65491,0,34797
65519,65507,65491,0,34825
65519,65507,65491,0,34853
65519,65507,65491,0,34881
65519,65507,65491,0,34910
65519,65507,65491,0,34937
65519,65507,65491,0,34966
65519,65507,65491,0,34994
65519,65507,65491,0,35021
65518,65506,65491,0,35050
65518,65506,65491,0,35078
65518,65506,65491,0,35106
65518,65506,65491,0,35134
65518,65506,65491,0,35163
65518,65506,65490,0,35190
65518,65506,65490,0,35218
65518,65506,65490,0,35247
65518,65505,65490,0,35274
65518,65505,65490,0,35303
65518,65505,65490,0,35331
65518,65505,65490,0,35358
65518,65505,65489,0,35387
65518,65505,65489,0,35415
65518,65505,65489,0,35443
65518,65504,65488,0,35471
65518,65504,65488,0,35500
65517,65504,65488,0,35527
65517,65504,65488,0,35555
65517,65504,65488,0,35584
65517,65504,65487,0,35611
65517,65504,65487,0,35640
65518,65504,65486,0,35667
65518,65504,65486,0,35696
65518,65504,65486,0,35724
65518,65504,65486,0,35751
65518,65504,65486,0,35780
65519,65505,65485,0,35808
65519,65505,65485,0,35836
65519,65505,65484,0,35864
65519,65505,65484,0,35892
65519,65505,65484,0,35920
65520,65506,65484,0,35948
65520,65506,65484,0,35977
65521,65506,65485,0,36004
65521,65506,65485,0,36033
65521,65506,65485,0,36061
65521,65507,65485,0,36088
65521,65507,65485,0,36117
65521,65507,65486,0,36145
65521,65507,65486,0,36173
65521,65508,65486,0,36201
65521,65508,65486,0,36230
65521,65508,65486,0,36257
65522,65509,65487,0,36285
65522,65509,65487,0,36314
65521,65509,65488,0,36341
65521,65509,65488,0,36370
65521,65509,65488,0,36398
65523,65509,65489,0,36425
65523,65509,65489,0,36454
65521,65509,65490,0,36482
65521,65509,65490,0,36510
65521,65509,65490,0,36538
65522,65508,65491,0,36567
65522,65508,65491,0,36594
65522,65508,65492,0,36622
65522,65508,65492,0,36651
65523,65506,65493,0,36678
65523,65506,65493,0,36707
65523,65506,65493,0,36734
65523,65505,65493,0,36763
65523,65505,65493,0,36791
65523,65506,65493,0,36818
65523,65506,65493,0,36847
65523,65506,65493,0,36875
65523,65505,65494,0,36903
65523,65505,65494,0,36931
65524,65504,65494,0,36960
65524,65504,65494,0,36987
65523,65504,65494,0,37015
65523,65504,65494,0,37044
65523,65504,65494,0,37071
65524,65504,65494,0,37100
65524,65504,65494,0,37128
65524,65505,65494,0,37155
65524,65505,65494,0,37184
65524,65505,65494,0,37212
65524,65504,65494,0,37240
65524,65504,65494,0,37268
65524,65504,65494,0,37297
65524,65504,65494,0,37324
65524,65504,65494,0,37352
65525,65504,65494,0,37381
65525,65504,65494,0,37408
65525,65504,65494,0,37437
65525,65504,65494,0,37465
65524,65505,65494,0,37493
65524,65505,65494,0,37521
65524,65505,65494,0,37549
65524,65504,65494,0,37577
65524,65504,65494,0,37605
65525,65504,65494,0,37634
65525,65504,65494,0,37661
65525,65504,65494,0,37689
65525,65503,65494,0,37718
65525,65503,65494,0,37745
65526,65504,65494,0,37774
65526,65504,65494,0,37801
65526,65503,65494,0,37830
65525,65503,65494,0,37858
65525,65503,65494,0,37885
65525,65504,65494,0,37914
65525,65504,65494,0,37942
65526,65503,65494,0,37970
65526,65503,65494,0,37998
65526,65503,65494,0,38027
65525,65504,65494,0,38054
65525,65504,65494,0,38082
65525,65504,65494,0,38111
65525,65504,65494,0,38138
65525,65504,65494,0,38167
65524,65504,65494,0,38195
65524,65504,65494,0,38222
65525,65504,65494,0,38251
65525,65504,65494,0,38279
65524,65505,65494,0,38307
65524,65505,65494,0,38335
65524,65505,65494,0,38364
65524,65504,65494,0,38391
65524,65504,65494,0,38419
65525,65504,65494,0,38448
65525,65504,65494,0,38475
65525,65504,65494,0,38504
65524,65504,65494,0,38532
65524,65504,65494,0,38560
65524,65505,65494,0,38588
65524,65505,65494,0,38616
65524,65505,65494,0,38644
65524,65505,65494,0,38672
65524,65505,65494,0,38701
65523,65505,65494,0,38728
65523,65505,65494,0,38757
65523,65505,65494,0,38785
65523,65505,65494,0,38812
65523,65505,65494,0,38841
65524,65505,65494,0,38868
65524,65505,65494,0,38897
65524,65505,65494,0,38925
65524,65505,65494,0,38952
65524,65505,65494,0,38981
65523,65505,65494,0,39009
65523,65505,65494,0,39037
65524,65505,65494,0,39065
65524,65505,65494,0,39094
65524,65505,65493,0,39121
65524,65505,65493,0,39149
65524,65505,65493,0,39178
65524,65505,65494,0,39205
65524,65505,65494,0,39234
65524,65505,65494,0,39262
65524,65505,65494,0,39290
65524,65505,65494,0,39318
65523,65506,65494,0,39346
65523,65506,65494,0,39374
65524,65505,65494,0,39402
65524,65505,65494,0,39431
65524,65505,65494,0,39458
65524,65505,65494,0,39486
65524,65505,65494,0,39515
65524,65505,65494,0,39542
65524,65505,65494,0,39571
65523,65505,65494,0,39599
65523,65505,65494,0,39627
65523,65505,65494,0,39655
65524,65505,65494,0,39683
65524,65505,65494,0,39711
65524,65505,65494,0,39739
65524,65505,65494,0,39768
65524,65505,65494,0,39795
65524,65505,65494,0,39824
65524,65505,65494,0,39852
65524,65505,65494,0,39879
65524,65505,65494,0,39908
65524,65505,65494,0,39936
65524,65505,65494,0,39964
65524,65505,65494,0,39992
65523,65505,65494,0,40019
65523,65505,65494,0,40048
65523,65505,65494,0,40076
65523,65505,65494,0,40104
65523,65505,65494,0,40132
65524,65505,65494,0,40161
65524,65505,65494,0,40188
65523,65505,65494,0,40216
65523,65505,65494,0,40245
65523,65505,65494,0,40272
65524,65505,65494,0,40301
65524,65505,65494,0,40329
65523,65506,65494,0,40357
65523,65506,65494,0,40385
65524,65505,65494,0,40413
65524,65505,65494,0,40441
65524,65505,65494,0,40469
65523,65505,65494,0,40498
65523,65505,65494,0,40525
65525,65505,65494,0,40553
65525,65505,65494,0,40582
65525,65505,65494,0,40609
65523,65505,65494,0,40638
65523,65505,65494,0,40666
65524,65504,65494,0,40694
65524,65504,65494,0,40722
65524,65504,65494,0,40750
65524,65505,65494,0,40778
65524,65505,65494,0,40806
65523,65505,65494,0,40835
65523,65505,65494,0,40862
65524,65504,65494,0,40891
65524,65504,65494,0,40919
65524,65504,65494,0,40946
65524,65505,65494,0,40975
65524,65505,65494,0,41003
65523,65505,65494,0,41031
65523,65505,65494,0,41059
65523,65505,65494,0,41088
65524,65505,65494,0,41115
65524,65505,65494,0,41143
65525,65504,65494,0,41171
65525,65504,65494,0,41199
65525,65504,65494,0,41228
65523,65505,65494,0,41255
65523,65505,65494,0,41283
65524,65505,65494,0,41312
65524,65505,65494,0,41339
65523,65505,65494,0,41368
65523,65505,65494,0,41396
65523,65505,65494,0,41424
65524,65505,65494,0,41452
65524,65505,65494,0,41480
65523,65505,65494,0,41508
65523,65505,65494,0,41536
65523,65505,65494,0,41565
65524,65505,65494,0,41592
65524,65505,65494,0,41621
65524,65505,65494,0,41649
65524,65505,65494,0,41676
65524,65505,65493,0,41705
65524,65505,65493,0,41733
65524,65505,65493,0,41761
65523,65505,65494,0,41789
65523,65505,65494,0,41817
65524,65504,65493,0,41845
65524,65504,65493,0,41873
65524,65504,65493,0,41902
65524,65505,65494,0,41929
65524,65505,65494,0,41958
65524,65505,65494,0,41986
65524,65505,65494,0,42013
65524,65505,65494,0,42042
65524,65505,65494,0,42070
65524,65505,65494,0,42098
65524,65505,65494,0,42126
65524,65505,65494,0,42155
65524,65505,65494,0,42182
65524,65505,65494,0,42210
65524,65505,65494,0,42238
65524,65505,65494,0,42266
65524,65505,65494,0,42295
65523,65505,65494,0,42322
65523,65505,65494,0,42351
65523,65505,65494,0,42379
65524,65505,65494,0,42406
65524,65505,65494,0,42435
65524,65505,65494,0,42463
65524,65505,65494,0,42491
65524,65505,65494,0,42519
65524,65505,65494,0,42547
65524,65505,65494,0,42575
65525,65504,65494,0,42603
65525,65504,65494,0,42632
65525,65504,65494,0,42659
65525,65504,65494,0,42688
65525,65504,65494,0,42716
65525,65504,65494,0,42743
65525,65504,65494,0,42772
65524,65504,65494,0,42800
65524,65504,65494,0,42828
65524,65504,65494,0,42856
65525,65505,65494,0,42885
65525,65505,65494,0,42912
65525,65504,65494,0,42940
65525,65504,65494,0,42969
65525,65504,65494,0,42996
65525,65504,65494,0,43025
65525,65504,65494,0,43053
65525,65504,65494,0,43080
65525,65504,65494,0,43109
65524,65505,65494,0,43137
65524,65505,65494,0,43165
65524,65505,65494,0,43193
65525,65504,65494,0,43222
65525,65504,65494,0,43249
65524,65505,65494,0,43277
65524,65505,65494,0,43305
65524,65505,65494,0,43333
65524,65505,65494,0,43362
65524,65505,65494,0,43389
65524,65505,65494,0,43418
65524,65505,65494,0,43446
65524,65505,65494,0,43473
65524,65505,65494,0,43502
65524,65505,65494,0,43530
65525,65505,65494,0,43558
65525,65505,65494,0,43586
65524,65505,65494,0,43614
65524,65505,65494,0,43642
65524,65505,65494,0,43670
65525,65505,65494,0,43699
65525,65505,65494,0,43726
65524,65505,65494,0,43755
65524,65505,65494,0,43783
65524,65505,65494,0,43810
65524,65505,65494,0,43839
65524,65505,65494,0,43867
65525,65504,65494,0,43895
65525,65504,65494,0,43923
65524,65505,65494,0,43952
65524,65505,65494,0,43979
65524,65505,65494,0,44007
65525,65504,65494,0,44036
65525,65504,65494,0,44063
65525,65504,65494,0,44092
65525,65504,65494,0,44120
65525,65504,65494,0,44148
65525,65504,65494,0,44176
65525,65504,65494,0,44204
65524,65505,65494,0,44232
65524,65505,65494,0,44260
65524,65504,65493,0,44289
65524,65504,65493,0,44316
65524,65504,65493,0,44344
65524,65505,65494,0,44372
65524,65505,65494,0,44400
65524,65505,65494,0,44429
65524,65505,65494,0,44456
65524,65505,65494,0,44485
65523,65505,65494,0,44513
65523,65505,65494,0,44540
65524,65505,65494,0,44569
65524,65505,65494,0,44597
65524,65505,65494,0,44625
65523,65505,65494,0,44653
65523,65505,65494,0,44682
65523,65505,65494,0,44709
65523,65505,65494,0,44737
65523,65505,65494,0,44766
65523,65505,65494,0,44793
65523,65505,65494,0,44822
65523,65505,65494,0,44850
65523,65505,65494,0,44877
65522,65506,65493,0,44906
65522,65506,65493,0,44934
65522,65506,65493,0,44962
65523,65505,65493,0,44990
65523,65505,65493,0,45019
65523,65505,65494,0,45046
65523,65505,65494,0,45074
65523,65505,65494,0,45103
65523,65505,65494,0,45130
65523,65505,65494,0,45159
65523,65505,65493,0,45187
65523,65505,65493,0,45215
65522,65505,65494,0,45243
65522,65505,65494,0,45271
65522,65505,65494,0,45299
65523,65505,65494,0,45327
65523,65505,65494,0,45356
65523,65505,65494,0,45383
65523,65505,65494,0,45411
65523,65505,65494,0,45440
65522,65505,65494,0,45467
65522,65505,65494,0,45496
65523,65505,65494,0,45523
65523,65505,65494,0,45552
65522,65505,65494,0,45580
65522,65505,65494,0,45607
65522,65505,65494,0,45636
65523,65504,65494,0,45664
65523,65504,65494,0,45692
65523,65505,65494,0,45720
65523,65505,65494,0,45749
65523,65505,65494,0,45776
65523,65504,65494,0,45804
65523,65504,65494,0,45833
65523,65504,65494,0,45860
65523,65504,65494,0,45889
65523,65504,65494,0,45917
65523,65504,65494,0,45944
65523,65504,65494,0,45973
65524,65503,65494,0,46001
65524,65503,65494,0,46029
65523,65504,65494,0,46057
65523,65504,65494,0,46086
65523,65504,65494,0,46113
65524,65503,65495,0,46141
65524,65503,65495,0,46170
65523,65503,65495,0,46197
65523,65503,65495,0,46226
65523,65503,65495,0,46254
65524,65502,65495,0,46282
65524,65502,65495,0,46310
65524,65501,65495,0,46338
65524,65501,65495,0,46366
65524,65501,65495,0,46394
65524,65501,65495,0,46423
65524,65501,65495,0,46450
65525,65498,65495,0,46479
65525,65498,65495,0,46507
65524,65498,65495,0,46534
65524,65498,65495,0,46563
65524,65498,65495,0,46590
65524,65496,65494,0,46619
65524,65496,65494,0,46647
65528,65492,65493,0,46674
65528,65492,65493,0,46703
65528,65492,65493,0,46731
65525,65491,65491,0,46759
65525,65491,65491,0,46787
65528,65487,65489,0,46816
65528,65487,65489,0,46843
65532,65482,65483,0,46871
65532,65482,65483,0,46900
65532,65482,65483,0,46927
65531,65481,65480,0,46956
65531,65481,65480,0,46984
65530,65481,65475,0,47012
65530,65481,65475,0,47040
65530,65481,65475,0,47068
65532,65482,65470,0,47096
65532,65482,65470,0,47124
65534,65485,65467,0,47153
65534,65485,65467,0,47180
65534,65485,65467,0,47208
0,65488,65464,0,47237
0,65488,65464,0,47260
4,65494,65463,0,47285
4,65494,65463,0,47308
4,65494,65463,0,47332
9,65500,65462,0,47356
9,65500,65462,0,47380
9,65500,65462,0,47404
15,65506,65462,0,47428
15,65506,65462,0,47453
15,65506,65462,0,47478
17,65512,65466,0,47503
17,65512,65466,0,47527
18,65515,65471,0,47553
18,65515,65471,0,47578
18,65515,65471,0,47602
17,65519,65479,0,47628
17,65519,65479,0,47652
17,65519,65479,0,47678
12,65518,65487,0,47703
12,65518,65487,0,47727
12,65518,65487,0,47753
11,65516,65493,0,47777
11,65516,65493,0,47802
9,65512,65495,0,47827
9,65512,65495,0,47851
9,65512,65495,0,47875
7,65509,65496,0,47899
7,65509,65496,0,47923
7,65509,65496,0,47947
5,65509,65496,0,47971
5,65509,65496,0,47994
5,65509,65496,0,48019
2,65508,65496,0,48043
2,65508,65496,0,48066
2,65508,65496,0,48091
1,65508,65497,0,48114
1,65508,65497,0,48138
1,65508,65497,0,48162
1,65508,65497,0,48186
1,65508,65497,0,48210
65535,65506,65498,0,48234
65535,65506,65498,0,48262
65535,65506,65498,0,48290
65535,65506,65498,0,48318
65535,65506,65498,0,48347
65534,65505,65498,0,48374
65534,65505,65498,0,48402
65534,65505,65498,0,48431
65534,65504,65497,0,48458
65534,65504,65497,0,48487
65534,65504,65497,0,48515
65534,65504,65497,0,48543
65534,65503,65497,0,48571
65534,65503,65497,0,48599
65534,65503,65497,0,48627
65533,65503,65496,0,48655
65533,65503,65496,0,48684
65533,65503,65496,0,48711
65533,65503,65496,0,48739
65533,65503,65496,0,48768
65533,65502,65495,0,48795
65533,65502,65495,0,48824
65533,65502,65496,0,48851
65533,65502,65496,0,48880
65533,65502,65496,0,48908
65533,65502,65495,0,48935
65533,65502,65495,0,48964
65533,65502,65495,0,48992
65533,65502,65495,0,49020
65533,65502,65495,0,49048
65533,65502,65495,0,49077
65533,65502,65495,0,49104
65533,65502,65495,0,49132
65533,65502,65495,0,49161
65533,65502,65495,0,49188
65533,65502,65495,0,49217
65533,65502,65495,0,49245
65533,65502,65495,0,49273
65533,65502,65495,0,49301
65533,65502,65495,0,49329
65533,65502,65495,0,49357
65533,65502,65495,0,49385
65533,65502,65495,0,49414
65533,65502,65495,0,49441
65533,65502,65495,0,49469
65533,65502,65495,0,49498
65533,65502,65495,0,49525
65533,65502,65495,0,49554
65533,65502,65495,0,49582
65533,65502,65495,0,49610
65533,65502,65495,0,49638
65533,65502,65495,0,49666
65533,65502,65495,0,49694
65533,65502,65495,0,49722
65533,65502,65495,0,49751
65533,65502,65495,0,49778
65533,65502,65495,0,49807
65533,65502,65495,0,49835
65533,65502,65494,0,49862
65533,65502,65494,0,49891
65533,65502,65494,0,49918
65533,65502,65494,0,49947
65533,65502,65494,0,49975
65533,65502,65494,0,50002
65533,65502,65494,0,50031
65533,65502,65494,0,50059
65533,65502,65494,0,50087
65533,65502,65494,0,50115
65533,65502,65494,0,50144
65533,65502,65494,0,50171
65533,65502,65494,0,50199
65533,65502,65494,0,50228
65533,65502,65494,0,50255
65533,65502,65494,0,50284
65533,65502,65494,0,50312
65533,65502,65494,0,50340
65533,65502,65494,0,50368
65533,65502,65494,0,50396
65533,65502,65494,0,50424
65533,65502,65494,0,50452
65533,65502,65494,0,50481
65533,65502,65494,0,50508
65533,65502,65494,0,50536
65533,65502,65494,0,50565
65533,65502,65494,0,50592
65533,65502,65494,0,50621
65533,65502,65494,0,50649
65533,65502,65494,0,50677
65533,65502,65494,0,50705
65533,65502,65494,0,50733
65533,65502,65494,0,50761
65533,65502,65494,0,50789
65533,65502,65494,0,50818
65533,65502,65494,0,50845
65533,65502,65494,0,50874
65533,65502,65494,0,50902
65533,65502,65494,0,50929
65533,65502,65494,0,50958
65533,65502,65494,0,50985
65533,65502,65494,0,51014
65533,65502,65494,0,51042
65533,65502,65494,0,51070
65533,65502,65494,0,51098
65533,65502,65494,0,51126
65533,65502,65494,0,51154
65533,65502,65494,0,51182
65533,65502,65494,0,51211
65533,65502,65494,0,51238
65533,65502,65494,0,51266
65533,65502,65494,0,51295
65533,65502,65494,0,51322
65533,65502,65494,0,51351
65533,65502,65494,0,51379
65533,65502,65494,0,51407
65533,65502,65494,0,51435
65533,65502,65494,0,51463
65533,65502,65494,0,51491
65533,65502,65494,0,51519
65533,65502,65494,0,51548
65533,65502,65494,0,51575
65533,65502,65494,0,51604
65533,65502,65494,0,51632
65533,65502,65494,0,51659
65533,65502,65494,0,51688
65533,65502,65494,0,51716
65533,65502,65494,0,51744
65533,65502,65494,0,51772
65533,65502,65494,0,51800
65533,65502,65494,0,51828
65533,65502,65494,0,51856
65533,65502,65494,0,51885
65533,65502,65494,0,51912
65533,65502,65494,0,51941
65533,65502,65494,0,51969
65533,65502,65494,0,51996
65533,65502,65494,0,52025
65533,65502,65494,0,52052
65533,65502,65494,0,52081
65533,65502,65494,0,52109
65533,65502,65494,0,52137
65533,65502,65494,0,52165
65533,65502,65494,0,52193
65533,65502,65494,0,52221
65533,65502,65494,0,52249
65533,65502,65494,0,52278
65533,65502,65494,0,52305
65533,65502,65494,0,52333
65533,65502,65494,0,52362
65533,65502,65494,0,52389
65533,65502,65494,0,52418
65533,65502,65494,0,52446
65533,65502,65494,0,52474
65533,65502,65494,0,52502
65533,65502,65494,0,52530
65533,65502,65494,0,52558
65533,65503,65494,0,52586
65533,65503,65494,0,52615
65533,65503,65494,0,52642
65533,65502,65495,0,52671
65533,65502,65495,0,52699
65533,65502,65494,0,52726
65533,65502,65494,0,52755
65533,65502,65494,0,52783
65533,65502,65494,0,52811
65533,65502,65494,0,52839
65533,65502,65494,0,52868
65533,65502,65494,0,52895
65533,65502,65494,0,52923
65533,65502,65494,0,52952
65533,65502,65494,0,52979
65533,65502,65494,0,53008
65533,65502,65494,0,53036
65533,65502,65494,0,53063
65533,65502,65494,0,53092
65533,65502,65494,0,53120
65533,65502,65494,0,53148
65533,65502,65494,0,53176
65533,65502,65495,0,53204
65533,65502,65495,0,53232
65533,65502,65494,0,53260
65533,65502,65494,0,53288
65533,65502,65494,0,53316
65533,65503,65494,0,53345
65533,65503,65494,0,53372
65533,65502,65494,0,53401
65533,65502,65494,0,53429
65533,65502,65494,0,53456
65533,65502,65494,0,53485
65533,65502,65494,0,53513
65533,65502,65494,0,53541
65533,65502,65494,0,53569
65533,65502,65494,0,53597
65533,65502,65494,0,53625
65533,65502,65494,0,53653
65533,65502,65494,0,53682
65533,65502,65494,0,53709
65533,65502,65495,0,53738
65533,65502,65495,0,53766
65533,65502,65495,0,53793
65533,65502,65494,0,53822
65533,65502,65494,0,53850
65533,65502,65494,0,53878
65533,65502,65494,0,53906
65533,65502,65494,0,53935
65533,65502,65494,0,53962
65533,65502,65494,0,53990
65533,65502,65494,0,54019
65533,65502,65494,0,54046
65533,65502,65494,0,54075
65533,65502,65494,0,54103
65533,65502,65494,0,54130
65533,65502,65494,0,54159
65533,65502,65494,0,54187
65533,65502,65494,0,54215
65533,65502,65494,0,54243
65533,65502,65494,0,54272
65533,65502,65494,0,54299
65533,65502,65494,0,54327
65533,65502,65494,0,54355
65533,65502,65494,0,54383
65533,65502,65494,0,54412
65533,65502,65494,0,54439
65533,65502,65494,0,54468
65533,65502,65494,0,54496
65533,65502,65494,0,54523
65533,65502,65494,0,54552
65533,65502,65494,0,54580
65533,65502,65494,0,54608
65533,65502,65494,0,54636
65533,65502,65494,0,54665
65533,65502,65494,0,54692
65533,65502,65494,0,54720
65533,65502,65494,0,54749
65533,65502,65494,0,54776
65533,65502,65494,0,54805
65533,65502,65494,0,54833
65533,65502,65494,0,54860
65533,65502,65494,0,54889
65533,65502,65494,0,54917
65533,65502,65494,0,54945
65533,65502,65494,0,54973
65533,65502,65494,0,55002
65533,65502,65494,0,55029
65533,65502,65494,0,55057
65533,65502,65494,0,55086
65533,65502,65495,0,55113
65533,65502,65495,0,55142
65533,65502,65494,0,55170
65533,65502,65494,0,55198
65533,65502,65494,0,55226
65533,65502,65494,0,55254
65533,65502,65494,0,55282
65533,65502,65494,0,55310
65533,65502,65494,0,55339
65533,65502,65494,0,55366
65533,65502,65494,0,55394
65533,65502,65494,0,55422
65533,65502,65494,0,55450
65533,65502,65494,0,55479
65533,65502,65494,0,55506
65533,65502,65494,0,55535
65533,65502,65494,0,55563
65533,65502,65494,0,55590
65533,65502,65494,0,55619
65533,65502,65494,0,55647
65533,65502,65494,0,55675
65533,65502,65494,0,55703
65533,65502,65494,0,55732
65533,65502,65494,0,55759
65533,65502,65494,0,55787
65533,65502,65494,0,55816
65533,65502,65494,0,55843
65533,65502,65494,0,55872
65533,65502,65494,0,55900
65533,65502,65494,0,55927
65533,65502,65494,0,55956
65533,65502,65494,0,55984
65533,65502,65494,0,56012
65533,65502,65494,0,56040
65533,65502,65494,0,56069
65533,65502,65494,0,56096
65533,65503,65494,0,56124
65533,65503,65494,0,56153
65533,65503,65494,0,56180
65533,65502,65494,0,56209
65533,65502,65494,0,56237
65533,65502,65494,0,56265
65533,65502,65494,0,56293
65533,65502,65494,0,56321
65533,65502,65494,0,56349
65533,65502,65494,0,56377
65533,65502,65494,0,56406
65533,65502,65494,0,56433
65533,65502,65494,0,56462
65533,65502,65494,0,56489
65533,65502,65494,0,56517
65533,65502,65494,0,56546
65533,65502,65494,0,56573
65533,65503,65494,0,56602
65533,65503,65494,0,56630
65533,65502,65494,0,56657
65533,65502,65494,0,56686
65533,65502,65494,0,56714
65533,65502,65494,0,56742
65533,65502,65494,0,56770
65533,65502,65494,0,56799
65533,65502,65494,0,56826
65533,65502,65494,0,56854
65533,65502,65494,0,56883
65533,65502,65494,0,56910
65533,65502,65494,0,56939
65533,65502,65494,0,56967
65533,65502,65494,0,56995
65533,65502,65495,0,57023