65533,0,65482,0,60614
65533,0,65481,0,60638
65533,0,65481,0,60662
65533,0,65481,0,60686
65533,0,65482,0,60709
65533,0,65482,0,60734
65534,0,65481,0,60758
65534,0,65481,0,60781
65534,0,65481,0,60806
65534,0,65482,0,60829
65534,0,65482,0,60853
65534,0,65482,0,60877
65534,0,65481,0,60901
65534,0,65481,0,60925
65534,0,65481,0,60949
65533,0,65482,0,60973
65533,0,65482,0,60997
65533,0,65482,0,61021
65533,0,65482,0,61044
65533,0,65482,0,61069
65533,0,65482,0,61092
65533,0,65482,0,61116
65533,0,65482,0,61140
65533,0,65482,0,61164
65534,0,65482,0,61189
65534,0,65482,0,61212
65533,0,65482,0,61236
65533,0,65482,0,61260
65533,0,65482,0,61284
65533,0,65482,0,61307
65533,0,65482,0,61332
65533,0,65482,0,61356
65533,0,65482,0,61379
65533,0,65482,0,61404
65533,0,65482,0,61427
65534,0,65481,0,61451
65534,0,65481,0,61475
65534,0,65481,0,61499
65533,0,65482,0,61523
65533,0,65482,0,61547
65533,0,65482,0,61571
65533,0,65482,0,61595
65533,0,65482,0,61619
65534,0,65481,0,61642
65534,0,65481,0,61667
65534,0,65481,0,61690
65534,0,65482,0,61714
65534,0,65482,0,61739
65534,0,65482,0,61762
65533,0,65481,0,61787
65533,0,65481,0,61810
65533,0,65481,0,61834
65533,1,65482,0,61858
65533,1,65482,0,61882
65533,1,65482,0,61905
65533,0,65482,0,61930
65533,0,65482,0,61954
65533,0,65482,0,61977
65533,0,65482,0,62002
65533,0,65482,0,62025
65533,0,65482,0,62049
65533,0,65481,0,62073
65533,0,65481,0,62097
65533,0,65482,0,62121
65533,0,65482,0,62145
65533,0,65482,0,62169
65533,0,65482,0,62193
65533,0,65482,0,62217
65533,0,65482,0,62240
65533,0,65482,0,62265
65533,0,65482,0,62288
65533,0,65482,0,62312
65534,0,65482,0,62337
65534,0,65482,0,62360
65534,0,65482,0,62384
65533,0,65482,0,62408
65533,0,65482,0,62432
65533,0,65482,0,62456
65533,0,65482,0,62480
65533,0,65482,0,62503
65533,0,65482,0,62528
65533,0,65482,0,62552
65533,0,65482,0,62575
65533,0,65482,0,62600
65533,0,65482,0,62623
65533,0,65482,0,62647
65533,0,65482,0,62671
65533,0,65482,0,62695
65533,0,65482,0,62720
65533,0,65482,0,62743
65533,0,65482,0,62767
65533,0,65482,0,62791
65534,0,65481,0,62815
65534,0,65481,0,62838
65534,0,65481,0,62863
65534,0,65482,0,62886
65534,0,65482,0,62910
65534,0,65482,0,62935
65533,0,65482,0,62958
65533,0,65482,0,62982
65533,0,65481,0,63006
65533,0,65481,0,63030
65533,0,65481,0,63054
65533,0,65481,0,63078
65533,0,65481,0,63101
65533,0,65481,0,63126
65533,0,65482,0,63150
65533,0,65482,0,63173
65533,0,65482,0,63198
65534,0,65482,0,63221
65534,0,65482,0,63245
65534,0,65482,0,63269
65533,0,65482,0,63293
65533,0,65482,0,63318
65533,0,65482,0,63341
65533,0,65482,0,63365
65533,0,65482,0,63389
65533,0,65482,0,63413
65533,0,65482,0,63436
65533,0,65482,0,63461
65533,0,65482,0,63484
65533,0,65482,0,63508
65533,0,65482,0,63533
65533,0,65482,0,63556
65533,0,65482,0,63580
65533,0,65482,0,63604
65534,0,65482,0,63628
65534,0,65482,0,63652
65534,0,65482,0,63676
65533,0,65482,0,63699
65533,0,65482,0,63724
65533,0,65482,0,63748
65533,0,65482,0,63771
65533,0,65482,0,63796
65533,0,65482,0,63819
65533,0,65482,0,63843
65533,0,65482,0,63867
65533,0,65482,0,63891
65533,0,65482,0,63915
65533,0,65482,0,63939
65533,0,65481,0,63963
65533,0,65481,0,63987
65533,0,65481,0,64011
65533,0,65482,0,64034
65533,0,65482,0,64059
65533,0,65482,0,64082
65533,0,65482,0,64106
65533,0,65482,0,64131
65533,0,65482,0,64154
65533,0,65482,0,64178
65533,0,65482,0,64202
65533,0,65482,0,64226
65533,0,65482,0,64250
65533,0,65482,0,64274
65533,0,65482,0,64297
65533,0,65482,0,64322
65533,0,65482,0,64346
65533,0,65482,0,64369
65533,0,65482,0,64394
65533,0,65482,0,64417
65533,0,65481,0,64441
65533,0,65481,0,64465
65533,0,65481,0,64489
65533,0,65482,0,64513
65533,0,65482,0,64537
65533,0,65482,0,64561
65534,0,65482,0,64585
65534,0,65482,0,64609
65534,0,65482,0,64632
65533,0,65482,0,64657
65533,0,65482,0,64680
65533,0,65482,0,64704
65533,0,65482,0,64729
65533,0,65482,0,64752
65533,0,65482,0,64776
65533,0,65482,0,64800
65533,0,65482,0,64824
65533,1,65482,0,64848
65533,1,65482,0,64872
65533,1,65482,0,64896
65534,0,65482,0,64920
65534,0,65482,0,64944
65534,0,65482,0,64967
65534,0,65482,0,64992
65534,0,65482,0,65015
65534,0,65482,0,65039
65533,0,65482,0,65063
65533,0,65482,0,65087
65533,0,65482,0,65111
65533,0,65482,0,65135
65533,0,65482,0,65159
65533,0,65482,0,65183
65534,0,65482,0,65207
65534,0,65482,0,65230
65534,0,65482,0,65255
65533,0,65482,0,65278
65533,0,65482,0,65302
65533,0,65482,0,65327
65533,0,65482,0,65350
65533,0,65482,0,65374
65533,0,65482,0,65398
65533,0,65482,0,65422
65533,0,65482,0,65445
65533,0,65482,0,65470
65533,0,65482,0,65494
65533,0,65482,0,65518
65533,0,65482,0,6
65533,0,65482,0,25
65533,0,65482,0,47
65533,0,65482,0,67
65533,0,65482,0,88
65533,0,65482,0,108
65534,0,65482,0,131
65534,0,65482,0,152
65534,0,65482,0,174
65534,0,65482,0,196
65533,0,65481,0,218
65533,0,65481,0,239
65533,0,65481,0,262
65533,0,65482,0,283
65533,0,65482,0,305
65533,0,65482,0,327
65533,0,65482,0,349
65533,0,65482,0,370
65533,0,65482,0,393
65533,0,65482,0,414
65533,0,65482,0,436
65533,0,65482,0,458
65534,0,65482,0,480
65534,0,65482,0,501
65534,0,65482,0,524
65533,0,65482,0,545
65533,0,65482,0,567
65533,0,65482,0,589
65533,1,65482,0,611
65533,1,65482,0,632
65533,1,65482,0,655
65533,0,65482,0,676
65533,0,65482,0,698
65533,0,65482,0,720
65533,0,65482,0,742
65533,0,65481,0,763
65533,0,65481,0,786
65533,0,65481,0,807
65534,0,65482,0,829
65534,0,65482,0,851
65534,0,65482,0,873
65533,1,65482,0,894
65533,1,65482,0,917
65533,1,65482,0,939
65534,0,65482,0,960
65534,0,65482,0,983
65534,0,65482,0,1004
65533,0,65482,0,1027
65533,0,65482,0,1050
65533,0,65482,0,1073
65533,0,65482,0,1095
65533,0,65482,0,1119
65533,0,65482,0,1141
65533,0,65482,0,1164
65533,0,65482,0,1187
65533,0,65482,0,1210
65533,0,65482,0,1232
65533,0,65482,0,1256
65533,0,65482,0,1278
65534,0,65482,0,1301
65534,0,65482,0,1325
65534,0,65482,0,1347
65533,0,65481,0,1370
65533,0,65481,0,1393
65533,0,65481,0,1416
65533,0,65482,0,1438
65533,0,65482,0,1462
65533,0,65482,0,1484
65534,0,65482,0,1507
65534,0,65482,0,1530
65534,0,65482,0,1553
65533,0,65482,0,1576
65533,0,65482,0,1599
65533,0,65482,0,1622
65533,0,65481,0,1645
65533,0,65481,0,1668
65533,0,65481,0,1690
65534,0,65482,0,1714
65534,0,65482,0,1736
65534,0,65482,0,1759
65533,0,65482,0,1782
65533,0,65482,0,1805
65533,0,65482,0,1827
65533,0,65482,0,1851
65533,0,65482,0,1873
65533,0,65482,0,1896
65533,0,65482,0,1920
65533,0,65482,0,1942
65533,0,65482,0,1965
65534,0,65482,0,1988
65534,0,65482,0,2011
65534,0,65482,0,2033
65533,0,65482,0,2057
65533,0,65482,0,2079
65533,0,65482,0,2102
65534,0,65482,0,2125
65534,0,65482,0,2148
65534,0,65482,0,2170
65533,0,65482,0,2194
65533,0,65482,0,2216
65533,0,65482,0,2239
65533,0,65482,0,2263
65533,0,65482,0,2285
65533,0,65482,0,2309
65534,0,65482,0,2331
65534,0,65482,0,2354
65534,0,65482,0,2377
65533,0,65482,0,2400
65533,0,65482,0,2422
65533,0,65482,0,2446
65533,0,65482,0,2468
65533,0,65482,0,2491
65533,0,65482,0,2514
65534,0,65482,0,2537
65534,0,65482,0,2560
65534,0,65482,0,2583
65533,0,65482,0,2606
65533,0,65482,0,2628
65533,0,65482,0,2652
65533,0,65482,0,2674
65533,0,65482,0,2697
65533,0,65482,0,2720
65533,0,65482,0,2743
65533,0,65482,0,2765
65533,0,65481,0,2789
65533,0,65481,0,2811
65533,0,65481,0,2834
65533,0,65481,0,2857
65533,0,65481,0,2880
65533,0,65481,0,2903
65533,0,65481,0,2926
65533,0,65481,0,2949
65533,0,65481,0,2971
65533,0,65482,0,2995
65533,0,65482,0,3017
65533,0,65482,0,3041
65533,0,65482,0,3063
65533,0,65482,0,3086
65533,0,65482,0,3109
65533,0,65482,0,3132
65533,0,65482,0,3154
65533,0,65482,0,3178
65533,0,65482,0,3201
65533,0,65482,0,3223
65533,0,65482,0,3247
65533,0,65482,0,3269
65533,0,65482,0,3292
65533,0,65482,0,3315
65534,0,65482,0,3338
65534,0,65482,0,3360
65534,0,65482,0,3384
65534,0,65482,0,3406
65534,0,65482,0,3429
65534,0,65482,0,3452
65534,0,65482,0,3475
65534,0,65482,0,3497
65534,0,65482,0,3521
65534,0,65482,0,3544
65534,0,65482,0,3566
65534,0,65482,0,3590
65533,0,65482,0,3612
65533,0,65482,0,3635
65533,0,65482,0,3658
65534,0,65482,0,3681
65534,0,65482,0,3703
65534,0,65482,0,3727
65533,0,65482,0,3749
65533,0,65482,0,3773
65533,0,65482,0,3795
65534,0,65482,0,3818
65534,0,65482,0,3842
65534,0,65482,0,3864
65534,0,65482,0,3887
65534,0,65482,0,3910
65534,0,65482,0,3933
65534,0,65482,0,3955
65534,0,65482,0,3979
65534,0,65482,0,4001
65534,0,65482,0,4024
65534,0,65482,0,4047
65534,0,65482,0,4070
65534,0,65482,0,4092
65534,0,65482,0,4116
65534,0,65482,0,4139
65534,0,65482,0,4161
65534,0,65482,0,4185
65534,0,65482,0,4207
65534,0,65482,0,4230
65534,0,65482,0,4253
65534,0,65482,0,4276
65534,0,65482,0,4298
65534,0,65482,0,4322
65534,0,65482,0,4344
65534,0,65482,0,4367
65534,0,65482,0,4390
65534,0,65482,0,4413
65534,0,65483,0,4435
65534,0,65483,0,4459
65534,0,65483,0,4482
65534,0,65482,0,4505
65534,0,65482,0,4528
65534,0,65482,0,4550
65534,0,65482,0,4574
65534,0,65482,0,4596
65534,0,65482,0,4619
65534,0,65482,0,4642
65534,0,65482,0,4665
65534,0,65482,0,4687
65534,0,65483,0,4711
65534,0,65483,0,4733
65534,0,65483,0,4756
65535,0,65483,0,4780
65535,0,65483,0,4802
65535,0,65483,0,4825
65535,0,65483,0,4848
65535,0,65483,0,4871
65535,0,65483,0,4893
65535,0,65483,0,4917
65535,0,65483,0,4939
65535,0,65483,0,4962
65535,0,65483,0,4985
65535,0,65483,0,5008
65535,0,65483,0,5030
0,0,65483,0,5054
0,0,65483,0,5072
0,0,65483,0,5091
0,0,65483,0,5110
0,0,65483,0,5129
0,0,65483,0,5147
0,0,65483,0,5166
0,0,65484,0,5185
0,0,65484,0,5203
0,0,65484,0,5222
0,0,65484,0,5241
0,65535,65484,0,5260
0,65535,65484,0,5282
0,65535,65484,0,5306
1,65535,65484,0,5328
1,65535,65484,0,5351
1,65535,65484,0,5374
1,65535,65484,0,5397
1,65535,65484,0,5420
1,65535,65484,0,5443
2,65535,65484,0,5466
2,65535,65484,0,5488
2,65535,65484,0,5512
3,65534,65485,0,5534
3,65534,65485,0,5557
3,65534,65485,0,5580
4,65534,65485,0,5603
4,65534,65485,0,5625
4,65534,65485,0,5649
6,65533,65484,0,5671
6,65533,65484,0,5694
6,65533,65484,0,5718
7,65532,65484,0,5740
7,65532,65484,0,5763
7,65532,65484,0,5786
9,65532,65483,0,5809
9,65532,65483,0,5831
9,65532,65483,0,5855
10,65530,65483,0,5877
10,65530,65483,0,5902
11,65529,65482,0,5925
11,65529,65482,0,5949
11,65529,65482,0,5974
13,65528,65480,0,5997
13,65528,65480,0,6021
13,65528,65480,0,6045
13,65527,65478,0,6069
13,65527,65478,0,6092
13,65527,65478,0,6117
14,65526,65476,0,6140
14,65526,65476,0,6164
14,65526,65476,0,6189
14,65524,65474,0,6212
14,65524,65474,0,6237
14,65524,65474,0,6260
13,65524,65471,0,6284
13,65524,65471,0,6308
13,65524,65471,0,6332
13,65523,65470,0,6355
13,65523,65470,0,6380
12,65522,65468,0,6404
12,65522,65468,0,6427
12,65522,65468,0,6452
11,65522,65467,0,6475
11,65522,65467,0,6499
11,65522,65467,0,6523
10,65522,65466,0,6547
10,65522,65466,0,6572
10,65522,65466,0,6595
10,65522,65466,0,6619
10,65522,65466,0,6643
10,65522,65466,0,6667
9,65522,65465,0,6690
9,65522,65465,0,6714
9,65522,65465,0,6736
9,65522,65465,0,6759
9,65522,65465,0,6782
9,65522,65465,0,6805
9,65522,65465,0,6828
9,65522,65465,0,6851
9,65522,65465,0,6874
9,65522,65465,0,6896
9,65522,65465,0,6920
9,65522,65465,0,6942
9,65523,65466,0,6965
9,65523,65466,0,6988
9,65523,65466,0,7011
9,65522,65465,0,7034
9,65522,65465,0,7057
9,65522,65465,0,7079
9,65522,65465,0,7103
9,65522,65465,0,7126
9,65522,65465,0,7148
9,65522,65465,0,7172
9,65522,65465,0,7194
9,65522,65465,0,7217
9,65522,65465,0,7240
9,65522,65465,0,7263
9,65522,65465,0,7285
9,65522,65465,0,7309
9,65522,65465,0,7331
9,65522,65465,0,7354
9,65522,65465,0,7377
9,65522,65465,0,7400
9,65522,65465,0,7422
9,65522,65465,0,7446
9,65522,65465,0,7469
9,65522,65465,0,7491
9,65522,65465,0,7515
9,65522,65465,0,7537
9,65522,65465,0,7560
9,65522,65465,0,7583
9,65522,65465,0,7606
9,65522,65465,0,7628
9,65522,65465,0,7652
9,65522,65465,0,7674
9,65522,65465,0,7697
9,65522,65465,0,7720
9,65522,65465,0,7743
9,65522,65465,0,7767
9,65522,65465,0,7789
9,65522,65465,0,7812
9,65522,65465,0,7835
9,65522,65465,0,7858
9,65522,65465,0,7880
9,65522,65466,0,7904
9,65522,65466,0,7926
9,65522,65466,0,7949
9,65522,65465,0,7972
9,65522,65465,0,7995
9,65522,65465,0,8017
9,65522,65465,0,8041
9,65522,65465,0,8064
9,65522,65465,0,8086
9,65523,65465,0,8110
9,65523,65465,0,8132
9,65523,65465,0,8155
9,65522,65465,0,8178
9,65522,65465,0,8201
9,65522,65465,0,8223
9,65522,65465,0,8247
9,65522,65465,0,8269
9,65522,65465,0,8292
9,65522,65465,0,8315
9,65522,65465,0,8338
9,65522,65465,0,8360
9,65522,65465,0,8384
9,65522,65465,0,8407
9,65522,65465,0,8429
9,65522,65465,0,8453
9,65522,65465,0,8475
9,65522,65465,0,8499
9,65522,65465,0,8521
9,65522,65465,0,8544
9,65522,65465,0,8567
9,65522,65465,0,8590
9,65522,65465,0,8612
9,65522,65465,0,8636
9,65522,65465,0,8658
9,65522,65465,0,8681
9,65522,65465,0,8705
9,65522,65465,0,8727
9,65522,65465,0,8750
9,65522,65465,0,8773
9,65522,65465,0,8796
9,65522,65465,0,8818
9,65522,65465,0,8842
9,65522,65465,0,8864
9,65522,65465,0,8887
9,65522,65465,0,8910
9,65522,65465,0,8933
9,65522,65465,0,8955
9,65522,65465,0,8979
9,65522,65465,0,9001
9,65522,65465,0,9024
9,65522,65465,0,9048
9,65522,65465,0,9070
9,65522,65465,0,9093
9,65522,65465,0,9116
9,65522,65465,0,9139
9,65522,65465,0,9161
9,65522,65465,0,9185
9,65522,65466,0,9207
9,65522,65466,0,9231
9,65522,65466,0,9253
8,65522,65466,0,9276
8,65522,65466,0,9299
8,65522,65466,0,9322
9,65522,65466,0,9345
9,65522,65466,0,9368
9,65522,65466,0,9391
8,65522,65466,0,9413
8,65522,65466,0,9437
8,65522,65466,0,9459
9,65522,65466,0,9482
9,65522,65466,0,9505
9,65522,65466,0,9528
8,65523,65466,0,9550
8,65523,65466,0,9574
8,65523,65466,0,9596
8,65522,65466,0,9619
8,65522,65466,0,9643
8,65522,65466,0,9665
9,65523,65466,0,9688
9,65523,65466,0,9711
9,65523,65466,0,9734
8,65522,65466,0,9756
8,65522,65466,0,9780
8,65522,65466,0,9802
9,65522,65466,0,9825
9,65522,65466,0,9848
9,65522,65466,0,9871
8,65522,65466,0,9893
8,65522,65466,0,9917
8,65522,65466,0,9939
9,65522,65465,0,9963
9,65522,65465,0,9986
9,65522,65465,0,10008
8,65523,65466,0,10033
8,65523,65466,0,10056
8,65523,65466,0,10080
8,65522,65466,0,10104
8,65522,65466,0,10128
8,65522,65466,0,10151
8,65522,65466,0,10176
8,65522,65466,0,10200
8,65522,65466,0,10223
8,65522,65466,0,10248
8,65522,65466,0,10271
8,65522,65466,0,10296
8,65522,65466,0,10319
8,65522,65466,0,10343
8,65523,65466,0,10368
8,65523,65466,0,10391
8,65523,65466,0,10415
8,65522,65466,0,10439
8,65522,65466,0,10463
8,65522,65466,0,10486
8,65523,65466,0,10511
8,65523,65466,0,10534
8,65523,65466,0,10558
9,65522,65466,0,10583
9,65522,65466,0,10606
9,65522,65466,0,10631
9,65522,65466,0,10654
9,65522,65466,0,10678
8,65522,65466,0,10702
8,65522,65466,0,10726
8,65522,65466,0,10749
9,65522,65466,0,10774
9,65522,65466,0,10798
9,65522,65466,0,10821
9,65522,65466,0,10846
9,65522,65466,0,10869
9,65522,65466,0,10894
8,65522,65466,0,10917
8,65522,65466,0,10941
8,65522,65466,0,10966
9,65522,65466,0,10989
9,65522,65466,0,11013
9,65522,65466,0,11037
8,65522,65466,0,11061
8,65522,65466,0,11084
8,65522,65466,0,11109
8,65522,65466,0,11132
8,65522,65466,0,11156
9,65522,65466,0,11181
9,65522,65466,0,11204
9,65522,65466,0,11229
8,65522,65466,0,11252
8,65522,65466,0,11276
8,65522,65466,0,11300
9,65522,65466,0,11324
9,65522,65466,0,11347
9,65522,65466,0,11372
9,65522,65466,0,11396
9,65522,65466,0,11419
9,65522,65466,0,11444
8,65522,65466,0,11467
8,65522,65466,0,11491
8,65522,65466,0,11515
8,65522,65466,0,11539
8,65522,65466,0,11564
8,65522,65466,0,11587
8,65522,65466,0,11611
8,65522,65466,0,11635
9,65522,65466,0,11659
9,65522,65466,0,11682
9,65522,65466,0,11707
9,65522,65466,0,11730
9,65522,65466,0,11754
9,65522,65466,0,11779
9,65522,65466,0,11802
9,65522,65466,0,11827
9,65522,65466,0,11850
9,65522,65466,0,11874
9,65522,65466,0,11898
9,65522,65466,0,11922
8,65522,65466,0,11945
8,65522,65466,0,11970
8,65522,65466,0,11994
8,65522,65466,0,12017
8,65522,65466,0,12042
9,65522,65466,0,12065
9,65522,65466,0,12089
9,65522,65466,0,12113
9,65522,65466,0,12137
9,65522,65466,0,12162
9,65522,65466,0,12185
8,65522,65466,0,12209
8,65522,65466,0,12233
8,65522,65466,0,12257
8,65522,65466,0,12280
8,65522,65466,0,12305
8,65522,65466,0,12328
9,65522,65466,0,12352
9,65522,65466,0,12377
9,65522,65466,0,12400
9,65522,65466,0,12425
9,65522,65466,0,12448
9,65522,65466,0,12472
9,65522,65466,0,12496
9,65522,65466,0,12520
9,65522,65465,0,12544
9,65522,65465,0,12568
9,65522,65465,0,12592
8,65522,65466,0,12615
8,65522,65466,0,12640
8,65522,65466,0,12663
9,65522,65466,0,12687
9,65522,65466,0,12711
9,65522,65466,0,12735
9,65522,65466,0,12760
9,65522,65466,0,12783
9,65522,65466,0,12807
9,65522,65466,0,12831
9,65522,65466,0,12855
9,65522,65466,0,12878
9,65522,65465,0,12903
9,65522,65465,0,12926
9,65522,65466,0,12950
9,65522,65466,0,12975
9,65522,65466,0,12998
8,65522,65466,0,13022
8,65522,65466,0,13046
8,65522,65466,0,13070
8,65523,65466,0,13094
8,65523,65466,0,13118
8,65523,65466,0,13142
9,65522,65466,0,13166
9,65522,65466,0,13190
9,65522,65466,0,13213
8,65522,65466,0,13238
8,65522,65466,0,13261
8,65522,65466,0,13285
8,65522,65466,0,13309
8,65522,65466,0,13333
8,65522,65466,0,13358
8,65522,65466,0,13381
8,65522,65466,0,13405
8,65522,65466,0,13429
8,65522,65466,0,13453
8,65522,65466,0,13476
9,65522,65466,0,13501
9,65522,65466,0,13524
9,65522,65466,0,13548
9,65522,65466,0,13573
9,65522,65466,0,13596
9,65522,65466,0,13620
9,65523,65466,0,13644
9,65523,65466,0,13668
9,65523,65466,0,13692
8,65523,65466,0,13716
8,65523,65466,0,13740
8,65523,65466,0,13764
8,65522,65466,0,13788
8,65522,65466,0,13811
8,65522,65466,0,13836
8,65522,65466,0,13859
8,65522,65466,0,13883
8,65522,65466,0,13907
8,65522,65466,0,13931
8,65522,65466,0,13956
9,65522,65466,0,13979
9,65522,65466,0,14003
9,65522,65466,0,14027
8,65522,65466,0,14051
8,65522,65466,0,14074
8,65522,65466,0,14099
9,65522,65466,0,14123
9,65522,65466,0,14146
9,65522,65466,0,14171
8,65522,65466,0,14194
8,65522,65466,0,14218
8,65522,65466,0,14242
9,65522,65466,0,14266
9,65522,65466,0,14290
9,65522,65466,0,14314
9,65522,65466,0,14338
9,65522,65466,0,14362
9,65523,65466,0,14386
9,65523,65466,0,14409
9,65523,65466,0,14434
8,65522,65466,0,14457
8,65522,65466,0,14481
8,65522,65466,0,14505
9,65522,65466,0,14529
9,65522,65466,0,14553
9,65522,65466,0,14577
9,65522,65466,0,14601
9,65522,65466,0,14625
9,65522,65466,0,14649
8,65522,65466,0,14672
8,65522,65466,0,14697
8,65522,65466,0,14721
8,65522,65466,0,14744
8,65522,65466,0,14769
8,65522,65466,0,14792
8,65522,65466,0,14816
8,65522,65466,0,14840
9,65522,65466,0,14864
9,65522,65466,0,14888
9,65522,65466,0,14912
8,65522,65466,0,14936
8,65522,65466,0,14960
8,65522,65466,0,14984
9,65522,65466,0,15007
9,65522,65466,0,15032
9,65522,65466,0,15055
8,65522,65466,0,15079
8,65522,65466,0,15104
8,65522,65466,0,15127
8,65522,65465,0,15151
8,65522,65465,0,15175
8,65522,65465,0,15199
8,65522,65465,0,15223
8,65522,65465,0,15247
8,65522,65466,0,15270
8,65522,65466,0,15295
8,65522,65466,0,15319
9,65522,65466,0,15342
9,65522,65466,0,15367
9,65522,65466,0,15390
9,65522,65466,0,15414
9,65522,65466,0,15438
9,65522,65466,0,15462
9,65522,65466,0,15486
9,65522,65466,0,15510
9,65522,65466,0,15534
8,65522,65466,0,15558
8,65522,65466,0,15582
8,65522,65466,0,15605
8,65522,65466,0,15630
8,65522,65466,0,15653
9,65522,65466,0,15677
9,65522,65466,0,15702
9,65522,65466,0,15725
8,65522,65466,0,15749
8,65522,65466,0,15773
8,65522,65466,0,15797
8,65523,65466,0,15821
8,65523,65466,0,15845
8,65523,65466,0,15868
9,65522,65466,0,15893
9,65522,65466,0,15917
9,65522,65466,0,15940
9,65522,65466,0,15965
9,65522,65466,0,15988
9,65522,65466,0,16012
8,65522,65466,0,16036
8,65522,65466,0,16060
8,65522,65466,0,16083
8,65522,65466,0,16108
8,65522,65466,0,16132
9,65522,65466,0,16156
9,65522,65466,0,16180
9,65522,65466,0,16203
8,65522,65466,0,16228
8,65522,65466,0,16251
8,65522,65466,0,16275
9,65523,65466,0,16300
9,65523,65466,0,16323
9,65523,65466,0,16347
9,65522,65466,0,16371
9,65522,65466,0,16395
9,65522,65466,0,16419
9,65522,65466,0,16443
9,65522,65466,0,16466
9,65522,65466,0,16491
9,65522,65466,0,16515
9,65522,65466,0,16538
9,65522,65466,0,16563
9,65522,65466,0,16586
9,65522,65466,0,16610
9,65522,65466,0,16634
9,65522,65466,0,16658
9,65522,65466,0,16681
9,65522,65465,0,16706
9,65522,65465,0,16730
9,65522,65465,0,16754
9,65522,65466,0,16778
9,65522,65466,0,16801
9,65522,65466,0,16826
9,65522,65466,0,16849
9,65522,65466,0,16873
9,65522,65466,0,16898
9,65522,65466,0,16921
9,65522,65466,0,16945
9,65522,65466,0,16969
9,65522,65465,0,16993
9,65522,65465,0,17017
9,65522,65466,0,17041
9,65522,65466,0,17064
9,65522,65466,0,17089
9,65522,65466,0,17113
9,65522,65466,0,17136
9,65522,65466,0,17161
9,65522,65465,0,17184
9,65522,65465,0,17208
9,65522,65465,0,17232
9,65522,65466,0,17256
9,65522,65466,0,17280
9,65522,65466,0,17304
9,65522,65465,0,17328
9,65522,65465,0,17352
9,65522,65465,0,17376
9,65522,65465,0,17399
9,65522,65465,0,17424
9,65522,65465,0,17447
9,65522,65466,0,17471
9,65522,65466,0,17496
9,65522,65466,0,17519
9,65522,65466,0,17543
9,65522,65466,0,17567
9,65522,65465,0,17591
9,65522,65465,0,17614
9,65522,65465,0,17639
9,65522,65465,0,17662
9,65522,65465,0,17687
9,65522,65465,0,17711
9,65522,65466,0,17734
9,65522,65466,0,17759
9,65522,65466,0,17782
9,65522,65465,0,17806
9,65522,65465,0,17830
9,65522,65465,0,17854
9,65522,65465,0,17878
9,65522,65465,0,17902
9,65522,65465,0,17926
9,65522,65465,0,17950
9,65522,65465,0,17974
9,65522,65466,0,17997
9,65522,65466,0,18022
9,65522,65466,0,18045
9,65522,65465,0,18069
9,65522,65465,0,18094
9,65522,65465,0,18117
9,65522,65465,0,18141
9,65522,65465,0,18165
9,65522,65465,0,18189
10,65522,65466,0,18212
10,65522,65466,0,18238
10,65522,65466,0,18263
9,65522,65465,0,18288
9,65522,65465,0,18312
9,65522,65465,0,18335
9,65522,65465,0,18360
9,65522,65465,0,18383
9,65522,65466,0,18407
9,65522,65466,0,18432
9,65522,65466,0,18455
10,65522,65465,0,18479
10,65522,65465,0,18504
10,65522,65465,0,18529
9,65522,65465,0,18554
9,65522,65465,0,18578
9,65522,65465,0,18601
9,65522,65466,0,18626
9,65522,65466,0,18650
9,65522,65466,0,18673
9,65522,65465,0,18698
9,65522,65465,0,18721
10,65522,65465,0,18745
10,65522,65465,0,18770
10,65522,65465,0,18795
9,65522,65465,0,18821
9,65522,65465,0,18844
9,65522,65465,0,18868
10,65522,65465,0,18892
10,65522,65465,0,18917
10,65522,65465,0,18941
10,65522,65465,0,18967
10,65522,65465,0,18992
10,65522,65465,0,19017
10,65522,65465,0,19042
10,65522,65465,0,19066
9,65522,65465,0,19092
9,65522,65465,0,19116
9,65522,65465,0,19139
9,65522,65465,0,19164
9,65522,65465,0,19187
9,65522,65465,0,19211
10,65522,65466,0,19235
10,65522,65466,0,19260
10,65522,65466,0,19286
9,65522,65465,0,19310
9,65522,65465,0,19334
10,65522,65465,0,19358
10,65522,65465,0,19383
10,65522,65465,0,19407
9,65522,65465,0,19433
9,65522,65465,0,19457
9,65522,65465,0,19481
9,65522,65465,0,19505
9,65522,65465,0,19528
9,65522,65465,0,19553
9,65522,65465,0,19576
9,65522,65465,0,19600
9,65522,65465,0,19624
9,65522,65465,0,19648
9,65522,65465,0,19672
9,65522,65465,0,19696
9,65522,65465,0,19720
9,65522,65465,0,19743
9,65522,65465,0,19768
9,65522,65465,0,19791
9,65522,65465,0,19816
10,65522,65466,0,19840
10,65522,65466,0,19864
10,65522,65466,0,19890
9,65522,65465,0,19914
9,65522,65465,0,19938
9,65522,65465,0,19962
9,65522,65465,0,19986
9,65522,65465,0,20009
9,65522,65465,0,20034
9,65522,65465,0,20058
9,65522,65465,0,20082
9,65522,65465,0,20106
8,65522,65465,0,20129
8,65522,65465,0,20154
9,65522,65465,0,20177
9,65522,65465,0,20201
9,65522,65465,0,20226
9,65522,65466,0,20249
9,65522,65466,0,20273
9,65522,65466,0,20297
9,65522,65466,0,20321
9,65522,65466,0,20345
9,65522,65466,0,20369
9,65522,65466,0,20392
9,65522,65466,0,20417
9,65522,65466,0,20441
9,65522,65466,0,20464
9,65522,65466,0,20489
9,65522,65466,0,20512
9,65522,65466,0,20536
9,65522,65466,0,20560
9,65522,65466,0,20584
9,65522,65466,0,20608
9,65522,65466,0,20632
9,65522,65466,0,20656
9,65522,65466,0,20680
9,65522,65466,0,20704
9,65522,65466,0,20727
9,65522,65466,0,20752
9,65522,65466,0,20775
9,65523,65466,0,20799
9,65523,65466,0,20824
9,65523,65466,0,20847
9,65522,65466,0,20871
9,65522,65466,0,20895
9,65522,65466,0,20919
8,65522,65465,0,20942
8,65522,65465,0,20967
8,65522,65465,0,20990
9,65523,65466,0,21015
9,65523,65466,0,21039
9,65522,65466,0,21062
9,65522,65466,0,21087
9,65522,65466,0,21110
9,65522,65466,0,21134
9,65522,65466,0,21158
9,65522,65466,0,21182
9,65522,65466,0,21206
9,65522,65466,0,21230
9,65522,65466,0,21254
9,65522,65466,0,21278
9,65522,65466,0,21302
9,65522,65466,0,21325
9,65522,65466,0,21350
9,65522,65466,0,21373
9,65522,65466,0,21397
9,65522,65466,0,21422
9,65522,65466,0,21445
9,65522,65466,0,21469
9,65523,65466,0,21493
9,65523,65466,0,21517
9,65522,65466,0,21540
9,65522,65466,0,21565
9,65522,65466,0,21588
9,65522,65466,0,21613
9,65522,65466,0,21637
9,65522,65466,0,21660
8,65523,65467,0,21685
8,65523,65467,0,21708
8,65523,65467,0,21732
9,65522,65466,0,21756
9,65522,65466,0,21780
9,65522,65466,0,21804
9,65522,65466,0,21828
9,65522,65466,0,21852
9,65522,65466,0,21876
9,65522,65466,0,21900
9,65522,65466,0,21923
9,65522,65466,0,21948
9,65522,65466,0,21971
9,65522,65466,0,21995
8,65523,65466,0,22020
8,65523,65466,0,22043
8,65523,65466,0,22067
9,65522,65466,0,22091
9,65522,65466,0,22115
9,65522,65466,0,22138
9,65523,65467,0,22163
9,65523,65467,0,22187
9,65523,65467,0,22211
9,65522,65466,0,22235
9,65522,65466,0,22258
9,65522,65466,0,22283
8,65523,65466,0,22306
8,65523,65466,0,22330
8,65523,65466,0,22354
9,65522,65466,0,22378
9,65522,65466,0,22402
9,65522,65466,0,22426
9,65522,65466,0,22450
9,65522,65466,0,22473
9,65522,65466,0,22498
9,65522,65466,0,22521
9,65522,65466,0,22546
10,65522,65466,0,22569
10,65522,65466,0,22594
10,65522,65466,0,22620
10,65522,65467,0,22644
10,65522,65467,0,22669
10,65522,65467,0,22694
10,65522,65467,0,22719
10,65522,65467,0,22745
11,65522,65468,0,22769
11,65522,65468,0,22794
11,65522,65468,0,22819
11,65522,65468,0,22844
11,65522,65468,0,22868
11,65522,65468,0,22894
12,65523,65469,0,22919
12,65523,65469,0,22944
12,65523,65469,0,22969
12,65523,65470,0,22993
12,65523,65470,0,23019
13,65523,65472,0,23044
13,65523,65472,0,23068
13,65523,65472,0,23094
13,65524,65473,0,23118
13,65524,65473,0,23144
13,65524,65473,0,23169
14,65525,65474,0,23193
14,65525,65474,0,23219
13,65526,65476,0,23243
13,65526,65476,0,23268
13,65526,65476,0,23293
13,65526,65477,0,23318
13,65526,65477,0,23344
13,65526,65477,0,23368
13,65527,65478,0,23393
13,65527,65478,0,23418
13,65527,65478,0,23443
12,65528,65480,0,23468
12,65528,65480,0,23493
11,65529,65481,0,23518
11,65529,65481,0,23543
11,65529,65481,0,23568
11,65530,65482,0,23592
11,65530,65482,0,23618
11,65530,65482,0,23643
9,65531,65484,0,23667
9,65531,65484,0,23692
9,65531,65484,0,23715
8,65532,65484,0,23740
8,65532,65484,0,23763
8,65532,65484,0,23787
6,65533,65484,0,23812
6,65533,65484,0,23835
5,65533,65485,0,23859
5,65533,65485,0,23883
5,65533,65485,0,23907
4,65534,65485,0,23930
4,65534,65485,0,23955
4,65534,65485,0,23979
3,65534,65485,0,24002
3,65534,65485,0,24027
3,65534,65485,0,24050
2,65535,65484,0,24075
2,65535,65484,0,24098
2,65535,65484,0,24122
1,65535,65484,0,24146
1,65535,65484,0,24170
1,65535,65484,0,24194
1,65535,65484,0,24218
1,65535,65484,0,24242
0,65535,65484,0,24265
0,65535,65484,0,24290
0,65535,65484,0,24313
0,0,65484,0,24337
0,0,65484,0,24357
0,0,65484,0,24377
0,0,65484,0,24396
0,0,65484,0,24417
0,0,65484,0,24436
0,0,65484,0,24456
0,0,65483,0,24476
0,0,65483,0,24496
0,0,65483,0,24515
0,0,65483,0,24535
0,0,65483,0,24555
0,0,65483,0,24574
0,0,65483,0,24594
65535,0,65483,0,24614
65535,0,65483,0,24638
65535,0,65483,0,24662
65535,0,65483,0,24686
65535,0,65483,0,24710
65535,0,65483,0,24733
65535,0,65483,0,24758
65535,0,65483,0,24781
65535,0,65483,0,24806
65535,0,65483,0,24829
65535,0,65483,0,24853
65535,0,65483,0,24878
65535,0,65483,0,24901
65535,0,65483,0,24925
65534,0,65483,0,24949
65534,0,65483,0,24973
65534,0,65483,0,24996
65534,0,65482,0,25021
65534,0,65482,0,25044
65534,0,65482,0,25068
65534,0,65482,0,25093
65534,0,65482,0,25116
65534,0,65482,0,25141
65534,0,65482,0,25164
65534,0,65482,0,25188
65534,0,65482,0,25212
65534,0,65482,0,25236
65534,0,65482,0,25260
65534,0,65482,0,25284
65534,0,65482,0,25308
65534,0,65482,0,25331
65534,0,65482,0,25356
65534,0,65483,0,25379
65534,0,65483,0,25404
65534,0,65482,0,25427
65534,0,65482,0,25451
65534,0,65482,0,25476
65534,0,65482,0,25499
65534,0,65482,0,25523
65534,0,65482,0,25547
65534,0,65483,0,25571
65534,0,65483,0,25594
65534,0,65483,0,25619
65534,0,65482,0,25643
65534,0,65482,0,25666
65534,0,65482,0,25691
65534,0,65482,0,25714
65534,0,65482,0,25739
65534,0,65482,0,25762
65534,0,65482,0,25786
65534,0,65482,0,25810
65534,0,65482,0,25834
65534,0,65482,0,25858
65534,0,65482,0,25882
65534,0,65482,0,25906
65534,0,65482,0,25929
65534,0,65482,0,25954
65534,0,65482,0,25977
65534,0,65482,0,26001
65534,0,65482,0,26025
65534,0,65482,0,26049
65534,0,65482,0,26074
65534,0,65482,0,26097
65534,0,65482,0,26121
65534,0,65482,0,26145
65534,0,65482,0,26169
65533,0,65482,0,26192
65533,0,65482,0,26217
65533,0,65482,0,26241
65534,0,65482,0,26264
65534,0,65482,0,26289
65534,0,65481,0,26312
65534,0,65481,0,26337
65534,0,65481,0,26360
65534,0,65482,0,26384
65534,0,65482,0,26408
65534,0,65482,0,26432
65534,0,65482,0,26456
65534,0,65482,0,26480
65534,0,65482,0,26504
65533,0,65482,0,26527
65533,0,65482,0,26552
65533,0,65482,0,26575
65534,0,65482,0,26599
65534,0,65482,0,26624
65534,0,65482,0,26647
65533,0,65482,0,26672
65533,0,65482,0,26695
65533,0,65482,0,26719
65533,0,65482,0,26743
65533,0,65482,0,26767
65534,0,65482,0,26790
65534,0,65482,0,26815
65534,0,65482,0,26839
65534,0,65482,0,26862
65534,0,65482,0,26887
65534,0,65482,0,26910
65533,0,65482,0,26935
65533,0,65482,0,26958
65533,0,65482,0,26982
65534,0,65482,0,27006
65534,0,65482,0,27030
65534,0,65482,0,27054
65534,0,65482,0,27078
65534,0,65482,0,27102
65534,0,65482,0,27125
65534,0,65482,0,27150
65534,0,65482,0,27173
65533,0,65482,0,27197
65533,0,65482,0,27222
65533,0,65482,0,27245
65534,0,65482,0,27270
65534,0,65482,0,27293
65534,0,65482,0,27317
65534,0,65482,0,27341
65534,0,65482,0,27365
65534,0,65482,0,27388
65533,0,65482,0,27413
65533,0,65482,0,27437
65533,0,65482,0,27460
65533,0,65482,0,27485
65533,0,65482,0,27508
65533,0,65482,0,27532
65533,0,65482,0,27556
65533,0,65482,0,27580
65533,0,65482,0,27604
65534,0,65482,0,27628
65534,0,65482,0,27652
65534,0,65481,0,27676
65534,0,65481,0,27700
65534,0,65481,0,27723
65534,0,65482,0,27748
65534,0,65482,0,27771
65534,0,65482,0,27795
65534,1,65482,0,27820
65534,1,65482,0,27843
65534,1,65482,0,27868
65533,0,65482,0,27891
65533,0,65482,0,27915
65533,0,65482,0,27939
65533,0,65482,0,27963
65533,0,65482,0,27986
65533,0,65482,0,28011
65533,0,65482,0,28035
65533,0,65482,0,28058
65533,0,65482,0,28083
65533,0,65482,0,28106
65533,0,65482,0,28130
65533,0,65482,0,28154
65533,0,65482,0,28178
65533,0,65482,0,28203
65533,0,65482,0,28226
65533,0,65482,0,28250
65533,0,65482,0,28274
65533,1,65482,0,28298
65533,1,65482,0,28321
65533,1,65482,0,28346
65533,0,65482,0,28369
65533,0,65482,0,28393
65533,0,65482,0,28418
65533,0,65482,0,28441
65533,0,65482,0,28466
65533,0,65482,0,28489
65534,0,65482,0,28513
65534,0,65482,0,28537
65534,0,65482,0,28561
65534,0,65482,0,28584
65534,0,65482,0,28609
65533,0,65482,0,28633
65533,0,65482,0,28656
65533,0,65482,0,28681
65533,0,65482,0,28704
65533,0,65482,0,28728
65533,0,65482,0,28752
65533,0,65482,0,28776
65533,0,65482,0,28801
65533,0,65482,0,28824
65533,0,65482,0,28848
65533,0,65482,0,28872
65533,0,65482,0,28896
65533,0,65482,0,28919
65533,0,65482,0,28944
65533,0,65482,0,28967
65533,0,65482,0,28991
65533,0,65482,0,29016
65533,0,65482,0,29039
65533,0,65482,0,29063
65533,0,65482,0,29087
65533,0,65482,0,29111