15,65493,65494,0,30279
15,65493,65494,0,30304
14,65493,65494,0,30329
14,65493,65494,0,30354
14,65493,65494,0,30379
14,65493,65494,0,30404
14,65493,65494,0,30429
15,65493,65494,0,30453
15,65493,65494,0,30479
15,65493,65494,0,30503
14,65493,65494,0,30529
14,65493,65494,0,30554
14,65493,65494,0,30578
15,65493,65494,0,30604
15,65493,65494,0,30628
15,65493,65494,0,30653
14,65493,65494,0,30679
14,65493,65494,0,30703
14,65493,65494,0,30729
14,65493,65494,0,30753
14,65493,65494,0,30778
14,65493,65494,0,30803
14,65493,65494,0,30828
14,65493,65494,0,30853
14,65493,65494,0,30878
14,65493,65494,0,30903
14,65493,65494,0,30928
14,65493,65494,0,30953
14,65493,65494,0,30978
14,65493,65494,0,31003
14,65493,65494,0,31028
14,65493,65494,0,31052
15,65493,65494,0,31078
15,65493,65494,0,31102
15,65493,65494,0,31128
15,65493,65494,0,31153
15,65493,65494,0,31177
15,65493,65494,0,31203
15,65493,65494,0,31227
15,65493,65494,0,31252
15,65493,65494,0,31278
15,65493,65494,0,31302
15,65493,65494,0,31328
15,65493,65494,0,31352
15,65493,65494,0,31377
15,65493,65494,0,31403
15,65493,65494,0,31427
15,65493,65494,0,31452
14,65493,65494,0,31477
14,65493,65494,0,31502
14,65493,65494,0,31527
14,65493,65494,0,31552
14,65493,65494,0,31577
14,65493,65494,0,31602
14,65493,65494,0,31627
14,65493,65494,0,31651
14,65493,65494,0,31677
15,65493,65494,0,31702
15,65493,65494,0,31727
14,65493,65494,0,31752
14,65493,65494,0,31776
14,65493,65494,0,31802
14,65493,65494,0,31826
14,65493,65494,0,31851
14,65493,65494,0,31877
14,65493,65494,0,31901
14,65493,65494,0,31927
14,65493,65494,0,31951
15,65493,65494,0,31976
15,65493,65494,0,32002
15,65493,65494,0,32026
15,65493,65494,0,32051
15,65493,65494,0,32076
14,65493,65494,0,32101
14,65493,65494,0,32126
14,65493,65494,0,32151
15,65493,65494,0,32176
15,65493,65494,0,32201
15,65493,65494,0,32226
15,65493,65494,0,32250
15,65493,65494,0,32276
15,65493,65494,0,32301
15,65493,65494,0,32326
15,65493,65494,0,32351
14,65493,65494,0,32375
14,65493,65494,0,32401
14,65493,65494,0,32425
14,65493,65494,0,32450
14,65493,65494,0,32476
14,65493,65494,0,32500
14,65493,65494,0,32526
14,65493,65494,0,32550
14,65493,65494,0,32575
14,65493,65494,0,32601
14,65493,65494,0,32625
14,65493,65494,0,32650
14,65493,65494,0,32675
14,65493,65494,0,32700
15,65493,65494,0,32726
15,65493,65494,0,32750
15,65493,65494,0,32775
15,65493,65494,0,32800
15,65493,65494,0,32825
15,65493,65494,0,32849
15,65493,65494,0,32875
15,65493,65494,0,32900
14,65493,65494,0,32925
14,65493,65494,0,32950
14,65493,65494,0,32974
14,65493,65494,0,33000
14,65493,65494,0,33025
14,65493,65494,0,33049
14,65493,65494,0,33075
14,65493,65494,0,33099
14,65493,65494,0,33125
14,65493,65494,0,33149
14,65493,65494,0,33174
15,65493,65494,0,33200
15,65493,65494,0,33224
15,65493,65494,0,33249
15,65493,65494,0,33274
15,65493,65494,0,33299
14,65493,65494,0,33325
14,65493,65494,0,33349
14,65493,65494,0,33374
14,65493,65494,0,33399
14,65493,65494,0,33424
14,65493,65494,0,33448
15,65492,65494,0,33474
15,65492,65494,0,33499
15,65493,65494,0,33524
15,65493,65494,0,33549
15,65493,65494,0,33573
14,65493,65494,0,33599
14,65493,65494,0,33624
14,65493,65494,0,33648
14,65493,65494,0,33674
14,65493,65494,0,33698
14,65493,65494,0,33724
14,65492,65494,0,33748
14,65492,65494,0,33773
14,65493,65494,0,33799
14,65493,65494,0,33823
14,65493,65494,0,33848
14,65493,65494,0,33873
14,65493,65494,0,33898
14,65493,65494,0,33924
14,65493,65494,0,33948
14,65493,65494,0,33973
15,65493,65494,0,33998
15,65493,65494,0,34023
15,65493,65494,0,34048
14,65493,65494,0,34073
14,65493,65494,0,34098
14,65493,65494,0,34123
15,65493,65494,0,34148
15,65493,65494,0,34172
15,65493,65494,0,34198
14,65493,65494,0,34223
14,65493,65494,0,34247
15,65493,65494,0,34273
15,65493,65494,0,34297
15,65493,65494,0,34323
14,65493,65494,0,34348
14,65493,65494,0,34372
14,65493,65494,0,34398
14,65493,65494,0,34422
14,65493,65494,0,34447
14,65493,65494,0,34472
14,65493,65494,0,34497
14,65493,65494,0,34523
14,65493,65494,0,34547
14,65493,65494,0,34572
14,65493,65494,0,34597
15,65493,65494,0,34622
15,65493,65494,0,34647
15,65493,65494,0,34672
14,65493,65494,0,34697
14,65493,65494,0,34722
14,65493,65494,0,34747
15,65492,65494,0,34771
15,65492,65494,0,34797
14,65493,65494,0,34822
14,65493,65494,0,34846
14,65493,65494,0,34872
15,65493,65495,0,34896
15,65493,65495,0,34922
15,65493,65495,0,34947
14,65493,65494,0,34971
14,65493,65494,0,34997
14,65493,65494,0,35021
14,65493,65494,0,35046
14,65493,65494,0,35072
14,65493,65494,0,35096
14,65493,65494,0,35122
14,65493,65494,0,35146
15,65493,65494,0,35171
15,65493,65494,0,35196
15,65493,65494,0,35221
14,65493,65494,0,35246
14,65493,65494,0,35271
14,65493,65494,0,35296
14,65493,65494,0,35321
14,65493,65494,0,35346
15,65493,65494,0,35371
15,65493,65494,0,35396
15,65493,65494,0,35421
15,65493,65494,0,35445
15,65493,65494,0,35471
15,65493,65494,0,35495
14,65493,65494,0,35521
14,65493,65494,0,35546
15,65493,65494,0,35570
15,65493,65494,0,35596
15,65493,65494,0,35620
15,65492,65494,0,35645
15,65492,65494,0,35671
15,65492,65494,0,35695
14,65493,65494,0,35721
14,65493,65494,0,35745
14,65493,65494,0,35770
14,65492,65494,0,35795
14,65492,65494,0,35820
15,65493,65494,0,35845
15,65493,65494,0,35870
15,65493,65494,0,35895
15,65493,65494,0,35920
15,65493,65494,0,35945
15,65493,65494,0,35970
15,65493,65494,0,35995
15,65493,65494,0,36020
15,65493,65494,0,36044
15,65493,65494,0,36070
15,65493,65494,0,36094
15,65493,65494,0,36120
15,65493,65494,0,36145
15,65493,65494,0,36169
15,65493,65495,0,36195
15,65493,65495,0,36219
15,65493,65495,0,36244
15,65493,65494,0,36270
15,65493,65494,0,36294
15,65493,65494,0,36320
15,65493,65494,0,36344
15,65493,65494,0,36369
15,65493,65495,0,36395
15,65493,65495,0,36419
15,65493,65495,0,36444
15,65493,65494,0,36469
15,65493,65494,0,36494
15,65493,65494,0,36519
15,65493,65494,0,36544
15,65493,65494,0,36569
15,65493,65494,0,36594
15,65493,65494,0,36619
15,65493,65494,0,36643
15,65493,65494,0,36669
15,65493,65494,0,36694
15,65493,65494,0,36719
16,65493,65494,0,36744
16,65493,65494,0,36768
16,65493,65494,0,36794
15,65493,65495,0,36818
15,65493,65495,0,36843
16,65493,65495,0,36869
16,65493,65495,0,36893
16,65493,65495,0,36919
16,65493,65495,0,36943
16,65493,65495,0,36968
16,65493,65495,0,36994
16,65493,65495,0,37018
16,65493,65495,0,37043
17,65493,65495,0,37068
17,65493,65495,0,37093
17,65493,65495,0,37118
17,65493,65495,0,37143
17,65493,65495,0,37168
17,65493,65495,0,37193
18,65493,65495,0,37218
18,65493,65495,0,37242
18,65493,65495,0,37268
18,65494,65495,0,37293
18,65494,65495,0,37318
19,65494,65495,0,37343
19,65494,65495,0,37367
19,65494,65495,0,37393
19,65494,65494,0,37417
19,65494,65494,0,37442
19,65494,65494,0,37468
21,65495,65494,0,37492
21,65495,65494,0,37518
21,65495,65494,0,37542
22,65495,65493,0,37567
22,65495,65493,0,37593
24,65495,65492,0,37617
24,65495,65492,0,37642
24,65495,65492,0,37667
25,65495,65491,0,37692
25,65495,65491,0,37718
25,65495,65491,0,37742
27,65495,65489,0,37767
27,65495,65489,0,37792
27,65495,65489,0,37817
27,65495,65489,0,37841
27,65495,65489,0,37867
30,65494,65484,0,37892
30,65494,65484,0,37917
30,65494,65484,0,37942
30,65493,65480,0,37966
30,65493,65480,0,37992
30,65493,65480,0,38017
29,65491,65476,0,38041
29,65491,65476,0,38067
26,65489,65472,0,38091
26,65489,65472,0,38117
26,65489,65472,0,38141
21,65488,65471,0,38166
21,65488,65471,0,38192
21,65488,65471,0,38216
16,65486,65471,0,38241
16,65486,65471,0,38266
16,65486,65471,0,38291
12,65486,65472,0,38317
12,65486,65472,0,38341
9,65486,65475,0,38366
9,65486,65475,0,38390
9,65486,65475,0,38414
7,65488,65478,0,38437
7,65488,65478,0,38462
7,65488,65478,0,38486
5,65489,65481,0,38509
5,65489,65481,0,38534
5,65489,65481,0,38557
6,65491,65485,0,38581
6,65491,65485,0,38605
6,65491,65485,0,38629
8,65492,65487,0,38653
8,65492,65487,0,38677
8,65492,65487,0,38701
11,65493,65488,0,38725
11,65493,65488,0,38750
14,65495,65487,0,38774
14,65495,65487,0,38800
14,65495,65487,0,38824
15,65495,65482,0,38850
15,65495,65482,0,38875
15,65495,65482,0,38899
10,65495,65477,0,38925
10,65495,65477,0,38949
10,65495,65477,0,38974
1,65496,65479,0,39000
1,65496,65479,0,39023
65533,65500,65486,0,39047
65533,65500,65486,0,39075
65533,65500,65486,0,39103
65534,65504,65493,0,39132
65534,65504,65493,0,39159
0,65505,65498,0,39188
0,65505,65498,0,39212
0,65505,65498,0,39235
4,65504,65500,0,39260
4,65504,65500,0,39283
4,65504,65500,0,39307
7,65502,65502,0,39331
7,65502,65502,0,39355
7,65502,65502,0,39378
10,65499,65502,0,39403
10,65499,65502,0,39428
10,65499,65502,0,39453
12,65495,65501,0,39478
12,65495,65501,0,39502
13,65492,65501,0,39528
13,65492,65501,0,39553
13,65492,65501,0,39577
14,65489,65501,0,39603
14,65489,65501,0,39627
14,65489,65501,0,39653
15,65487,65501,0,39677
15,65487,65501,0,39702
15,65487,65501,0,39728
15,65487,65501,0,39752
15,65487,65501,0,39777
16,65484,65499,0,39802
16,65484,65499,0,39827
16,65484,65499,0,39853
15,65483,65499,0,39877
15,65483,65499,0,39902
15,65483,65499,0,39927
15,65482,65499,0,39952
15,65482,65499,0,39976
16,65481,65498,0,40002
16,65481,65498,0,40027
16,65481,65498,0,40052
15,65480,65497,0,40077
15,65480,65497,0,40101
15,65480,65497,0,40127
15,65480,65498,0,40152
15,65480,65498,0,40176
15,65480,65498,0,40202
16,65481,65499,0,40226
16,65481,65499,0,40252
17,65481,65499,0,40276
17,65481,65499,0,40301
17,65481,65499,0,40327
18,65480,65499,0,40351
18,65480,65499,0,40376
18,65480,65499,0,40401
20,65479,65500,0,40426
20,65479,65500,0,40452
20,65479,65500,0,40476
21,65479,65499,0,40501
21,65479,65499,0,40526
20,65479,65498,0,40551
20,65479,65498,0,40576
20,65479,65498,0,40601
18,65480,65497,0,40626
18,65480,65497,0,40651
18,65480,65497,0,40676
16,65483,65499,0,40700
16,65483,65499,0,40726
14,65486,65502,0,40751
14,65486,65502,0,40775
14,65486,65502,0,40801
15,65488,65504,0,40825
15,65488,65504,0,40851
15,65488,65504,0,40876
16,65489,65503,0,40900
16,65489,65503,0,40926
16,65489,65503,0,40950
17,65490,65504,0,40975
17,65490,65504,0,41000
17,65491,65505,0,41025
17,65491,65505,0,41051
17,65491,65505,0,41075
18,65491,65506,0,41100
18,65491,65506,0,41125
18,65491,65506,0,41150
19,65491,65507,0,41175
19,65491,65507,0,41200
19,65491,65507,0,41225
18,65489,65515,0,41250
18,65489,65515,0,41275
21,65490,65513,0,41299
21,65490,65513,0,41325
21,65490,65513,0,41350
23,65490,65513,0,41374
23,65490,65513,0,41400
23,65490,65513,0,41424
25,65490,65512,0,41450
25,65490,65512,0,41475
25,65490,65512,0,41499
25,65490,65512,0,41525
25,65490,65512,0,41549
26,65491,65510,0,41574
26,65491,65510,0,41600
26,65491,65510,0,41624
25,65490,65514,0,41650
25,65490,65514,0,41674
25,65490,65514,0,41699
25,65490,65513,0,41724
25,65490,65513,0,41749
24,65490,65515,0,41774
24,65490,65515,0,41799
24,65490,65515,0,41824
24,65490,65514,0,41849
24,65490,65514,0,41874
24,65490,65514,0,41899
24,65491,65512,0,41924
24,65491,65512,0,41949
24,65491,65512,0,41973
23,65490,65515,0,41999
23,65490,65515,0,42023
24,65490,65513,0,42049
24,65490,65513,0,42074
24,65490,65513,0,42098
24,65490,65514,0,42124
24,65490,65514,0,42148
24,65490,65514,0,42173
24,65490,65512,0,42199
24,65490,65512,0,42223
24,65490,65512,0,42249
24,65491,65513,0,42273
24,65491,65513,0,42298
24,65490,65513,0,42323
24,65490,65513,0,42348
24,65490,65513,0,42373
24,65491,65512,0,42398
24,65491,65512,0,42423
24,65491,65512,0,42448
24,65491,65512,0,42473
24,65491,65512,0,42498
24,65491,65513,0,42523
24,65491,65513,0,42548
24,65491,65513,0,42572
24,65490,65515,0,42598
24,65490,65515,0,42622
24,65490,65515,0,42648
24,65490,65513,0,42673
24,65490,65513,0,42697
24,65490,65513,0,42723
23,65490,65515,0,42747
23,65490,65515,0,42772
24,65490,65513,0,42798
24,65490,65513,0,42822
24,65490,65513,0,42848
23,65490,65513,0,42872
23,65490,65513,0,42897
23,65490,65513,0,42923
23,65490,65513,0,42947
23,65490,65513,0,42972
23,65490,65513,0,42997
21,65490,65515,0,43022
21,65490,65515,0,43047
21,65490,65513,0,43072
21,65490,65513,0,43097
21,65490,65513,0,43122
21,65490,65512,0,43147
21,65490,65512,0,43171
21,65490,65512,0,43197
19,65489,65515,0,43222
19,65489,65515,0,43247
19,65489,65515,0,43272
19,65490,65512,0,43296
19,65490,65512,0,43322
17,65489,65513,0,43346
17,65489,65513,0,43371
17,65489,65513,0,43397
16,65489,65511,0,43421
16,65489,65511,0,43447
16,65489,65511,0,43471
16,65490,65510,0,43496
16,65490,65510,0,43522
16,65490,65510,0,43546
16,65490,65510,0,43571
16,65490,65510,0,43596
15,65488,65508,0,43621
15,65488,65508,0,43646
15,65488,65508,0,43671
15,65489,65505,0,43696
15,65489,65505,0,43721
15,65489,65505,0,43746
15,65489,65504,0,43770
15,65489,65504,0,43796
14,65488,65505,0,43821
14,65488,65505,0,43846
14,65488,65505,0,43871
15,65488,65503,0,43895
15,65488,65503,0,43921
15,65488,65503,0,43945
14,65488,65503,0,43970
14,65488,65503,0,43996
14,65488,65503,0,44020
13,65486,65501,0,44046
13,65486,65501,0,44070
14,65483,65499,0,44095
14,65483,65499,0,44121
14,65483,65499,0,44145
16,65481,65497,0,44170
16,65481,65497,0,44195
16,65481,65497,0,44220
17,65480,65496,0,44246
17,65480,65496,0,44270
17,65480,65496,0,44295
17,65480,65496,0,44320
17,65480,65496,0,44345
20,65479,65497,0,44369
20,65479,65497,0,44395
20,65479,65497,0,44420
20,65480,65499,0,44445
20,65480,65499,0,44470
20,65480,65499,0,44494
19,65480,65499,0,44520
19,65480,65499,0,44545
18,65480,65499,0,44569
18,65480,65499,0,44595
18,65480,65499,0,44619
17,65481,65499,0,44645
17,65481,65499,0,44669
17,65481,65499,0,44694
16,65481,65499,0,44720
16,65481,65499,0,44744
16,65481,65499,0,44769
15,65480,65498,0,44794
15,65480,65498,0,44819
14,65480,65498,0,44845
14,65480,65498,0,44869
14,65480,65498,0,44894
15,65480,65497,0,44919
15,65480,65497,0,44944
15,65480,65497,0,44968
16,65481,65497,0,44994
16,65481,65497,0,45019
16,65481,65497,0,45044
16,65481,65498,0,45069
16,65481,65498,0,45093
15,65482,65498,0,45119
15,65482,65498,0,45144
15,65482,65498,0,45168
15,65483,65498,0,45194
15,65483,65498,0,45218
15,65483,65498,0,45244
15,65484,65498,0,45268
15,65484,65498,0,45293
16,65485,65499,0,45319
16,65485,65499,0,45343
16,65485,65499,0,45368
16,65487,65499,0,45393
16,65487,65499,0,45418
16,65487,65499,0,45444
15,65488,65501,0,45468
15,65488,65501,0,45493
15,65488,65501,0,45518
14,65491,65501,0,45543
14,65491,65501,0,45568
13,65493,65500,0,45593
13,65493,65500,0,45618
13,65493,65500,0,45643
12,65495,65501,0,45668
12,65495,65501,0,45692
12,65495,65501,0,45718
11,65499,65501,0,45743
11,65499,65501,0,45767
11,65499,65501,0,45793
8,65502,65501,0,45817
8,65502,65501,0,45842
5,65503,65500,0,45865
5,65503,65500,0,45889
5,65503,65500,0,45914
2,65504,65498,0,45937
2,65504,65498,0,45961
2,65504,65498,0,45985
0,65505,65496,0,46009
0,65505,65496,0,46032
0,65505,65496,0,46057
65534,65504,65492,0,46081
65534,65504,65492,0,46109
65533,65501,65487,0,46137
65533,65501,65487,0,46164
65533,65501,65487,0,46193
0,65498,65481,0,46221
0,65498,65481,0,46245
0,65498,65481,0,46269
5,65495,65477,0,46292
5,65495,65477,0,46317
5,65495,65477,0,46341
11,65495,65477,0,46364
11,65495,65477,0,46390
15,65495,65481,0,46414
15,65495,65481,0,46440
15,65495,65481,0,46465
15,65495,65485,0,46489
15,65495,65485,0,46515
15,65495,65485,0,46539
14,65495,65488,0,46564
14,65495,65488,0,46589
12,65494,65488,0,46614
12,65494,65488,0,46640
12,65494,65488,0,46664
10,65493,65488,0,46689
10,65493,65488,0,46714
10,65493,65488,0,46739
8,65492,65488,0,46764
8,65492,65488,0,46788
8,65492,65488,0,46812
7,65491,65487,0,46836
7,65491,65487,0,46860
7,65491,65487,0,46883
6,65491,65485,0,46908
6,65491,65485,0,46931
6,65490,65483,0,46955
6,65490,65483,0,46980
6,65490,65483,0,47003
5,65490,65482,0,47027
5,65490,65482,0,47051
5,65490,65482,0,47075
6,65489,65480,0,47098
6,65489,65480,0,47123
6,65489,65480,0,47147
6,65488,65479,0,47171
6,65488,65479,0,47195
6,65488,65479,0,47218
6,65488,65479,0,47243
6,65488,65479,0,47266
6,65488,65479,0,47290
6,65488,65478,0,47314
6,65488,65478,0,47338
6,65488,65478,0,47362
7,65487,65478,0,47386
7,65487,65478,0,47410
7,65488,65477,0,47433
7,65488,65477,0,47458
7,65488,65477,0,47481
7,65487,65477,0,47506
7,65487,65477,0,47529
7,65487,65477,0,47553
7,65487,65477,0,47578
7,65487,65477,0,47601
7,65487,65477,0,47625
7,65487,65477,0,47649
7,65487,65477,0,47673
7,65487,65477,0,47696
7,65487,65477,0,47721
7,65487,65477,0,47745
7,65487,65477,0,47769
7,65487,65477,0,47793
7,65487,65477,0,47816
7,65487,65477,0,47841
7,65487,65477,0,47864
7,65487,65477,0,47888
7,65487,65477,0,47912
7,65487,65477,0,47936
7,65487,65477,0,47960
7,65487,65477,0,47984
7,65487,65477,0,48008
7,65487,65477,0,48031
7,65487,65477,0,48056
7,65487,65477,0,48079
7,65487,65477,0,48104
7,65487,65477,0,48128
7,65487,65477,0,48151
7,65487,65477,0,48176
7,65487,65477,0,48199
7,65487,65477,0,48223
7,65487,65477,0,48247
7,65487,65477,0,48271
7,65487,65477,0,48294
7,65487,65477,0,48319
7,65487,65478,0,48343
7,65487,65478,0,48367
6,65488,65478,0,48391
6,65488,65478,0,48414
6,65488,65478,0,48439
6,65488,65479,0,48462
6,65488,65479,0,48486
6,65488,65479,0,48510
6,65489,65481,0,48534
6,65489,65481,0,48558
6,65489,65481,0,48582
6,65489,65482,0,48606
6,65489,65482,0,48629
6,65489,65482,0,48654
7,65491,65484,0,48677
7,65491,65484,0,48702
7,65491,65484,0,48726
7,65491,65486,0,48749
7,65491,65486,0,48774
7,65491,65486,0,48797
7,65491,65486,0,48821
7,65491,65486,0,48845
11,65493,65488,0,48869
11,65493,65488,0,48893
11,65493,65488,0,48919
14,65494,65487,0,48944
14,65494,65487,0,48969
14,65494,65487,0,48994
15,65495,65483,0,49018
15,65495,65483,0,49044
15,65495,65483,0,49069
10,65494,65477,0,49093
10,65494,65477,0,49119
0,65497,65481,0,49143
0,65497,65481,0,49168
0,65497,65481,0,49191
65533,65502,65489,0,49215
65533,65502,65489,0,49244
65533,65502,65489,0,49271
0,65504,65496,0,49300
0,65504,65496,0,49324
3,65504,65500,0,49347
3,65504,65500,0,49372
3,65504,65500,0,49395
7,65502,65503,0,49419
7,65502,65503,0,49443
7,65502,65503,0,49467
11,65498,65502,0,49490
11,65498,65502,0,49516
11,65498,65502,0,49541
12,65494,65502,0,49566
12,65494,65502,0,49591
12,65494,65502,0,49615
12,65494,65502,0,49641
12,65494,65502,0,49666
15,65488,65502,0,49690
15,65488,65502,0,49716
15,65488,65502,0,49740
16,65486,65501,0,49766
16,65486,65501,0,49790
16,65486,65501,0,49815
16,65484,65500,0,49841
16,65484,65500,0,49865
15,65483,65500,0,49890
15,65483,65500,0,49915
15,65483,65500,0,49940
15,65482,65500,0,49966
15,65482,65500,0,49990
15,65482,65500,0,50015
16,65481,65499,0,50040
16,65481,65499,0,50065
16,65481,65499,0,50089
15,65480,65498,0,50115
15,65480,65498,0,50140
14,65480,65499,0,50165
14,65480,65499,0,50190
14,65480,65499,0,50214
14,65480,65499,0,50240
14,65480,65499,0,50265
14,65480,65499,0,50289
15,65480,65500,0,50315
15,65480,65500,0,50339
15,65480,65500,0,50365
15,65480,65500,0,50390
15,65480,65500,0,50414
16,65481,65500,0,50440
16,65481,65500,0,50464
16,65481,65500,0,50489
16,65481,65500,0,50514
16,65481,65500,0,50539
16,65481,65500,0,50565
16,65481,65500,0,50589
16,65481,65500,0,50614
17,65481,65499,0,50639
17,65481,65499,0,50664
17,65481,65499,0,50689
17,65481,65499,0,50714
17,65481,65499,0,50739
17,65481,65499,0,50764
17,65481,65500,0,50789
17,65481,65500,0,50813
17,65481,65500,0,50839
17,65481,65499,0,50864
17,65481,65499,0,50888
18,65480,65500,0,50914
18,65480,65500,0,50938
18,65480,65500,0,50964
18,65480,65500,0,50989
18,65480,65500,0,51013
18,65480,65500,0,51039
18,65480,65499,0,51063
18,65480,65499,0,51088
18,65480,65499,0,51113
18,65480,65499,0,51138
18,65480,65499,0,51164
18,65480,65499,0,51188
18,65480,65499,0,51213
18,65480,65499,0,51238
18,65480,65499,0,51263
18,65480,65499,0,51288
18,65480,65499,0,51313
19,65480,65499,0,51338
19,65480,65499,0,51363
19,65480,65499,0,51388
19,65480,65499,0,51412
19,65480,65499,0,51438
19,65481,65499,0,51463
19,65481,65499,0,51487
19,65481,65499,0,51513
19,65480,65499,0,51537
19,65480,65499,0,51563
19,65480,65499,0,51588
19,65480,65499,0,51612
19,65480,65499,0,51638
20,65480,65499,0,51662
20,65480,65499,0,51687
20,65480,65499,0,51713
20,65480,65499,0,51737
20,65480,65499,0,51763
20,65480,65499,0,51787
20,65480,65499,0,51812
20,65480,65499,0,51837
20,65480,65499,0,51862
20,65480,65498,0,51887
20,65480,65498,0,51912
20,65480,65498,0,51937
20,65480,65498,0,51962
20,65480,65498,0,51987
20,65481,65498,0,52012
20,65481,65498,0,52037
20,65481,65498,0,52062
19,65481,65498,0,52086
19,65481,65498,0,52112
19,65481,65498,0,52136
19,65482,65498,0,52162
19,65482,65498,0,52187
19,65482,65498,0,52211
19,65482,65498,0,52237
19,65482,65498,0,52261
19,65484,65498,0,52286
19,65484,65498,0,52312
19,65484,65498,0,52336
18,65484,65498,0,52362
18,65484,65498,0,52386
18,65485,65498,0,52411
18,65485,65498,0,52436
18,65485,65498,0,52461
17,65485,65498,0,52486
17,65485,65498,0,52511
17,65485,65498,0,52536
16,65482,65499,0,52561
16,65482,65499,0,52586
16,65482,65499,0,52611
16,65481,65499,0,52636
16,65481,65499,0,52661
15,65481,65499,0,52685
15,65481,65499,0,52711
15,65481,65499,0,52736
15,65481,65499,0,52761
15,65481,65499,0,52786
15,65481,65499,0,52810
15,65480,65499,0,52836
15,65480,65499,0,52860
15,65480,65499,0,52885
14,65480,65498,0,52911
14,65480,65498,0,52935
14,65480,65497,0,52961
14,65480,65497,0,52985
14,65480,65497,0,53010
14,65480,65497,0,53036
14,65480,65497,0,53060
14,65480,65497,0,53085
15,65480,65497,0,53110
15,65480,65497,0,53135
15,65480,65497,0,53160
15,65481,65498,0,53185
15,65481,65498,0,53210
15,65481,65498,0,53235
15,65481,65498,0,53260
15,65481,65498,0,53284
15,65482,65498,0,53310
15,65482,65498,0,53335
15,65482,65498,0,53360
15,65483,65498,0,53385
15,65483,65498,0,53409
15,65483,65498,0,53435
15,65483,65498,0,53459
15,65483,65498,0,53484
16,65485,65499,0,53510
16,65485,65499,0,53534
16,65485,65499,0,53560
16,65486,65499,0,53584
16,65486,65499,0,53609
16,65486,65499,0,53635
15,65488,65500,0,53659
15,65488,65500,0,53684
14,65490,65501,0,53709
14,65490,65501,0,53734
14,65490,65501,0,53760
13,65493,65501,0,53784
13,65493,65501,0,53809
13,65493,65501,0,53834
12,65496,65501,0,53859
12,65496,65501,0,53883
12,65496,65501,0,53909
10,65500,65501,0,53934
10,65500,65501,0,53959
7,65502,65501,0,53984
7,65502,65501,0,54007
7,65502,65501,0,54032
4,65504,65499,0,54055
4,65504,65499,0,54079
4,65504,65499,0,54104
0,65505,65497,0,54127
0,65505,65497,0,54151
0,65505,65497,0,54175
65534,65503,65493,0,54199
65534,65503,65493,0,54227
65533,65500,65486,0,54255
65533,65500,65486,0,54283
65533,65500,65486,0,54311
0,65497,65481,0,54339
0,65497,65481,0,54364
0,65497,65481,0,54387
6,65495,65477,0,54411
6,65495,65477,0,54435
12,65495,65478,0,54459
12,65495,65478,0,54483
12,65495,65478,0,54509
15,65495,65481,0,54534
15,65495,65481,0,54559
15,65495,65481,0,54584
15,65495,65485,0,54608
15,65495,65485,0,54634
15,65495,65485,0,54659
14,65495,65487,0,54683
14,65495,65487,0,54709
12,65494,65488,0,54733
12,65494,65488,0,54759
12,65494,65488,0,54784
11,65493,65488,0,54808
11,65493,65488,0,54834
11,65493,65488,0,54858
9,65493,65488,0,54883
9,65493,65488,0,54907
9,65493,65488,0,54931
8,65492,65488,0,54955
8,65492,65488,0,54979
7,65491,65486,0,55003
7,65491,65486,0,55027
7,65491,65486,0,55051
6,65491,65485,0,55074
6,65491,65485,0,55099
6,65491,65485,0,55122
6,65490,65484,0,55146
6,65490,65484,0,55171
6,65490,65484,0,55194
6,65490,65483,0,55218
6,65490,65483,0,55242
6,65490,65483,0,55266
6,65489,65482,0,55290
6,65489,65482,0,55314
6,65489,65482,0,55337
6,65489,65481,0,55362
6,65489,65481,0,55386
6,65489,65481,0,55409
5,65489,65480,0,55434
5,65489,65480,0,55457
5,65489,65480,0,55481
5,65489,65480,0,55505
5,65489,65480,0,55529
6,65488,65479,0,55553
6,65488,65479,0,55577
6,65488,65479,0,55601
6,65488,65480,0,55625
6,65488,65480,0,55649
6,65488,65480,0,55672
6,65488,65479,0,55697
6,65488,65479,0,55720
6,65488,65479,0,55744
6,65488,65479,0,55769
6,65488,65479,0,55792
6,65488,65479,0,55816
6,65488,65479,0,55840
6,65488,65479,0,55864
6,65488,65479,0,55888
6,65487,65479,0,55912
6,65487,65479,0,55936
6,65488,65479,0,55960
6,65488,65479,0,55984
6,65488,65479,0,56007
6,65488,65479,0,56032
6,65488,65479,0,56055
6,65488,65479,0,56079
6,65488,65479,0,56103
6,65488,65479,0,56127
6,65488,65479,0,56151
6,65488,65479,0,56175
6,65488,65479,0,56199
6,65488,65479,0,56223
6,65488,65478,0,56247
6,65488,65478,0,56270
6,65488,65478,0,56295
6,65488,65479,0,56318
6,65488,65479,0,56342
6,65488,65479,0,56367
6,65488,65479,0,56390
6,65488,65479,0,56414
6,65488,65479,0,56438
6,65488,65479,0,56462
6,65488,65479,0,56485
6,65488,65480,0,56510
6,65488,65480,0,56534
6,65488,65480,0,56558
6,65488,65480,0,56582
6,65488,65480,0,56605
6,65488,65480,0,56630
6,65489,65481,0,56653
6,65489,65481,0,56677
6,65489,65481,0,56701
6,65490,65482,0,56725
6,65490,65482,0,56749
6,65490,65482,0,56773
7,65490,65484,0,56797
7,65490,65484,0,56821
7,65491,65486,0,56845
7,65491,65486,0,56868
7,65491,65486,0,56893
9,65492,65488,0,56916
9,65492,65488,0,56940
9,65492,65488,0,56965
11,65493,65488,0,56988
11,65493,65488,0,57013
11,65493,65488,0,57038
13,65494,65487,0,57063
13,65494,65487,0,57089
13,65494,65487,0,57113
15,65495,65484,0,57138
15,65495,65484,0,57163
11,65495,65478,0,57188
11,65495,65478,0,57212
11,65495,65478,0,57238
1,65496,65480,0,57263
1,65496,65480,0,57287
1,65496,65480,0,57311
65534,65501,65488,0,57334
65534,65501,65488,0,57363
0,65504,65496,0,57391
0,65504,65496,0,57414
0,65504,65496,0,57439
3,65504,65500,0,57462
3,65504,65500,0,57487
3,65504,65500,0,57510
8,65501,65502,0,57534
8,65501,65502,0,57559
8,65501,65502,0,57582
11,65496,65501,0,57606
11,65496,65501,0,57631
11,65496,65501,0,57656
13,65492,65501,0,57680
13,65492,65501,0,57706
13,65489,65502,0,57731
14,65489,65502,0,57756
14,65489,65502,0,57781
16,65486,65500,0,57805
16,65486,65500,0,57831
16,65486,65500,0,57856
15,65484,65499,0,57880
15,65484,65499,0,57906
15,65484,65499,0,57930
15,65482,65499,0,57956
15,65482,65499,0,57980
16,65481,65498,0,58005
16,65481,65498,0,58031
16,65481,65498,0,58055
14,65480,65498,0,58080
14,65480,65498,0,58105
14,65480,65498,0,58130
15,65480,65499,0,58156
15,65480,65499,0,58180
15,65480,65499,0,58205
17,65480,65500,0,58230
17,65480,65500,0,58255
19,65480,65500,0,58279
19,65480,65500,0,58305
19,65480,65500,0,58330
20,65479,65499,0,58355
20,65479,65499,0,58380
20,65479,65499,0,58404
18,65479,65498,0,58430
18,65479,65498,0,58455
18,65479,65498,0,58479
15,65482,65499,0,58505
15,65482,65499,0,58529
14,65488,65503,0,58555
14,65488,65503,0,58579
14,65488,65503,0,58604
16,65490,65504,0,58630
16,65490,65504,0,58654
16,65490,65504,0,58679
17,65491,65508,0,58704
17,65491,65508,0,58729
19,65492,65512,0,58755
19,65492,65512,0,58779
19,65492,65512,0,58804
27,65492,65511,0,58829
27,65492,65511,0,58854
27,65492,65511,0,58878
37,65492,65499,0,58904
37,65492,65499,0,58929
37,65492,65499,0,58954
37,65492,65479,0,58979
37,65492,65479,0,59003
30,65492,65468,0,59029
30,65492,65468,0,59054
30,65492,65468,0,59078
24,65493,65466,0,59104
24,65493,65466,0,59128
24,65493,65466,0,59154
20,65493,65465,0,59179
20,65493,65465,0,59203
20,65493,65465,0,59229
18,65494,65464,0,59253
18,65494,65464,0,59278
17,65494,65464,0,59303
17,65494,65464,0,59328
17,65494,65464,0,59354
17,65494,65463,0,59378
17,65494,65463,0,59403
17,65494,65463,0,59428
18,65494,65464,0,59453
18,65494,65464,0,59478
18,65494,65464,0,59503
19,65495,65461,0,59528
19,65495,65461,0,59553
19,65495,65461,0,59578
19,65495,65461,0,59602
19,65495,65461,0,59628
20,65495,65461,0,59653
20,65495,65461,0,59677
20,65495,65461,0,59703
20,65495,65460,0,59727
20,65495,65460,0,59753
20,65495,65460,0,59778
20,65495,65460,0,59802
20,65495,65460,0,59828
21,65495,65461,0,59852
21,65495,65461,0,59877
21,65495,65461,0,59902
21,65495,65460,0,59927
21,65495,65460,0,59953
21,65495,65460,0,59977
21,65495,65461,0,60002
21,65495,65461,0,60027
20,65495,65460,0,60052
20,65495,65460,0,60077
20,65495,65460,0,60102
20,65495,65460,0,60127
20,65495,65460,0,60152
20,65495,65460,0,60177
21,65495,65460,0,60201
21,65495,65460,0,60227
21,65495,65460,0,60252
21,65495,65462,0,60276
21,65495,65462,0,60302
21,65495,65463,0,60326
21,65495,65463,0,60352
21,65495,65463,0,60377
21,65495,65463,0,60401
21,65495,65463,0,60427
21,65495,65463,0,60451
22,65494,65464,0,60476
22,65494,65464,0,60502
22,65494,65464,0,60526
22,65494,65463,0,60552
22,65494,65463,0,60576
23,65494,65465,0,60601
23,65494,65465,0,60626
23,65494,65465,0,60651
24,65494,65465,0,60676
24,65494,65465,0,60701
24,65494,65465,0,60726
27,65494,65466,0,60751
27,65494,65466,0,60776
31,65493,65471,0,60801
31,65493,65471,0,60826
31,65493,65471,0,60851
35,65493,65473,0,60875
35,65493,65473,0,60901
35,65493,65473,0,60925
39,65493,65483,0,60951
39,65493,65483,0,60976
39,65493,65483,0,61000
39,65493,65494,0,61026
39,65493,65494,0,61050
32,65493,65506,0,61075
32,65493,65506,0,61101
32,65493,65506,0,61125
24,65492,65510,0,61151
24,65492,65510,0,61175
24,65492,65510,0,61200
18,65492,65510,0,61225
18,65492,65510,0,61250
18,65492,65510,0,61275
16,65491,65507,0,61300
16,65491,65507,0,61325
16,65491,65502,0,61350
16,65491,65502,0,61375
16,65491,65502,0,61400
16,65491,65500,0,61425
16,65491,65500,0,61450
16,65491,65500,0,61474
16,65489,65496,0,61500
16,65489,65496,0,61524
16,65489,65496,0,61550
16,65489,65496,0,61575
16,65489,65496,0,61599
20,65486,65497,0,61625
20,65486,65497,0,61649
20,65486,65497,0,61674
18,65484,65498,0,61700
18,65484,65498,0,61724
18,65484,65498,0,61750
16,65481,65499,0,61774
16,65481,65499,0,61799
14,65481,65499,0,61825
14,65481,65499,0,61849
14,65481,65499,0,61874
14,65480,65497,0,61899
14,65480,65497,0,61924
14,65480,65497,0,61949
15,65482,65498,0,61974
15,65482,65498,0,61999
15,65482,65498,0,62024
15,65484,65498,0,62049
15,65484,65498,0,62073
15,65486,65499,0,62099
15,65486,65499,0,62124
15,65486,65499,0,62149
15,65489,65500,0,62174
15,65489,65500,0,62198
15,65489,65500,0,62224
13,65493,65500,0,62248
13,65493,65500,0,62273
13,65493,65500,0,62299
10,65499,65501,0,62323
10,65499,65501,0,62349
4,65504,65499,0,62373
4,65504,65499,0,62397
4,65504,65499,0,62422
65535,65505,65493,0,62445
65535,65505,65493,0,62473
65535,65505,65493,0,62501
0,65498,65480,0,62529
0,65498,65480,0,62554
16,65495,65480,0,62577
16,65495,65480,0,62602
16,65495,65480,0,62627
12,65494,65488,0,62652
12,65494,65488,0,62678
12,65494,65488,0,62702
7,65491,65486,0,62727
7,65491,65486,0,62751
7,65491,65486,0,62775
6,65488,65479,0,62798
6,65488,65479,0,62823
6,65488,65479,0,62846
6,65488,65479,0,62870
6,65488,65479,0,62895
20,65487,65470,0,62918
20,65487,65470,0,62944
20,65487,65470,0,62968
28,65490,65475,0,62993
28,65490,65475,0,63019
28,65490,65475,0,63043
31,65494,65482,0,63068
31,65494,65482,0,63093
31,65494,65482,0,63118
28,65495,65489,0,63143
28,65495,65489,0,63168
24,65495,65493,0,63193
24,65495,65493,0,63218
24,65495,65493,0,63243
21,65494,65494,0,63267
21,65494,65494,0,63293
21,65494,65494,0,63318
19,65494,65494,0,63343
19,65494,65494,0,63368
18,65494,65495,0,63392
18,65494,65495,0,63418
18,65494,65495,0,63442
17,65493,65495,0,63467
17,65493,65495,0,63493
17,65493,65495,0,63517
16,65493,65495,0,63543
16,65493,65495,0,63567
16,65493,65495,0,63592
16,65493,65495,0,63618
16,65493,65495,0,63642
15,65493,65494,0,63667
15,65493,65494,0,63692
15,65493,65494,0,63717
15,65493,65495,0,63742
15,65493,65495,0,63767
15,65493,65495,0,63792
15,65493,65495,0,63817
15,65493,65495,0,63842
15,65493,65495,0,63866
15,65493,65494,0,63892
15,65493,65494,0,63917
15,65493,65494,0,63942
15,65493,65494,0,63967
15,65493,65494,0,63991
14,65493,65494,0,64017
14,65493,65494,0,64041
14,65493,65494,0,64066
14,65493,65494,0,64092
14,65493,65494,0,64116
14,65493,65495,0,64142
15,65493,65495,0,64166
15,65493,65495,0,64191
14,65493,65494,0,64217
14,65493,65494,0,64241
14,65493,65494,0,64266
14,65493,65494,0,64291
14,65493,65494,0,64316
14,65493,65494,0,64342
14,65493,65494,0,64366
14,65493,65494,0,64391
14,65493,65494,0,64416
14,65493,65494,0,64441
14,65493,65494,0,64465
14,65493,65494,0,64491
14,65493,65494,0,64516
14,65493,65494,0,64541
14,65493,65494,0,64566
14,65493,65494,0,64590
14,65493,65494,0,64616
14,65493,65494,0,64641
14,65493,65494,0,64665
14,65493,65494,0,64691
14,65493,65494,0,64715
14,65493,65494,0,64741
14,65493,65494,0,64765
14,65493,65494,0,64790
14,65493,65494,0,64816
14,65493,65494,0,64840
14,65493,65494,0,64865
14,65493,65494,0,64890
14,65493,65494,0,64915
14,65493,65494,0,64941
14,65493,65494,0,64965
14,65493,65494,0,64990
14,65493,65494,0,65015
14,65493,65494,0,65040
14,65493,65494,0,65064
14,65493,65494,0,65090
14,65493,65494,0,65115
14,65493,65494,0,65140
14,65493,65494,0,65165
14,65493,65494,0,65189
14,65493,65494,0,65215
14,65493,65494,0,65240
14,65493,65494,0,65264
14,65493,65494,0,65290
14,65493,65494,0,65314
14,65493,65494,0,65340
14,65493,65494,0,65364
14,65493,65494,0,65389
14,65493,65494,0,65415
14,65493,65494,0,65439
14,65493,65494,0,65464
14,65493,65494,0,65489
14,65493,65494,0,65514
14,65493,65494,0,4
14,65493,65494,0,24
14,65493,65494,0,46
14,65493,65494,0,67
14,65493,65494,0,90
14,65493,65494,0,111
14,65493,65494,0,134
14,65493,65494,0,157
14,65493,65494,0,180
14,65493,65494,0,203
14,65493,65494,0,226
14,65493,65494,0,248
14,65493,65494,0,272
14,65493,65494,0,294
14,65493,65494,0,317
14,65493,65494,0,340
14,65493,65494,0,363
14,65493,65494,0,386
14,65493,65494,0,409
14,65493,65494,0,432
14,65493,65494,0,454
14,65493,65494,0,478
14,65493,65494,0,500
14,65493,65494,0,523
14,65493,65494,0,546
14,65493,65494,0,569
14,65493,65494,0,591
14,65493,65494,0,615
14,65493,65494,0,637
14,65493,65494,0,660
14,65493,65494,0,684
14,65493,65494,0,706
14,65493,65494,0,729
14,65493,65494,0,752
14,65493,65494,0,775
14,65493,65494,0,797
14,65493,65494,0,821
14,65493,65494,0,843
14,65493,65494,0,866
14,65493,65494,0,889
14,65493,65494,0,912
14,65493,65494,0,935
14,65493,65494,0,958
14,65493,65494,0,980
14,65493,65494,0,1004
14,65493,65494,0,1028
14,65493,65494,0,1051
14,65493,65494,0,1076
14,65493,65494,0,1099
14,65493,65494,0,1123
14,65493,65494,0,1147
14,65493,65494,0,1171
14,65493,65494,0,1195
14,65492,65494,0,1219
14,65492,65494,0,1243
14,65492,65494,0,1266
14,65492,65494,0,1291
14,65492,65494,0,1314
14,65493,65494,0,1339
14,65493,65494,0,1362
14,65493,65494,0,1386
14,65493,65494,0,1411
14,65493,65494,0,1434
14,65493,65494,0,1458
14,65493,65494,0,1482
14,65493,65494,0,1506
14,65493,65494,0,1529
14,65493,65494,0,1554
14,65493,65494,0,1577
14,65493,65494,0,1602
14,65493,65494,0,1626
14,65493,65494,0,1649
14,65493,65494,0,1674
14,65492,65494,0,1697
14,65492,65494,0,1721
14,65493,65494,0,1745
14,65493,65494,0,1769
14,65493,65494,0,1793
14,65493,65494,0,1817
14,65493,65494,0,1841
14,65493,65494,0,1864
14,65493,65494,0,1889
14,65493,65494,0,1912
14,65493,65494,0,1937
14,65493,65494,0,1960
14,65493,65494,0,1984
14,65493,65494,0,2009
14,65493,65494,0,2032
14,65493,65494,0,2056
14,65493,65494,0,2080
14,65493,65494,0,2104
14,65493,65494,0,2127
14,65492,65495,0,2152
14,65492,65495,0,2176
14,65492,65495,0,2200
14,65493,65494,0,2224
14,65493,65494,0,2247
14,65493,65494,0,2272
14,65493,65494,0,2295
14,65493,65494,0,2319
14,65493,65494,0,2343
14,65493,65494,0,2367
14,65493,65494,0,2391
14,65493,65494,0,2415
14,65493,65494,0,2439
14,65493,65494,0,2462
14,65493,65494,0,2487
14,65492,65494,0,2510
14,65492,65494,0,2535
14,65492,65494,0,2558