65523,65509,65486,0,43108
65523,65509,65486,0,43136
65523,65509,65486,0,43164
65523,65509,65486,0,43192
65523,65509,65486,0,43220
65523,65509,65486,0,43248
65523,65509,65486,0,43277
65523,65509,65485,0,43304
65523,65509,65485,0,43332
65523,65509,65485,0,43361
65523,65509,65486,0,43388
65523,65509,65486,0,43417
65523,65509,65486,0,43445
65523,65509,65486,0,43473
65523,65509,65486,0,43501
65523,65509,65486,0,43529
65523,65509,65486,0,43557
65523,65509,65486,0,43585
65523,65509,65486,0,43614
65523,65509,65486,0,43641
65523,65509,65486,0,43669
65523,65509,65486,0,43698
65523,65509,65485,0,43725
65523,65509,65485,0,43754
65523,65509,65485,0,43782
65523,65509,65485,0,43810
65523,65509,65485,0,43838
65523,65509,65486,0,43866
65523,65509,65486,0,43894
65523,65509,65485,0,43922
65523,65509,65485,0,43951
65523,65509,65485,0,43978
65523,65509,65486,0,44007
65523,65509,65486,0,44035
65523,65509,65486,0,44062
65523,65509,65486,0,44091
65523,65509,65486,0,44119
65523,65509,65486,0,44147
65523,65509,65486,0,44175
65523,65509,65486,0,44203
65523,65509,65486,0,44231
65523,65509,65486,0,44259
65523,65509,65486,0,44288
65523,65509,65486,0,44315
65523,65509,65486,0,44344
65523,65509,65486,0,44371
65523,65509,65486,0,44399
65523,65509,65486,0,44428
65523,65509,65486,0,44455
65523,65509,65486,0,44484
65523,65509,65486,0,44512
65523,65509,65486,0,44540
65523,65509,65486,0,44568
65523,65509,65486,0,44596
65523,65509,65485,0,44624
65523,65509,65485,0,44652
65523,65509,65486,0,44681
65523,65509,65486,0,44708
65523,65509,65486,0,44737
65523,65509,65486,0,44765
65523,65509,65486,0,44792
65523,65509,65486,0,44821
65523,65509,65486,0,44849
65523,65509,65485,0,44877
65523,65509,65485,0,44905
65523,65509,65485,0,44933
65523,65509,65486,0,44961
65523,65509,65486,0,44989
65523,65509,65486,0,45018
65523,65509,65486,0,45045
65523,65509,65486,0,45074
65523,65509,65486,0,45102
65523,65509,65486,0,45129
65523,65509,65486,0,45158
65523,65509,65486,0,45186
65523,65509,65486,0,45214
65523,65509,65486,0,45242
65523,65509,65486,0,45271
65523,65509,65485,0,45298
65523,65509,65485,0,45326
65523,65509,65486,0,45355
65523,65509,65486,0,45382
65523,65509,65486,0,45411
65523,65509,65486,0,45438
65523,65509,65486,0,45466
65523,65509,65485,0,45495
65523,65509,65485,0,45522
65523,65509,65485,0,45551
65523,65509,65486,0,45579
65523,65509,65486,0,45607
65523,65509,65485,0,45635
65523,65509,65485,0,45663
65523,65509,65485,0,45691
65523,65509,65485,0,45719
65523,65509,65485,0,45748
65523,65509,65486,0,45775
65523,65509,65486,0,45804
65523,65509,65486,0,45832
65523,65509,65486,0,45859
65523,65509,65486,0,45888
65523,65509,65486,0,45916
65523,65509,65486,0,45944
65523,65509,65486,0,45972
65523,65509,65486,0,46000
65523,65509,65486,0,46028
65523,65509,65486,0,46056
65523,65509,65486,0,46085
65523,65509,65486,0,46112
65523,65509,65486,0,46141
65523,65509,65486,0,46169
65523,65509,65486,0,46196
65523,65509,65486,0,46225
65523,65509,65486,0,46253
65523,65509,65486,0,46281
65523,65509,65486,0,46309
65523,65509,65486,0,46338
65523,65509,65486,0,46365
65523,65509,65486,0,46393
65523,65509,65486,0,46422
65523,65509,65486,0,46449
65523,65509,65486,0,46478
65523,65509,65486,0,46505
65523,65509,65486,0,46534
65523,65509,65486,0,46562
65523,65509,65486,0,46589
65523,65509,65486,0,46618
65523,65509,65486,0,46646
65523,65509,65486,0,46674
65523,65509,65486,0,46702
65523,65509,65486,0,46730
65523,65509,65486,0,46758
65523,65509,65486,0,46786
65523,65509,65486,0,46815
65523,65509,65486,0,46842
65523,65509,65485,0,46871
65523,65509,65485,0,46899
65523,65509,65485,0,46926
65523,65509,65485,0,46955
65523,65509,65485,0,46983
65523,65509,65486,0,47011
65523,65509,65486,0,47039
65523,65509,65486,0,47068
65523,65509,65486,0,47095
65523,65509,65486,0,47123
65523,65509,65485,0,47152
65523,65509,65485,0,47179
65523,65509,65485,0,47208
65523,65509,65485,0,47236
65523,65509,65486,0,47263
65523,65509,65486,0,47292
65523,65509,65486,0,47320
65523,65509,65486,0,47348
65523,65509,65486,0,47376
65523,65509,65486,0,47405
65523,65509,65486,0,47432
65523,65509,65486,0,47460
65523,65509,65486,0,47489
65523,65509,65486,0,47516
65523,65509,65486,0,47545
65523,65509,65486,0,47572
65523,65509,65486,0,47601
65523,65509,65485,0,47629
65523,65509,65485,0,47656
65523,65509,65486,0,47685
65523,65509,65486,0,47713
65523,65509,65485,0,47741
65523,65509,65485,0,47769
65523,65509,65485,0,47797
65523,65509,65486,0,47825
65523,65509,65486,0,47853
65523,65509,65486,0,47882
65523,65509,65486,0,47909
65523,65509,65486,0,47938
65523,65509,65486,0,47966
65523,65509,65486,0,47993
65523,65509,65485,0,48022
65523,65509,65485,0,48050
65523,65509,65485,0,48078
65523,65509,65486,0,48106
65523,65509,65486,0,48135
65523,65509,65486,0,48162
65523,65509,65486,0,48190
65523,65509,65486,0,48219
65523,65509,65486,0,48246
65523,65509,65486,0,48275
65523,65509,65486,0,48303
65523,65509,65486,0,48331
65523,65509,65486,0,48359
65523,65509,65486,0,48387
65523,65509,65486,0,48415
65523,65509,65486,0,48443
65523,65509,65486,0,48472
65523,65509,65486,0,48499
65523,65509,65486,0,48527
65523,65509,65486,0,48556
65523,65509,65486,0,48583
65523,65509,65486,0,48612
65523,65509,65486,0,48640
65523,65509,65486,0,48668
65523,65509,65486,0,48696
65523,65509,65486,0,48723
65523,65509,65486,0,48752
65523,65509,65486,0,48780
65523,65509,65486,0,48808
65523,65509,65485,0,48836
65523,65509,65485,0,48865
65523,65509,65485,0,48892
65523,65509,65486,0,48920
65523,65509,65486,0,48949
65523,65509,65486,0,48976
65523,65509,65486,0,49005
65523,65509,65486,0,49033
65523,65509,65486,0,49060
65523,65509,65486,0,49089
65523,65509,65486,0,49117
65523,65509,65486,0,49145
65523,65509,65486,0,49173
65523,65509,65486,0,49202
65523,65509,65486,0,49229
65523,65509,65486,0,49257
65523,65509,65486,0,49286
65523,65509,65486,0,49313
65523,65509,65486,0,49342
65523,65509,65486,0,49370
65523,65509,65486,0,49398
65523,65509,65486,0,49426
65523,65509,65486,0,49454
65523,65509,65486,0,49482
65523,65509,65486,0,49510
65523,65509,65485,0,49539
65523,65509,65485,0,49566
65523,65509,65486,0,49594
65523,65509,65486,0,49623
65523,65509,65486,0,49650
65523,65509,65486,0,49679
65523,65509,65486,0,49707
65523,65509,65486,0,49735
65523,65509,65486,0,49763
65523,65509,65486,0,49790
65523,65509,65486,0,49819
65523,65509,65486,0,49847
65523,65509,65486,0,49875
65523,65509,65486,0,49903
65523,65509,65486,0,49932
65523,65509,65486,0,49959
65523,65509,65486,0,49987
65523,65509,65486,0,50016
65523,65509,65486,0,50043
65523,65509,65486,0,50072
65523,65509,65486,0,50100
65523,65509,65486,0,50128
65523,65509,65486,0,50156
65523,65509,65486,0,50184
65522,65509,65485,0,50212
65522,65509,65485,0,50240
65523,65509,65485,0,50269
65523,65509,65485,0,50296
65523,65509,65485,0,50324
65523,65509,65486,0,50353
65523,65509,65486,0,50380
65523,65509,65486,0,50409
65523,65509,65486,0,50437
65523,65509,65486,0,50465
65523,65509,65486,0,50493
65523,65509,65486,0,50521
65523,65509,65486,0,50549
65523,65509,65486,0,50577
65523,65509,65486,0,50606
65523,65509,65486,0,50633
65523,65509,65486,0,50662
65523,65509,65486,0,50690
65523,65509,65486,0,50717
65523,65509,65486,0,50746
65523,65509,65486,0,50774
65523,65509,65486,0,50802
65523,65509,65486,0,50830
65523,65509,65486,0,50857
65523,65509,65486,0,50886
65523,65509,65486,0,50914
65523,65509,65486,0,50942
65523,65509,65486,0,50970
65523,65509,65486,0,50999
65523,65509,65486,0,51026
65523,65509,65486,0,51054
65523,65510,65486,0,51083
65523,65510,65486,0,51110
65523,65510,65486,0,51139
65523,65510,65486,0,51167
65523,65510,65486,0,51195
65523,65509,65486,0,51223
65523,65509,65486,0,51251
65523,65509,65486,0,51279
65524,65509,65486,0,51307
65524,65509,65486,0,51336
65523,65510,65486,0,51363
65523,65510,65486,0,51391
65523,65510,65486,0,51420
65523,65509,65486,0,51447
65523,65509,65486,0,51476
65523,65509,65486,0,51504
65523,65509,65486,0,51532
65523,65509,65486,0,51560
65523,65509,65486,0,51588
65523,65509,65486,0,51616
65523,65509,65486,0,51644
65523,65509,65486,0,51673
65523,65509,65486,0,51700
65523,65509,65486,0,51729
65523,65509,65486,0,51757
65523,65509,65486,0,51784
65523,65509,65486,0,51813
65523,65509,65486,0,51841
65523,65509,65486,0,51869
65523,65509,65486,0,51897
65523,65510,65486,0,51926
65523,65510,65486,0,51953
65523,65509,65486,0,51981
65523,65509,65486,0,52009
65523,65509,65486,0,52037
65523,65509,65486,0,52066
65523,65509,65486,0,52093
65523,65509,65485,0,52121
65523,65509,65485,0,52150
65523,65509,65486,0,52177
65523,65509,65486,0,52206
65523,65509,65486,0,52234
65523,65509,65485,0,52262
65523,65509,65485,0,52290
65523,65509,65486,0,52318
65523,65509,65486,0,52346
65523,65509,65486,0,52374
65523,65509,65486,0,52403
65523,65509,65486,0,52430
65523,65509,65486,0,52459
65523,65509,65486,0,52487
65523,65509,65486,0,52514
65523,65509,65486,0,52543
65523,65509,65486,0,52571
65523,65509,65486,0,52599
65523,65509,65486,0,52627
65523,65509,65486,0,52655
65523,65509,65486,0,52683
65523,65509,65486,0,52711
65523,65509,65486,0,52740
65523,65509,65486,0,52767
65523,65509,65486,0,52796
65523,65509,65486,0,52824
65523,65509,65486,0,52851
65523,65509,65486,0,52880
65523,65509,65486,0,52908
65523,65509,65486,0,52936
65523,65509,65486,0,52964
65523,65509,65486,0,52993
65523,65509,65486,0,53020
65523,65509,65486,0,53048
65523,65509,65486,0,53076
65523,65509,65486,0,53104
65523,65509,65486,0,53133
65523,65509,65486,0,53160
65523,65509,65486,0,53188
65523,65509,65485,0,53217
65523,65509,65485,0,53244
65523,65509,65486,0,53273
65523,65509,65486,0,53301
65523,65509,65486,0,53329
65523,65509,65485,0,53357
65523,65509,65485,0,53385
65523,65509,65486,0,53413
65523,65509,65486,0,53441
65523,65509,65485,0,53470
65523,65509,65485,0,53497
65523,65509,65485,0,53526
65523,65509,65486,0,53554
65523,65509,65486,0,53581
65523,65509,65486,0,53610
65523,65509,65486,0,53638
65523,65509,65486,0,53666
65523,65509,65485,0,53694
65523,65509,65485,0,53723
65523,65509,65486,0,53750
65523,65509,65486,0,53778
65523,65509,65486,0,53807
65523,65509,65485,0,53834
65523,65509,65485,0,53863
65523,65509,65485,0,53891
65523,65509,65485,0,53918
65523,65509,65486,0,53947
65523,65509,65486,0,53975
65523,65509,65486,0,54003
65523,65510,65486,0,54031
65523,65510,65486,0,54060
65523,65509,65485,0,54087
65523,65509,65485,0,54115
65523,65509,65485,0,54144
65523,65509,65485,0,54171
65523,65509,65485,0,54200
65523,65509,65485,0,54227
65523,65509,65485,0,54256
65523,65509,65485,0,54284
65523,65509,65486,0,54311
65523,65509,65486,0,54340
65523,65509,65486,0,54368
65523,65509,65486,0,54396
65523,65509,65485,0,54424
65523,65509,65485,0,54452
65523,65509,65485,0,54480
65523,65509,65485,0,54508
65523,65509,65485,0,54537
65523,65509,65486,0,54564
65523,65509,65486,0,54593
65523,65509,65486,0,54621
65523,65509,65486,0,54648
65523,65509,65486,0,54677
65523,65509,65486,0,54705
65523,65509,65486,0,54733
65523,65509,65486,0,54761
65523,65509,65486,0,54790
65523,65509,65486,0,54817
65524,65509,65485,0,54845
65524,65509,65485,0,54874
65523,65509,65485,0,54901
65523,65509,65485,0,54930
65523,65509,65485,0,54958
65523,65509,65486,0,54985
65523,65509,65486,0,55014
65523,65509,65485,0,55042
65523,65509,65485,0,55070
65523,65509,65485,0,55098
65523,65509,65486,0,55127
65523,65509,65486,0,55154
65523,65509,65486,0,55182
65523,65509,65486,0,55211
65523,65509,65486,0,55238
65523,65509,65485,0,55267
65523,65509,65485,0,55294
65523,65509,65486,0,55323
65523,65509,65486,0,55351
65523,65509,65485,0,55378
65523,65509,65485,0,55407
65523,65509,65485,0,55435
65523,65509,65486,0,55463
65523,65509,65486,0,55491
65523,65509,65485,0,55520
65523,65509,65485,0,55547
65523,65509,65485,0,55575
65523,65509,65485,0,55604
65523,65509,65485,0,55631
65523,65510,65485,0,55660
65523,65510,65485,0,55688
65523,65510,65485,0,55715
65524,65510,65486,0,55744
65524,65510,65486,0,55772
65524,65510,65486,0,55800
65524,65510,65486,0,55828
65523,65509,65486,0,55857
65523,65509,65486,0,55884
65523,65509,65486,0,55912
65523,65509,65485,0,55941
65523,65509,65485,0,55968
65523,65509,65486,0,55997
65523,65509,65486,0,56025
65523,65509,65486,0,56053
65523,65509,65485,0,56081
65523,65509,65485,0,56109
65523,65510,65486,0,56137
65523,65510,65486,0,56165
65523,65510,65486,0,56194
65523,65509,65486,0,56221
65523,65509,65486,0,56249
65523,65509,65486,0,56278
65523,65509,65486,0,56305
65523,65509,65485,0,56334
65523,65509,65485,0,56361
65523,65509,65485,0,56390
65523,65509,65486,0,56418
65523,65509,65486,0,56445
65523,65509,65486,0,56474
65523,65509,65486,0,56502
65523,65509,65486,0,56530
65523,65509,65486,0,56558
65523,65509,65486,0,56587
65523,65509,65486,0,56614
65523,65509,65486,0,56642
65523,65509,65486,0,56671
65523,65509,65486,0,56698
65523,65509,65486,0,56727
65523,65509,65486,0,56755
65523,65509,65486,0,56782
65523,65509,65485,0,56811
65523,65509,65485,0,56839
65523,65509,65485,0,56867
65523,65509,65485,0,56895
65523,65509,65485,0,56924
65523,65509,65485,0,56951
65523,65509,65485,0,56979
65523,65509,65485,0,57008
65523,65509,65486,0,57035
65523,65509,65486,0,57064
65523,65509,65486,0,57092
65523,65509,65486,0,57120
65523,65509,65486,0,57148
65523,65509,65485,0,57176
65523,65509,65485,0,57204
65523,65509,65486,0,57232
65523,65509,65486,0,57261
65523,65509,65485,0,57288
65523,65509,65485,0,57317
65523,65509,65485,0,57345
65523,65509,65485,0,57372
65523,65509,65485,0,57401
65523,65509,65486,0,57428
65523,65509,65486,0,57457
65523,65509,65486,0,57485
65523,65509,65485,0,57512
65523,65509,65485,0,57541
65523,65509,65485,0,57569
65523,65509,65485,0,57597
65523,65509,65485,0,57625
65523,65509,65485,0,57654
65523,65509,65485,0,57681
65523,65509,65485,0,57709
65523,65509,65485,0,57738
65523,65509,65485,0,57765
65523,65509,65485,0,57794
65523,65509,65485,0,57822
65523,65509,65486,0,57850
65523,65509,65486,0,57878
65523,65509,65486,0,57906
65523,65509,65486,0,57934
65523,65509,65486,0,57962
65523,65509,65485,0,57991
65523,65509,65485,0,58018
65523,65509,65485,0,58046
65523,65509,65485,0,58075
65523,65509,65485,0,58102
65523,65509,65486,0,58131
65523,65509,65486,0,58159
65523,65509,65485,0,58187
65523,65509,65485,0,58215
65523,65509,65485,0,58243
65523,65509,65485,0,58271
65523,65509,65485,0,58299
65523,65509,65486,0,58328
65523,65509,65486,0,58355
65523,65509,65486,0,58384
65523,65509,65486,0,58412
65523,65509,65486,0,58439
65523,65509,65485,0,58468
65523,65509,65485,0,58496
65523,65509,65486,0,58524
65523,65509,65486,0,58552
65523,65509,65486,0,58579
65523,65509,65486,0,58608
65523,65509,65486,0,58636
65523,65509,65486,0,58664
65523,65509,65486,0,58692
65523,65509,65485,0,58721
65523,65509,65485,0,58748
65523,65509,65485,0,58776
65523,65509,65486,0,58805
65523,65509,65486,0,58832
65523,65509,65486,0,58861
65523,65509,65486,0,58889
65523,65509,65486,0,58917
65523,65509,65485,0,58945
65523,65509,65485,0,58973
65523,65509,65486,0,59001
65523,65509,65486,0,59029
65523,65509,65486,0,59058
65523,65509,65485,0,59085
65523,65509,65485,0,59114
65523,65509,65486,0,59142
65523,65509,65486,0,59169
65523,65509,65485,0,59198
65523,65509,65485,0,59226
65523,65509,65485,0,59254
65523,65509,65486,0,59282
65523,65509,65486,0,59310
65523,65509,65485,0,59338
65523,65509,65485,0,59366
65523,65509,65485,0,59395
65523,65509,65486,0,59422
65523,65509,65486,0,59451
65523,65509,65486,0,59479
65523,65509,65486,0,59506
65523,65509,65486,0,59535
65523,65509,65486,0,59563
65523,65509,65486,0,59591
65523,65509,65485,0,59619
65523,65509,65485,0,59648
65523,65509,65485,0,59675
65523,65509,65485,0,59703
65523,65509,65485,0,59731
65523,65509,65485,0,59759
65523,65509,65485,0,59788
65523,65509,65485,0,59815
65523,65509,65485,0,59843
65523,65509,65485,0,59872
65523,65509,65486,0,59899
65523,65509,65486,0,59928
65523,65509,65486,0,59956
65523,65509,65486,0,59984
65523,65509,65486,0,60012
65523,65509,65485,0,60040
65523,65509,65485,0,60068
65523,65509,65485,0,60096
65523,65509,65485,0,60125
65523,65509,65485,0,60152
65523,65509,65485,0,60181
65523,65509,65485,0,60209
65523,65509,65485,0,60236
65523,65509,65485,0,60265
65523,65509,65485,0,60293
65523,65509,65485,0,60321
65523,65509,65485,0,60349
65523,65509,65485,0,60377
65523,65509,65485,0,60405
65523,65509,65486,0,60433
65523,65509,65486,0,60462
65523,65509,65486,0,60489
65523,65509,65485,0,60518
65523,65509,65485,0,60546
65523,65509,65486,0,60573
65523,65509,65486,0,60602
65523,65509,65485,0,60630
65523,65509,65485,0,60658
65523,65509,65485,0,60686
65523,65509,65485,0,60715
65523,65509,65485,0,60742
65523,65509,65486,0,60770
65523,65509,65486,0,60798
65523,65509,65486,0,60826
65523,65509,65485,0,60855
65523,65509,65485,0,60882
65523,65509,65486,0,60911
65523,65509,65486,0,60939
65523,65509,65486,0,60966
65523,65509,65486,0,60995
65523,65509,65486,0,61023
65523,65509,65486,0,61051
65523,65509,65486,0,61079
65523,65509,65485,0,61107
65523,65509,65485,0,61135
65523,65509,65485,0,61163
65523,65509,65485,0,61192
65523,65509,65485,0,61219
65523,65510,65486,0,61248
65523,65510,65486,0,61276
65523,65510,65486,0,61303
65523,65509,65486,0,61332
65523,65509,65486,0,61360
65523,65509,65486,0,61388
65523,65509,65486,0,61416
65523,65509,65486,0,61445
65523,65509,65485,0,61472
65523,65509,65485,0,61500
65523,65509,65486,0,61529
65523,65509,65486,0,61556
65523,65509,65486,0,61585
65523,65509,65486,0,61613
65523,65509,65486,0,61640
65523,65509,65486,0,61669
65523,65509,65486,0,61697
65523,65509,65486,0,61725
65523,65509,65486,0,61753
65523,65509,65486,0,61782
65523,65509,65486,0,61809
65523,65509,65486,0,61837
65523,65509,65485,0,61865
65523,65509,65485,0,61893
65523,65509,65485,0,61922
65523,65509,65486,0,61949
65523,65509,65486,0,61978
65523,65509,65485,0,62006
65523,65509,65485,0,62033
65523,65509,65486,0,62062
65523,65509,65486,0,62090
65523,65509,65486,0,62118
65523,65509,65486,0,62146
65523,65509,65486,0,62174
65523,65509,65485,0,62202
65523,65509,65485,0,62230
65523,65509,65485,0,62259
65523,65509,65485,0,62286
65523,65509,65485,0,62315
65523,65509,65485,0,62343