65514,65507,65488,0,33182
65514,65507,65488,0,33210
65514,65507,65488,0,33238
65514,65507,65488,0,33266
65514,65507,65488,0,33294
65514,65507,65488,0,33323
65514,65507,65488,0,33350
65514,65507,65488,0,33378
65514,65507,65488,0,33406
65514,65507,65488,0,33434
65514,65507,65488,0,33463
65514,65507,65488,0,33490
65514,65507,65488,0,33519
65513,65507,65488,0,33547
65513,65507,65488,0,33574
65513,65507,65488,0,33603
65513,65507,65488,0,33631
65513,65507,65488,0,33659
65514,65507,65488,0,33687
65514,65507,65488,0,33716
65514,65507,65488,0,33743
65514,65507,65488,0,33771
65514,65507,65488,0,33800
65514,65507,65489,0,33827
65514,65507,65489,0,33856
65514,65507,65488,0,33884
65514,65507,65488,0,33911
65514,65507,65488,0,33940
65514,65507,65488,0,33968
65514,65507,65488,0,33996
65514,65507,65488,0,34024
65514,65507,65488,0,34053
65514,65507,65488,0,34080
65514,65507,65488,0,34108
65514,65507,65488,0,34137
65514,65507,65488,0,34164
65514,65507,65488,0,34193
65514,65507,65488,0,34221
65514,65507,65488,0,34249
65514,65507,65488,0,34277
65513,65507,65489,0,34305
65513,65507,65489,0,34333
65514,65507,65489,0,34361
65514,65507,65489,0,34390
65514,65507,65488,0,34417
65514,65507,65488,0,34446
65514,65507,65488,0,34473
65514,65507,65488,0,34501
65514,65507,65488,0,34530
65514,65507,65488,0,34557
65514,65507,65488,0,34586
65514,65507,65488,0,34614
65514,65507,65488,0,34641
65514,65507,65488,0,34670
65514,65507,65488,0,34698
65514,65507,65488,0,34726
65514,65507,65488,0,34754
65514,65508,65488,0,34783
65514,65508,65488,0,34810
65514,65507,65488,0,34838
65514,65507,65488,0,34867
65514,65507,65488,0,34894
65514,65507,65488,0,34923
65514,65507,65488,0,34951
65514,65507,65488,0,34979
65514,65507,65488,0,35007
65514,65507,65488,0,35035
65514,65507,65488,0,35063
65514,65507,65488,0,35091
65514,65508,65488,0,35120
65514,65508,65488,0,35147
65514,65507,65488,0,35175
65514,65507,65488,0,35204
65514,65507,65488,0,35231
65514,65507,65488,0,35260
65514,65507,65488,0,35288
65514,65508,65488,0,35316
65514,65508,65488,0,35344
65514,65508,65488,0,35372
65514,65508,65488,0,35400
65514,65508,65488,0,35428
65514,65508,65488,0,35457
65514,65508,65488,0,35484
65514,65508,65488,0,35513
65514,65508,65488,0,35540
65514,65508,65488,0,35568
65514,65508,65488,0,35597
65514,65508,65488,0,35624
65514,65508,65489,0,35653
65514,65508,65489,0,35681
65514,65508,65489,0,35708
65514,65508,65488,0,35737
65514,65508,65488,0,35765
65514,65509,65488,0,35793
65514,65509,65488,0,35821
65514,65509,65488,0,35850
65514,65509,65488,0,35877
65514,65509,65488,0,35905
65515,65509,65488,0,35934
65515,65509,65488,0,35961
65514,65509,65489,0,35990
65514,65509,65489,0,36018
65514,65509,65489,0,36046
65514,65510,65488,0,36074
65514,65510,65488,0,36102
65514,65510,65488,0,36130
65514,65510,65488,0,36158
65514,65510,65488,0,36187
65514,65510,65488,0,36214
65514,65510,65488,0,36243
65515,65511,65488,0,36271
65515,65511,65488,0,36298
65515,65511,65487,0,36327
65515,65511,65487,0,36355
65515,65511,65487,0,36383
65515,65513,65487,0,36411
65515,65513,65487,0,36439
65515,65514,65486,0,36467
65515,65514,65486,0,36495
65515,65514,65486,0,36524
65515,65514,65486,0,36551
65515,65514,65486,0,36580
65516,65516,65484,0,36608
65516,65516,65484,0,36635
65516,65516,65484,0,36664
65516,65516,65484,0,36691
65516,65516,65484,0,36720
65516,65518,65480,0,36748
65516,65518,65480,0,36776
65517,65518,65477,0,36804
65517,65518,65477,0,36832
65517,65518,65477,0,36860
65518,65518,65473,0,36888
65518,65518,65473,0,36917
65520,65516,65469,0,36944
65520,65516,65469,0,36972
65520,65516,65469,0,37001
65521,65514,65465,0,37028
65521,65514,65465,0,37057
65523,65509,65463,0,37085
65523,65509,65463,0,37113
65523,65504,65462,0,37141
65523,65504,65462,0,37169
65523,65504,65462,0,37197
65523,65499,65463,0,37225
65523,65499,65463,0,37254
65522,65495,65466,0,37281
65522,65495,65466,0,37310
65522,65495,65466,0,37338
65520,65493,65470,0,37365
65520,65493,65470,0,37394
65519,65493,65475,0,37422
65519,65493,65475,0,37450
65519,65493,65475,0,37478
65518,65495,65479,0,37506
65518,65495,65479,0,37534
65518,65498,65482,0,37562
65518,65498,65482,0,37591
65518,65502,65482,0,37618
65518,65502,65482,0,37647
65518,65502,65482,0,37675
65519,65505,65480,0,37702
65519,65505,65480,0,37731
65519,65503,65473,0,37758
65519,65503,65473,0,37787
65519,65503,65473,0,37815
65518,65493,65473,0,37843
65518,65493,65473,0,37871
65515,65488,65484,0,37899
65515,65488,65484,0,37927
65515,65488,65484,0,37955
65514,65492,65495,0,37984
65514,65492,65495,0,38011
65515,65500,65500,0,38040
65515,65500,65500,0,38068
65519,65503,65499,0,38095
65519,65503,65499,0,38124
65519,65503,65499,0,38152
65522,65507,65498,0,38180
65522,65507,65498,0,38208
65525,65509,65495,0,38236
65525,65509,65495,0,38264
65525,65509,65495,0,38292
65528,65509,65492,0,38321
65528,65509,65492,0,38348
65531,65509,65489,0,38377
65531,65509,65489,0,38405
65531,65509,65489,0,38432
65533,65509,65487,0,38461
65533,65509,65487,0,38489
65534,65508,65485,0,38517
65534,65508,65485,0,38545
65533,65506,65484,0,38574
65533,65506,65484,0,38601
65533,65506,65484,0,38629
65534,65506,65484,0,38658
65534,65506,65484,0,38685
65534,65506,65483,0,38714
65534,65506,65483,0,38742
65534,65506,65483,0,38769
65534,65506,65483,0,38798
65534,65506,65483,0,38825
65534,65505,65484,0,38854
65534,65505,65484,0,38882
65534,65505,65484,0,38910
65535,65506,65485,0,38938
65535,65506,65485,0,38966
0,65507,65484,0,38994
0,65507,65484,0,39018
0,65507,65484,0,39043
0,65509,65483,0,39066
0,65509,65483,0,39090
0,65509,65483,0,39114
0,65509,65480,0,39138
0,65509,65480,0,39161
0,65509,65480,0,39186
0,65509,65480,0,39209
0,65509,65480,0,39233
65534,65505,65476,0,39258
65534,65505,65476,0,39285
65534,65505,65476,0,39314
65533,65504,65477,0,39342
65533,65504,65477,0,39369
65533,65504,65480,0,39398
65533,65504,65480,0,39426
65533,65504,65480,0,39454
65532,65506,65483,0,39482
65532,65506,65483,0,39511
65532,65509,65484,0,39538
65532,65509,65484,0,39566
65532,65509,65484,0,39595
65529,65511,65484,0,39622
65529,65511,65484,0,39651
65530,65514,65483,0,39678
65530,65514,65483,0,39707
65529,65518,65481,0,39735
65529,65518,65481,0,39762
65529,65518,65481,0,39791
65529,65520,65478,0,39819
65529,65520,65478,0,39847
65530,65522,65473,0,39875
65530,65522,65473,0,39904
65530,65522,65473,0,39931
65532,65522,65468,0,39959
65532,65522,65468,0,39988
65533,65520,65463,0,40015
65533,65520,65463,0,40044
65533,65520,65463,0,40072
65533,65520,65463,0,40099
65533,65520,65463,0,40128
65531,65514,65454,0,40156
65531,65514,65454,0,40184
65531,65510,65452,0,40212
65531,65510,65452,0,40241
65531,65510,65452,0,40268
65527,65504,65450,0,40296
65527,65504,65450,0,40325
65528,65501,65452,0,40352
65528,65501,65452,0,40381
65528,65501,65452,0,40409
65525,65497,65452,0,40437
65525,65497,65452,0,40465
65523,65494,65454,0,40493
65523,65494,65454,0,40521
65523,65494,65454,0,40549
65523,65494,65454,0,40578
65523,65494,65454,0,40605
65521,65489,65457,0,40633
65521,65489,65457,0,40662
65520,65488,65459,0,40689
65520,65488,65459,0,40718
65520,65488,65459,0,40745
65517,65486,65460,0,40774
65517,65486,65460,0,40802
65516,65485,65462,0,40829
65516,65485,65462,0,40858
65516,65485,65462,0,40886
65515,65484,65463,0,40914
65515,65484,65463,0,40942
65515,65484,65466,0,40971
65515,65484,65466,0,40998
65515,65483,65466,0,41026
65513,65483,65467,0,41055
65513,65483,65467,0,41082
65512,65483,65468,0,41111
65512,65483,65468,0,41139
65511,65483,65469,0,41166
65511,65483,65469,0,41195
65511,65483,65469,0,41223
65511,65484,65471,0,41251
65511,65484,65471,0,41279
65510,65483,65471,0,41308
65510,65483,65471,0,41335
65510,65483,65471,0,41363
65510,65484,65472,0,41392
65510,65484,65472,0,41419
65510,65484,65473,0,41448
65510,65484,65473,0,41476
65510,65485,65474,0,41504
65510,65485,65474,0,41532
65510,65485,65474,0,41560
65509,65484,65474,0,41588
65509,65484,65474,0,41616
65509,65485,65474,0,41645
65509,65485,65474,0,41672
65509,65485,65474,0,41701
65509,65485,65475,0,41729
65509,65485,65475,0,41756
65509,65485,65475,0,41785
65509,65485,65475,0,41812
65509,65485,65475,0,41841
65509,65485,65475,0,41869
65509,65485,65475,0,41896
65508,65485,65475,0,41925
65508,65485,65475,0,41953
65509,65486,65475,0,41981
65509,65486,65475,0,42009
65509,65486,65475,0,42038
65508,65485,65475,0,42065
65508,65485,65475,0,42093
65508,65485,65475,0,42122
65508,65485,65475,0,42149
65508,65485,65475,0,42178
65509,65486,65475,0,42206
65509,65486,65475,0,42234
65509,65485,65475,0,42262
65509,65485,65475,0,42290
65509,65485,65475,0,42318
65509,65485,65474,0,42346
65509,65485,65474,0,42375
65510,65485,65474,0,42402
65510,65485,65474,0,42430
65510,65485,65474,0,42459
65510,65485,65474,0,42486
65510,65485,65474,0,42515
65510,65485,65474,0,42543
65510,65485,65474,0,42571
65511,65485,65474,0,42599
65511,65485,65474,0,42627
65511,65485,65474,0,42655
65511,65485,65474,0,42683
65511,65485,65474,0,42712
65511,65484,65474,0,42739
65511,65484,65474,0,42768
65511,65484,65474,0,42796
65513,65485,65473,0,42823
65513,65485,65473,0,42852
65513,65484,65472,0,42880
65513,65484,65472,0,42908
65514,65484,65470,0,42936
65514,65484,65470,0,42963
65514,65484,65470,0,42992
65515,65484,65469,0,43020
65515,65484,65469,0,43048
65516,65485,65467,0,43076
65516,65485,65467,0,43105
65516,65485,65467,0,43132
65518,65485,65465,0,43160
65518,65485,65465,0,43189
65520,65487,65463,0,43216
65520,65487,65463,0,43245
65520,65487,65463,0,43273
65522,65489,65461,0,43301
65522,65489,65461,0,43329
65524,65492,65458,0,43357
65524,65492,65458,0,43385
65527,65496,65457,0,43413
65527,65496,65457,0,43442
65527,65496,65457,0,43469
65529,65500,65455,0,43498
65529,65500,65455,0,43526
65532,65506,65456,0,43553
65532,65506,65456,0,43582
65532,65506,65456,0,43610
65533,65511,65456,0,43638
65533,65511,65456,0,43666
65535,65516,65462,0,43694
65535,65516,65462,0,43722
65535,65516,65462,0,43750
65535,65519,65469,0,43779
65535,65519,65469,0,43806
65534,65519,65475,0,43835
65534,65519,65475,0,43863
65533,65516,65481,0,43890
65533,65516,65481,0,43919
65533,65516,65481,0,43947
65533,65512,65483,0,43975
65533,65512,65483,0,44003
65531,65509,65483,0,44032
65531,65509,65483,0,44059
65531,65509,65483,0,44087
65533,65507,65483,0,44115
65533,65507,65483,0,44143
65534,65504,65481,0,44172
65534,65504,65481,0,44199
65534,65504,65481,0,44227
65533,65503,65477,0,44256
65533,65503,65477,0,44283
65534,65504,65475,0,44312
65534,65504,65475,0,44340
65534,65507,65475,0,44368
65534,65507,65475,0,44396
65534,65507,65475,0,44424
65535,65508,65477,0,44452
65535,65508,65477,0,44480
65535,65509,65480,0,44509
65535,65509,65480,0,44536
65535,65509,65480,0,44565
65535,65508,65482,0,44593
65535,65508,65482,0,44620
65535,65507,65483,0,44649
65535,65507,65483,0,44677
65535,65507,65483,0,44705
65535,65506,65484,0,44733
65535,65506,65484,0,44761
65534,65505,65484,0,44789
65534,65505,65484,0,44817
65533,65505,65483,0,44846
65533,65505,65483,0,44873
65533,65505,65483,0,44902
65533,65506,65482,0,44930
65533,65506,65482,0,44957
65533,65506,65483,0,44986
65533,65506,65483,0,45014
65533,65506,65483,0,45042
65533,65506,65483,0,45070
65533,65506,65483,0,45099
65534,65506,65483,0,45126
65534,65506,65483,0,45154
65534,65506,65483,0,45182
65534,65507,65484,0,45210
65534,65507,65484,0,45239
65534,65508,65486,0,45266
65534,65508,65486,0,45295
65533,65509,65487,0,45323
65533,65509,65487,0,45350
65533,65509,65487,0,45379
65532,65509,65489,0,45407
65532,65509,65489,0,45435
65530,65510,65491,0,45463
65530,65510,65491,0,45491
65530,65510,65491,0,45519
65528,65509,65492,0,45547
65528,65509,65492,0,45576
65526,65509,65494,0,45603
65526,65509,65494,0,45632
65526,65509,65494,0,45660
65524,65508,65496,0,45687
65524,65508,65496,0,45716
65523,65507,65498,0,45744
65523,65507,65498,0,45772
65521,65505,65498,0,45800
65521,65505,65498,0,45829
65521,65505,65498,0,45856
65520,65504,65498,0,45884
65520,65504,65498,0,45913
65518,65503,65499,0,45940
65518,65503,65499,0,45969
65518,65503,65499,0,45997
65517,65501,65500,0,46024
65517,65501,65500,0,46053
65516,65499,65500,0,46081
65516,65499,65500,0,46109
65516,65499,65500,0,46137
65515,65498,65499,0,46166
65515,65498,65499,0,46193
65515,65496,65499,0,46221
65515,65496,65499,0,46249
65514,65495,65498,0,46277
65514,65495,65498,0,46306
65514,65495,65498,0,46333
65514,65494,65498,0,46362
65514,65494,65498,0,46390
65514,65494,65498,0,46417
65514,65494,65498,0,46446
65514,65494,65498,0,46474
65514,65494,65497,0,46502
65514,65494,65497,0,46530
65514,65494,65497,0,46558
65514,65494,65497,0,46586
65514,65494,65497,0,46614
65514,65494,65497,0,46643
65514,65494,65497,0,46670
65514,65494,65497,0,46699
65514,65494,65497,0,46727
65514,65494,65497,0,46754
65514,65494,65497,0,46783
65514,65494,65497,0,46811
65514,65494,65497,0,46839
65514,65494,65497,0,46867
65514,65494,65497,0,46896
65514,65494,65497,0,46923
65514,65494,65497,0,46951
65514,65494,65498,0,46980
65514,65494,65498,0,47007
65514,65494,65498,0,47036
65514,65494,65498,0,47064
65514,65494,65498,0,47092
65514,65494,65498,0,47120
65514,65494,65498,0,47148
65514,65494,65497,0,47176
65514,65494,65497,0,47204
65514,65494,65498,0,47233
65514,65494,65498,0,47260
65514,65494,65498,0,47288
65514,65494,65497,0,47316
65514,65494,65497,0,47344
65514,65494,65497,0,47373
65514,65494,65497,0,47400
65514,65494,65497,0,47429
65514,65494,65497,0,47457
65514,65494,65497,0,47484
65514,65493,65497,0,47513
65514,65493,65497,0,47541
65514,65493,65497,0,47569
65514,65493,65497,0,47597
65514,65493,65497,0,47626
65514,65494,65497,0,47653
65514,65494,65497,0,47681
65514,65494,65498,0,47710
65514,65494,65498,0,47737
65514,65494,65498,0,47766
65514,65494,65497,0,47794
65514,65494,65497,0,47821
65514,65494,65497,0,47850
65514,65494,65497,0,47878
65514,65494,65497,0,47906
65514,65494,65498,0,47934
65514,65494,65498,0,47963
65514,65494,65498,0,47990
65514,65494,65498,0,48018
65514,65494,65498,0,48047
65514,65494,65498,0,48074
65514,65494,65498,0,48103
65514,65495,65498,0,48131
65514,65495,65498,0,48159
65514,65495,65498,0,48187
65514,65495,65498,0,48215
65514,65495,65498,0,48243
65515,65496,65499,0,48271
65515,65496,65499,0,48300
65515,65497,65499,0,48327
65515,65497,65499,0,48355
65515,65497,65499,0,48384
65516,65499,65500,0,48411
65516,65499,65500,0,48440
65517,65500,65499,0,48467
65517,65500,65499,0,48496
65518,65501,65499,0,48524
65518,65501,65499,0,48551
65518,65501,65499,0,48580
65519,65503,65499,0,48608
65519,65503,65499,0,48636
65520,65504,65498,0,48664
65520,65504,65498,0,48693
65520,65504,65498,0,48720
65521,65505,65498,0,48748
65521,65505,65498,0,48777
65523,65507,65497,0,48804
65523,65507,65497,0,48833
65523,65507,65497,0,48861
65524,65508,65496,0,48889
65524,65508,65496,0,48917
65526,65509,65494,0,48945
65526,65509,65494,0,48973
65526,65509,65494,0,49001
65526,65509,65494,0,49030
65526,65509,65494,0,49057
65530,65509,65490,0,49085
65530,65509,65490,0,49114
65532,65509,65488,0,49141
65532,65509,65488,0,49170
65532,65509,65488,0,49198
65533,65509,65486,0,49226
65533,65509,65486,0,49254
65534,65508,65485,0,49282
65534,65508,65485,0,49310
65534,65508,65485,0,49338
65534,65506,65484,0,49367
65534,65506,65484,0,49394
65533,65506,65484,0,49423
65533,65506,65484,0,49451
65534,65506,65483,0,49478
65534,65506,65483,0,49507
65534,65506,65483,0,49534
65534,65506,65483,0,49563
65534,65506,65483,0,49591
65534,65505,65483,0,49618
65534,65505,65483,0,49647
65534,65505,65483,0,49675
65534,65505,65484,0,49703
65534,65505,65484,0,49731
65535,65506,65484,0,49760
65535,65506,65484,0,49787
65535,65506,65484,0,49815
0,65507,65483,0,49844
0,65507,65483,0,49867
0,65508,65481,0,49892
0,65508,65481,0,49915
0,65508,65481,0,49939
65535,65509,65478,0,49964
65535,65509,65478,0,49991
65535,65509,65478,0,50019
65534,65507,65476,0,50048
65534,65507,65476,0,50075
65534,65505,65475,0,50104
65534,65505,65475,0,50131
65533,65504,65476,0,50160
65533,65504,65476,0,50188
65533,65504,65476,0,50215
65533,65504,65479,0,50244
65533,65504,65479,0,50272
65533,65506,65482,0,50300
65533,65506,65482,0,50328
65533,65506,65482,0,50357
65531,65509,65483,0,50384
65531,65509,65483,0,50412
65531,65513,65483,0,50441
65531,65513,65483,0,50468
65531,65513,65483,0,50497
65532,65517,65480,0,50525
65532,65517,65480,0,50553
65534,65520,65474,0,50581
65534,65520,65474,0,50609
65534,65519,65463,0,50637
65534,65519,65463,0,50665
65534,65519,65463,0,50694
65532,65512,65454,0,50721
65532,65512,65454,0,50749
65529,65502,65451,0,50778
65529,65502,65451,0,50805
65529,65502,65451,0,50834
65525,65494,65454,0,50862
65525,65494,65454,0,50890
65519,65486,65459,0,50918
65519,65486,65459,0,50946
65519,65486,65459,0,50974
65515,65483,65467,0,51002
65515,65483,65467,0,51031
65509,65483,65475,0,51058
65509,65483,65475,0,51087
65507,65489,65479,0,51115
65507,65489,65479,0,51142
65507,65489,65479,0,51171
65508,65494,65478,0,51198
65508,65494,65478,0,51227
65511,65494,65476,0,51255
65511,65494,65476,0,51282
65511,65494,65476,0,51311
65511,65492,65476,0,51339
65511,65492,65476,0,51367
65511,65491,65478,0,51395
65511,65491,65478,0,51424
65511,65491,65478,0,51451
65511,65491,65479,0,51479
65511,65491,65479,0,51508
65512,65491,65480,0,51535
65512,65491,65480,0,51564
65511,65491,65481,0,51592
65511,65491,65481,0,51620
65511,65491,65481,0,51648
65512,65491,65482,0,51676
65512,65491,65482,0,51704
65511,65491,65483,0,51732
65511,65491,65483,0,51761
65511,65491,65483,0,51788
65512,65491,65483,0,51816
65512,65491,65483,0,51845
65512,65491,65483,0,51872
65512,65491,65483,0,51901
65512,65491,65483,0,51929
65512,65491,65484,0,51957
65512,65491,65484,0,51985
65512,65492,65484,0,52013
65512,65492,65484,0,52041
65511,65492,65484,0,52069
65511,65492,65484,0,52098
65511,65492,65484,0,52125
65512,65492,65485,0,52154
65512,65492,65485,0,52182
65512,65492,65485,0,52209
65512,65492,65485,0,52238
65512,65492,65485,0,52265
65511,65492,65485,0,52294
65511,65492,65485,0,52322
65512,65492,65485,0,52350
65512,65492,65485,0,52378
65512,65492,65485,0,52406
65512,65492,65485,0,52434
65512,65492,65485,0,52462
65512,65492,65485,0,52491
65512,65492,65485,0,52518
65512,65492,65485,0,52546
65512,65492,65485,0,52575
65512,65492,65485,0,52602
65512,65492,65485,0,52631
65512,65492,65485,0,52659
65512,65492,65485,0,52687
65512,65492,65485,0,52715
65512,65492,65485,0,52743
65512,65492,65485,0,52771
65512,65492,65485,0,52799
65512,65492,65485,0,52828
65512,65492,65485,0,52855
65512,65492,65485,0,52884
65512,65492,65485,0,52912
65512,65492,65485,0,52939
65512,65492,65485,0,52968
65512,65492,65485,0,52996
65512,65492,65485,0,53024
65512,65492,65485,0,53052
65512,65492,65485,0,53080
65512,65492,65484,0,53108
65512,65492,65484,0,53136
65512,65492,65484,0,53165
65512,65492,65484,0,53192
65512,65492,65484,0,53221
65512,65491,65484,0,53249
65512,65491,65484,0,53276
65512,65491,65482,0,53305
65512,65491,65482,0,53332
65512,65491,65482,0,53361
65512,65491,65482,0,53389
65512,65491,65482,0,53417
65512,65490,65480,0,53445
65512,65490,65480,0,53473
65512,65491,65478,0,53501
65512,65491,65478,0,53529
65512,65491,65478,0,53558
65512,65492,65476,0,53585
65512,65492,65476,0,53613
65512,65493,65475,0,53642
65512,65493,65475,0,53669
65512,65493,65475,0,53698
65510,65495,65477,0,53726
65510,65495,65477,0,53754
65509,65492,65479,0,53782
65509,65492,65479,0,53810
65509,65488,65478,0,53838
65509,65488,65478,0,53866
65509,65488,65478,0,53895
65512,65484,65474,0,53922
65512,65484,65474,0,53951
65517,65484,65467,0,53979
65517,65484,65467,0,54006
65517,65484,65467,0,54035
65523,65488,65462,0,54063
65523,65488,65462,0,54091
65528,65495,65457,0,54119
65528,65495,65457,0,54148
65528,65495,65457,0,54175
65531,65503,65455,0,54203
65531,65503,65455,0,54232
65534,65512,65458,0,54259
65534,65512,65458,0,54288
0,65518,65466,0,54316
0,65518,65466,0,54339
0,65518,65466,0,54364
65535,65518,65476,0,54387
65535,65518,65476,0,54416
65535,65518,65476,0,54444
65533,65514,65481,0,54471
65533,65514,65481,0,54500
65534,65509,65483,0,54528
65534,65509,65483,0,54556
65534,65509,65483,0,54584
65533,65506,65482,0,54611
65533,65506,65482,0,54640
65534,65504,65480,0,54668
65534,65504,65480,0,54696
65534,65503,65476,0,54724
65534,65503,65476,0,54753
65534,65503,65476,0,54780
65534,65505,65474,0,54808
65534,65505,65474,0,54837
65535,65507,65475,0,54864
65535,65507,65475,0,54893
65535,65507,65475,0,54921
0,65508,65478,0,54949
0,65508,65478,0,54973
0,65508,65481,0,54996
0,65508,65481,0,55021
0,65508,65481,0,55045
65535,65507,65483,0,55068
65535,65507,65483,0,55097
65535,65507,65483,0,55124
65535,65505,65483,0,55153
65535,65505,65483,0,55181
65535,65505,65484,0,55208
65535,65505,65484,0,55237
65535,65505,65484,0,55265
65534,65505,65483,0,55293
65534,65505,65483,0,55321
65534,65506,65483,0,55350
65534,65506,65483,0,55377
65534,65506,65483,0,55405
65534,65506,65483,0,55434
65534,65506,65483,0,55461
65534,65506,65483,0,55490
65534,65506,65483,0,55518
65534,65507,65484,0,55546
65534,65507,65484,0,55574
65534,65507,65484,0,55602
65534,65508,65485,0,55630
65534,65508,65485,0,55658
65534,65509,65486,0,55687
65534,65509,65486,0,55714
65534,65509,65486,0,55742
65533,65509,65488,0,55771
65533,65509,65488,0,55798
65531,65510,65489,0,55827
65531,65510,65489,0,55855
65529,65510,65491,0,55883
65529,65510,65491,0,55911
65529,65510,65491,0,55939
65528,65509,65493,0,55967
65528,65509,65493,0,55995
65526,65509,65494,0,56024
65526,65509,65494,0,56051
65526,65509,65494,0,56080
65525,65509,65496,0,56108
65525,65509,65496,0,56135
65524,65508,65497,0,56164
65524,65508,65497,0,56192
65524,65508,65497,0,56220
65523,65507,65498,0,56248
65523,65507,65498,0,56275
65523,65506,65498,0,56304
65523,65506,65498,0,56332
65522,65505,65498,0,56360
65522,65505,65498,0,56388
65522,65505,65498,0,56417
65522,65505,65498,0,56444
65522,65505,65498,0,56472
65522,65505,65499,0,56501
65522,65505,65499,0,56528
65522,65505,65499,0,56557
65522,65505,65498,0,56585
65522,65505,65498,0,56613
65521,65505,65498,0,56641
65521,65505,65498,0,56669
65521,65505,65498,0,56697
65522,65505,65498,0,56725
65522,65505,65498,0,56754
65521,65505,65498,0,56781
65521,65505,65498,0,56810
65521,65505,65498,0,56838
65521,65505,65498,0,56865
65521,65505,65498,0,56894
65522,65505,65498,0,56922
65522,65505,65498,0,56950
65521,65504,65498,0,56978
65521,65504,65498,0,57006
65521,65504,65498,0,57034
65521,65505,65498,0,57062
65521,65505,65498,0,57091
65522,65505,65498,0,57118
65522,65505,65498,0,57147
65522,65505,65498,0,57175
65522,65504,65498,0,57202
65522,65504,65498,0,57231
65521,65505,65498,0,57259
65521,65505,65498,0,57287
65521,65505,65498,0,57315
65521,65505,65498,0,57344
65521,65505,65498,0,57371
65522,65505,65498,0,57399
65522,65505,65498,0,57427
65522,65505,65498,0,57455
65522,65505,65498,0,57484
65522,65505,65498,0,57511
65522,65505,65498,0,57539
65522,65505,65498,0,57568
65522,65506,65498,0,57595
65522,65506,65498,0,57624
65522,65506,65498,0,57652
65523,65507,65497,0,57680
65523,65507,65497,0,57708
65524,65508,65497,0,57736
65524,65508,65497,0,57764
65525,65509,65495,0,57792
65525,65509,65495,0,57821
65525,65509,65495,0,57848
65527,65509,65493,0,57877
65527,65509,65493,0,57905
65529,65509,65492,0,57932
65529,65509,65492,0,57961
65529,65509,65492,0,57989
65531,65510,65490,0,58017
65531,65510,65490,0,58045
65532,65509,65488,0,58073
65532,65509,65488,0,58101
65532,65509,65488,0,58129
65534,65508,65485,0,58158
65534,65508,65485,0,58185
65534,65507,65484,0,58214
65534,65507,65484,0,58242
65534,65506,65483,0,58269
65534,65506,65483,0,58298
65534,65506,65483,0,58326
65534,65506,65483,0,58354
65534,65506,65483,0,58382
65534,65506,65482,0,58411
65534,65506,65482,0,58438
65534,65506,65482,0,58466
65534,65505,65482,0,58494
65534,65505,65482,0,58522
65535,65505,65483,0,58551
65535,65505,65483,0,58578
65535,65505,65483,0,58607
0,65507,65483,0,58635
0,65507,65483,0,58658
0,65508,65482,0,58683
0,65508,65482,0,58706
0,65508,65482,0,58730
0,65509,65479,0,58755
0,65509,65479,0,58778
0,65509,65479,0,58802
65535,65508,65476,0,58826
65535,65508,65476,0,58854
65533,65505,65475,0,58883
65533,65505,65475,0,58910
65533,65505,65475,0,58938
65533,65504,65476,0,58967
65533,65504,65476,0,58994
65532,65504,65479,0,59023
65532,65504,65479,0,59051
65532,65504,65479,0,59079
65532,65506,65481,0,59107
65532,65506,65481,0,59134
65531,65508,65482,0,59163
65531,65508,65482,0,59191
65531,65508,65482,0,59219
65530,65510,65483,0,59247
65530,65510,65483,0,59276
65529,65513,65482,0,59303
65529,65513,65482,0,59331
65530,65515,65481,0,59360
65530,65515,65481,0,59387
65530,65515,65481,0,59416
65531,65518,65480,0,59444
65531,65518,65480,0,59472
65534,65517,65479,0,59500
65534,65517,65479,0,59528
65534,65517,65479,0,59556
65532,65518,65477,0,59584
65532,65518,65477,0,59613
65532,65519,65476,0,59640
65532,65519,65476,0,59668
65532,65519,65476,0,59697
0,65517,65476,0,59724
0,65517,65476,0,59749
65533,65519,65474,0,59772
65533,65519,65474,0,59800
65533,65519,65474,0,59829
65535,65519,65474,0,59856
65535,65519,65474,0,59885
65535,65519,65473,0,59913
65535,65519,65473,0,59941
65535,65519,65473,0,59969
65533,65519,65472,0,59997
65533,65519,65472,0,60025
65534,65519,65472,0,60053
65534,65519,65472,0,60082
65533,65520,65471,0,60109
65533,65520,65471,0,60138
65533,65520,65471,0,60166
65534,65520,65470,0,60193
65534,65520,65470,0,60222
65534,65519,65470,0,60250
65534,65519,65470,0,60278
65534,65519,65470,0,60306
65533,65520,65470,0,60334
65533,65520,65470,0,60362
65533,65520,65469,0,60390
65533,65520,65469,0,60419
65533,65520,65469,0,60446
65535,65519,65471,0,60475
65535,65519,65471,0,60503
65534,65519,65470,0,60530
65534,65519,65470,0,60559
65534,65519,65470,0,60587
65534,65519,65470,0,60615
65534,65519,65470,0,60643
65535,65519,65472,0,60672
65535,65519,65472,0,60699
65534,65519,65472,0,60727
65534,65519,65472,0,60755
65534,65519,65472,0,60783
65535,65518,65474,0,60812
65535,65518,65474,0,60839
65535,65517,65476,0,60867
65535,65517,65476,0,60896
65535,65517,65476,0,60923
0,65516,65478,0,60952
0,65516,65478,0,60976
65535,65515,65480,0,60999
65535,65515,65480,0,61028
65535,65515,65480,0,61056
65534,65514,65481,0,61084
65534,65514,65481,0,61112
65534,65512,65482,0,61140
65534,65512,65482,0,61168
65534,65512,65482,0,61196
65534,65510,65482,0,61224
65534,65510,65482,0,61252
65533,65509,65482,0,61281
65533,65509,65482,0,61308
65533,65507,65481,0,61337
65533,65507,65481,0,61365
65533,65507,65481,0,61392
65534,65505,65480,0,61421
65534,65505,65480,0,61449
65533,65503,65478,0,61477
65533,65503,65478,0,61505
65533,65503,65478,0,61533
65533,65503,65476,0,61561
65533,65503,65476,0,61589
65533,65504,65474,0,61618
65533,65504,65474,0,61645
65533,65504,65474,0,61674
65533,65505,65474,0,61702
65533,65505,65474,0,61729
65534,65507,65475,0,61758
65534,65507,65475,0,61786
65535,65508,65479,0,61814
65535,65508,65479,0,61842
65535,65508,65479,0,61871
65535,65507,65481,0,61898
65535,65507,65481,0,61926
65535,65506,65482,0,61955
65535,65506,65482,0,61982
65535,65506,65482,0,62011
65534,65505,65483,0,62039
65534,65505,65483,0,62066
65534,65505,65482,0,62095
65534,65505,65482,0,62123
65534,65505,65482,0,62151
65534,65505,65481,0,62179
65534,65505,65481,0,62208
65533,65506,65482,0,62235
65533,65506,65482,0,62263
65533,65506,65482,0,62291
65533,65506,65482,0,62319
65533,65506,65482,0,62348
65535,65506,65483,0,62375
65535,65506,65483,0,62404
65534,65508,65484,0,62432
65534,65508,65484,0,62459
65534,65508,65484,0,62488
65534,65509,65486,0,62516
65534,65509,65486,0,62544
65532,65509,65488,0,62572
65532,65509,65488,0,62601
65532,65509,65488,0,62628
65532,65509,65488,0,62656
65532,65509,65488,0,62685
65527,65509,65493,0,62712
65527,65509,65493,0,62741
65525,65509,65496,0,62769
65525,65509,65496,0,62796
65525,65509,65496,0,62825
65523,65506,65498,0,62853
65523,65506,65498,0,62881
65521,65504,65498,0,62909
65521,65504,65498,0,62938
65521,65504,65498,0,62965
65519,65503,65499,0,62993
65519,65503,65499,0,63022
65517,65500,65500,0,63049
65517,65500,65500,0,63078
65516,65496,65499,0,63106
65516,65496,65499,0,63134
65516,65496,65499,0,63162
65515,65493,65497,0,63190
65515,65493,65497,0,63218
65515,65491,65493,0,63246
65515,65491,65493,0,63275
65515,65491,65493,0,63302
65515,65489,65491,0,63330
65515,65489,65491,0,63358
65515,65488,65488,0,63386
65515,65488,65488,0,63415
65515,65488,65488,0,63442
65515,65488,65485,0,63471
65515,65488,65485,0,63499
65516,65488,65482,0,63526
65516,65488,65482,0,63555
65516,65489,65480,0,63583
65516,65489,65480,0,63611
65516,65489,65480,0,63639
65517,65489,65478,0,63668
65517,65489,65478,0,63695
65517,65491,65476,0,63723
65517,65491,65476,0,63752
65517,65491,65476,0,63779
65517,65492,65474,0,63808
65517,65492,65474,0,63836
65518,65493,65473,0,63863
65518,65493,65473,0,63892
65518,65493,65473,0,63920
65518,65495,65472,0,63948
65518,65495,65472,0,63976
65519,65497,65471,0,64005
65519,65497,65471,0,64032
65519,65499,65471,0,64060
65519,65499,65471,0,64089
65519,65499,65471,0,64116
65519,65500,65471,0,64145
65519,65500,65471,0,64173
65519,65501,65472,0,64201
65519,65501,65472,0,64229
65519,65501,65472,0,64257
65519,65502,65472,0,64285
65519,65502,65472,0,64313
65519,65503,65472,0,64342
65519,65503,65472,0,64369
65519,65503,65472,0,64398
65519,65502,65472,0,64425
65519,65502,65472,0,64453
65519,65501,65472,0,64482
65519,65501,65472,0,64509
65519,65499,65471,0,64538
65519,65499,65471,0,64566
65519,65499,65471,0,64593
65518,65496,65473,0,64622
65518,65496,65473,0,64650
65517,65492,65475,0,64678
65517,65492,65475,0,64706
65517,65492,65475,0,64735
65517,65489,65481,0,64762
65517,65489,65481,0,64790
65515,65490,65488,0,64819
65515,65490,65488,0,64846
65515,65490,65488,0,64875
65515,65492,65495,0,64903
65515,65492,65495,0,64931
65517,65498,65499,0,64959
65517,65498,65499,0,64987
65519,65503,65498,0,65015
65519,65503,65498,0,65043
65519,65503,65498,0,65072
65522,65505,65497,0,65099
65522,65505,65497,0,65127
65525,65509,65495,0,65156
65525,65509,65495,0,65183
65525,65509,65495,0,65212
65528,65510,65492,0,65240
65528,65510,65492,0,65268
65532,65509,65488,0,65296
65532,65509,65488,0,65324
65532,65509,65488,0,65352
65534,65508,65485,0,65380
65534,65508,65485,0,65409
65534,65506,65483,0,65436
65534,65506,65483,0,65465
65534,65506,65482,0,65492
65534,65506,65482,0,65520
65534,65506,65482,0,13
65534,65506,65482,0,37
65534,65506,65482,0,63
65534,65506,65482,0,88
65535,65505,65483,0,112
65535,65505,65483,0,139
0,65507,65482,0,164
0,65507,65482,0,186
0,65507,65482,0,208
65535,65508,65479,0,230
65535,65508,65479,0,256
65535,65508,65479,0,282
65534,65507,65474,0,308
65534,65507,65474,0,334
65534,65507,65474,0,360
65533,65504,65475,0,386
65533,65504,65475,0,412
65532,65505,65479,0,438
65532,65505,65479,0,464
65532,65505,65479,0,490
65531,65511,65482,0,516
65531,65511,65482,0,542
65532,65519,65476,0,568
65532,65519,65476,0,594
65532,65519,65476,0,620
65533,65517,65459,0,646
65533,65517,65459,0,672
65533,65517,65459,0,698
65530,65499,65453,0,723
65530,65499,65453,0,750
65522,65485,65461,0,776
65522,65485,65461,0,802
65522,65485,65461,0,828
65509,65484,65478,0,854
65509,65484,65478,0,880
65509,65484,65478,0,906
65509,65496,65476,0,932
65509,65496,65476,0,958
65511,65490,65479,0,984
65511,65490,65479,0,1010
65511,65490,65479,0,1037
65512,65493,65485,0,1064
65512,65493,65485,0,1091
65512,65496,65488,0,1118
65512,65496,65488,0,1145
65512,65496,65488,0,1172
65513,65499,65489,0,1200
65513,65499,65489,0,1226
65513,65501,65489,0,1253
65513,65501,65489,0,1281
65513,65501,65489,0,1307
65513,65502,65490,0,1335
65513,65502,65490,0,1361
65513,65503,65490,0,1388
65513,65503,65490,0,1416
65513,65503,65490,0,1442
65513,65504,65489,0,1470
65513,65504,65489,0,1497
65513,65504,65489,0,1524
65513,65504,65489,0,1551
65513,65504,65489,0,1577
65513,65505,65489,0,1605
65513,65505,65489,0,1632
65513,65505,65489,0,1659
65513,65505,65489,0,1686
65513,65505,65489,0,1713
65513,65505,65489,0,1740
65513,65505,65489,0,1767
65513,65505,65489,0,1795
65513,65505,65489,0,1821
65513,65505,65489,0,1848
65513,65506,65489,0,1875
65513,65506,65489,0,1902
65513,65506,65489,0,1930
65513,65506,65489,0,1956
65513,65506,65489,0,1983
65513,65506,65489,0,2011
65513,65506,65489,0,2037
65513,65506,65489,0,2065
65514,65506,65489,0,2092
65514,65506,65489,0,2118
65514,65506,65489,0,2146
65514,65506,65489,0,2172
65514,65506,65489,0,2200
65514,65506,65489,0,2227
65514,65506,65489,0,2253
65513,65507,65489,0,2281
65513,65507,65489,0,2308
65513,65507,65489,0,2335
65514,65506,65489,0,2362
65514,65506,65489,0,2390
65514,65507,65489,0,2416
65514,65507,65489,0,2443
65514,65507,65489,0,2470
65514,65506,65489,0,2497
65514,65506,65489,0,2525
65513,65506,65488,0,2551
65513,65506,65488,0,2578
65513,65506,65488,0,2606
65514,65507,65489,0,2632
65514,65507,65489,0,2660
65514,65506,65489,0,2686
65514,65506,65489,0,2713
65514,65506,65489,0,2741
65514,65507,65489,0,2767
65514,65507,65489,0,2795
65514,65507,65489,0,2822
65514,65507,65489,0,2848
65514,65507,65489,0,2876
65514,65507,65489,0,2903
65514,65507,65489,0,2930
65514,65506,65489,0,2957
65514,65506,65489,0,2983
65514,65506,65489,0,3011
65514,65507,65488,0,3038
65514,65507,65488,0,3065
65514,65507,65489,0,3092
65514,65507,65489,0,3119
65514,65507,65489,0,3146
65514,65507,65489,0,3173
65514,65507,65489,0,3201
65514,65507,65489,0,3227
65514,65507,65489,0,3255
65514,65507,65489,0,3281
65514,65507,65488,0,3308
65514,65507,65488,0,3336
65514,65507,65488,0,3362
65514,65507,65488,0,3390
65514,65507,65488,0,3417
65514,65507,65489,0,3443
65514,65507,65489,0,3471
65514,65507,65489,0,3497
65514,65507,65489,0,3525
65514,65507,65489,0,3552
65514,65507,65488,0,3578
65514,65507,65488,0,3606
65514,65507,65488,0,3633
65514,65507,65488,0,3660
65514,65507,65488,0,3687
65514,65507,65488,0,3714
65514,65507,65488,0,3741
65514,65507,65488,0,3768
65514,65507,65488,0,3795
65514,65507,65488,0,3822
65514,65507,65488,0,3849
65514,65507,65488,0,3876
65514,65507,65488,0,3903
65514,65507,65488,0,3931
65514,65507,65488,0,3957
65514,65507,65489,0,3984
65514,65507,65489,0,4012
65514,65507,65489,0,4038
65514,65507,65489,0,4066
65514,65507,65489,0,4092
65513,65507,65488,0,4120
65513,65507,65488,0,4147
65513,65507,65488,0,4173
65514,65506,65488,0,4201
65514,65506,65488,0,4228
65514,65507,65488,0,4255
65514,65507,65488,0,4282
65514,65507,65488,0,4308
65514,65507,65488,0,4336
65514,65507,65488,0,4363
65514,65507,65488,0,4390
65514,65507,65488,0,4417
65514,65507,65488,0,4444
65514,65507,65488,0,4471
65514,65507,65488,0,4498
65513,65507,65489,0,4526
65513,65507,65489,0,4552
65513,65507,65489,0,4579
65514,65507,65488,0,4606
65514,65507,65488,0,4633
65514,65507,65488,0,4661
65514,65507,65488,0,4687
65514,65507,65488,0,4714
65514,65507,65488,0,4742
65514,65507,65488,0,4768
65514,65507,65489,0,4796
65514,65507,65489,0,4823
65514,65507,65489,0,4849
65514,65507,65488,0,4877
65514,65507,65488,0,4903
65514,65507,65488,0,4931
65514,65507,65488,0,4958
65514,65507,65488,0,4985
65514,65507,65489,0,5012
65514,65507,65489,0,5039
65514,65507,65488,0,5066
65514,65507,65488,0,5093
65514,65507,65488,0,5121
65514,65507,65488,0,5147
65514,65507,65488,0,5174
65514,65507,65488,0,5201
65513,65507,65488,0,5228
65513,65507,65488,0,5256
65514,65507,65489,0,5282
65514,65507,65489,0,5309
65514,65507,65489,0,5337
65514,65507,65489,0,5363
65514,65507,65489,0,5391
65514,65507,65488,0,5417
65514,65507,65488,0,5444
65514,65507,65488,0,5472
65513,65507,65489,0,5498
65513,65507,65489,0,5526
65514,65507,65488,0,5553
65514,65507,65488,0,5579
65514,65507,65488,0,5607
65514,65507,65488,0,5634
65514,65507,65488,0,5661
65514,65507,65488,0,5688
65514,65507,65488,0,5714
65514,65507,65488,0,5742
65514,65507,65489,0,5769
65514,65507,65489,0,5796
65514,65507,65489,0,5823
65514,65507,65489,0,5851
65514,65507,65489,0,5877
65514,65507,65488,0,5904
65514,65507,65488,0,5932
65514,65507,65489,0,5958
65514,65507,65489,0,5986
65514,65507,65489,0,6012
65513,65507,65488,0,6039
65513,65507,65488,0,6067
65514,65507,65489,0,6093
65514,65507,65489,0,6121
65514,65507,65489,0,6148
65513,65507,65489,0,6174
65513,65507,65489,0,6202
65514,65507,65488,0,6228
65514,65507,65488,0,6256
65514,65507,65488,0,6283
65514,65507,65488,0,6309
65514,65507,65488,0,6337
65514,65507,65488,0,6364
65514,65507,65488,0,6391
65514,65507,65488,0,6418
65514,65507,65488,0,6445
65514,65507,65488,0,6472
65514,65507,65489,0,6499
65514,65507,65489,0,6526
65514,65507,65489,0,6553
65513,65507,65489,0,6580
65513,65507,65489,0,6607
65514,65507,65488,0,6634
65514,65507,65488,0,6662
65514,65507,65488,0,6688
65514,65507,65488,0,6716
65514,65507,65488,0,6743
65514,65507,65489,0,6769
65514,65507,65489,0,6797
65514,65507,65489,0,6823
65514,65507,65489,0,6851
65514,65507,65489,0,6878
65514,65507,65489,0,6904
65514,65507,65488,0,6932
65514,65507,65488,0,6959
65513,65507,65488,0,6986
65513,65507,65488,0,7013
65513,65507,65488,0,7040
65514,65507,65489,0,7067
65514,65507,65489,0,7094
65514,65507,65489,0,7121
65514,65507,65489,0,7148
65514,65507,65489,0,7175
65513,65507,65489,0,7202
65513,65507,65489,0,7229
65514,65507,65489,0,7257
65514,65507,65489,0,7283
65514,65507,65489,0,7310
65514,65507,65489,0,7337
65514,65507,65489,0,7364
65514,65507,65488,0,7392
65514,65507,65488,0,7418
65514,65507,65488,0,7445
65514,65507,65488,0,7473
65514,65507,65488,0,7499
65513,65507,65488,0,7527
65513,65507,65488,0,7554
65513,65507,65488,0,7581
65514,65507,65488,0,7608
65514,65507,65488,0,7634
65513,65507,65489,0,7662
65513,65507,65489,0,7689
65513,65507,65489,0,7716
65513,65507,65488,0,7743
65513,65507,65488,0,7770
65514,65507,65488,0,7797
65514,65507,65488,0,7824
65514,65507,65488,0,7852
65513,65507,65488,0,7878
65513,65507,65488,0,7905
65514,65507,65489,0,7932