65533,0,65482,0,21093
65533,0,65482,0,21117
65533,0,65482,0,21141
65533,0,65481,0,21165
65533,0,65481,0,21189
65533,0,65481,0,21213
65533,0,65481,0,21237
65533,0,65481,0,21261
65533,0,65481,0,21284
65533,0,65482,0,21309
65533,0,65482,0,21332
65533,0,65481,0,21356
65533,0,65481,0,21381
65533,0,65481,0,21404
65533,0,65481,0,21428
65533,0,65481,0,21452
65533,0,65481,0,21476
65533,0,65481,0,21499
65533,0,65481,0,21524
65533,0,65481,0,21548
65533,0,65481,0,21572
65533,0,65481,0,21596
65533,0,65481,0,21619
65533,0,65481,0,21644
65533,0,65481,0,21667
65533,0,65481,0,21691
65533,0,65481,0,21715
65533,0,65481,0,21739
65533,0,65481,0,21763
65533,0,65481,0,21787
65533,0,65481,0,21811
65533,0,65481,0,21834
65533,0,65481,0,21859
65533,0,65481,0,21882
65533,0,65481,0,21907
65533,0,65481,0,21931
65533,0,65481,0,21954
65533,0,65481,0,21979
65533,0,65481,0,22002
65533,0,65481,0,22026
65533,0,65481,0,22050
65533,0,65481,0,22074
65533,0,65481,0,22097
65533,0,65481,0,22122
65533,0,65481,0,22146
65533,0,65481,0,22170
65533,0,65481,0,22194
65533,0,65481,0,22217
65533,0,65481,0,22242
65533,0,65481,0,22265
65533,0,65481,0,22289
65533,0,65481,0,22313
65533,0,65481,0,22337
65533,0,65481,0,22361
65533,0,65481,0,22385
65533,0,65481,0,22409
65533,0,65481,0,22432
65533,0,65481,0,22457
65533,0,65481,0,22480
65533,0,65481,0,22505
65533,0,65481,0,22529
65533,0,65481,0,22552
65533,0,65481,0,22577
65533,0,65481,0,22600
65533,0,65481,0,22624
65533,0,65481,0,22648
65533,0,65481,0,22672
65533,0,65481,0,22695
65533,0,65481,0,22720
65533,0,65481,0,22744
65533,0,65481,0,22768
65533,0,65481,0,22792
65533,0,65481,0,22815
65533,0,65481,0,22840
65533,0,65481,0,22863
65533,0,65481,0,22887
65533,0,65481,0,22912
65533,0,65481,0,22935
65533,0,65481,0,22959
65533,0,65481,0,22983
65533,0,65481,0,23007
65533,0,65481,0,23030
65533,0,65481,0,23055
65533,0,65481,0,23078
65533,0,65481,0,23103
65533,0,65481,0,23127
65533,0,65481,0,23150
65533,0,65481,0,23175
65533,0,65481,0,23198
65533,0,65481,0,23222
65533,0,65481,0,23246
65533,0,65481,0,23270
65533,0,65481,0,23293
65533,0,65481,0,23318
65533,0,65481,0,23342
65533,0,65481,0,23365
65533,0,65481,0,23390
65533,0,65481,0,23413
65533,0,65481,0,23438
65533,0,65481,0,23461
65533,0,65481,0,23485
65533,0,65481,0,23510
65533,0,65481,0,23533
65533,0,65481,0,23557
65533,0,65481,0,23581
65533,0,65481,0,23605
65533,0,65481,0,23628
65533,0,65481,0,23653
65533,0,65481,0,23676
65533,0,65481,0,23701
65533,0,65481,0,23725
65533,0,65481,0,23748
65533,0,65481,0,23773
65533,0,65481,0,23796
65533,0,65481,0,23820
65533,0,65481,0,23844
65533,0,65481,0,23868
65533,0,65481,0,23891
65533,0,65481,0,23916
65533,0,65481,0,23940
65533,0,65481,0,23963
65533,0,65481,0,23988
65533,0,65481,0,24011
65533,0,65481,0,24036
65533,0,65481,0,24059
65533,0,65481,0,24083
65533,0,65481,0,24108
65533,0,65481,0,24131
65532,0,65481,0,24155
65532,0,65481,0,24179
65532,0,65481,0,24203
65533,0,65481,0,24226
65533,0,65481,0,24251
65533,0,65481,0,24274
65533,0,65481,0,24299
65533,0,65481,0,24323
65533,0,65481,0,24346
65533,0,65481,0,24371
65533,0,65481,0,24394
65533,0,65481,0,24418
65533,0,65481,0,24442
65533,0,65481,0,24466
65533,0,65481,0,24489
65533,0,65481,0,24514
65533,0,65481,0,24538
65533,0,65481,0,24561
65533,0,65481,0,24586
65533,0,65481,0,24609
65533,0,65481,0,24634
65533,0,65481,0,24657
65533,0,65481,0,24681
65533,0,65481,0,24706
65533,0,65481,0,24729
65533,0,65481,0,24753
65533,0,65481,0,24777
65533,0,65481,0,24801
65533,0,65481,0,24824
65533,0,65481,0,24849
65533,0,65481,0,24872
65533,0,65481,0,24896
65533,0,65481,0,24921
65533,0,65481,0,24944
65533,0,65481,0,24969
65533,0,65481,0,24992
65533,0,65481,0,25016
65533,0,65481,0,25040
65533,0,65481,0,25064
65533,0,65481,0,25088
65533,0,65481,0,25112
65533,0,65481,0,25136
65533,0,65481,0,25159
65533,0,65481,0,25184
65533,0,65481,0,25207
65533,0,65481,0,25232
65533,0,65481,0,25255
65533,0,65481,0,25279
65533,0,65481,0,25304
65533,0,65481,0,25327
65533,0,65481,0,25351
65533,0,65481,0,25375
65533,0,65481,0,25399
65533,0,65481,0,25422
65533,0,65481,0,25447
65533,0,65481,0,25470
65533,0,65481,0,25494
65533,0,65481,0,25519
65533,0,65481,0,25542
65533,0,65481,0,25567
65533,0,65481,0,25590
65533,0,65481,0,25614
65533,0,65481,0,25638
65533,0,65481,0,25662
65533,0,65481,0,25686
65533,0,65481,0,25710
65533,0,65481,0,25734
65533,0,65481,0,25757
65533,0,65481,0,25782
65533,0,65481,0,25805
65533,0,65481,0,25830
65533,0,65481,0,25853
65533,0,65481,0,25877
65533,0,65481,0,25902
65533,0,65481,0,25925
65533,0,65481,0,25949
65533,0,65481,0,25973
65533,0,65481,0,25997
65533,0,65481,0,26020
65533,0,65481,0,26045
65533,0,65481,0,26068
65533,0,65481,0,26092
65533,0,65481,0,26117
65533,0,65481,0,26140
65533,0,65481,0,26165
65533,0,65481,0,26188
65533,0,65481,0,26212
65533,0,65481,0,26236
65533,0,65481,0,26260
65533,0,65481,0,26284
65533,0,65481,0,26308
65533,0,65481,0,26332
65533,0,65481,0,26355
65533,0,65481,0,26380
65533,0,65481,0,26403
65533,0,65481,0,26427
65533,0,65481,0,26451
65533,0,65481,0,26475
65533,0,65481,0,26500
65533,0,65481,0,26523
65533,0,65481,0,26547
65533,0,65481,0,26571
65533,0,65481,0,26595
65533,0,65481,0,26618
65533,0,65481,0,26643
65533,0,65481,0,26667
65533,0,65481,0,26690
65533,0,65481,0,26715
65533,0,65481,0,26738
65533,0,65481,0,26763
65533,0,65481,0,26786
65533,0,65481,0,26810
65533,0,65481,0,26834
65533,0,65481,0,26858
65533,0,65481,0,26882
65533,0,65481,0,26906
65533,0,65481,0,26930
65533,0,65481,0,26953
65533,0,65481,0,26978
65533,0,65481,0,27001
65533,0,65481,0,27025
65533,0,65481,0,27049
65533,0,65481,0,27073
65533,0,65481,0,27098
65533,0,65481,0,27121
65533,0,65481,0,27145
65533,0,65481,0,27169
65533,0,65481,0,27193
65533,0,65481,0,27216
65533,0,65481,0,27241
65533,0,65481,0,27265
65533,0,65481,0,27288
65533,0,65481,0,27313
65533,0,65481,0,27336
65533,0,65481,0,27361
65533,0,65481,0,27384
65533,0,65481,0,27408
65533,0,65481,0,27432
65533,0,65481,0,27456
65533,0,65481,0,27480
65533,0,65481,0,27504
65533,0,65481,0,27528
65533,0,65481,0,27551
65533,0,65481,0,27576
65533,0,65481,0,27599
65533,0,65481,0,27623
65533,0,65481,0,27648
65533,0,65481,0,27671
65533,0,65481,0,27696
65533,0,65481,0,27719
65533,0,65481,0,27743
65533,0,65481,0,27767
65533,0,65481,0,27791
65533,0,65481,0,27814
65533,0,65481,0,27839
65533,0,65481,0,27863
65533,0,65481,0,27886
65533,0,65481,0,27911
65533,0,65481,0,27934
65533,0,65481,0,27958
65533,0,65481,0,27982
65533,0,65481,0,28006
65533,0,65481,0,28030
65533,0,65481,0,28054
65533,0,65481,0,28078
65533,0,65481,0,28102
65533,0,65481,0,28126
65533,0,65481,0,28149
65533,0,65481,0,28174
65533,0,65481,0,28197
65533,0,65481,0,28221
65533,0,65481,0,28246
65533,0,65481,0,28269
65533,0,65481,0,28294
65533,0,65481,0,28317
65533,0,65481,0,28341
65533,0,65481,0,28365
65533,0,65481,0,28389
65533,0,65481,0,28412
65533,0,65481,0,28437
65533,0,65481,0,28461
65533,0,65481,0,28484
65533,0,65481,0,28509
65533,0,65481,0,28532
65533,0,65481,0,28556
65533,0,65481,0,28580
65533,0,65481,0,28604
65533,0,65481,0,28628
65533,0,65481,0,28652
65533,0,65481,0,28676
65533,0,65481,0,28700
65533,0,65481,0,28724
65533,0,65481,0,28747
65533,0,65481,0,28772
65533,0,65481,0,28795
65533,0,65481,0,28819
65533,0,65481,0,28844
65533,0,65481,0,28867
65533,0,65481,0,28892
65533,0,65481,0,28915
65533,0,65481,0,28939
65533,0,65481,0,28963
65533,0,65481,0,28987
65533,0,65481,0,29010
65533,0,65481,0,29035
65533,0,65481,0,29059
65533,0,65481,0,29082
65533,0,65481,0,29107
65533,0,65481,0,29130
65533,0,65481,0,29154
65533,0,65481,0,29178
65533,0,65481,0,29202
65533,0,65481,0,29227
65533,0,65481,0,29250
65533,0,65481,0,29274
65533,0,65481,0,29298
65533,0,65481,0,29322
65533,0,65481,0,29345
65533,0,65481,0,29370
65533,0,65481,0,29393
65533,0,65481,0,29417
65533,0,65481,0,29442
65533,0,65481,0,29465
65533,0,65481,0,29489
65533,0,65481,0,29513
65533,0,65481,0,29537
65533,0,65481,0,29561
65533,0,65481,0,29585
65533,0,65481,0,29608
65533,0,65481,0,29633
65533,0,65481,0,29657
65533,0,65481,0,29680
65533,0,65481,0,29705
65533,0,65481,0,29728
65533,0,65481,0,29752
65533,0,65481,0,29776
65533,0,65481,0,29800
65533,0,65481,0,29825
65533,0,65481,0,29848
65533,0,65481,0,29872
65533,0,65481,0,29896
65533,0,65481,0,29920
65533,0,65481,0,29943
65533,0,65481,0,29968
65533,0,65481,0,29991
65533,0,65481,0,30015
65533,0,65481,0,30040
65533,0,65481,0,30063
65533,0,65481,0,30087
65533,0,65481,0,30111
65533,0,65481,0,30135
65533,0,65481,0,30159
65533,0,65481,0,30183
65533,0,65481,0,30206
65532,0,65481,0,30231
65532,0,65481,0,30255
65532,0,65481,0,30278
65533,0,65481,0,30303
65533,0,65481,0,30326
65533,0,65481,0,30350
65533,0,65481,0,30374
65533,0,65481,0,30398
65533,0,65481,0,30423
65533,0,65481,0,30446
65533,0,65481,0,30470
65533,0,65481,0,30494
65533,0,65481,0,30518
65533,0,65481,0,30541
65533,0,65481,0,30566
65533,0,65481,0,30589
65533,0,65481,0,30613
65533,0,65481,0,30638
65533,0,65481,0,30661
65533,0,65481,0,30685
65533,0,65481,0,30709
65533,0,65481,0,30733
65533,0,65481,0,30757
65533,0,65481,0,30781
65533,0,65481,0,30804
65533,0,65481,0,30829
65533,0,65481,0,30853
65533,0,65481,0,30876
65533,0,65481,0,30901
65533,0,65481,0,30924
65533,0,65481,0,30948
65533,0,65480,0,30972
65533,0,65480,0,30996
65533,0,65480,0,31020
65533,0,65481,0,31044
65533,0,65481,0,31068
65533,0,65481,0,31092
65533,0,65481,0,31116
65533,0,65481,0,31139
65533,0,65481,0,31164
65533,0,65481,0,31187
65533,0,65481,0,31211
65533,0,65481,0,31236
65533,0,65481,0,31259
65533,0,65481,0,31283
65533,0,65481,0,31307
65533,0,65481,0,31331
65533,0,65481,0,31355
65533,0,65481,0,31379
65533,0,65481,0,31403
65533,0,65481,0,31427
65533,0,65481,0,31451
65533,0,65481,0,31474
65533,0,65481,0,31499
65533,0,65481,0,31522
65533,0,65481,0,31546
65533,0,65481,0,31570
65533,0,65481,0,31594
65533,0,65481,0,31618
65533,0,65481,0,31642
65533,0,65481,0,31666
65533,0,65481,0,31690
65533,0,65481,0,31714
65533,0,65481,0,31737
65533,0,65481,0,31762
65533,0,65481,0,31785
65533,0,65481,0,31809
65533,0,65481,0,31834
65533,0,65481,0,31857
65533,0,65481,0,31881
65533,0,65481,0,31905
65533,0,65481,0,31929
65533,0,65481,0,31953
65533,0,65481,0,31977
65533,0,65481,0,32001
65533,0,65481,0,32025
65533,0,65481,0,32049
65533,0,65481,0,32072
65533,0,65481,0,32097
65533,0,65481,0,32120
65533,0,65481,0,32144
65533,0,65481,0,32168
65533,0,65481,0,32192
65532,0,65481,0,32216
65532,0,65481,0,32240
65532,0,65481,0,32264
65533,0,65481,0,32288
65533,0,65481,0,32312
65533,0,65481,0,32335
65533,0,65481,0,32360
65533,0,65481,0,32384
65533,0,65481,0,32407
65533,0,65481,0,32432
65533,0,65481,0,32455
65533,0,65481,0,32479
65533,0,65481,0,32503
65533,0,65481,0,32527
65533,0,65481,0,32550
65533,0,65481,0,32575
65533,0,65481,0,32599
65533,0,65481,0,32623
65533,0,65481,0,32647
65533,0,65481,0,32670
65533,0,65481,0,32695
65533,0,65481,0,32718
65533,0,65481,0,32742
65533,0,65481,0,32766
65533,0,65481,0,32790
65533,0,65481,0,32814
65533,0,65481,0,32838
65533,0,65481,0,32862
65533,0,65481,0,32886
65533,0,65481,0,32910
65533,0,65481,0,32933
65533,0,65481,0,32958
65533,0,65481,0,32982
65533,0,65481,0,33005
65533,0,65481,0,33030
65533,0,65481,0,33053
65533,0,65481,0,33077
65533,0,65482,0,33101
65533,0,65482,0,33125
65533,0,65482,0,33148
65533,0,65481,0,33173
65533,0,65481,0,33197
65533,0,65481,0,33221
65534,0,65482,0,33245
65534,0,65482,0,33268
65534,0,65482,0,33293
65534,0,65482,0,33316
65534,0,65482,0,33340
65534,65535,65482,0,33364
65534,65535,65482,0,33392
65534,65535,65482,0,33421
65534,65535,65482,0,33448
65534,65535,65482,0,33476
65535,65535,65483,0,33505
65535,65535,65483,0,33532
65535,65535,65483,0,33561
65535,65535,65483,0,33589
65535,65535,65483,0,33617
0,65534,65484,0,33645
0,65534,65484,0,33669
0,65534,65484,0,33693
2,65534,65484,0,33717
2,65534,65484,0,33740
2,65534,65484,0,33765
5,65532,65484,0,33788
5,65532,65484,0,33812
5,65532,65484,0,33837
10,65528,65481,0,33860
10,65528,65481,0,33886
12,65524,65475,0,33910
12,65524,65475,0,33935
12,65524,65475,0,33960
12,65525,65464,0,33985
12,65525,65464,0,34010
12,65525,65464,0,34035
5,65532,65445,0,34060
5,65532,65445,0,34084
5,65532,65445,0,34108
65520,65533,65448,0,34131
65520,65533,65448,0,34160
65517,65526,65481,0,34188
65517,65526,65481,0,34216
65517,65526,65481,0,34244
65525,65527,65489,0,34272
65525,65527,65489,0,34300
65527,65531,65489,0,34328
65527,65531,65489,0,34357
65526,1,65485,0,34384
65526,1,65485,0,34408
65526,1,65485,0,34433
65526,8,65483,0,34456
65526,8,65483,0,34480
65526,8,65483,0,34504
65527,12,65483,0,34528
65527,12,65483,0,34553
65527,12,65483,0,34578
65530,13,65483,0,34603
65530,13,65483,0,34628
65530,13,65483,0,34653
65534,11,65483,0,34677
65534,11,65483,0,34703
65535,7,65482,0,34727
65535,7,65482,0,34752
65535,7,65482,0,34776
65534,4,65481,0,34799
65534,4,65481,0,34824
65534,4,65481,0,34847
65533,4,65481,0,34871
65533,4,65481,0,34895
65533,4,65481,0,34919
65534,4,65484,0,34942
65534,4,65484,0,34967
65534,4,65484,0,34991
0,0,65486,0,35015
0,0,65486,0,35035
0,0,65486,0,35054
1,65532,65488,0,35074
1,65532,65488,0,35098
1,65532,65488,0,35122
4,65527,65488,0,35145
4,65527,65488,0,35170
4,65527,65488,0,35193
8,65523,65486,0,35218
8,65523,65486,0,35241
8,65523,65486,0,35265
11,65522,65480,0,35290
11,65522,65480,0,35314
9,65524,65471,0,35339
9,65524,65471,0,35363
9,65524,65471,0,35387
65535,65527,65467,0,35410
65535,65527,65467,0,35439
65535,65527,65467,0,35467
65532,65531,65474,0,35495
65532,65531,65474,0,35523
0,65534,65477,0,35552
0,65534,65477,0,35575
0,65534,65477,0,35599
5,65534,65474,0,35623
5,65534,65474,0,35647
5,65534,65474,0,35671
6,65535,65469,0,35695
6,65535,65469,0,35719
6,65535,65469,0,35742
7,65534,65465,0,35767
7,65534,65465,0,35790
7,65534,65465,0,35815
7,65534,65465,0,35838
7,65534,65465,0,35862
65535,65530,65457,0,35887
65535,65530,65457,0,35914
65535,65530,65457,0,35942
65529,65530,65458,0,35971
65529,65530,65458,0,35998
65524,65530,65461,0,36027
65524,65530,65461,0,36055
65524,65530,65461,0,36083
65521,65531,65465,0,36111
65521,65531,65465,0,36139
65520,65532,65469,0,36167
65520,65532,65469,0,36195
65520,65532,65469,0,36224
65520,65533,65473,0,36251
65520,65533,65473,0,36280
65521,65533,65475,0,36307
65521,65533,65475,0,36335
65522,65534,65477,0,36364
65522,65534,65477,0,36391
65522,65534,65477,0,36420
65523,65534,65479,0,36448
65523,65534,65479,0,36475
65525,65535,65479,0,36504
65525,65535,65479,0,36532
65525,65535,65479,0,36560
65525,65535,65480,0,36588
65525,65535,65480,0,36617
65526,65535,65480,0,36644
65526,65535,65480,0,36672
65526,65535,65480,0,36701
65527,0,65480,0,36728
65527,0,65480,0,36753
65527,0,65481,0,36776
65527,0,65481,0,36800
65527,0,65481,0,36825
65528,0,65481,0,36848
65528,0,65481,0,36872
65528,0,65481,0,36896
65528,0,65481,0,36920
65528,0,65481,0,36944
65528,0,65481,0,36968
65528,0,65481,0,36992
65528,0,65481,0,37016
65528,0,65481,0,37040
65528,0,65481,0,37063
65528,0,65481,0,37088
65529,0,65481,0,37111
65529,0,65481,0,37135
65529,0,65481,0,37159
65529,0,65481,0,37183
65529,0,65481,0,37207
65529,0,65481,0,37231
65529,0,65481,0,37255
65529,0,65481,0,37279
65529,0,65481,0,37303
65529,0,65481,0,37326
65529,0,65481,0,37351
65529,0,65481,0,37374
65530,0,65481,0,37398
65530,0,65481,0,37423
65530,0,65481,0,37446
65530,0,65481,0,37470
65530,0,65481,0,37494
65530,0,65481,0,37518
65530,0,65481,0,37541
65530,0,65481,0,37566
65530,0,65481,0,37590
65530,0,65481,0,37614
65530,0,65481,0,37638
65530,0,65481,0,37661
65530,0,65481,0,37686
65530,0,65481,0,37709
65530,0,65481,0,37733
65530,0,65481,0,37757
65530,0,65481,0,37781
65530,0,65482,0,37805
65530,0,65482,0,37829
65530,0,65482,0,37853
65530,0,65481,0,37877
65530,0,65481,0,37901
65530,0,65481,0,37924
65531,0,65481,0,37949
65531,0,65481,0,37972
65531,0,65481,0,37996
65531,0,65481,0,38021
65531,0,65481,0,38044
65531,0,65481,0,38068
65531,0,65481,0,38092
65531,0,65481,0,38116
65531,0,65482,0,38139
65531,0,65482,0,38164
65531,0,65482,0,38188
65531,0,65481,0,38212
65531,0,65481,0,38236
65531,0,65481,0,38259
65531,0,65481,0,38284
65531,0,65481,0,38307
65531,0,65481,0,38331
65531,0,65481,0,38355
65531,0,65481,0,38379
65531,0,65481,0,38403
65531,0,65481,0,38427
65531,0,65481,0,38451
65531,0,65481,0,38474
65531,0,65481,0,38499
65531,0,65481,0,38522
65531,0,65481,0,38547
65531,0,65481,0,38571
65531,0,65481,0,38594
65531,0,65481,0,38619
65531,0,65481,0,38642
65531,0,65481,0,38666
65531,0,65481,0,38690
65531,0,65481,0,38714
65531,0,65481,0,38737
65531,0,65481,0,38762
65531,0,65481,0,38786
65531,0,65481,0,38810
65531,0,65481,0,38834
65531,0,65481,0,38857
65531,0,65481,0,38882
65531,0,65481,0,38905
65531,0,65481,0,38929
65531,0,65481,0,38953
65531,0,65481,0,38977
65531,0,65481,0,39001
65530,0,65482,0,39025
65530,0,65482,0,39049
65530,0,65482,0,39072
65530,0,65481,0,39097
65530,0,65481,0,39120
65530,0,65481,0,39145
65530,0,65481,0,39169
65530,0,65481,0,39192
65530,0,65481,0,39217
65530,0,65481,0,39240
65530,0,65481,0,39264
65530,0,65481,0,39288
65530,0,65482,0,39312
65530,0,65482,0,39335
65530,0,65482,0,39360
65529,0,65482,0,39384
65529,0,65482,0,39408
65529,0,65481,0,39432
65529,0,65481,0,39455
65529,0,65481,0,39480
65529,0,65481,0,39503
65529,0,65481,0,39527
65529,0,65481,0,39552
65529,0,65481,0,39575
65529,0,65481,0,39599
65529,0,65481,0,39623
65528,0,65481,0,39647
65528,0,65481,0,39670
65528,0,65481,0,39695
65528,0,65481,0,39718
65528,0,65481,0,39743
65528,0,65481,0,39767
65527,0,65480,0,39790
65527,0,65480,0,39815
65527,0,65480,0,39838
65526,65535,65480,0,39862
65526,65535,65480,0,39890
65525,65535,65480,0,39918
65525,65535,65480,0,39947
65525,65535,65480,0,39974
65524,65535,65479,0,40002
65524,65535,65479,0,40031
65524,65535,65479,0,40058
65524,65535,65479,0,40087
65523,65535,65477,0,40115
65523,65535,65477,0,40143
65523,65535,65477,0,40171
65522,65534,65476,0,40199
65522,65534,65476,0,40227
65521,65533,65474,0,40255
65521,65533,65474,0,40284
65521,65533,65474,0,40311
65520,65533,65473,0,40340
65520,65533,65473,0,40368
65520,65532,65471,0,40395
65520,65532,65471,0,40424
65520,65532,65471,0,40452
65520,65532,65469,0,40480
65520,65532,65469,0,40508
65521,65531,65466,0,40536
65521,65531,65466,0,40564
65522,65531,65464,0,40592
65522,65531,65464,0,40621
65522,65531,65464,0,40648
65523,65531,65462,0,40677
65523,65531,65462,0,40705
65526,65530,65460,0,40732
65526,65530,65460,0,40761
65526,65530,65460,0,40788
65528,65529,65458,0,40817
65528,65529,65458,0,40845
65532,65529,65458,0,40873
65532,65529,65458,0,40901
65532,65529,65458,0,40929
65535,65529,65457,0,40957
65535,65529,65457,0,40985
2,65530,65458,0,41014
2,65530,65458,0,41037
2,65530,65458,0,41061
4,65531,65460,0,41085
4,65531,65460,0,41109
4,65531,65460,0,41133
6,65533,65462,0,41157
6,65533,65462,0,41181
6,65534,65465,0,41205
6,65534,65465,0,41229
6,65534,65465,0,41252
7,65535,65467,0,41277
7,65535,65467,0,41300
7,65535,65467,0,41324
6,65535,65468,0,41349
6,65535,65468,0,41372
6,65535,65468,0,41396
6,65535,65470,0,41420
6,65535,65470,0,41444
6,65535,65470,0,41467
5,65535,65473,0,41492
5,65535,65473,0,41516
5,65535,65473,0,41540
4,65534,65475,0,41564
4,65534,65475,0,41587
4,65534,65475,0,41612
3,65534,65476,0,41635
3,65534,65476,0,41659
1,65534,65477,0,41683
1,65534,65477,0,41707
1,65534,65477,0,41731
65535,65533,65477,0,41755
65535,65533,65477,0,41783
65535,65533,65477,0,41811
65532,65532,65476,0,41839
65532,65532,65476,0,41867
65531,65530,65474,0,41895
65531,65530,65474,0,41923
65531,65530,65474,0,41952
65531,65528,65470,0,41979
65531,65528,65470,0,42008
65534,65526,65466,0,42036
65534,65526,65466,0,42063
2,65525,65465,0,42092
2,65525,65465,0,42116
2,65525,65465,0,42140
7,65524,65468,0,42164
7,65524,65468,0,42187
7,65524,65468,0,42212
10,65523,65471,0,42235
10,65523,65471,0,42260
10,65523,65471,0,42286
11,65522,65475,0,42310
11,65522,65475,0,42335
11,65522,65475,0,42360
11,65522,65479,0,42385
11,65522,65479,0,42411
10,65521,65482,0,42435
10,65521,65482,0,42460
10,65521,65482,0,42485
9,65522,65485,0,42510
9,65522,65485,0,42533
9,65522,65485,0,42558
8,65523,65487,0,42582
8,65523,65487,0,42606
8,65523,65487,0,42630
6,65526,65488,0,42653
6,65526,65488,0,42678
6,65526,65488,0,42701
4,65529,65488,0,42725
4,65529,65488,0,42749
3,65532,65488,0,42773
3,65532,65488,0,42797
3,65532,65488,0,42821
1,65535,65488,0,42845
1,65535,65488,0,42869
1,65535,65488,0,42893
0,1,65487,0,42916
0,1,65487,0,42937
0,1,65487,0,42956
0,1,65487,0,42976
65535,3,65485,0,42995
65535,3,65485,0,43020
65535,3,65485,0,43043
65533,4,65483,0,43067
65533,4,65483,0,43091
65532,4,65480,0,43115
65532,4,65480,0,43140
65532,4,65480,0,43163
65534,3,65480,0,43187
65534,3,65480,0,43211
65534,3,65480,0,43235
65535,4,65480,0,43258
65535,4,65480,0,43283
65535,4,65480,0,43307
65535,6,65481,0,43330
65535,6,65481,0,43355
65535,6,65481,0,43378
65534,10,65483,0,43403
65534,10,65483,0,43427
65534,10,65483,0,43452
65531,13,65484,0,43478
65531,13,65484,0,43502
65528,13,65484,0,43527
65528,13,65484,0,43552
65528,13,65484,0,43577
65526,12,65484,0,43602
65526,12,65484,0,43627
65526,12,65484,0,43652
65524,9,65484,0,43677
65524,9,65484,0,43701
65524,9,65484,0,43724
65524,4,65485,0,43749
65524,4,65485,0,43772
65524,65535,65486,0,43796
65524,65535,65486,0,43825
65524,65535,65486,0,43852
65525,65530,65488,0,43881
65525,65530,65488,0,43909
65524,65525,65487,0,43937
65524,65525,65487,0,43965
65524,65525,65487,0,43993
65523,65524,65485,0,44021
65523,65524,65485,0,44049
65520,65524,65481,0,44078
65520,65524,65481,0,44105
65520,65524,65481,0,44134
65515,65528,65465,0,44162
65515,65528,65465,0,44189
65521,0,65449,0,44218
65521,0,65449,0,44241
65521,0,65449,0,44266
65535,3,65444,0,44290
65535,3,65444,0,44313
65535,3,65444,0,44338
6,65535,65449,0,44361
6,65535,65449,0,44385
6,65528,65435,0,44409
11,65528,65461,0,44433
11,65528,65461,0,44457
11,65523,65470,0,44483
11,65523,65470,0,44508
11,65523,65470,0,44533
12,65523,65474,0,44558
12,65523,65474,0,44582
12,65523,65474,0,44608
12,65526,65478,0,44633
12,65526,65478,0,44657
10,65528,65481,0,44683
10,65528,65481,0,44707
10,65528,65481,0,44733
8,65531,65483,0,44758
8,65531,65483,0,44781
8,65531,65483,0,44806
5,65532,65484,0,44829
5,65532,65484,0,44853
5,65532,65484,0,44877
4,65533,65484,0,44901
4,65533,65484,0,44924
4,65533,65484,0,44949
2,65534,65484,0,44973
2,65534,65484,0,44996
2,65534,65484,0,45021
1,65534,65484,0,45044
1,65534,65484,0,45069
0,65535,65484,0,45092
0,65535,65484,0,45116
0,65535,65484,0,45140
0,65535,65483,0,45164
0,65535,65483,0,45188
0,65535,65483,0,45212
0,65535,65483,0,45236
0,65535,65483,0,45259
0,65535,65483,0,45284
65535,65535,65483,0,45307
65535,65535,65483,0,45336
65535,65535,65483,0,45364
65535,65535,65483,0,45391
65535,65535,65483,0,45420
65535,65535,65482,0,45448
65535,65535,65482,0,45476
65535,65535,65483,0,45504
65535,65535,65483,0,45533
65535,65535,65483,0,45560
65535,65535,65482,0,45588
65535,65535,65482,0,45617
65534,0,65482,0,45644
65534,0,65482,0,45669
65534,0,65482,0,45692
65534,0,65482,0,45716
65534,0,65482,0,45741
65534,0,65482,0,45764
65534,0,65482,0,45788
65534,0,65482,0,45812
65534,0,65482,0,45836
65534,65535,65482,0,45859
65534,65535,65482,0,45888
65534,65535,65483,0,45916
65534,65535,65483,0,45944
65534,65535,65483,0,45972
65534,0,65482,0,46001
65534,0,65482,0,46024
65534,0,65482,0,46048
65534,0,65482,0,46072
65534,0,65482,0,46096
65534,0,65482,0,46119
65534,0,65482,0,46144
65534,0,65482,0,46168
65534,0,65482,0,46191
65534,0,65482,0,46216
65534,0,65482,0,46239
65534,0,65482,0,46264
65534,0,65482,0,46287
65534,0,65482,0,46311
65534,65535,65482,0,46336
65534,65535,65482,0,46363
65534,0,65482,0,46391
65534,0,65482,0,46415
65534,0,65482,0,46439
65534,0,65482,0,46464
65534,0,65482,0,46487
65534,0,65482,0,46511
65534,0,65482,0,46535
65534,0,65482,0,46559
65534,0,65482,0,46582
65534,0,65482,0,46607
65534,0,65482,0,46630
65534,0,65482,0,46654
65534,0,65482,0,46679
65534,0,65482,0,46702
65534,0,65482,0,46726
65534,0,65482,0,46750
65534,0,65482,0,46774
65533,0,65482,0,46798
65533,0,65482,0,46822
65533,0,65482,0,46845
65534,0,65482,0,46870
65534,0,65482,0,46894
65534,0,65482,0,46917
65534,0,65482,0,46942
65534,0,65482,0,46965
65534,0,65482,0,46989
65534,0,65482,0,47013
65534,0,65482,0,47037
65534,0,65482,0,47060
65533,0,65482,0,47085
65533,0,65482,0,47109
65533,0,65482,0,47133
65533,0,65482,0,47157
65533,0,65482,0,47180
65533,0,65482,0,47205
65533,0,65482,0,47228
65533,0,65482,0,47252
65534,0,65482,0,47277
65534,0,65482,0,47300
65534,0,65482,0,47324
65534,0,65482,0,47348
65534,0,65482,0,47372
65534,0,65482,0,47396
65534,0,65482,0,47420
65534,0,65482,0,47443
65534,0,65482,0,47468
65534,65535,65482,0,47492
65534,65535,65482,0,47519
65534,65535,65481,0,47548
65534,65535,65481,0,47576
65534,65535,65481,0,47604
65534,0,65482,0,47632
65534,0,65482,0,47655
65534,0,65482,0,47680
65534,0,65482,0,47704
65534,0,65482,0,47728
65534,0,65481,0,47752
65534,0,65481,0,47775
65534,0,65481,0,47800
65534,65535,65482,0,47823
65534,65535,65482,0,47851
65534,65535,65482,0,47880
65534,65535,65482,0,47907
65534,65535,65482,0,47936
65535,65535,65483,0,47964
65535,65535,65483,0,47991
65535,65535,65483,0,48020
65535,65535,65483,0,48048
65535,65535,65483,0,48076
65535,65535,65483,0,48104
65535,65535,65483,0,48133
65535,65535,65483,0,48160
65535,65535,65483,0,48188
65535,65535,65483,0,48217
0,65535,65483,0,48244
0,65535,65483,0,48269
0,65535,65483,0,48292
0,65535,65484,0,48316
0,65535,65484,0,48340
0,65535,65484,0,48364
1,65534,65484,0,48388
1,65534,65484,0,48412
3,65534,65484,0,48436
3,65534,65484,0,48460
3,65534,65484,0,48484
5,65532,65484,0,48507
5,65532,65484,0,48532
5,65532,65484,0,48556
8,65530,65482,0,48579
8,65530,65482,0,48604
8,65530,65482,0,48627
12,65526,65478,0,48651
12,65526,65478,0,48676
12,65526,65478,0,48701
11,65523,65472,0,48727
11,65523,65472,0,48751
9,65526,65464,0,48776
9,65526,65464,0,48800
9,65526,65464,0,48824
3,0,65453,0,48847
3,0,65453,0,48868
3,0,65453,0,48887
3,0,65453,0,48907
65527,3,65450,0,48927
65527,3,65450,0,48951
65527,3,65450,0,48974
65517,65532,65469,0,48999
65517,65532,65469,0,49027
65524,65526,65483,0,49054
65524,65526,65483,0,49083
65524,65526,65483,0,49111
65526,65525,65486,0,49139
65526,65525,65486,0,49167
65526,65530,65486,0,49196
65526,65530,65486,0,49223
65526,65530,65486,0,49251
65524,2,65485,0,49280
65524,2,65485,0,49303
65524,10,65484,0,49328
65524,10,65484,0,49352
65524,10,65484,0,49377
65527,14,65484,0,49402
65527,14,65484,0,49427
65527,14,65484,0,49452
65532,14,65483,0,49477
65532,14,65483,0,49502
0,9,65481,0,49527
0,9,65481,0,49547
0,9,65481,0,49566
0,9,65481,0,49586
0,5,65478,0,49606
0,5,65478,0,49626
0,5,65478,0,49645
65534,4,65477,0,49666
65534,4,65477,0,49689
65534,4,65477,0,49713
65533,5,65481,0,49737
65533,5,65481,0,49761
65533,5,65481,0,49784
0,3,65485,0,49809
0,3,65485,0,49828
0,3,65485,0,49848
1,65534,65486,0,49868
1,65534,65486,0,49892
1,65534,65486,0,49915
4,65530,65488,0,49940
4,65530,65488,0,49964
4,65530,65488,0,49987
7,65523,65486,0,50012
7,65523,65486,0,50035
7,65523,65486,0,50060
9,65521,65481,0,50083
9,65521,65481,0,50107
9,65521,65481,0,50131
10,65522,65474,0,50155
10,65522,65474,0,50180
10,65522,65474,0,50205
5,65524,65467,0,50230
5,65524,65467,0,50253
65532,65528,65468,0,50278
65532,65528,65468,0,50306
65532,65528,65468,0,50334
65532,65532,65475,0,50362
65532,65532,65475,0,50391
0,65534,65477,0,50418
0,65534,65477,0,50442
0,65534,65477,0,50466
4,65534,65474,0,50490
4,65534,65474,0,50513
4,65534,65474,0,50538
6,65535,65470,0,50562
6,65535,65470,0,50585
6,65535,65470,0,50610
7,65535,65466,0,50633
7,65535,65466,0,50658
7,65535,65466,0,50681
6,65532,65461,0,50705
6,65532,65461,0,50729
1,65530,65458,0,50753
1,65530,65458,0,50777
1,65530,65458,0,50801
65531,65529,65457,0,50825
65531,65529,65457,0,50852
65531,65529,65457,0,50881
65525,65530,65459,0,50909
65525,65530,65459,0,50937
65522,65531,65463,0,50965
65522,65531,65463,0,50994
65522,65531,65463,0,51021
65520,65532,65468,0,51049
65520,65532,65468,0,51078
65520,65533,65471,0,51105
65520,65533,65471,0,51134
65520,65533,65471,0,51162
65520,65533,65471,0,51190
65520,65533,65471,0,51218
65522,65534,65477,0,51246
65522,65534,65477,0,51274
65524,65535,65479,0,51302
65524,65535,65479,0,51331
65524,65535,65479,0,51358
65525,0,65479,0,51386
65525,0,65479,0,51410
65525,0,65479,0,51434
65526,0,65480,0,51459
65526,0,65480,0,51482
65527,0,65481,0,51506
65527,0,65481,0,51530
65527,0,65481,0,51554
65527,0,65481,0,51577
65527,0,65481,0,51602
65527,0,65481,0,51625
65528,0,65481,0,51649
65528,0,65481,0,51674
65528,0,65481,0,51697
65529,0,65481,0,51722
65529,0,65481,0,51745
65529,0,65481,0,51769
65529,0,65481,0,51793
65529,0,65481,0,51817
65529,0,65481,0,51841
65529,0,65481,0,51865
65529,0,65481,0,51889
65529,0,65481,0,51912
65529,0,65481,0,51937
65529,0,65481,0,51960
65529,0,65481,0,51984
65529,0,65481,0,52008
65529,0,65481,0,52032
65529,0,65481,0,52057
65529,0,65481,0,52080
65529,0,65481,0,52104
65530,0,65481,0,52128
65530,0,65481,0,52152
65530,0,65481,0,52175
65529,0,65481,0,52200
65529,0,65481,0,52224
65529,0,65481,0,52247
65530,0,65481,0,52272
65530,0,65481,0,52295
65530,0,65481,0,52319
65530,0,65481,0,52343
65530,0,65481,0,52367
65530,0,65481,0,52391
65530,0,65481,0,52415
65530,0,65481,0,52439
65530,0,65481,0,52463
65530,0,65481,0,52487
65530,0,65481,0,52510
65530,0,65481,0,52535
65530,0,65481,0,52558
65530,0,65481,0,52582
65530,0,65482,0,52606
65530,0,65482,0,52630
65530,0,65482,0,52655
65530,0,65482,0,52678
65530,0,65482,0,52702
65530,0,65482,0,52726
65530,0,65481,0,52750
65530,0,65481,0,52773
65530,0,65481,0,52798
65530,0,65481,0,52822
65530,0,65481,0,52845
65531,0,65481,0,52870
65531,0,65481,0,52893
65531,0,65481,0,52917
65530,0,65481,0,52941
65530,0,65481,0,52965
65530,0,65481,0,52989
65530,0,65481,0,53013
65530,0,65481,0,53037
65530,0,65481,0,53061
65530,0,65481,0,53085
65530,0,65481,0,53108
65530,0,65481,0,53133
65530,0,65481,0,53156
65530,0,65481,0,53180
65530,0,65481,0,53204
65530,0,65481,0,53228
65530,0,65481,0,53253
65530,0,65481,0,53276
65530,0,65481,0,53300
65530,0,65481,0,53324
65530,0,65481,0,53348
65530,0,65481,0,53371
65530,0,65481,0,53396
65529,0,65481,0,53420
65529,0,65481,0,53443
65529,0,65481,0,53468
65529,0,65481,0,53491
65529,0,65481,0,53515
65529,0,65481,0,53539
65528,0,65481,0,53563
65528,0,65481,0,53587
65528,0,65481,0,53611
65528,0,65481,0,53635
65528,0,65481,0,53659
65528,0,65481,0,53683
65527,0,65481,0,53706
65527,0,65481,0,53731
65526,0,65480,0,53754
65526,0,65480,0,53778
65526,0,65480,0,53803
65525,65535,65479,0,53826
65525,65535,65479,0,53855
65525,65535,65479,0,53882
65524,65535,65478,0,53910
65524,65535,65478,0,53939
65522,65534,65476,0,53966
65522,65534,65476,0,53995
65522,65534,65476,0,54023
65521,65533,65474,0,54051
65521,65533,65474,0,54079
65520,65533,65470,0,54107
65520,65533,65470,0,54135
65520,65533,65470,0,54163
65520,65533,65470,0,54192
65520,65533,65470,0,54219
65523,65531,65462,0,54247
65523,65531,65462,0,54276
65527,65529,65459,0,54303
65527,65529,65459,0,54332
65527,65529,65459,0,54360
65534,65529,65457,0,54388
65534,65529,65457,0,54416
3,65531,65459,0,54444
3,65531,65459,0,54468
3,65531,65459,0,54492
6,65534,65464,0,54515
6,65534,65464,0,54540
6,65534,65464,0,54563
6,0,65468,0,54588
6,0,65468,0,54607
6,0,65468,0,54627
5,65535,65472,0,54646
5,65535,65472,0,54671
5,65535,65472,0,54694
3,65534,65476,0,54719
3,65534,65476,0,54743
3,65534,65476,0,54766
65534,65533,65477,0,54791
65534,65533,65477,0,54818
65534,65533,65477,0,54846
65534,65533,65477,0,54875
65534,65533,65477,0,54902
0,65526,65465,0,54931
0,65526,65465,0,54955
0,65526,65465,0,54978
8,65523,65468,0,55003
8,65523,65468,0,55026
8,65521,65476,0,55051
11,65521,65476,0,55074
11,65521,65476,0,55099
9,65521,65481,0,55124
9,65521,65481,0,55148
9,65521,65481,0,55172
8,65523,65485,0,55196
8,65523,65485,0,55220
8,65523,65485,0,55243
5,65528,65487,0,55268
5,65528,65487,0,55291
5,65528,65487,0,55316
3,65533,65487,0,55340
3,65533,65487,0,55363
3,65533,65487,0,55388
0,0,65486,0,55411
0,0,65486,0,55431
0,0,65486,0,55451
65535,4,65485,0,55471
65535,4,65485,0,55494
65535,4,65485,0,55519
65532,5,65481,0,55542
65532,5,65481,0,55566
65532,5,65481,0,55590
65534,4,65477,0,55614
65534,4,65477,0,55638
65534,4,65477,0,55662
65535,4,65478,0,55686
65535,4,65478,0,55709
65535,4,65478,0,55734
65535,4,65478,0,55757
65535,4,65478,0,55782
0,11,65482,0,55805
0,11,65482,0,55826
0,11,65482,0,55847
0,11,65482,0,55868
65531,15,65483,0,55888
65531,15,65483,0,55913
65528,15,65484,0,55939
65528,15,65484,0,55963
65528,15,65484,0,55989
65524,13,65485,0,56013
65524,13,65485,0,56038
65524,13,65485,0,56064
65522,8,65485,0,56088
65522,8,65485,0,56112
65522,8,65485,0,56136
65522,2,65485,0,56160
65522,2,65485,0,56184
65522,2,65485,0,56208
65523,65532,65486,0,56231
65523,65532,65486,0,56260
65525,65527,65487,0,56288
65525,65527,65487,0,56316
65525,65527,65487,0,56344
65524,65523,65485,0,56372
65524,65523,65485,0,56400
65523,65523,65481,0,56428
65523,65523,65481,0,56457
65517,65526,65475,0,56484
65517,65526,65475,0,56512
65517,65526,65475,0,56541
65517,65532,65454,0,56568
65517,65532,65454,0,56597
65528,2,65444,0,56625
65528,2,65444,0,56649
65528,2,65444,0,56673
3,1,65445,0,56696
3,1,65445,0,56717
3,1,65445,0,56736
3,65531,65454,0,56756
11,65531,65454,0,56780
11,65531,65454,0,56805
12,65524,65466,0,56829
12,65524,65466,0,56855
12,65524,65466,0,56880
12,65523,65473,0,56904
12,65523,65473,0,56930
12,65523,65473,0,56954
12,65525,65477,0,56980
12,65525,65477,0,57005
11,65528,65480,0,57029
11,65528,65480,0,57055
11,65528,65480,0,57079
9,65530,65483,0,57104
9,65530,65483,0,57128
9,65530,65483,0,57152
6,65532,65484,0,57176
6,65532,65484,0,57200
6,65532,65484,0,57224
4,65533,65484,0,57248
4,65533,65484,0,57272
4,65533,65484,0,57295
3,65534,65484,0,57320
3,65534,65484,0,57344
3,65534,65484,0,57367
1,65534,65484,0,57392
1,65534,65484,0,57415
0,65534,65484,0,57439
0,65534,65484,0,57463
0,65534,65484,0,57487
0,65535,65484,0,57510
0,65535,65484,0,57535
0,65535,65484,0,57559
0,65535,65483,0,57583
0,65535,65483,0,57607
0,65535,65483,0,57630
0,65535,65483,0,57655
0,65535,65483,0,57678
0,65535,65483,0,57702
65535,65535,65483,0,57726
65535,65535,65483,0,57754
65535,65535,65483,0,57783
65535,65535,65483,0,57810
65535,65535,65483,0,57838
65535,65535,65483,0,57867
65535,65535,65483,0,57894
65535,65535,65483,0,57923
65535,65535,65483,0,57951
65535,65535,65483,0,57979
65535,65535,65483,0,58007
65535,65535,65483,0,58035
65534,65535,65482,0,58063
65534,65535,65482,0,58091
65534,65535,65482,0,58120
65534,65535,65483,0,58147
65534,65535,65483,0,58175
65534,0,65482,0,58204
65534,0,65482,0,58227
65534,0,65482,0,58252
65534,0,65482,0,58275
65534,0,65482,0,58299
65534,0,65482,0,58323
65534,0,65482,0,58347
65534,0,65482,0,58371
65534,0,65482,0,58395
65534,0,65482,0,58419
65534,0,65482,0,58442
65534,0,65482,0,58467
65534,0,65482,0,58490
65534,0,65482,0,58515
65534,65535,65482,0,58539
65534,65535,65482,0,58566
65534,65535,65482,0,58595
65533,0,65482,0,58622
65533,0,65482,0,58647
65534,0,65482,0,58671
65534,0,65482,0,58694
65534,0,65482,0,58719
65533,0,65482,0,58742
65533,0,65482,0,58766
65533,0,65482,0,58790
65533,0,65482,0,58814
65533,0,65482,0,58838
65533,0,65482,0,58862
65534,0,65482,0,58886
65534,0,65482,0,58910
65534,0,65482,0,58934
65533,0,65482,0,58957
65533,0,65482,0,58982
65533,0,65482,0,59005
65533,0,65482,0,59029
65533,0,65482,0,59054
65533,0,65482,0,59077
65533,0,65482,0,59101
65533,0,65482,0,59125
65533,0,65482,0,59149
65533,0,65482,0,59172
65533,0,65482,0,59197
65533,0,65482,0,59220
65533,0,65482,0,59245
65533,0,65482,0,59269
65533,0,65481,0,59292
65533,0,65481,0,59317
65533,0,65481,0,59340
65533,0,65482,0,59364
65533,0,65482,0,59388
65533,0,65482,0,59412
65533,0,65482,0,59436
65533,0,65482,0,59460
65533,0,65482,0,59484
65533,0,65481,0,59507
65533,0,65481,0,59532
65533,0,65481,0,59555
65533,0,65481,0,59580
65533,0,65481,0,59603
65533,0,65481,0,59627
65533,0,65481,0,59652
65533,0,65481,0,59675
65533,0,65481,0,59699
65533,0,65481,0,59723
65533,0,65481,0,59747
65533,0,65482,0,59770
65533,0,65482,0,59795
65533,0,65482,0,59819
65533,0,65481,0,59843
65533,0,65481,0,59867
65533,0,65481,0,59890
65533,0,65481,0,59915
65533,0,65481,0,59938
65533,0,65481,0,59962
65533,0,65481,0,59986
65533,0,65481,0,60010
65533,0,65481,0,60034
65533,0,65481,0,60058
65533,0,65481,0,60082
65533,0,65481,0,60105
65533,0,65481,0,60130
65533,0,65481,0,60153
65533,0,65481,0,60178
65533,0,65481,0,60201
65533,0,65481,0,60225
65533,0,65481,0,60250
65533,0,65481,0,60273
65533,0,65481,0,60297
65533,0,65481,0,60321
65533,0,65481,0,60345
65533,0,65481,0,60368
65533,0,65481,0,60393
65533,0,65481,0,60417
65533,0,65481,0,60441
65533,0,65481,0,60465
65533,0,65481,0,60488
65533,0,65481,0,60513
65533,0,65481,0,60536
65533,0,65481,0,60560
65533,0,65481,0,60584
65533,0,65481,0,60608
65533,0,65481,0,60632
65533,0,65481,0,60656
65533,0,65481,0,60680
65533,0,65481,0,60703
65533,0,65481,0,60728
65533,0,65481,0,60751
65533,0,65481,0,60776
65533,0,65481,0,60800
65533,0,65481,0,60823
65533,0,65481,0,60848
65533,0,65481,0,60871
65533,0,65481,0,60895
65533,0,65481,0,60919
65533,0,65481,0,60943
65533,0,65481,0,60966
65532,0,65481,0,60991
65532,0,65481,0,61015
65532,0,65481,0,61038
65533,0,65481,0,61063
65533,0,65481,0,61086
65533,0,65481,0,61111
65533,0,65481,0,61134
65533,0,65481,0,61158
65533,0,65481,0,61182
65533,0,65481,0,61206
65533,0,65481,0,61230
65533,0,65481,0,61254
65533,0,65481,0,61278
65533,0,65481,0,61301
65533,0,65481,0,61326
65533,0,65481,0,61349
65533,0,65481,0,61374
65533,0,65481,0,61398
65533,0,65481,0,61421
65533,0,65481,0,61446
65533,0,65481,0,61469
65533,0,65481,0,61493
65533,0,65481,0,61517
65533,0,65481,0,61541
65533,0,65481,0,61564
65533,0,65481,0,61589
65533,0,65481,0,61613
65533,0,65481,0,61636
65533,0,65481,0,61661
65533,0,65481,0,61684
65533,0,65481,0,61709
65533,0,65481,0,61732
65533,0,65481,0,61756
65533,0,65481,0,61780
65533,0,65481,0,61804
65533,0,65481,0,61828
65533,0,65481,0,61852
65533,0,65481,0,61876
65533,0,65481,0,61899
65533,0,65481,0,61924
65533,0,65481,0,61947
65533,0,65481,0,61972
65533,0,65481,0,61996
65533,0,65481,0,62019
65533,0,65481,0,62044
65533,0,65481,0,62067
65533,0,65481,0,62091
65533,0,65481,0,62115
65533,0,65481,0,62139
65533,0,65481,0,62162
65533,0,65481,0,62187
65533,0,65481,0,62211
65533,0,65481,0,62234
65533,0,65481,0,62259
65533,0,65481,0,62282
65533,0,65481,0,62307
65533,0,65481,0,62330
65533,0,65481,0,62354
65533,0,65481,0,62379
65533,0,65481,0,62402
65533,0,65481,0,62426
65533,0,65481,0,62450
65533,0,65481,0,62474
65533,0,65481,0,62497
65533,0,65481,0,62522
65533,0,65481,0,62545
65533,0,65481,0,62569
65533,0,65481,0,62594
65533,0,65481,0,62617
65532,0,65481,0,62642
65532,0,65481,0,62665
65532,0,65481,0,62689
65533,0,65481,0,62713
65533,0,65481,0,62737
65533,0,65481,0,62760
65533,0,65481,0,62785
65533,0,65481,0,62809
65533,0,65481,0,62832
65533,0,65481,0,62857
65533,0,65481,0,62880
65533,0,65481,0,62905
65533,0,65481,0,62928
65533,0,65481,0,62952
65533,0,65481,0,62977
65533,0,65481,0,63000
65533,0,65481,0,63024
65533,0,65481,0,63048
65533,0,65481,0,63072
65533,0,65481,0,63095
65533,0,65481,0,63120
65533,0,65481,0,63143
65533,0,65481,0,63167
65533,0,65481,0,63192
65533,0,65481,0,63215
65533,0,65481,0,63240
65533,0,65481,0,63263
65533,0,65481,0,63287
65533,0,65481,0,63311
65533,0,65481,0,63335
65533,0,65481,0,63358
65533,0,65481,0,63383
65533,0,65481,0,63407
65533,0,65481,0,63430
65532,0,65481,0,63455
65532,0,65481,0,63478
65532,0,65481,0,63503
65533,0,65481,0,63526
65533,0,65481,0,63550
65533,0,65481,0,63575
65533,0,65481,0,63598
65533,0,65481,0,63622
65533,0,65481,0,63646
65533,0,65481,0,63670
65533,0,65481,0,63693
65533,0,65481,0,63718
65533,0,65481,0,63741
65533,0,65481,0,63765
65533,0,65481,0,63790
65533,0,65481,0,63813
65533,0,65481,0,63838
65533,0,65481,0,63861
65533,0,65481,0,63885
65533,0,65481,0,63909
65533,0,65481,0,63933
65533,0,65481,0,63956
65533,0,65481,0,63981
65533,0,65481,0,64005
65533,0,65481,0,64028
65533,0,65481,0,64053
65533,0,65481,0,64076
65533,0,65481,0,64100
65533,0,65481,0,64124
65533,0,65481,0,64148
65533,0,65481,0,64173
65533,0,65481,0,64196
65533,0,65481,0,64220
65533,0,65481,0,64244
65533,0,65481,0,64268
65533,0,65481,0,64291
65533,0,65481,0,64316
65533,0,65481,0,64339
65533,0,65481,0,64363
65533,0,65481,0,64388
65533,0,65481,0,64411
65533,0,65481,0,64436
65533,0,65481,0,64459
65533,0,65481,0,64483
65533,0,65481,0,64507
65533,0,65481,0,64531
65533,0,65481,0,64555
65533,0,65481,0,64579
65533,0,65481,0,64603
65533,0,65481,0,64626
65533,0,65481,0,64651
65533,0,65481,0,64674
65533,0,65481,0,64698
65533,0,65481,0,64722
65533,0,65481,0,64746
65533,0,65481,0,64771
65533,0,65481,0,64794
65533,0,65481,0,64818
65533,0,65481,0,64842
65533,0,65481,0,64866
65533,0,65481,0,64889
65533,0,65481,0,64914
65533,0,65481,0,64937
65533,0,65481,0,64961
65533,0,65481,0,64986
65533,0,65481,0,65009
65533,0,65481,0,65034
65533,0,65481,0,65057
65533,0,65481,0,65081
65533,0,65481,0,65105
65533,0,65481,0,65129
65533,0,65481,0,65153
65533,0,65481,0,65177
65533,0,65481,0,65201
65533,0,65481,0,65224
65533,0,65481,0,65249
65533,0,65481,0,65272
65533,0,65481,0,65296
65533,0,65481,0,65320
65533,0,65481,0,65344
65533,0,65481,0,65369
65533,0,65481,0,65392
65533,0,65481,0,65416
65533,0,65481,0,65440
65533,0,65481,0,65464
65533,0,65482,0,65487
65533,0,65482,0,65512
65533,0,65482,0,0
65533,0,65482,0,19
65533,0,65481,0,40
65533,0,65481,0,61
65533,0,65481,0,81
65533,0,65481,0,103
65533,0,65481,0,124
65533,0,65481,0,146
65533,0,65481,0,168
65533,0,65481,0,190
65533,0,65481,0,211
65533,0,65481,0,234
65533,0,65481,0,256
65533,0,65481,0,277
65533,0,65481,0,300
65533,0,65481,0,321
65533,0,65481,0,343
65533,0,65481,0,365
65533,0,65481,0,387
65533,0,65481,0,408
65533,0,65481,0,431
65533,0,65481,0,452