17,65493,65495,0,10731
17,65493,65495,0,10756
17,65493,65495,0,10780
17,65493,65495,0,10806
17,65493,65495,0,10830
17,65493,65495,0,10856
17,65493,65495,0,10881
17,65493,65495,0,10905
17,65493,65495,0,10931
17,65493,65495,0,10955
18,65492,65496,0,10980
18,65492,65496,0,11005
18,65492,65496,0,11030
17,65493,65496,0,11056
17,65493,65496,0,11080
17,65493,65496,0,11105
17,65492,65495,0,11130
17,65492,65495,0,11155
17,65493,65495,0,11180
17,65493,65495,0,11205
17,65493,65495,0,11230
17,65493,65495,0,11255
17,65493,65495,0,11280
17,65493,65495,0,11304
17,65493,65495,0,11330
17,65493,65495,0,11355
17,65493,65495,0,11379
17,65493,65495,0,11405
17,65493,65495,0,11429
18,65493,65496,0,11455
18,65493,65496,0,11480
18,65493,65496,0,11504
17,65493,65496,0,11530
17,65493,65496,0,11554
17,65493,65496,0,11579
17,65493,65495,0,11604
17,65493,65495,0,11629
17,65493,65495,0,11655
17,65492,65495,0,11679
17,65492,65495,0,11704
18,65493,65495,0,11729
18,65493,65495,0,11754
18,65493,65495,0,11779
18,65493,65495,0,11804
18,65493,65495,0,11829
18,65493,65495,0,11854
17,65493,65495,0,11879
17,65493,65495,0,11904
18,65492,65496,0,11929
18,65492,65496,0,11954
18,65492,65496,0,11978
17,65492,65496,0,12004
17,65492,65496,0,12028
17,65492,65496,0,12054
17,65493,65496,0,12079
17,65493,65496,0,12103
17,65493,65496,0,12129
18,65493,65495,0,12153
18,65493,65495,0,12178
17,65493,65495,0,12204
17,65493,65495,0,12228
17,65493,65495,0,12254
17,65493,65495,0,12278
17,65493,65495,0,12303
17,65493,65495,0,12328
17,65493,65495,0,12353
17,65493,65495,0,12378
17,65493,65495,0,12403
17,65493,65495,0,12428
17,65493,65495,0,12453
17,65492,65495,0,12478
17,65492,65495,0,12503
17,65492,65495,0,12528
17,65493,65495,0,12553
17,65493,65495,0,12577
17,65493,65495,0,12603
17,65493,65495,0,12627
17,65493,65495,0,12653
18,65493,65495,0,12678
18,65493,65495,0,12702
18,65493,65495,0,12728
17,65493,65496,0,12752
17,65493,65496,0,12777
17,65493,65496,0,12803
17,65493,65496,0,12827
17,65493,65496,0,12853
17,65493,65496,0,12877
18,65492,65495,0,12902
18,65492,65495,0,12928
17,65492,65495,0,12952
17,65492,65495,0,12977
17,65492,65495,0,13002
18,65493,65495,0,13027
18,65493,65495,0,13052
18,65493,65495,0,13077
17,65493,65495,0,13102
17,65493,65495,0,13127
17,65493,65495,0,13152
18,65493,65495,0,13176
18,65493,65495,0,13202
17,65493,65495,0,13227
17,65493,65495,0,13252
17,65493,65495,0,13277
18,65493,65495,0,13301
18,65493,65495,0,13327
18,65493,65495,0,13351
17,65493,65495,0,13376
17,65493,65495,0,13402
17,65492,65495,0,13426
17,65492,65495,0,13452
17,65492,65495,0,13476
17,65493,65496,0,13501
17,65493,65496,0,13527
17,65493,65496,0,13551
17,65493,65495,0,13576
17,65493,65495,0,13601
17,65493,65495,0,13626
17,65492,65496,0,13651
17,65492,65496,0,13676
17,65493,65495,0,13701
17,65493,65495,0,13726
17,65493,65495,0,13751
18,65493,65495,0,13775
18,65493,65495,0,13801
18,65493,65495,0,13826
18,65492,65495,0,13851
18,65492,65495,0,13876
18,65492,65495,0,13900
18,65493,65495,0,13926
18,65493,65495,0,13950
18,65493,65495,0,13975
18,65493,65495,0,14001
18,65493,65495,0,14025
17,65493,65495,0,14051
17,65493,65495,0,14075
17,65493,65495,0,14100
17,65493,65495,0,14126
17,65493,65495,0,14150
17,65493,65495,0,14175
17,65493,65495,0,14200
17,65493,65495,0,14225
18,65493,65495,0,14251
18,65493,65495,0,14275
18,65493,65495,0,14300
17,65492,65495,0,14325
17,65492,65495,0,14350
17,65492,65495,0,14374
18,65492,65495,0,14400
18,65492,65495,0,14425
17,65493,65495,0,14450
17,65493,65495,0,14475
17,65493,65495,0,14499
17,65493,65496,0,14525
17,65493,65496,0,14550
17,65493,65496,0,14574
17,65493,65495,0,14600
17,65493,65495,0,14624
17,65493,65495,0,14650
18,65493,65495,0,14674
18,65493,65495,0,14699
18,65492,65495,0,14725
18,65492,65495,0,14749
18,65492,65495,0,14774
18,65492,65495,0,14799
18,65492,65495,0,14824
18,65492,65495,0,14850
18,65493,65495,0,14874
18,65493,65495,0,14899
18,65493,65495,0,14924
17,65493,65496,0,14949
17,65493,65496,0,14973
17,65492,65495,0,14999
17,65492,65495,0,15024
17,65492,65495,0,15049
17,65493,65495,0,15074
17,65493,65495,0,15098
17,65493,65495,0,15124
17,65492,65495,0,15149
17,65492,65495,0,15173
17,65493,65496,0,15199
17,65493,65496,0,15223
17,65493,65496,0,15249
17,65493,65496,0,15273
17,65493,65496,0,15298
17,65493,65496,0,15324
17,65493,65495,0,15348
17,65493,65495,0,15373
17,65493,65495,0,15398
17,65493,65495,0,15423
17,65493,65495,0,15449
17,65493,65495,0,15473
17,65493,65495,0,15498
17,65493,65495,0,15523
18,65492,65495,0,15548
18,65492,65495,0,15572
18,65492,65495,0,15598
17,65493,65496,0,15623
17,65493,65496,0,15648
17,65493,65496,0,15673
18,65492,65495,0,15697
18,65492,65495,0,15723
18,65493,65496,0,15748
18,65493,65496,0,15772
18,65493,65496,0,15798
17,65493,65495,0,15822
17,65493,65495,0,15848
17,65493,65495,0,15873
17,65493,65495,0,15897
17,65493,65495,0,15923
17,65493,65495,0,15947
17,65493,65495,0,15972
17,65493,65495,0,15997
17,65493,65496,0,16022
17,65493,65496,0,16048
17,65493,65496,0,16072
17,65493,65495,0,16097
17,65493,65495,0,16122
17,65493,65495,0,16147
17,65493,65495,0,16172
17,65493,65495,0,16197
17,65493,65495,0,16222
17,65493,65495,0,16247
17,65493,65495,0,16272
18,65493,65495,0,16296
18,65493,65495,0,16322
18,65493,65495,0,16347
18,65493,65495,0,16371
18,65493,65495,0,16397
18,65493,65495,0,16421
17,65493,65496,0,16447
17,65493,65496,0,16472
17,65493,65495,0,16496
17,65493,65495,0,16522
17,65493,65495,0,16546
17,65493,65496,0,16571
17,65493,65496,0,16596
17,65493,65496,0,16621
17,65493,65495,0,16647
17,65493,65495,0,16671
17,65493,65495,0,16696
17,65493,65495,0,16721
17,65493,65495,0,16746
17,65493,65495,0,16771
17,65493,65495,0,16796
17,65493,65495,0,16821
17,65493,65495,0,16846
17,65493,65495,0,16871
17,65493,65495,0,16896
18,65493,65496,0,16921
18,65493,65496,0,16946
17,65493,65496,0,16970
17,65493,65496,0,16996
17,65493,65496,0,17020
17,65493,65496,0,17046
17,65493,65496,0,17071
17,65493,65496,0,17095
18,65493,65495,0,17121
18,65493,65495,0,17145
18,65493,65495,0,17170
17,65493,65495,0,17196
17,65493,65495,0,17220
18,65493,65495,0,17246
18,65493,65495,0,17270
18,65493,65495,0,17295
17,65493,65495,0,17320
17,65493,65495,0,17345
17,65493,65495,0,17370
18,65493,65495,0,17395
18,65493,65495,0,17420
18,65493,65495,0,17445
17,65493,65495,0,17470
17,65493,65495,0,17495
17,65493,65495,0,17520
17,65493,65495,0,17545
17,65493,65495,0,17569
18,65493,65495,0,17595
18,65493,65495,0,17619
18,65493,65495,0,17645
17,65493,65495,0,17670
17,65493,65495,0,17694
17,65493,65495,0,17720
17,65493,65495,0,17744
17,65493,65495,0,17769
17,65493,65496,0,17795
17,65493,65496,0,17819
17,65493,65496,0,17845
18,65493,65495,0,17869
18,65493,65495,0,17894
18,65493,65495,0,17920
17,65493,65495,0,17944
17,65493,65495,0,17969
17,65493,65496,0,17994
17,65493,65496,0,18019
17,65493,65496,0,18044
18,65493,65495,0,18069
18,65493,65495,0,18094
18,65493,65495,0,18119
17,65493,65495,0,18144
17,65493,65495,0,18168
17,65493,65495,0,18194
17,65493,65496,0,18219
17,65493,65496,0,18244
17,65493,65495,0,18269
17,65493,65495,0,18293
17,65493,65495,0,18319
17,65493,65495,0,18343
17,65493,65495,0,18368
17,65493,65495,0,18394
18,65493,65495,0,18418
18,65493,65495,0,18444
18,65493,65495,0,18468
18,65493,65495,0,18493
18,65493,65495,0,18519
17,65493,65495,0,18543
17,65493,65495,0,18568
17,65493,65495,0,18593
17,65492,65495,0,18618
17,65492,65495,0,18643
17,65492,65495,0,18668
17,65493,65495,0,18693
17,65493,65495,0,18718
17,65492,65495,0,18743
17,65492,65495,0,18767
17,65492,65495,0,18793
18,65493,65495,0,18818
18,65493,65495,0,18843
18,65493,65495,0,18868
17,65493,65495,0,18892
17,65493,65495,0,18918
17,65493,65495,0,18942
18,65493,65496,0,18967
18,65493,65496,0,18993
17,65492,65495,0,19017
17,65492,65495,0,19043
17,65492,65495,0,19067
17,65493,65495,0,19092
17,65493,65495,0,19118
17,65493,65495,0,19142
17,65493,65495,0,19167
17,65493,65495,0,19192
17,65493,65495,0,19217
17,65493,65495,0,19243
17,65493,65495,0,19267
17,65493,65495,0,19292
17,65493,65495,0,19317
17,65493,65495,0,19342
17,65493,65495,0,19366
17,65493,65495,0,19392
17,65493,65495,0,19417
17,65493,65496,0,19442
17,65493,65496,0,19467
17,65493,65495,0,19491
17,65493,65495,0,19517
17,65493,65495,0,19542
17,65493,65495,0,19566
17,65493,65495,0,19592
17,65493,65495,0,19616
17,65493,65495,0,19642
17,65493,65495,0,19666
17,65493,65495,0,19691
17,65493,65495,0,19717
17,65493,65495,0,19741
17,65493,65496,0,19766
17,65493,65496,0,19791
17,65493,65496,0,19816
17,65493,65496,0,19842
17,65493,65496,0,19866
17,65493,65496,0,19891
18,65493,65496,0,19916
18,65493,65496,0,19941
18,65493,65496,0,19965
17,65493,65495,0,19991
17,65493,65495,0,20016
17,65493,65496,0,20041
17,65493,65496,0,20066
17,65493,65496,0,20090
17,65493,65495,0,20116
17,65493,65495,0,20141
17,65493,65495,0,20165
17,65492,65495,0,20191
17,65492,65495,0,20215
17,65493,65495,0,20241
17,65493,65495,0,20265
17,65493,65495,0,20290
18,65492,65495,0,20316
18,65492,65495,0,20340
18,65492,65495,0,20365
17,65493,65496,0,20390
17,65493,65496,0,20415
17,65493,65496,0,20441
17,65493,65495,0,20465
17,65493,65495,0,20490
17,65493,65496,0,20515
17,65493,65496,0,20540
17,65493,65496,0,20564
18,65493,65496,0,20590
18,65493,65496,0,20615
18,65493,65496,0,20640
17,65493,65495,0,20665
17,65493,65495,0,20689
17,65493,65495,0,20715
17,65493,65495,0,20740
17,65493,65495,0,20764
17,65493,65495,0,20790
17,65493,65495,0,20814
17,65493,65495,0,20840
17,65493,65495,0,20865
17,65493,65495,0,20889
17,65493,65495,0,20915
17,65493,65496,0,20939
17,65493,65496,0,20964
17,65493,65496,0,20989
17,65493,65496,0,21014
17,65493,65496,0,21040
17,65493,65495,0,21064
17,65493,65495,0,21089
17,65493,65495,0,21114
17,65493,65496,0,21139
17,65493,65496,0,21164
17,65493,65496,0,21189
17,65493,65496,0,21214
17,65493,65496,0,21239
17,65493,65496,0,21264
17,65493,65496,0,21288
17,65493,65496,0,21314
17,65493,65495,0,21339
17,65493,65495,0,21363
17,65493,65495,0,21389
17,65493,65495,0,21413
17,65493,65495,0,21439
17,65493,65495,0,21464
17,65493,65496,0,21488
17,65493,65496,0,21514
17,65493,65495,0,21538
17,65493,65495,0,21563
17,65493,65495,0,21588
18,65493,65495,0,21613
18,65493,65495,0,21639
18,65493,65495,0,21663
18,65493,65496,0,21688
18,65493,65496,0,21713
18,65493,65496,0,21738
17,65493,65496,0,21763
17,65493,65496,0,21788
17,65493,65496,0,21813
17,65493,65496,0,21838
17,65493,65496,0,21863
17,65493,65496,0,21888
17,65493,65496,0,21913
17,65493,65496,0,21938
17,65493,65495,0,21962
17,65493,65495,0,21988
17,65492,65495,0,22012
17,65492,65495,0,22038
17,65492,65495,0,22063
17,65493,65496,0,22087
17,65493,65496,0,22113
17,65493,65496,0,22137
17,65493,65495,0,22162
17,65493,65495,0,22188
17,65493,65495,0,22212
17,65493,65495,0,22238
17,65493,65495,0,22262
18,65493,65496,0,22287
18,65493,65496,0,22312
18,65493,65496,0,22337
18,65493,65496,0,22362
18,65493,65496,0,22387
18,65493,65496,0,22412
17,65493,65496,0,22437
17,65493,65496,0,22462
17,65493,65496,0,22487
17,65493,65496,0,22512
17,65493,65496,0,22537
17,65493,65495,0,22561
17,65493,65495,0,22587
17,65493,65495,0,22611
17,65493,65496,0,22637
17,65493,65496,0,22662
17,65493,65496,0,22686
18,65493,65496,0,22712
18,65493,65496,0,22736
17,65493,65495,0,22761
17,65493,65495,0,22787
17,65493,65495,0,22811
18,65493,65495,0,22837
18,65493,65495,0,22861
18,65493,65495,0,22886
17,65493,65496,0,22912
17,65493,65496,0,22936
17,65493,65496,0,22961
18,65493,65496,0,22986
18,65493,65496,0,23011
18,65493,65495,0,23036
18,65493,65495,0,23061
18,65493,65495,0,23086
17,65493,65496,0,23111
17,65493,65496,0,23136
17,65493,65496,0,23160
17,65493,65495,0,23186
17,65493,65495,0,23211
17,65493,65495,0,23236
17,65492,65496,0,23261
17,65492,65496,0,23285
17,65493,65496,0,23311
17,65493,65496,0,23335
17,65493,65496,0,23360
17,65493,65495,0,23386
17,65493,65495,0,23410
17,65493,65495,0,23436
17,65493,65496,0,23460
17,65493,65496,0,23485
17,65493,65496,0,23511
17,65493,65496,0,23535
17,65493,65496,0,23560
17,65493,65495,0,23585
17,65493,65495,0,23610
17,65493,65495,0,23635
17,65492,65495,0,23660
17,65492,65495,0,23685
17,65492,65495,0,23710
17,65493,65495,0,23735
17,65493,65495,0,23759
17,65493,65495,0,23785
17,65493,65495,0,23810
17,65493,65495,0,23835
17,65493,65495,0,23860
17,65493,65495,0,23884
17,65493,65495,0,23910
18,65493,65496,0,23934
18,65493,65496,0,23959
18,65493,65496,0,23985
17,65493,65496,0,24009
17,65493,65496,0,24035
18,65493,65496,0,24059
18,65493,65496,0,24084
18,65493,65496,0,24110
17,65493,65496,0,24134
17,65493,65496,0,24159
17,65493,65496,0,24184
18,65493,65496,0,24209
18,65493,65496,0,24235
17,65493,65495,0,24259
17,65493,65495,0,24284
17,65493,65495,0,24309
18,65493,65496,0,24334
18,65493,65496,0,24358
18,65493,65496,0,24384
18,65493,65495,0,24409
18,65493,65495,0,24434
18,65493,65495,0,24459
17,65492,65495,0,24483
17,65492,65495,0,24509
17,65493,65495,0,24534
17,65493,65495,0,24558
17,65493,65495,0,24584
17,65493,65495,0,24608
17,65493,65495,0,24634
17,65493,65495,0,24658
18,65493,65495,0,24683
18,65493,65495,0,24709
18,65493,65495,0,24733
17,65493,65496,0,24758
17,65493,65496,0,24783
17,65492,65496,0,24808
17,65492,65496,0,24834
17,65492,65496,0,24858
17,65493,65495,0,24883
17,65493,65495,0,24908
17,65493,65495,0,24933
17,65493,65495,0,24957
17,65493,65495,0,24983
17,65493,65496,0,25008
17,65493,65496,0,25033
17,65493,65496,0,25058
17,65493,65495,0,25082
17,65493,65495,0,25108
17,65493,65495,0,25133
17,65493,65495,0,25157
17,65493,65495,0,25183
17,65493,65495,0,25207
17,65493,65495,0,25233
17,65493,65495,0,25257
18,65493,65496,0,25282
18,65493,65496,0,25308
18,65493,65496,0,25332
17,65493,65495,0,25357
17,65493,65495,0,25382
17,65493,65495,0,25407
18,65493,65495,0,25433
18,65493,65495,0,25457
18,65493,65495,0,25482
17,65493,65495,0,25507
17,65493,65495,0,25532
17,65493,65495,0,25556
17,65493,65495,0,25582
17,65493,65495,0,25607
17,65493,65495,0,25632
17,65493,65495,0,25657
17,65493,65495,0,25681
18,65493,65495,0,25707
18,65493,65495,0,25732
18,65493,65495,0,25756
18,65493,65495,0,25782
18,65493,65495,0,25806
17,65493,65495,0,25832
17,65493,65495,0,25857
17,65493,65495,0,25881
17,65493,65495,0,25907
17,65493,65495,0,25931
17,65493,65495,0,25956
17,65493,65495,0,25981
17,65493,65495,0,26006
17,65493,65495,0,26032
17,65493,65495,0,26056
17,65493,65495,0,26081
17,65493,65496,0,26106
17,65493,65496,0,26131
17,65493,65496,0,26156
18,65493,65495,0,26181
18,65493,65495,0,26206
18,65493,65495,0,26231
18,65493,65495,0,26256
18,65493,65495,0,26280
17,65493,65495,0,26306
17,65493,65495,0,26331
17,65493,65495,0,26355
18,65493,65495,0,26381
18,65493,65495,0,26405
18,65493,65495,0,26431
17,65493,65495,0,26456
17,65493,65495,0,26480
17,65493,65495,0,26506
17,65493,65495,0,26530
17,65493,65495,0,26555
17,65493,65496,0,26580
17,65493,65496,0,26605
17,65493,65496,0,26631
17,65493,65495,0,26655
17,65493,65495,0,26680
17,65493,65495,0,26705
17,65493,65495,0,26730
17,65493,65495,0,26755
17,65493,65496,0,26780
17,65493,65496,0,26805
17,65493,65496,0,26830
17,65493,65495,0,26855
17,65493,65495,0,26880
17,65493,65495,0,26905
17,65493,65496,0,26930
17,65493,65496,0,26954
17,65493,65496,0,26980
17,65492,65496,0,27004
17,65492,65496,0,27030
18,65493,65495,0,27055
18,65493,65495,0,27079
18,65493,65495,0,27105
18,65493,65495,0,27129
18,65493,65495,0,27154
18,65493,65495,0,27180
17,65493,65496,0,27204
17,65493,65496,0,27230
17,65493,65496,0,27254
17,65493,65495,0,27279
17,65493,65495,0,27304
18,65493,65495,0,27329
18,65493,65495,0,27354
18,65493,65495,0,27379
17,65493,65496,0,27404
17,65493,65496,0,27429
17,65493,65496,0,27454
18,65493,65495,0,27479
18,65493,65495,0,27504
17,65493,65496,0,27529
17,65493,65496,0,27553
17,65493,65496,0,27579
17,65493,65495,0,27603
17,65493,65495,0,27629
17,65493,65495,0,27654
17,65493,65496,0,27678
17,65493,65496,0,27704
17,65493,65496,0,27728
17,65493,65496,0,27753
17,65493,65496,0,27779
17,65493,65496,0,27803
17,65493,65496,0,27829
17,65493,65496,0,27853
17,65493,65495,0,27878
17,65493,65495,0,27904
17,65493,65495,0,27928
17,65493,65496,0,27953
17,65493,65496,0,27978
17,65493,65496,0,28003
17,65493,65495,0,28028
17,65493,65495,0,28053
18,65493,65496,0,28078
18,65493,65496,0,28103
18,65493,65496,0,28128
17,65493,65496,0,28152
17,65493,65496,0,28178
17,65493,65496,0,28203
17,65493,65496,0,28228
17,65493,65496,0,28253
17,65493,65496,0,28277
17,65493,65496,0,28303
17,65493,65496,0,28327
17,65493,65496,0,28352
17,65493,65496,0,28378
17,65493,65496,0,28402
17,65493,65495,0,28428
17,65493,65495,0,28452
17,65493,65495,0,28477
17,65493,65495,0,28503
17,65493,65495,0,28527
18,65493,65496,0,28552
18,65493,65496,0,28577
18,65493,65496,0,28602
17,65493,65496,0,28627
17,65493,65496,0,28652
17,65493,65496,0,28677
17,65493,65496,0,28702
17,65493,65496,0,28727
17,65493,65496,0,28751
17,65493,65496,0,28777
17,65493,65496,0,28802
17,65493,65496,0,28827
17,65493,65496,0,28852
17,65493,65496,0,28876
17,65493,65496,0,28902
17,65493,65496,0,28926
17,65493,65496,0,28951
17,65493,65496,0,28977
17,65493,65496,0,29001
17,65493,65495,0,29027
17,65493,65495,0,29051
17,65493,65495,0,29076
17,65493,65495,0,29102
17,65493,65495,0,29126
17,65493,65495,0,29151
17,65493,65495,0,29176
17,65493,65495,0,29201
17,65493,65495,0,29227
17,65493,65496,0,29251
17,65493,65496,0,29276
17,65493,65496,0,29301
17,65493,65496,0,29326
17,65493,65496,0,29350
17,65493,65496,0,29376
17,65493,65496,0,29401
17,65493,65496,0,29426
17,65493,65496,0,29451
17,65493,65496,0,29475
17,65493,65496,0,29501
17,65493,65496,0,29526
17,65493,65496,0,29550
17,65493,65496,0,29576
17,65493,65496,0,29600
17,65493,65496,0,29626
17,65493,65496,0,29650
17,65493,65496,0,29675
17,65493,65496,0,29701
17,65493,65496,0,29725
17,65493,65496,0,29750
17,65493,65496,0,29775
17,65493,65496,0,29800
17,65493,65496,0,29826
17,65493,65496,0,29850
17,65493,65496,0,29875
17,65493,65496,0,29900
17,65493,65496,0,29925
17,65493,65496,0,29949
17,65493,65496,0,29975
17,65493,65496,0,30000
17,65493,65496,0,30025
17,65493,65496,0,30050
17,65493,65496,0,30074
17,65493,65496,0,30100
17,65493,65496,0,30125
17,65493,65496,0,30149
17,65493,65496,0,30175
16,65493,65496,0,30199
16,65493,65496,0,30225
16,65493,65496,0,30249
17,65493,65496,0,30274
17,65493,65496,0,30300
17,65493,65496,0,30324
17,65493,65496,0,30349
17,65493,65496,0,30374
17,65493,65496,0,30399
17,65493,65496,0,30425
17,65493,65496,0,30449
17,65493,65496,0,30474
17,65493,65496,0,30499
17,65493,65496,0,30524
17,65493,65496,0,30548
17,65493,65496,0,30574
17,65493,65496,0,30599
17,65493,65496,0,30624
17,65493,65496,0,30649
17,65493,65496,0,30673
17,65493,65496,0,30699
17,65493,65496,0,30724
17,65493,65496,0,30748
17,65493,65496,0,30774
17,65493,65496,0,30798
17,65493,65496,0,30824
17,65493,65496,0,30849
17,65493,65496,0,30873
17,65493,65496,0,30899
17,65493,65496,0,30923
17,65493,65496,0,30948
17,65493,65496,0,30973
17,65493,65496,0,30998
17,65493,65496,0,31024
17,65493,65496,0,31048
17,65493,65496,0,31073
17,65493,65496,0,31098
17,65493,65496,0,31123
17,65493,65496,0,31148
17,65493,65496,0,31173
17,65493,65496,0,31198
17,65493,65496,0,31223
17,65493,65496,0,31248
17,65493,65496,0,31272
16,65493,65496,0,31298
16,65493,65496,0,31323
17,65493,65496,0,31347
17,65493,65496,0,31373
17,65493,65496,0,31397
17,65493,65496,0,31423
17,65493,65496,0,31448
17,65493,65496,0,31472
17,65493,65496,0,31498
17,65493,65496,0,31522
16,65493,65496,0,31547
16,65493,65496,0,31572
16,65493,65496,0,31597
17,65493,65496,0,31623
17,65493,65496,0,31647
17,65493,65496,0,31672
16,65493,65496,0,31697
16,65493,65496,0,31722
16,65493,65496,0,31747
17,65493,65496,0,31772
17,65493,65496,0,31797
17,65493,65496,0,31822
17,65493,65496,0,31847
17,65493,65496,0,31872
17,65493,65496,0,31897
17,65493,65496,0,31922
17,65493,65496,0,31946
17,65493,65496,0,31972
17,65493,65496,0,31996
17,65493,65496,0,32022
17,65493,65496,0,32047
17,65493,65496,0,32071
17,65493,65496,0,32097
17,65493,65496,0,32121
17,65493,65496,0,32146
17,65493,65496,0,32172
17,65493,65496,0,32196
17,65493,65496,0,32222
17,65493,65496,0,32246
17,65493,65496,0,32271
17,65493,65496,0,32296
17,65493,65496,0,32321
17,65493,65496,0,32346
17,65493,65496,0,32371
17,65493,65496,0,32396
17,65493,65496,0,32421
17,65493,65496,0,32446
17,65493,65496,0,32471
17,65493,65496,0,32496
17,65493,65496,0,32521
17,65493,65496,0,32545
17,65493,65496,0,32571
17,65493,65496,0,32595
17,65493,65496,0,32621
17,65493,65496,0,32646
17,65493,65496,0,32670
17,65493,65496,0,32696
17,65493,65496,0,32720
17,65493,65496,0,32745
17,65493,65496,0,32771
17,65493,65496,0,32795
17,65493,65496,0,32821
17,65493,65496,0,32845
17,65493,65496,0,32870
17,65493,65496,0,32896
17,65493,65496,0,32920
17,65493,65496,0,32945
17,65493,65496,0,32970
17,65493,65496,0,32995
17,65493,65496,0,33020
17,65493,65496,0,33045
17,65493,65496,0,33070
17,65493,65496,0,33095
17,65493,65496,0,33120
17,65493,65496,0,33144
17,65493,65496,0,33170
17,65493,65496,0,33195
17,65493,65496,0,33220
17,65493,65496,0,33245
17,65493,65496,0,33269
17,65493,65496,0,33295
17,65493,65496,0,33319
17,65493,65496,0,33344
17,65493,65496,0,33370
17,65493,65496,0,33394
17,65493,65496,0,33420
17,65493,65496,0,33444
17,65493,65496,0,33469
17,65493,65496,0,33495
17,65493,65496,0,33519
17,65493,65496,0,33544
17,65493,65496,0,33569
17,65493,65496,0,33594
17,65493,65496,0,33619
17,65493,65496,0,33644
17,65493,65496,0,33669
17,65493,65496,0,33694
17,65493,65496,0,33719
17,65493,65496,0,33743
17,65493,65496,0,33769
17,65493,65496,0,33794
17,65493,65496,0,33819
17,65493,65496,0,33844
17,65492,65496,0,33868
17,65492,65496,0,33894
17,65492,65496,0,33918
17,65493,65496,0,33943
17,65493,65496,0,33969
17,65493,65496,0,33993
17,65493,65496,0,34019
17,65493,65496,0,34043
17,65493,65496,0,34068
17,65493,65496,0,34094
17,65493,65496,0,34118
17,65493,65496,0,34143
17,65493,65496,0,34168
17,65493,65496,0,34193
17,65493,65496,0,34219
17,65493,65496,0,34243
17,65493,65496,0,34268
17,65493,65496,0,34293
17,65493,65496,0,34318
17,65493,65496,0,34342
17,65493,65496,0,34368
17,65493,65496,0,34393
18,65493,65496,0,34418
18,65493,65496,0,34443
18,65493,65496,0,34467
17,65493,65496,0,34493
17,65493,65496,0,34518
17,65493,65496,0,34542
17,65493,65496,0,34568
17,65493,65496,0,34592
17,65493,65496,0,34618
17,65493,65496,0,34642
17,65493,65496,0,34667
17,65493,65496,0,34693
17,65493,65496,0,34717
17,65493,65496,0,34742
17,65493,65496,0,34767
17,65493,65496,0,34792
17,65493,65496,0,34818
17,65493,65496,0,34842
17,65493,65496,0,34867
17,65493,65496,0,34892
17,65493,65496,0,34917
17,65493,65496,0,34941
17,65492,65496,0,34967
17,65492,65496,0,34992
17,65492,65496,0,35017
18,65492,65496,0,35042
18,65492,65496,0,35066
17,65493,65496,0,35092
17,65493,65496,0,35117
17,65493,65496,0,35141
17,65493,65496,0,35167
17,65493,65496,0,35191
17,65493,65496,0,35217
18,65493,65496,0,35241
18,65493,65496,0,35266
18,65493,65496,0,35292
17,65493,65496,0,35316
17,65493,65496,0,35341
17,65493,65496,0,35366
17,65493,65496,0,35391
17,65493,65496,0,35417
17,65492,65496,0,35441
17,65492,65496,0,35466
17,65492,65496,0,35491
17,65493,65496,0,35516
17,65493,65496,0,35540
17,65493,65496,0,35566
17,65493,65496,0,35591
17,65493,65496,0,35616
17,65493,65496,0,35641
17,65493,65496,0,35665
17,65493,65496,0,35691
17,65493,65496,0,35716
17,65493,65496,0,35740
17,65493,65496,0,35766
18,65492,65496,0,35790
18,65492,65496,0,35816
18,65492,65496,0,35841
18,65492,65496,0,35865
18,65492,65496,0,35891
18,65493,65496,0,35915
18,65493,65496,0,35940
18,65493,65496,0,35965
17,65493,65496,0,35990
17,65493,65496,0,36016
17,65493,65496,0,36040
17,65493,65496,0,36065
17,65493,65496,0,36090
18,65492,65496,0,36115
18,65492,65496,0,36140
18,65492,65496,0,36165
17,65493,65496,0,36190
17,65493,65496,0,36215
17,65493,65496,0,36240
17,65493,65496,0,36264
17,65493,65496,0,36290
17,65493,65496,0,36315
17,65493,65496,0,36339
17,65493,65496,0,36365
17,65493,65496,0,36389
17,65493,65496,0,36415
17,65493,65496,0,36440
18,65493,65496,0,36464
18,65493,65496,0,36490
18,65493,65496,0,36514
17,65493,65495,0,36539
17,65493,65495,0,36564
18,65493,65496,0,36589
18,65493,65496,0,36615
18,65493,65496,0,36639
17,65493,65496,0,36664
17,65493,65496,0,36689
17,65493,65496,0,36714
17,65493,65496,0,36739
17,65493,65496,0,36764
17,65493,65496,0,36789
17,65493,65495,0,36814
17,65493,65495,0,36839
17,65493,65496,0,36864
17,65493,65496,0,36889
17,65493,65496,0,36914
17,65493,65496,0,36938
17,65493,65496,0,36964
17,65493,65496,0,36988
17,65493,65496,0,37014
17,65493,65496,0,37039
17,65493,65496,0,37063
17,65493,65496,0,37089
17,65493,65496,0,37113
17,65493,65496,0,37138
17,65493,65496,0,37164
17,65493,65496,0,37188
17,65493,65496,0,37214
17,65493,65496,0,37238
17,65493,65496,0,37263
17,65493,65496,0,37288
17,65493,65496,0,37313
17,65493,65496,0,37338
17,65493,65496,0,37363
17,65493,65496,0,37388
17,65492,65496,0,37413
17,65492,65496,0,37438
17,65492,65496,0,37463
17,65493,65495,0,37488
17,65493,65495,0,37513
17,65493,65495,0,37537
17,65493,65496,0,37563
17,65493,65496,0,37587
17,65493,65496,0,37613
17,65493,65496,0,37638
17,65493,65496,0,37662
17,65493,65496,0,37688
17,65493,65496,0,37712
17,65493,65496,0,37737
17,65493,65496,0,37763
17,65493,65496,0,37787
17,65493,65496,0,37813
17,65493,65495,0,37837
17,65493,65495,0,37862
17,65493,65496,0,37888
17,65493,65496,0,37912
17,65493,65496,0,37937
17,65493,65496,0,37962
17,65493,65496,0,37987
17,65493,65496,0,38012
17,65493,65496,0,38037
17,65493,65496,0,38062
17,65493,65495,0,38087
17,65493,65495,0,38112
17,65493,65495,0,38136
17,65493,65495,0,38162
17,65493,65495,0,38187
17,65493,65495,0,38212
17,65493,65496,0,38237
17,65493,65496,0,38261
17,65493,65496,0,38287
17,65493,65496,0,38311
17,65493,65496,0,38336
17,65492,65495,0,38362
17,65492,65495,0,38386
17,65492,65495,0,38412
17,65493,65495,0,38436
17,65493,65495,0,38461
17,65493,65495,0,38487
17,65493,65495,0,38511
17,65493,65495,0,38536
17,65493,65495,0,38561
17,65493,65496,0,38586
17,65493,65496,0,38611
17,65493,65496,0,38636
17,65493,65496,0,38661
17,65493,65496,0,38686
17,65493,65495,0,38711
17,65493,65495,0,38735
17,65493,65495,0,38761
18,65493,65496,0,38786
18,65493,65496,0,38811
18,65493,65496,0,38836
18,65493,65496,0,38860
18,65493,65496,0,38886
17,65493,65495,0,38910
17,65493,65495,0,38935
17,65493,65495,0,38961
17,65493,65495,0,38985
17,65493,65495,0,39011
17,65493,65495,0,39035
17,65493,65496,0,39060
17,65493,65496,0,39086
17,65493,65496,0,39110
17,65493,65496,0,39135
17,65493,65496,0,39160
17,65493,65495,0,39185
17,65493,65495,0,39211
17,65493,65495,0,39235
17,65493,65496,0,39260
17,65493,65496,0,39285
17,65493,65496,0,39310
17,65492,65496,0,39334
17,65492,65496,0,39360
17,65493,65496,0,39385
17,65493,65496,0,39410
17,65493,65496,0,39435
17,65493,65496,0,39459
17,65493,65496,0,39485
17,65493,65496,0,39510
17,65493,65496,0,39534
17,65493,65496,0,39560
17,65493,65495,0,39584
17,65493,65495,0,39610
17,65493,65495,0,39634
17,65493,65496,0,39659
17,65493,65496,0,39685
17,65493,65496,0,39709
17,65493,65496,0,39734
17,65493,65496,0,39759
17,65493,65496,0,39784
17,65493,65495,0,39810
17,65493,65495,0,39834
17,65493,65496,0,39859
17,65493,65496,0,39884
17,65493,65496,0,39909
17,65493,65496,0,39933
17,65493,65496,0,39959
17,65493,65496,0,39984
17,65493,65496,0,40009
17,65493,65496,0,40034
17,65493,65496,0,40058
17,65493,65496,0,40084
17,65493,65496,0,40109
17,65493,65495,0,40133
17,65493,65495,0,40159
17,65493,65495,0,40183
17,65493,65495,0,40209
17,65493,65495,0,40233
17,65493,65495,0,40258
17,65493,65496,0,40284
17,65493,65496,0,40308
17,65493,65495,0,40333
17,65493,65495,0,40358
17,65493,65495,0,40383
17,65493,65495,0,40409
17,65493,65495,0,40433
17,65493,65495,0,40458
17,65493,65496,0,40483
17,65493,65496,0,40508
17,65493,65496,0,40532
17,65493,65496,0,40558
17,65493,65496,0,40583
17,65493,65496,0,40608
17,65493,65496,0,40633
17,65493,65496,0,40657
17,65493,65496,0,40683
17,65493,65496,0,40708
17,65493,65496,0,40732
17,65493,65496,0,40758
17,65493,65496,0,40782
17,65493,65496,0,40808
17,65493,65496,0,40833
17,65493,65496,0,40857
17,65493,65495,0,40883
17,65493,65495,0,40907
17,65493,65495,0,40932
18,65493,65496,0,40957
18,65493,65496,0,40982
18,65493,65496,0,41008
17,65493,65496,0,41032
17,65493,65496,0,41057
17,65493,65496,0,41082
17,65493,65496,0,41107
17,65493,65496,0,41132
17,65493,65495,0,41157
17,65493,65495,0,41182
17,65493,65495,0,41207
17,65493,65496,0,41232
17,65493,65496,0,41256
17,65493,65496,0,41282
17,65493,65496,0,41307
17,65493,65496,0,41331
17,65493,65495,0,41357
17,65493,65495,0,41381
17,65493,65495,0,41407
18,65493,65495,0,41432
18,65493,65495,0,41456
18,65493,65495,0,41482
17,65492,65496,0,41506
17,65492,65496,0,41531
17,65492,65496,0,41556
17,65493,65496,0,41581
17,65493,65496,0,41607
17,65493,65495,0,41631
17,65493,65495,0,41656
17,65493,65495,0,41681
18,65493,65496,0,41706
18,65493,65496,0,41731
18,65493,65496,0,41756
17,65492,65495,0,41781
17,65492,65495,0,41806
17,65492,65495,0,41831
17,65493,65496,0,41856
17,65493,65496,0,41881
17,65492,65496,0,41906
17,65492,65496,0,41930
17,65492,65496,0,41956
17,65493,65495,0,41980
17,65493,65495,0,42006
17,65493,65495,0,42031
17,65493,65496,0,42055
17,65493,65496,0,42081
17,65493,65495,0,42105
17,65493,65495,0,42130
17,65493,65495,0,42156
17,65492,65495,0,42180
17,65492,65495,0,42206
17,65492,65495,0,42230
17,65493,65495,0,42255
17,65493,65495,0,42280
17,65493,65495,0,42305
17,65493,65496,0,42330
17,65493,65496,0,42355
17,65493,65496,0,42380
17,65493,65496,0,42405
17,65493,65496,0,42430
17,65493,65495,0,42455
17,65493,65495,0,42480
17,65493,65495,0,42505
17,65493,65496,0,42529
17,65493,65496,0,42555
17,65493,65496,0,42579
17,65493,65496,0,42605
17,65493,65496,0,42630
17,65493,65495,0,42654
17,65493,65495,0,42680
17,65493,65495,0,42704
17,65493,65496,0,42729
17,65493,65496,0,42755
17,65493,65496,0,42779
17,65493,65495,0,42805
17,65493,65495,0,42829
17,65492,65496,0,42854
17,65492,65496,0,42880
17,65492,65496,0,42904
17,65492,65495,0,42929
17,65492,65495,0,42954
17,65492,65495,0,42979
17,65493,65495,0,43004
17,65493,65495,0,43029
17,65493,65495,0,43054
17,65493,65496,0,43079
17,65493,65496,0,43104
17,65493,65496,0,43128
17,65493,65496,0,43154
17,65493,65496,0,43179
17,65493,65495,0,43204
17,65493,65495,0,43229
17,65493,65495,0,43253
17,65493,65496,0,43279
17,65493,65496,0,43303
17,65493,65496,0,43328
17,65493,65495,0,43354
17,65493,65495,0,43378
17,65493,65496,0,43404
17,65493,65496,0,43428
17,65493,65496,0,43453
17,65493,65496,0,43479
17,65493,65496,0,43503
17,65493,65496,0,43528
17,65493,65495,0,43553
17,65493,65495,0,43578
17,65492,65495,0,43603
17,65492,65495,0,43628
17,65492,65495,0,43653
17,65493,65496,0,43678
17,65493,65496,0,43703
17,65493,65496,0,43727
17,65492,65495,0,43753
17,65492,65495,0,43778
17,65492,65495,0,43803
17,65493,65496,0,43828
17,65493,65496,0,43852
18,65493,65495,0,43878
18,65493,65495,0,43902
18,65493,65495,0,43927
17,65493,65496,0,43953
17,65493,65496,0,43977
17,65493,65496,0,44003
17,65493,65496,0,44027
17,65493,65496,0,44052
17,65493,65496,0,44078
17,65493,65495,0,44102
17,65493,65495,0,44127
17,65492,65496,0,44152
17,65492,65496,0,44177
17,65492,65496,0,44203
17,65493,65495,0,44227
17,65493,65495,0,44252
17,65493,65495,0,44277
17,65493,65496,0,44302
17,65493,65496,0,44326
17,65493,65496,0,44352
17,65493,65496,0,44377
17,65493,65496,0,44402
17,65493,65495,0,44427
17,65493,65495,0,44451
17,65493,65495,0,44477
17,65492,65495,0,44502
17,65492,65495,0,44526
17,65492,65495,0,44552
17,65492,65495,0,44576
17,65492,65495,0,44602
17,65493,65496,0,44626
17,65493,65496,0,44651
17,65493,65496,0,44677
17,65493,65495,0,44701
17,65493,65495,0,44726
17,65493,65495,0,44751
17,65493,65495,0,44776
17,65493,65495,0,44802
17,65493,65495,0,44826
17,65493,65495,0,44851
17,65493,65495,0,44876
17,65493,65496,0,44901
17,65493,65496,0,44925
17,65493,65496,0,44951
17,65493,65496,0,44976
17,65493,65496,0,45001
17,65493,65496,0,45026
17,65493,65495,0,45050
17,65493,65495,0,45076
17,65493,65495,0,45101
17,65493,65495,0,45125
17,65493,65495,0,45151
17,65493,65495,0,45175
17,65493,65495,0,45201
17,65493,65495,0,45225
17,65493,65495,0,45250
17,65493,65495,0,45276
17,65493,65495,0,45300
17,65493,65496,0,45325
17,65493,65496,0,45350
17,65493,65496,0,45375
17,65493,65496,0,45401
17,65493,65496,0,45425
17,65493,65496,0,45450
17,65493,65496,0,45475
17,65493,65496,0,45500
17,65493,65496,0,45524
17,65493,65496,0,45550
17,65493,65496,0,45575
17,65493,65496,0,45600
17,65493,65496,0,45625
17,65492,65496,0,45649
17,65492,65496,0,45675
17,65492,65496,0,45700
17,65493,65496,0,45724
17,65493,65496,0,45750
17,65493,65496,0,45774
17,65493,65496,0,45800
17,65493,65496,0,45825
17,65493,65496,0,45849
17,65493,65496,0,45875
17,65493,65496,0,45899
17,65493,65496,0,45924
17,65493,65496,0,45949
17,65493,65496,0,45974
17,65493,65496,0,46000
17,65493,65496,0,46024
17,65493,65496,0,46049
17,65493,65495,0,46074
17,65493,65495,0,46099
17,65493,65495,0,46124
17,65493,65495,0,46149
17,65493,65495,0,46174
17,65493,65495,0,46199
17,65493,65495,0,46224
17,65493,65495,0,46248
17,65493,65496,0,46274
17,65493,65496,0,46299
17,65493,65496,0,46323
17,65493,65496,0,46349
17,65493,65496,0,46373
17,65493,65496,0,46399
17,65493,65496,0,46424
17,65493,65496,0,46448
17,65493,65496,0,46474
17,65493,65496,0,46498
17,65493,65496,0,46523
17,65493,65495,0,46548
17,65493,65495,0,46573
17,65493,65495,0,46599
17,65493,65495,0,46623
17,65493,65495,0,46648
17,65493,65495,0,46673
17,65493,65495,0,46698
17,65493,65495,0,46723
17,65493,65496,0,46748
17,65493,65496,0,46773
17,65493,65496,0,46798
17,65493,65496,0,46823
17,65493,65496,0,46848
17,65493,65495,0,46873
17,65493,65495,0,46898
17,65493,65495,0,46922
17,65493,65496,0,46948
17,65493,65496,0,46972
17,65493,65496,0,46998
17,65493,65496,0,47023
17,65493,65496,0,47047
17,65493,65496,0,47073
17,65492,65495,0,47097
17,65492,65495,0,47122
17,65492,65495,0,47148
17,65492,65495,0,47172
17,65492,65495,0,47198
17,65493,65496,0,47222
17,65493,65496,0,47247
17,65493,65496,0,47272
17,65493,65496,0,47297
17,65493,65496,0,47322
17,65493,65496,0,47347
17,65493,65495,0,47372
17,65493,65495,0,47397
17,65493,65496,0,47422
17,65493,65496,0,47447
17,65493,65496,0,47472
17,65493,65495,0,47497
17,65493,65495,0,47521
17,65493,65495,0,47547
17,65493,65496,0,47571
17,65493,65496,0,47597
17,65493,65495,0,47622
17,65493,65495,0,47646
17,65493,65495,0,47672
17,65493,65496,0,47696
17,65493,65496,0,47721
17,65493,65496,0,47747
17,65493,65495,0,47771
17,65493,65495,0,47797
17,65493,65495,0,47821
17,65493,65495,0,47846
17,65493,65495,0,47872
17,65493,65496,0,47896
17,65493,65496,0,47921
17,65493,65496,0,47946
17,65493,65496,0,47971
17,65493,65496,0,47996
17,65493,65496,0,48021
17,65493,65496,0,48046
17,65493,65496,0,48071
17,65493,65496,0,48096
17,65493,65496,0,48120
17,65493,65496,0,48146
17,65493,65495,0,48171
17,65493,65495,0,48196
17,65493,65495,0,48221
17,65493,65495,0,48245
17,65493,65495,0,48271
17,65493,65495,0,48295
17,65493,65495,0,48320
17,65493,65495,0,48346
17,65493,65496,0,48370
17,65493,65496,0,48396
17,65493,65496,0,48420
17,65493,65495,0,48445
17,65493,65495,0,48471
17,65493,65495,0,48495
17,65493,65495,0,48520
17,65493,65495,0,48545
17,65493,65495,0,48570
17,65492,65496,0,48595
17,65492,65496,0,48620
17,65493,65495,0,48645
17,65493,65495,0,48670
17,65493,65495,0,48695
17,65493,65496,0,48719
17,65493,65496,0,48745
17,65493,65496,0,48770
17,65492,65496,0,48795
17,65492,65496,0,48820
17,65492,65496,0,48844
17,65493,65496,0,48870
17,65493,65496,0,48894
17,65493,65495,0,48919
17,65493,65495,0,48945
17,65493,65495,0,48969
17,65493,65495,0,48995
17,65493,65495,0,49019
17,65493,65495,0,49044
17,65493,65495,0,49070
17,65493,65495,0,49094
17,65493,65495,0,49119
17,65493,65495,0,49144
17,65493,65495,0,49169
17,65493,65495,0,49195
17,65493,65495,0,49219
17,65493,65495,0,49244
17,65493,65496,0,49269
17,65493,65496,0,49294
17,65493,65496,0,49318
17,65493,65496,0,49344
17,65493,65496,0,49369
17,65493,65496,0,49394
17,65493,65496,0,49419
17,65493,65496,0,49443
17,65493,65495,0,49469
17,65493,65495,0,49494
17,65493,65495,0,49518
17,65493,65495,0,49544
17,65493,65495,0,49568
17,65493,65495,0,49594
17,65493,65496,0,49618
17,65493,65496,0,49643
17,65493,65496,0,49669
17,65493,65496,0,49693
17,65493,65496,0,49718
17,65493,65496,0,49743
17,65493,65496,0,49768
17,65493,65496,0,49794
17,65493,65496,0,49818
17,65493,65496,0,49843
17,65493,65496,0,49868
17,65493,65496,0,49893
17,65493,65496,0,49917
17,65493,65496,0,49943
17,65493,65496,0,49968
17,65493,65496,0,49993
17,65493,65495,0,50018
17,65493,65495,0,50042
17,65493,65495,0,50068
17,65493,65495,0,50093
17,65493,65495,0,50117
17,65493,65496,0,50143
17,65493,65496,0,50167
17,65493,65496,0,50193
17,65493,65496,0,50217
17,65493,65496,0,50242
17,65493,65496,0,50268
17,65493,65495,0,50292
17,65493,65495,0,50317
17,65493,65495,0,50342
17,65493,65496,0,50367
17,65493,65496,0,50393
17,65493,65496,0,50417
17,65493,65496,0,50442
17,65493,65496,0,50467
17,65493,65495,0,50492
17,65493,65495,0,50516
17,65493,65495,0,50542
17,65493,65496,0,50567
17,65493,65496,0,50592
17,65493,65495,0,50617
17,65493,65495,0,50641
17,65493,65495,0,50667
17,65493,65496,0,50692
17,65493,65496,0,50716
17,65493,65496,0,50742
17,65493,65496,0,50766
17,65493,65496,0,50792
17,65493,65496,0,50817
17,65493,65496,0,50841
17,65493,65496,0,50867
17,65493,65496,0,50891
17,65493,65496,0,50916
17,65493,65496,0,50941
17,65493,65495,0,50966
17,65493,65495,0,50992
17,65493,65495,0,51016
17,65493,65496,0,51041
17,65493,65496,0,51066
17,65493,65496,0,51091
17,65493,65496,0,51116
17,65493,65496,0,51141
17,65493,65496,0,51166
17,65493,65496,0,51191
17,65493,65496,0,51216
17,65493,65495,0,51240
17,65493,65495,0,51266
17,65493,65495,0,51291
17,65493,65495,0,51315
17,65493,65495,0,51341
17,65493,65495,0,51365
17,65493,65495,0,51391
17,65493,65495,0,51416
17,65493,65496,0,51440
17,65493,65496,0,51466
17,65493,65496,0,51490
17,65493,65495,0,51515
17,65493,65495,0,51540
17,65493,65495,0,51565
17,65493,65496,0,51591
17,65493,65496,0,51615
17,65493,65495,0,51640
17,65493,65495,0,51665
17,65493,65495,0,51690
17,65493,65496,0,51715
17,65493,65496,0,51740
17,65493,65496,0,51765
17,65493,65496,0,51790
17,65493,65496,0,51815
17,65493,65496,0,51840
17,65493,65496,0,51865
17,65493,65496,0,51890
17,65493,65495,0,51914
17,65493,65495,0,51940
17,65493,65495,0,51964
17,65493,65496,0,51990
17,65493,65496,0,52015
17,65493,65496,0,52039
17,65493,65496,0,52065
17,65493,65496,0,52089
17,65493,65496,0,52114
17,65493,65496,0,52140
17,65493,65496,0,52164
17,65493,65496,0,52190
17,65493,65496,0,52214
17,65493,65496,0,52239
17,65493,65496,0,52264
17,65493,65496,0,52289
17,65493,65496,0,52314
17,65493,65496,0,52339
17,65493,65496,0,52364
17,65493,65496,0,52389
17,65493,65496,0,52414
17,65493,65496,0,52439
17,65493,65496,0,52464
17,65493,65496,0,52489
17,65493,65496,0,52513
17,65493,65496,0,52539
17,65493,65496,0,52563
17,65493,65496,0,52589
17,65493,65496,0,52614
17,65493,65496,0,52638
17,65493,65496,0,52664
17,65493,65496,0,52688
17,65493,65496,0,52713
17,65493,65496,0,52739
17,65493,65496,0,52763
17,65493,65496,0,52789
17,65493,65495,0,52813
17,65493,65495,0,52838
17,65493,65496,0,52864
17,65493,65496,0,52888
17,65493,65496,0,52913
17,65493,65496,0,52938
17,65493,65496,0,52963
17,65493,65496,0,52988
17,65493,65496,0,53013
17,65493,65496,0,53038
17,65493,65496,0,53063
17,65493,65496,0,53088
17,65493,65496,0,53112
17,65493,65495,0,53138
17,65493,65495,0,53163
17,65493,65495,0,53188
17,65493,65496,0,53213
17,65493,65496,0,53237
17,65493,65496,0,53263
17,65493,65496,0,53287
17,65493,65496,0,53312
17,65493,65496,0,53338
17,65493,65496,0,53362
17,65493,65496,0,53388
17,65493,65496,0,53412
17,65493,65496,0,53437
17,65493,65496,0,53463
17,65493,65496,0,53487
17,65493,65496,0,53512
17,65493,65496,0,53537
17,65493,65495,0,53562
17,65493,65495,0,53587
17,65493,65495,0,53612
17,65493,65495,0,53637
17,65493,65495,0,53662
17,65493,65496,0,53687
17,65493,65496,0,53711
17,65493,65496,0,53737
17,65493,65496,0,53762
17,65493,65496,0,53787
17,65493,65496,0,53812
17,65493,65496,0,53836
17,65493,65496,0,53862
17,65493,65496,0,53886
17,65493,65496,0,53911
17,65493,65496,0,53937
17,65493,65496,0,53961
17,65493,65496,0,53987
17,65493,65496,0,54011
17,65493,65496,0,54036
17,65493,65496,0,54062
17,65493,65496,0,54086
17,65493,65496,0,54111
17,65493,65496,0,54136
17,65493,65496,0,54161
17,65493,65496,0,54187
17,65493,65496,0,54211
17,65493,65496,0,54236
17,65493,65496,0,54261
17,65493,65496,0,54286
17,65493,65496,0,54310
17,65493,65496,0,54336
17,65493,65496,0,54361
17,65493,65496,0,54386
17,65493,65496,0,54411
17,65493,65496,0,54435
17,65493,65496,0,54461
17,65493,65496,0,54486
17,65493,65496,0,54510
17,65493,65496,0,54536
17,65493,65496,0,54560
17,65493,65496,0,54586
17,65493,65496,0,54610
17,65493,65496,0,54635
17,65493,65496,0,54661
17,65493,65496,0,54685
17,65493,65496,0,54710
17,65493,65496,0,54735
17,65493,65496,0,54760
17,65493,65496,0,54786
17,65493,65496,0,54810
17,65493,65496,0,54835
17,65493,65496,0,54860
17,65493,65496,0,54885
17,65493,65496,0,54909
17,65493,65496,0,54935
17,65493,65496,0,54960
17,65493,65496,0,54985
17,65493,65496,0,55010
17,65493,65496,0,55034
17,65493,65496,0,55060
17,65493,65496,0,55085
17,65493,65496,0,55109
17,65493,65496,0,55135
17,65493,65496,0,55159
17,65493,65496,0,55185
17,65493,65496,0,55209
17,65493,65496,0,55234
17,65493,65496,0,55260
17,65493,65496,0,55284
17,65493,65496,0,55309
17,65493,65496,0,55334
17,65493,65496,0,55359
17,65493,65496,0,55385
17,65493,65496,0,55409
17,65493,65496,0,55434
17,65493,65496,0,55459
17,65493,65496,0,55484
17,65493,65496,0,55508
17,65493,65496,0,55534
17,65493,65496,0,55559
17,65493,65496,0,55584
16,65493,65496,0,55609
16,65493,65496,0,55633
16,65493,65496,0,55659
16,65493,65496,0,55684
16,65493,65496,0,55708
17,65493,65496,0,55734
17,65493,65496,0,55758
17,65493,65496,0,55784
16,65493,65496,0,55809
16,65493,65496,0,55833
16,65493,65496,0,55859
16,65493,65496,0,55883
16,65493,65496,0,55908
17,65493,65496,0,55933
17,65493,65496,0,55958
17,65493,65496,0,55984
16,65493,65496,0,56008
16,65493,65496,0,56033
16,65493,65496,0,56058
17,65493,65496,0,56083
17,65493,65496,0,56108
16,65493,65496,0,56133
16,65493,65496,0,56158
16,65493,65496,0,56183
17,65493,65496,0,56208
17,65493,65496,0,56232
17,65493,65496,0,56258
16,65493,65496,0,56283
16,65493,65496,0,56307
16,65493,65496,0,56333
16,65493,65495,0,56357
16,65493,65495,0,56383
17,65493,65496,0,56408
17,65493,65496,0,56432
17,65493,65496,0,56458
16,65493,65496,0,56482
16,65493,65496,0,56507
16,65493,65496,0,56532
16,65493,65496,0,56557
16,65493,65496,0,56583
16,65493,65496,0,56607
16,65493,65496,0,56632
16,65493,65496,0,56657
16,65493,65496,0,56682
16,65493,65496,0,56707
16,65493,65496,0,56732
16,65493,65496,0,56757
16,65493,65496,0,56782
16,65493,65496,0,56807
16,65493,65496,0,56832
16,65493,65496,0,56857
16,65493,65496,0,56882
16,65493,65496,0,56906
16,65493,65496,0,56932
16,65493,65496,0,56956
16,65493,65496,0,56982
16,65493,65496,0,57007
16,65493,65496,0,57031
16,65493,65496,0,57057
16,65493,65496,0,57081
16,65493,65496,0,57106
16,65493,65496,0,57132
16,65493,65496,0,57156
16,65493,65496,0,57182
16,65493,65496,0,57206
16,65493,65496,0,57231
16,65493,65496,0,57256
16,65493,65496,0,57281
16,65493,65496,0,57306
16,65493,65496,0,57331
16,65493,65496,0,57356
16,65493,65496,0,57381
16,65493,65496,0,57406
16,65493,65496,0,57431
16,65493,65496,0,57456
16,65493,65496,0,57481
16,65493,65496,0,57505
16,65493,65496,0,57531
16,65493,65496,0,57555
16,65493,65495,0,57581
16,65493,65495,0,57606
16,65493,65496,0,57630
16,65493,65496,0,57656
16,65493,65496,0,57680
16,65493,65496,0,57705
16,65493,65496,0,57731
16,65493,65496,0,57755
16,65493,65496,0,57781
16,65493,65496,0,57805
16,65493,65496,0,57830
16,65493,65496,0,57856
16,65493,65496,0,57880
16,65493,65496,0,57905
16,65493,65496,0,57930
16,65493,65496,0,57955
16,65493,65496,0,57980
16,65493,65496,0,58005
16,65493,65496,0,58030
16,65494,65496,0,58055
16,65494,65496,0,58080
16,65494,65496,0,58104
16,65493,65496,0,58130
16,65493,65496,0,58155
16,65493,65496,0,58180
16,65493,65496,0,58205
16,65493,65496,0,58229
16,65494,65496,0,58255
16,65494,65496,0,58279
16,65494,65496,0,58304
16,65493,65496,0,58330
16,65493,65496,0,58354
16,65493,65496,0,58380
16,65493,65496,0,58404
16,65493,65496,0,58429
16,65494,65496,0,58455
16,65494,65496,0,58479
16,65494,65496,0,58504
16,65493,65496,0,58529
16,65493,65496,0,58554
16,65493,65496,0,58579
16,65493,65496,0,58604
16,65493,65496,0,58629
16,65493,65496,0,58654
16,65493,65496,0,58679
16,65493,65496,0,58703
16,65493,65496,0,58729
16,65493,65496,0,58754
16,65493,65496,0,58779
16,65493,65496,0,58804
16,65493,65496,0,58828
16,65493,65496,0,58854
16,65493,65496,0,58878
16,65493,65496,0,58903
16,65493,65496,0,58929
16,65493,65496,0,58953
16,65493,65496,0,58979
16,65493,65496,0,59003
16,65493,65496,0,59028
16,65493,65496,0,59054
16,65493,65496,0,59078
16,65493,65496,0,59103
16,65493,65496,0,59128
16,65493,65496,0,59153
16,65493,65496,0,59179
16,65493,65496,0,59203
16,65493,65496,0,59228
16,65493,65496,0,59253
16,65493,65496,0,59278
16,65493,65496,0,59302
16,65493,65496,0,59328
16,65493,65496,0,59353
16,65493,65496,0,59378
16,65493,65496,0,59403
16,65493,65496,0,59427
16,65493,65496,0,59453
16,65493,65496,0,59478
16,65493,65496,0,59502
16,65493,65496,0,59528
16,65493,65496,0,59552
16,65493,65496,0,59578
16,65493,65496,0,59602
16,65493,65496,0,59627
16,65493,65496,0,59653
16,65493,65496,0,59677
16,65493,65496,0,59702
16,65493,65496,0,59727
16,65493,65496,0,59752
16,65493,65496,0,59778
16,65493,65496,0,59802
16,65494,65496,0,59827
16,65494,65496,0,59852
16,65494,65496,0,59877
16,65494,65496,0,59901
16,65494,65496,0,59927
16,65493,65496,0,59952
16,65493,65496,0,59977
16,65493,65496,0,60002
16,65494,65496,0,60026
16,65494,65496,0,60052
16,65494,65496,0,60077
16,65493,65496,0,60101
16,65493,65496,0,60127
16,65494,65496,0,60151
16,65494,65496,0,60177
16,65494,65496,0,60201
16,65494,65496,0,60226
16,65494,65496,0,60252
16,65494,65496,0,60276
16,65493,65496,0,60301
16,65493,65496,0,60326
16,65493,65496,0,60351
16,65493,65496,0,60377
16,65493,65496,0,60401
16,65493,65496,0,60426
16,65493,65496,0,60451
16,65493,65496,0,60476
16,65493,65496,0,60500
16,65493,65496,0,60526
16,65493,65496,0,60551
16,65494,65496,0,60576
16,65494,65496,0,60601
16,65493,65496,0,60625
16,65493,65496,0,60651
16,65493,65496,0,60676
16,65493,65496,0,60700
16,65493,65496,0,60726
16,65493,65496,0,60750
16,65493,65496,0,60776
16,65493,65496,0,60801
16,65493,65496,0,60825
16,65493,65496,0,60851
16,65493,65496,0,60875
16,65493,65496,0,60900
16,65493,65496,0,60925
16,65493,65496,0,60950
16,65493,65496,0,60976
16,65493,65496,0,61000
16,65493,65496,0,61025
16,65493,65496,0,61050
16,65493,65496,0,61075
16,65493,65496,0,61100
16,65493,65496,0,61125
16,65493,65496,0,61150
16,65493,65496,0,61175
16,65493,65496,0,61200
16,65493,65496,0,61224
16,65493,65496,0,61250
16,65493,65496,0,61275
16,65493,65496,0,61299
16,65494,65496,0,61325
16,65494,65496,0,61349
16,65493,65496,0,61375
16,65493,65496,0,61400
16,65493,65496,0,61424
16,65493,65496,0,61450
16,65493,65496,0,61474
16,65493,65496,0,61499
16,65494,65496,0,61524
16,65494,65496,0,61549
16,65494,65496,0,61575
16,65493,65496,0,61599
16,65493,65496,0,61624
16,65494,65496,0,61649
16,65494,65496,0,61674
16,65494,65496,0,61699
16,65493,65496,0,61724
16,65493,65496,0,61749
16,65493,65496,0,61774
16,65494,65496,0,61799
16,65494,65496,0,61824
16,65494,65496,0,61849
16,65493,65496,0,61874
16,65493,65496,0,61898
16,65494,65496,0,61924
16,65494,65496,0,61948
16,65494,65496,0,61974
16,65493,65496,0,61999
16,65493,65496,0,62023
16,65493,65496,0,62049
16,65493,65496,0,62073
16,65493,65496,0,62098
16,65493,65496,0,62124
16,65493,65496,0,62148
16,65493,65496,0,62174
16,65493,65496,0,62198
16,65493,65496,0,62223
16,65493,65496,0,62248
16,65494,65496,0,62273
16,65494,65496,0,62298
16,65494,65496,0,62323
16,65493,65496,0,62348
16,65493,65496,0,62373
16,65494,65496,0,62398
16,65494,65496,0,62423
16,65494,65496,0,62448
16,65493,65496,0,62473
16,65493,65496,0,62497
16,65493,65496,0,62523
16,65493,65496,0,62547
16,65493,65496,0,62573
16,65493,65496,0,62598
16,65493,65496,0,62622
16,65493,65496,0,62648
16,65493,65496,0,62672
16,65493,65496,0,62697
16,65493,65496,0,62723
16,65493,65495,0,62747
16,65493,65495,0,62773
16,65493,65495,0,62797
16,65493,65496,0,62822
16,65493,65496,0,62848
16,65493,65496,0,62872
16,65493,65496,0,62897
16,65493,65496,0,62922
16,65493,65496,0,62947
16,65493,65496,0,62972
16,65493,65496,0,62997
16,65493,65496,0,63022
16,65493,65496,0,63047
16,65493,65496,0,63072
16,65493,65496,0,63096
16,65493,65496,0,63122
16,65493,65496,0,63147
16,65493,65496,0,63172
16,65493,65496,0,63197
17,65493,65496,0,63221
17,65493,65496,0,63247
17,65493,65496,0,63271
16,65493,65496,0,63296
16,65493,65496,0,63322
16,65493,65496,0,63346
17,65493,65496,0,63372
17,65493,65496,0,63396
17,65493,65496,0,63421
17,65493,65496,0,63447
17,65493,65496,0,63471
17,65493,65496,0,63496
17,65493,65496,0,63521
17,65493,65496,0,63546
17,65493,65496,0,63571
17,65493,65496,0,63596
17,65493,65496,0,63621
17,65493,65496,0,63646
17,65493,65496,0,63671
16,65493,65496,0,63695
16,65493,65496,0,63721
16,65493,65496,0,63746
17,65493,65496,0,63771
17,65493,65496,0,63796
17,65493,65496,0,63820
17,65493,65496,0,63846
17,65493,65496,0,63870
17,65493,65496,0,63895
17,65493,65496,0,63921
17,65493,65496,0,63945
17,65493,65496,0,63971
17,65493,65496,0,63995
17,65493,65496,0,64020
17,65493,65495,0,64046
17,65493,65495,0,64070
17,65493,65495,0,64095
17,65493,65496,0,64120
17,65493,65496,0,64145
17,65493,65496,0,64171
17,65493,65496,0,64195
17,65493,65496,0,64220
17,65493,65496,0,64245
17,65493,65496,0,64270
17,65493,65496,0,64294
17,65493,65496,0,64320
17,65493,65496,0,64345
17,65493,65496,0,64370
17,65493,65496,0,64395
17,65493,65496,0,64419
17,65493,65496,0,64445
17,65493,65496,0,64470
17,65493,65496,0,64494
17,65493,65496,0,64520
17,65493,65496,0,64544
17,65493,65496,0,64570
17,65493,65496,0,64594
17,65493,65496,0,64619
17,65493,65496,0,64645
17,65493,65496,0,64669
17,65493,65496,0,64694
17,65493,65496,0,64719
17,65493,65496,0,64744
17,65493,65496,0,64770
17,65493,65496,0,64794
17,65493,65496,0,64819
17,65493,65496,0,64844
17,65493,65496,0,64869
17,65493,65496,0,64893
17,65493,65496,0,64919
17,65493,65496,0,64944
17,65493,65496,0,64969
17,65493,65496,0,64994
17,65493,65496,0,65018
17,65493,65496,0,65044
17,65493,65496,0,65069
17,65493,65496,0,65093
17,65493,65496,0,65119
17,65493,65496,0,65143
17,65493,65496,0,65169
17,65493,65496,0,65193
17,65493,65496,0,65218
17,65493,65496,0,65244
17,65493,65496,0,65268
17,65493,65496,0,65293
17,65493,65496,0,65318
17,65493,65496,0,65343
17,65493,65496,0,65369
17,65493,65495,0,65393
17,65493,65495,0,65418
17,65493,65495,0,65443
17,65493,65496,0,65468
17,65493,65496,0,65492
17,65493,65496,0,65518
17,65493,65495,0,7
17,65493,65495,0,27
17,65493,65495,0,50
17,65493,65496,0,71
17,65493,65496,0,93
17,65493,65496,0,115
17,65493,65496,0,138
17,65493,65496,0,160
17,65493,65496,0,184
17,65493,65496,0,206
17,65493,65496,0,230
17,65493,65496,0,252
17,65493,65495,0,275
17,65493,65495,0,299
17,65493,65495,0,321
17,65493,65495,0,344
17,65493,65495,0,367
17,65493,65495,0,390
17,65493,65496,0,412
17,65493,65496,0,436
17,65493,65496,0,458
17,65493,65496,0,481
17,65493,65496,0,504
17,65493,65496,0,527
17,65493,65496,0,549
17,65493,65496,0,573
17,65493,65496,0,595
17,65493,65496,0,618
17,65493,65496,0,642
17,65493,65496,0,664
17,65493,65496,0,687
17,65493,65496,0,710
17,65493,65496,0,733
17,65493,65496,0,755
17,65493,65496,0,779
17,65493,65496,0,801
17,65493,65496,0,824
17,65493,65496,0,847
17,65493,65496,0,870
17,65493,65496,0,892
17,65493,65496,0,916
17,65493,65496,0,939
17,65493,65496,0,962
17,65493,65496,0,985
17,65493,65496,0,1007
17,65493,65495,0,1032
17,65493,65495,0,1055
17,65493,65495,0,1079
17,65493,65496,0,1103
17,65493,65496,0,1127
17,65493,65495,0,1150
17,65493,65495,0,1175
17,65493,65495,0,1199
17,65493,65496,0,1222
17,65493,65496,0,1247
17,65493,65496,0,1270
17,65493,65496,0,1295
17,65493,65496,0,1318
17,65493,65496,0,1342
17,65493,65496,0,1367
17,65493,65496,0,1390
17,65493,65496,0,1414
17,65493,65496,0,1438
17,65493,65496,0,1462
17,65493,65496,0,1485
17,65493,65496,0,1510
17,65493,65496,0,1533
17,65493,65496,0,1557
17,65493,65495,0,1582
17,65493,65495,0,1605
17,65493,65496,0,1630
17,65493,65496,0,1653
17,65493,65496,0,1677
17,65493,65496,0,1701
17,65493,65496,0,1725
17,65493,65496,0,1748
17,65493,65496,0,1773
17,65493,65496,0,1797
17,65493,65496,0,1820
17,65493,65496,0,1845
17,65493,65496,0,1868
17,65493,65496,0,1893
17,65493,65496,0,1916
17,65493,65496,0,1940
17,65493,65496,0,1965
17,65493,65496,0,1988
17,65493,65496,0,2012
17,65493,65496,0,2036
17,65493,65496,0,2060
17,65493,65496,0,2083
17,65493,65496,0,2108
17,65493,65496,0,2131
17,65493,65496,0,2155
17,65493,65496,0,2180
17,65493,65496,0,2203
17,65493,65496,0,2228
17,65493,65495,0,2251
17,65493,65495,0,2275
17,65493,65495,0,2299
17,65493,65495,0,2323
17,65493,65495,0,2347
17,65493,65495,0,2371
17,65493,65495,0,2395
17,65493,65495,0,2418
17,65493,65495,0,2443
17,65493,65495,0,2466
17,65493,65495,0,2490
17,65493,65495,0,2514
17,65493,65495,0,2538
17,65493,65495,0,2563
17,65493,65496,0,2586
17,65493,65496,0,2610
17,65493,65496,0,2634
17,65493,65496,0,2658
17,65493,65496,0,2681
17,65493,65496,0,2706
17,65493,65496,0,2729
17,65493,65496,0,2753
17,65493,65496,0,2778
17,65493,65496,0,2801
17,65493,65496,0,2826
17,65493,65496,0,2849
17,65493,65496,0,2873
17,65493,65496,0,2897
17,65493,65496,0,2921
17,65493,65496,0,2945
17,65493,65496,0,2969
17,65493,65495,0,2993
17,65493,65495,0,3016
17,65493,65495,0,3041
17,65493,65496,0,3064
17,65493,65496,0,3088
17,65493,65496,0,3112
17,65493,65496,0,3136
17,65493,65496,0,3161
17,65493,65496,0,3184
17,65493,65496,0,3208
17,65493,65496,0,3232
17,65493,65496,0,3256
17,65493,65496,0,3279
17,65493,65496,0,3304
17,65493,65496,0,3328
17,65493,65495,0,3351
17,65493,65495,0,3376
17,65493,65496,0,3399
17,65493,65496,0,3424
17,65493,65496,0,3447
17,65493,65496,0,3471
17,65493,65496,0,3495
17,65493,65496,0,3519
17,65493,65496,0,3543
17,65493,65496,0,3567
17,65493,65496,0,3591
17,65493,65496,0,3614
17,65493,65496,0,3639
17,65493,65496,0,3662
17,65493,65495,0,3686
17,65493,65495,0,3710
17,65493,65495,0,3734
17,65493,65496,0,3759
17,65493,65496,0,3782
17,65493,65495,0,3806
17,65493,65495,0,3830
17,65493,65495,0,3854
17,65493,65495,0,3877
17,65493,65495,0,3902
17,65493,65495,0,3926
17,65493,65496,0,3949
17,65493,65496,0,3974
17,65493,65496,0,3997
17,65493,65496,0,4021
17,65493,65496,0,4045
17,65493,65496,0,4069
17,65493,65496,0,4093
17,65493,65496,0,4117
17,65493,65496,0,4141
17,65493,65496,0,4165
17,65493,65496,0,4189
17,65493,65496,0,4212
17,65493,65496,0,4237
17,65493,65496,0,4260
17,65493,65496,0,4284
17,65493,65496,0,4308
17,65493,65496,0,4332
17,65493,65496,0,4357
17,65493,65496,0,4380
17,65493,65496,0,4404
17,65493,65496,0,4428
17,65493,65496,0,4452
17,65493,65496,0,4475
17,65493,65496,0,4500
17,65493,65496,0,4524
17,65493,65496,0,4547
17,65493,65496,0,4572
17,65493,65496,0,4595
17,65493,65496,0,4619
17,65493,65496,0,4643
17,65493,65496,0,4667
17,65493,65495,0,4691
17,65493,65495,0,4715
17,65493,65495,0,4739
17,65493,65496,0,4763
17,65493,65496,0,4787
17,65493,65496,0,4810
17,65492,65496,0,4835
17,65492,65496,0,4858
17,65492,65496,0,4882
17,65493,65496,0,4907
17,65493,65496,0,4930
17,65493,65496,0,4955
17,65493,65496,0,4978
17,65493,65496,0,5002
17,65493,65496,0,5026
17,65493,65496,0,5050
17,65493,65496,0,5073
17,65493,65496,0,5098
17,65493,65496,0,5122
17,65493,65496,0,5145
17,65493,65496,0,5170
17,65493,65496,0,5193
17,65493,65496,0,5217
17,65493,65496,0,5241
17,65493,65496,0,5265
17,65493,65496,0,5289
17,65493,65496,0,5313
17,65493,65496,0,5337
17,65493,65496,0,5361
17,65493,65496,0,5385
17,65493,65496,0,5408
17,65493,65496,0,5433
17,65493,65496,0,5456
17,65493,65496,0,5480
17,65493,65496,0,5505
17,65493,65496,0,5528
17,65493,65496,0,5552
17,65492,65496,0,5576
17,65492,65496,0,5600
17,65492,65496,0,5624
17,65493,65496,0,5648
17,65493,65496,0,5671
17,65493,65496,0,5696
17,65493,65496,0,5720
17,65493,65496,0,5743
17,65493,65496,0,5768
17,65493,65496,0,5791
17,65493,65496,0,5815
17,65493,65496,0,5839
17,65493,65496,0,5863
17,65493,65496,0,5888
17,65493,65496,0,5911
17,65493,65496,0,5935
17,65493,65496,0,5959
17,65493,65496,0,5983
17,65493,65496,0,6006
17,65493,65496,0,6031
17,65493,65496,0,6054
17,65493,65496,0,6078
17,65493,65496,0,6103
17,65493,65496,0,6126
17,65493,65496,0,6150
17,65493,65496,0,6174
17,65493,65496,0,6198
17,65493,65496,0,6222
17,65493,65496,0,6246
17,65493,65496,0,6269
17,65493,65496,0,6294
17,65493,65496,0,6318
17,65493,65496,0,6341
17,65493,65496,0,6366
17,65493,65496,0,6389
17,65493,65496,0,6413
17,65493,65496,0,6437
17,65493,65496,0,6461
17,65493,65496,0,6486
17,65493,65496,0,6509
17,65493,65496,0,6533
17,65493,65496,0,6557
17,65493,65496,0,6581
17,65493,65496,0,6604
17,65493,65496,0,6629
17,65493,65496,0,6652
17,65493,65496,0,6676
17,65493,65496,0,6701
17,65493,65496,0,6724
17,65493,65496,0,6748
17,65493,65496,0,6772
17,65493,65496,0,6796
17,65493,65496,0,6820
17,65493,65496,0,6844
17,65493,65496,0,6867
17,65493,65496,0,6892
17,65493,65496,0,6916
17,65493,65496,0,6939
17,65493,65496,0,6964
17,65493,65496,0,6987
17,65493,65496,0,7011
17,65493,65496,0,7035
17,65493,65496,0,7059
17,65493,65496,0,7083
17,65493,65496,0,7107
17,65493,65496,0,7131
17,65493,65496,0,7155
17,65493,65496,0,7179
17,65493,65496,0,7202
17,65493,65496,0,7227
17,65493,65496,0,7250
17,65493,65496,0,7274
17,65493,65496,0,7299
17,65493,65496,0,7322
17,65493,65496,0,7346
17,65493,65496,0,7370
17,65493,65496,0,7394
17,65493,65496,0,7418
17,65493,65496,0,7442
17,65493,65496,0,7465
17,65493,65496,0,7490
17,65493,65496,0,7514
17,65493,65496,0,7537
17,65493,65496,0,7562
17,65493,65496,0,7585
17,65493,65496,0,7609
17,65493,65495,0,7633
17,65493,65495,0,7657
17,65493,65495,0,7681
17,65493,65496,0,7705
17,65493,65496,0,7729
17,65493,65496,0,7753
17,65493,65496,0,7777
17,65493,65496,0,7800
17,65493,65496,0,7825
17,65493,65496,0,7848
17,65493,65496,0,7872
17,65493,65496,0,7897
17,65493,65496,0,7920
17,65493,65496,0,7944
17,65493,65496,0,7968
17,65493,65496,0,7992
17,65493,65496,0,8016
17,65493,65496,0,8040
17,65493,65496,0,8064
17,65493,65496,0,8088
17,65493,65496,0,8112
17,65493,65496,0,8135
17,65493,65496,0,8160
17,65493,65495,0,8183
17,65493,65495,0,8207
17,65493,65495,0,8231
17,65493,65495,0,8255
17,65493,65495,0,8279
17,65493,65496,0,8303
17,65493,65496,0,8327
17,65493,65496,0,8351
17,65493,65496,0,8375
17,65493,65496,0,8398
17,65493,65496,0,8423
17,65493,65496,0,8446
17,65493,65496,0,8470
17,65493,65496,0,8495
17,65493,65496,0,8518
17,65493,65496,0,8542
17,65493,65496,0,8566
17,65493,65496,0,8590