0,7,65484,0,13303
0,7,65484,0,13323
0,7,65484,0,13342
0,7,65485,0,13363
0,7,65485,0,13382
0,7,65485,0,13402
0,7,65485,0,13421
0,7,65484,0,13442
0,7,65484,0,13461
0,7,65484,0,13480
0,7,65484,0,13501
0,7,65484,0,13520
0,7,65484,0,13540
0,7,65484,0,13560
0,7,65484,0,13580
0,7,65484,0,13599
0,7,65484,0,13619
0,7,65485,0,13639
0,7,65485,0,13659
0,7,65485,0,13678
0,7,65485,0,13699
0,7,65484,0,13718
0,7,65484,0,13737
0,7,65484,0,13758
0,7,65484,0,13777
0,7,65484,0,13797
0,7,65484,0,13816
0,7,65484,0,13837
0,7,65484,0,13856
0,7,65484,0,13876
0,7,65484,0,13896
0,7,65484,0,13916
0,7,65484,0,13935
0,7,65484,0,13956
0,7,65484,0,13975
0,7,65484,0,13995
0,7,65484,0,14014
0,7,65484,0,14034
0,7,65484,0,14054
0,7,65484,0,14073
0,7,65484,0,14094
0,7,65484,0,14113
0,7,65484,0,14133
0,7,65484,0,14152
0,7,65484,0,14173
0,7,65484,0,14192
0,7,65484,0,14212
0,7,65484,0,14232
0,7,65484,0,14252
0,7,65484,0,14271
0,7,65484,0,14291
0,7,65484,0,14311
0,7,65485,0,14330
0,7,65485,0,14350
0,7,65485,0,14370
0,7,65485,0,14390
0,7,65485,0,14409
0,7,65485,0,14430
0,7,65485,0,14449
0,7,65485,0,14469
0,7,65485,0,14489
0,7,65485,0,14509
0,7,65484,0,14528
0,7,65484,0,14547
0,7,65484,0,14568
0,7,65484,0,14587
0,7,65484,0,14607
0,7,65484,0,14627
0,7,65484,0,14647
0,7,65484,0,14666
0,7,65484,0,14686
0,7,65484,0,14706
0,7,65484,0,14726
0,7,65484,0,14745
0,7,65484,0,14766
0,7,65484,0,14785
0,7,65484,0,14804
0,7,65484,0,14825
0,7,65484,0,14844
0,7,65485,0,14864
0,7,65485,0,14883
0,7,65485,0,14904
0,7,65485,0,14923
0,7,65484,0,14943
0,7,65484,0,14963
0,7,65484,0,14983
0,7,65485,0,15002
0,7,65485,0,15023
0,7,65485,0,15042
0,7,65485,0,15062
0,7,65484,0,15081
0,7,65484,0,15101
0,7,65484,0,15121
0,7,65484,0,15140
0,7,65484,0,15161
0,7,65484,0,15180
0,7,65484,0,15200
0,7,65484,0,15219
0,7,65484,0,15240
0,7,65484,0,15259
0,7,65485,0,15279
0,7,65485,0,15299
0,7,65485,0,15319
0,7,65485,0,15338
0,7,65485,0,15358
0,7,65485,0,15378
0,7,65485,0,15397
0,7,65485,0,15417
0,7,65485,0,15437
0,7,65485,0,15457
0,7,65485,0,15476
0,7,65485,0,15497
0,7,65485,0,15516
0,7,65485,0,15536
0,7,65484,0,15556
0,7,65484,0,15576
0,7,65484,0,15595
0,7,65484,0,15614
0,7,65484,0,15635
0,7,65484,0,15654
0,7,65484,0,15674
0,7,65485,0,15694
0,7,65485,0,15714
0,7,65485,0,15733
0,7,65484,0,15754
0,7,65484,0,15773
0,7,65484,0,15793
0,7,65484,0,15812
0,7,65484,0,15833
0,7,65484,0,15852
0,7,65484,0,15872
0,7,65485,0,15892
0,7,65485,0,15911
0,7,65485,0,15931
0,7,65485,0,15950
0,7,65485,0,15971
0,7,65485,0,15990
0,7,65485,0,16010
0,7,65484,0,16030
0,7,65484,0,16050
0,7,65484,0,16069
0,7,65484,0,16090
0,7,65484,0,16109
0,7,65484,0,16129
0,7,65484,0,16148
0,7,65484,0,16168
0,7,65484,0,16188
0,7,65484,0,16207
0,7,65484,0,16228
0,7,65484,0,16247
0,7,65484,0,16267
0,7,65484,0,16287
0,7,65485,0,16307
0,7,65485,0,16326
0,7,65485,0,16346
0,7,65485,0,16366
0,7,65485,0,16386
0,7,65485,0,16405
0,7,65484,0,16425
0,7,65484,0,16445
0,7,65484,0,16464
0,7,65484,0,16485
0,7,65484,0,16504
0,7,65484,0,16524
0,7,65484,0,16543
0,7,65484,0,16564
0,7,65484,0,16583
0,7,65484,0,16603
0,7,65484,0,16623
0,7,65485,0,16643
0,7,65485,0,16662
0,7,65485,0,16681
0,7,65485,0,16702
0,7,65485,0,16721
0,7,65485,0,16741
0,7,65485,0,16761
0,7,65485,0,16781
0,7,65485,0,16800
0,7,65485,0,16821
0,7,65484,0,16840
0,7,65484,0,16860
0,7,65484,0,16879
0,7,65484,0,16900
0,7,65485,0,16919
0,7,65485,0,16939
0,7,65485,0,16959
0,7,65485,0,16978
0,7,65485,0,16998
0,7,65485,0,17018
0,7,65485,0,17038
0,7,65485,0,17057
0,7,65485,0,17077
0,7,65485,0,17097
0,7,65485,0,17117
0,7,65485,0,17136
0,7,65485,0,17157
0,7,65484,0,17176
0,7,65484,0,17196
0,7,65484,0,17215
0,7,65484,0,17235
0,7,65485,0,17255
0,7,65485,0,17274
0,7,65485,0,17295
0,7,65485,0,17314
0,7,65485,0,17334
0,7,65485,0,17354
0,7,65485,0,17374
0,7,65485,0,17393
0,7,65485,0,17413
0,7,65485,0,17433
0,7,65485,0,17453
0,7,65485,0,17472
0,7,65485,0,17492
0,7,65485,0,17512
0,7,65485,0,17531
0,7,65485,0,17552
0,7,65485,0,17571
0,7,65485,0,17591
0,7,65485,0,17610
0,7,65485,0,17631
0,7,65485,0,17650
0,7,65485,0,17670
0,7,65485,0,17690
0,7,65485,0,17710
0,7,65484,0,17729
0,7,65484,0,17750
0,7,65484,0,17769
0,7,65485,0,17788
0,7,65485,0,17808
0,7,65485,0,17828
0,7,65485,0,17848
0,7,65485,0,17867
0,7,65485,0,17888
0,7,65485,0,17907
0,7,65484,0,17927
0,7,65484,0,17946
0,7,65484,0,17967
0,7,65484,0,17986
0,7,65485,0,18006
0,7,65485,0,18026
0,7,65485,0,18045
0,7,65485,0,18065
0,7,65485,0,18085
0,7,65485,0,18105
0,7,65485,0,18124
0,7,65485,0,18144
0,7,65485,0,18164
0,7,65485,0,18184
0,7,65485,0,18203
0,7,65485,0,18224
0,7,65485,0,18243
0,7,65485,0,18263
0,7,65485,0,18283
0,7,65485,0,18302
0,7,65485,0,18322
0,7,65484,0,18341
0,7,65484,0,18362
0,7,65484,0,18381
0,7,65485,0,18401
0,7,65485,0,18421
0,7,65485,0,18441
0,7,65485,0,18460
65535,7,65485,0,18480
65535,7,65485,0,18504
65535,7,65485,0,18528
0,7,65485,0,18552
0,7,65485,0,18572
0,7,65485,0,18591
65535,7,65485,0,18611
65535,7,65485,0,18635
65535,7,65485,0,18659
65535,7,65485,0,18683
65535,7,65485,0,18707
65535,7,65485,0,18731
0,7,65485,0,18755
0,7,65485,0,18775
0,7,65485,0,18794
65535,8,65485,0,18814
65535,8,65485,0,18838
65535,8,65485,0,18862
65535,7,65485,0,18886
65535,7,65485,0,18910
65535,7,65485,0,18933
65535,8,65485,0,18958
65535,8,65485,0,18981
65535,8,65485,0,19005
65535,7,65485,0,19030
65535,7,65485,0,19053
65535,7,65485,0,19077
65534,7,65485,0,19101
65534,7,65485,0,19125
65534,7,65485,0,19149
65534,7,65485,0,19173
65534,7,65485,0,19196
65534,7,65485,0,19221
65534,7,65485,0,19245
65534,7,65485,0,19268
65533,7,65485,0,19293
65533,7,65485,0,19316
65533,7,65485,0,19340
65533,7,65484,0,19364
65533,7,65484,0,19388
65533,7,65484,0,19411
65532,7,65485,0,19436
65532,7,65485,0,19460
65532,7,65485,0,19484
65532,7,65484,0,19508
65532,7,65484,0,19531
65532,7,65484,0,19556
65531,7,65484,0,19579
65531,7,65484,0,19603
65530,6,65483,0,19628
65530,6,65483,0,19651
65530,6,65483,0,19675
65528,6,65483,0,19699
65528,6,65483,0,19723
65528,6,65483,0,19747
65527,6,65481,0,19771
65527,6,65481,0,19794
65527,6,65481,0,19819
65525,5,65479,0,19843
65525,5,65479,0,19866
65525,5,65479,0,19891
65524,5,65475,0,19914
65524,5,65475,0,19938
65524,5,65475,0,19962
65523,4,65471,0,19986
65523,4,65471,0,20009
65523,4,65471,0,20034
65523,4,65471,0,20058
65523,4,65471,0,20082
65529,4,65460,0,20106
65529,4,65460,0,20129
65529,4,65460,0,20154
0,3,65458,0,20177
0,3,65458,0,20197
0,3,65458,0,20217
0,3,65458,0,20237
5,2,65460,0,20256
5,2,65460,0,20276
5,2,65460,0,20296
9,2,65464,0,20316
9,2,65464,0,20335
9,2,65464,0,20356
12,1,65469,0,20375
12,1,65469,0,20396
12,1,65469,0,20417
12,1,65469,0,20438
11,1,65474,0,20458
11,1,65474,0,20480
11,1,65474,0,20500
8,2,65478,0,20520
8,2,65478,0,20540
8,2,65478,0,20560
5,3,65480,0,20580
5,3,65480,0,20599
5,3,65480,0,20620
5,3,65480,0,20639
2,2,65480,0,20659
2,2,65480,0,20679
2,2,65480,0,20699
2,0,65476,0,20718
2,0,65476,0,20738
2,0,65476,0,20758
2,0,65476,0,20777
11,65534,65476,0,20797
11,65534,65476,0,20823
11,65534,65476,0,20847
15,65532,65485,0,20872
15,65532,65485,0,20897
13,65533,65496,0,20922
13,65533,65496,0,20947
13,65533,65496,0,20972
7,0,65501,0,20997
7,0,65501,0,21017
7,0,65501,0,21037
2,2,65501,0,21056
2,2,65501,0,21075
2,2,65501,0,21096
2,2,65501,0,21115
0,5,65500,0,21135
0,5,65500,0,21155
0,5,65500,0,21175
65533,8,65497,0,21194
65533,8,65497,0,21219
65533,8,65497,0,21242
65533,11,65493,0,21266
65533,11,65493,0,21292
65533,11,65493,0,21316
65534,14,65490,0,21341
65534,14,65490,0,21366
65534,14,65490,0,21391
65534,16,65489,0,21416
65534,16,65489,0,21441
65534,17,65487,0,21466
65534,17,65487,0,21491
65534,17,65487,0,21516
65535,18,65485,0,21540
65535,18,65485,0,21566
65535,18,65485,0,21591
65535,19,65484,0,21616
65535,19,65484,0,21641
65535,19,65484,0,21665
0,19,65483,0,21691
0,19,65483,0,21711
0,19,65483,0,21732
0,19,65482,0,21753
0,19,65482,0,21774
0,19,65482,0,21794
0,19,65481,0,21816
0,19,65481,0,21836
0,19,65481,0,21857
1,19,65481,0,21878
1,19,65481,0,21899
1,19,65481,0,21919
1,19,65481,0,21940
1,19,65481,0,21961
1,19,65481,0,21982
1,19,65481,0,22002
1,19,65481,0,22024
1,19,65481,0,22044
1,19,65481,0,22065
1,19,65480,0,22086
1,19,65480,0,22107
1,19,65480,0,22127
1,19,65480,0,22149
1,19,65480,0,22169
1,19,65480,0,22190
1,19,65480,0,22211
1,19,65480,0,22232
1,19,65480,0,22252
1,19,65480,0,22273
1,19,65480,0,22294
1,19,65480,0,22315
1,19,65480,0,22335
2,19,65480,0,22356
2,19,65480,0,22377
2,19,65480,0,22397
2,19,65480,0,22419
2,19,65480,0,22439
2,19,65480,0,22460
2,19,65480,0,22481
2,19,65480,0,22502
2,19,65480,0,22522
2,19,65480,0,22544
2,18,65480,0,22564
2,18,65480,0,22585
2,18,65480,0,22605
2,19,65480,0,22627
2,19,65480,0,22647
2,19,65480,0,22668
2,19,65480,0,22689
2,19,65480,0,22710
2,19,65480,0,22730
2,19,65480,0,22752
2,19,65480,0,22772
2,19,65480,0,22793
2,19,65480,0,22814
2,19,65480,0,22835
2,19,65480,0,22855
2,19,65480,0,22877
2,19,65480,0,22897
2,19,65480,0,22918
2,19,65480,0,22938
2,19,65480,0,22960
2,19,65480,0,22980
2,19,65480,0,23001
2,19,65480,0,23022
2,19,65480,0,23043
2,19,65480,0,23063
2,19,65480,0,23085
2,19,65480,0,23105
2,19,65480,0,23126
2,19,65480,0,23147
2,19,65480,0,23168
2,19,65480,0,23188
2,19,65480,0,23209
2,19,65480,0,23230
2,19,65480,0,23250
2,19,65480,0,23271
2,19,65480,0,23292
1,19,65480,0,23313
1,19,65480,0,23333
1,19,65480,0,23355
2,19,65480,0,23375
2,19,65480,0,23396
2,19,65480,0,23417
2,19,65480,0,23438
2,19,65480,0,23458
2,19,65480,0,23480
2,19,65480,0,23500
2,19,65480,0,23521
2,19,65480,0,23542
2,19,65480,0,23563
2,19,65480,0,23583
2,19,65480,0,23604
2,19,65480,0,23625
2,19,65480,0,23646
2,19,65480,0,23666
2,19,65480,0,23688
2,19,65480,0,23708
2,18,65479,0,23729
2,18,65479,0,23750
2,18,65479,0,23771
2,18,65479,0,23791
2,18,65479,0,23813
2,18,65479,0,23833
2,18,65479,0,23854
2,18,65479,0,23875
2,18,65479,0,23896
2,18,65480,0,23916
2,18,65480,0,23937
2,18,65480,0,23958
2,18,65480,0,23979
2,18,65479,0,23999
2,18,65479,0,24020
2,18,65479,0,24041
2,17,65480,0,24061
2,17,65480,0,24083
2,17,65480,0,24103
2,17,65480,0,24124
2,17,65480,0,24145
2,17,65480,0,24166
2,17,65480,0,24186
2,17,65480,0,24208
2,17,65480,0,24228
2,17,65480,0,24249
2,18,65480,0,24269
2,18,65480,0,24291
2,18,65480,0,24311
2,18,65479,0,24332
2,18,65479,0,24353
2,18,65479,0,24374
2,19,65479,0,24394
2,19,65479,0,24416
2,19,65479,0,24436
2,19,65479,0,24457
2,19,65479,0,24478
2,19,65479,0,24499
2,19,65479,0,24519
2,19,65479,0,24541
2,19,65479,0,24561
2,19,65479,0,24582
2,19,65479,0,24602
2,19,65479,0,24624
2,19,65479,0,24644
2,19,65478,0,24665
2,19,65478,0,24686
2,19,65478,0,24707
2,19,65478,0,24727
2,18,65479,0,24749
2,18,65479,0,24769
2,18,65479,0,24790
2,19,65478,0,24811
2,19,65478,0,24832
2,19,65478,0,24852
2,19,65479,0,24873
2,19,65479,0,24894
2,19,65479,0,24914
2,19,65479,0,24935
2,19,65479,0,24956
2,19,65479,0,24977
2,19,65479,0,24997
2,19,65478,0,25019
2,19,65478,0,25039
2,19,65478,0,25060
2,19,65479,0,25081
2,19,65479,0,25102
2,19,65479,0,25122
2,19,65478,0,25144
2,19,65478,0,25164
2,19,65478,0,25185
2,19,65478,0,25206
2,19,65479,0,25227
2,19,65479,0,25247
2,19,65479,0,25268
2,19,65478,0,25289
2,19,65478,0,25310
2,19,65478,0,25330
2,19,65478,0,25352
2,19,65478,0,25372
2,19,65478,0,25393
2,18,65479,0,25414
2,18,65479,0,25435
2,18,65479,0,25455
2,18,65479,0,25477
2,19,65478,0,25497
2,19,65478,0,25518
2,19,65478,0,25539
2,19,65478,0,25560
2,19,65478,0,25580
2,19,65478,0,25601
2,19,65478,0,25622
2,19,65478,0,25643
2,19,65478,0,25663
2,19,65478,0,25684
2,19,65478,0,25705
2,19,65478,0,25725
2,19,65478,0,25747
2,19,65478,0,25767
2,19,65478,0,25788
2,19,65478,0,25809
2,19,65479,0,25830
2,19,65479,0,25850
2,19,65479,0,25872
2,19,65478,0,25892
2,19,65478,0,25913
2,19,65478,0,25933
2,19,65478,0,25955
2,19,65478,0,25975
2,19,65478,0,25996
2,19,65478,0,26017
2,19,65479,0,26038
2,19,65479,0,26058
2,19,65479,0,26080
2,19,65479,0,26100
2,19,65479,0,26121
2,19,65479,0,26142
2,18,65478,0,26163
2,18,65478,0,26183
2,18,65478,0,26205
2,18,65478,0,26225
2,18,65478,0,26246
2,18,65478,0,26266
2,18,65478,0,26288
2,19,65479,0,26308
2,19,65479,0,26329
2,19,65479,0,26350
2,19,65478,0,26371
2,19,65478,0,26391
2,19,65478,0,26413
2,19,65478,0,26433
2,19,65478,0,26454
2,19,65478,0,26475
2,19,65478,0,26496
2,19,65478,0,26516
2,19,65478,0,26537
2,19,65478,0,26558
2,19,65478,0,26578
2,19,65478,0,26599
2,19,65478,0,26620
2,19,65478,0,26641
2,19,65478,0,26661
2,19,65478,0,26683
2,19,65478,0,26703
2,19,65478,0,26724
2,19,65478,0,26745
2,19,65478,0,26766
2,18,65478,0,26786
2,18,65478,0,26808
2,18,65478,0,26828
2,19,65478,0,26849
2,19,65478,0,26870
2,19,65478,0,26891
2,19,65479,0,26911
2,19,65479,0,26932
2,19,65479,0,26953
2,19,65479,0,26974
2,19,65478,0,26994
2,19,65478,0,27016
2,19,65478,0,27036
2,19,65478,0,27057
2,19,65478,0,27078
2,19,65478,0,27099
2,19,65478,0,27119
2,19,65478,0,27141
2,19,65478,0,27161
2,19,65478,0,27182
2,19,65478,0,27203
2,19,65478,0,27224
2,19,65478,0,27244
2,19,65478,0,27265
2,19,65478,0,27286
2,19,65478,0,27307
2,19,65478,0,27327
2,19,65478,0,27348
2,19,65478,0,27369
1,19,65478,0,27389
1,19,65478,0,27411
1,19,65478,0,27431
1,19,65478,0,27452
2,19,65478,0,27473
2,19,65478,0,27494
2,19,65478,0,27514
2,19,65478,0,27536
2,19,65478,0,27556
2,19,65478,0,27577
2,19,65478,0,27597
2,19,65478,0,27619
2,19,65478,0,27639
2,18,65478,0,27660
2,18,65478,0,27681
2,18,65478,0,27702
2,18,65478,0,27722
2,19,65478,0,27744
2,19,65478,0,27764
2,19,65478,0,27785
1,19,65478,0,27806
1,19,65478,0,27827
1,19,65478,0,27847
2,19,65478,0,27869
2,19,65478,0,27889
2,19,65478,0,27910
2,19,65478,0,27930
2,19,65478,0,27952
2,19,65478,0,27972
2,19,65478,0,27993
2,19,65478,0,28014
2,19,65478,0,28035
2,19,65478,0,28055
2,19,65478,0,28077
2,19,65478,0,28097
2,19,65478,0,28118
2,19,65478,0,28139
2,19,65478,0,28160
2,19,65478,0,28180
2,19,65478,0,28201
2,19,65478,0,28222
2,19,65478,0,28242
2,19,65478,0,28263
2,19,65479,0,28284
2,19,65479,0,28305
2,19,65479,0,28325
2,19,65478,0,28347
2,19,65478,0,28367
2,19,65478,0,28388
2,18,65479,0,28409
2,18,65479,0,28430
2,18,65479,0,28450
2,18,65479,0,28472
2,19,65478,0,28492
2,19,65478,0,28513
2,19,65478,0,28534
2,19,65478,0,28555
2,19,65478,0,28575
2,19,65478,0,28596
2,19,65478,0,28617
2,19,65478,0,28638
2,19,65478,0,28658
2,19,65478,0,28680
2,19,65478,0,28700
2,19,65478,0,28721
2,19,65478,0,28742
2,19,65478,0,28763
2,19,65478,0,28783
2,19,65478,0,28805
2,19,65478,0,28825
2,19,65478,0,28846
2,19,65478,0,28867
2,19,65478,0,28888
2,19,65478,0,28908
2,19,65478,0,28929
2,19,65478,0,28950
2,19,65478,0,28971
2,19,65478,0,28991
2,19,65478,0,29012
2,19,65478,0,29033
2,19,65478,0,29053
2,19,65478,0,29075
2,19,65478,0,29095
2,19,65478,0,29116
2,19,65478,0,29137
2,18,65478,0,29158
2,18,65478,0,29178
2,18,65478,0,29200
2,18,65478,0,29220
2,19,65478,0,29241
2,19,65478,0,29261
2,19,65478,0,29283
2,18,65478,0,29303
2,18,65478,0,29324
2,18,65478,0,29345
2,19,65478,0,29366
2,19,65478,0,29386
2,19,65478,0,29408
2,19,65478,0,29428
2,19,65478,0,29449
2,19,65478,0,29470
2,19,65478,0,29491
2,19,65478,0,29511
2,19,65478,0,29533
2,19,65478,0,29553
2,19,65478,0,29574
2,19,65478,0,29594
2,19,65478,0,29616
2,19,65478,0,29636
2,19,65478,0,29657
2,19,65478,0,29678
2,19,65478,0,29699
2,18,65478,0,29719
2,18,65478,0,29741
2,18,65478,0,29761
2,19,65478,0,29782
2,19,65478,0,29803
2,19,65478,0,29824
2,19,65478,0,29844
2,19,65478,0,29865
2,19,65478,0,29886
2,19,65478,0,29906
2,19,65478,0,29927
2,19,65478,0,29948
2,19,65478,0,29969
2,19,65478,0,29989
2,19,65478,0,30011
2,19,65478,0,30031
2,19,65478,0,30052
2,19,65478,0,30073
2,19,65478,0,30094
2,19,65478,0,30114
2,19,65478,0,30136
2,19,65478,0,30156
2,19,65478,0,30177
2,19,65478,0,30198
2,19,65478,0,30219
2,19,65478,0,30239
2,19,65478,0,30260
2,19,65478,0,30281
2,19,65478,0,30302
2,18,65478,0,30322
2,18,65478,0,30344
2,18,65478,0,30364
2,19,65478,0,30385
2,19,65478,0,30406
2,19,65478,0,30427
2,19,65478,0,30447
2,19,65478,0,30469
2,19,65478,0,30489
2,19,65478,0,30510
2,19,65478,0,30531
2,19,65478,0,30552
2,19,65478,0,30572
2,19,65478,0,30593
2,19,65478,0,30614
2,19,65478,0,30635
2,19,65478,0,30655
2,19,65478,0,30676
2,19,65478,0,30697
2,19,65478,0,30717
2,19,65478,0,30739
2,19,65478,0,30759
2,19,65478,0,30780
2,19,65478,0,30801
2,19,65478,0,30822
2,19,65478,0,30842
2,19,65478,0,30864
2,19,65478,0,30884
2,19,65478,0,30905
2,19,65478,0,30925
2,19,65478,0,30947
2,19,65478,0,30967
2,19,65478,0,30988
2,19,65479,0,31009
2,19,65479,0,31030
2,19,65479,0,31050
2,19,65478,0,31072
2,19,65478,0,31092
2,19,65478,0,31113
2,19,65478,0,31134
2,19,65478,0,31155
2,19,65478,0,31175
2,19,65478,0,31197
2,19,65478,0,31217
2,19,65478,0,31238
2,19,65478,0,31258
1,19,65478,0,31280
1,19,65478,0,31300
1,19,65478,0,31321
2,19,65478,0,31342
2,19,65478,0,31363
2,19,65478,0,31383
2,19,65478,0,31405
2,18,65478,0,31425
2,18,65478,0,31446
2,18,65478,0,31467
2,19,65478,0,31488
2,19,65478,0,31508
2,19,65478,0,31529
2,19,65478,0,31550
2,19,65478,0,31570
2,19,65478,0,31591
2,19,65478,0,31612
2,19,65478,0,31633
2,19,65478,0,31653
2,19,65478,0,31675
2,19,65479,0,31695
2,19,65479,0,31716
2,19,65479,0,31737
2,18,65478,0,31758
2,18,65478,0,31778
2,18,65478,0,31800
2,19,65478,0,31820
2,19,65478,0,31841
2,19,65478,0,31862
2,19,65478,0,31883
2,19,65478,0,31903
2,19,65478,0,31924
2,19,65478,0,31945
2,19,65478,0,31966
2,19,65478,0,31986
2,19,65478,0,32008
2,18,65478,0,32028
2,18,65478,0,32049
2,18,65478,0,32070
2,19,65478,0,32091
2,19,65478,0,32111
2,19,65478,0,32133
2,19,65478,0,32153
2,19,65478,0,32174
2,19,65478,0,32195
2,19,65478,0,32216
2,19,65478,0,32236
2,19,65478,0,32257
2,19,65478,0,32278
2,19,65478,0,32299
2,19,65478,0,32319
2,19,65478,0,32340
2,19,65478,0,32361
2,19,65478,0,32381
2,19,65478,0,32403
2,19,65478,0,32423
2,19,65478,0,32444
2,19,65478,0,32465
2,19,65478,0,32486
2,19,65478,0,32506
2,19,65478,0,32528
2,19,65478,0,32548
2,19,65478,0,32569
2,19,65478,0,32589
2,19,65478,0,32611
2,19,65478,0,32631
2,19,65478,0,32652
2,19,65478,0,32673
2,19,65478,0,32694
2,19,65478,0,32714
2,19,65478,0,32736
2,19,65478,0,32756
2,19,65478,0,32777
2,19,65478,0,32798
2,19,65478,0,32819
2,18,65478,0,32839
2,18,65478,0,32861
2,18,65478,0,32881
2,18,65478,0,32902
2,18,65479,0,32922
2,18,65479,0,32944
2,18,65479,0,32964
2,19,65478,0,32985
2,19,65478,0,33006
2,19,65478,0,33027
2,19,65478,0,33047
2,19,65478,0,33069
2,19,65478,0,33089
2,19,65478,0,33110
2,19,65478,0,33131
2,19,65478,0,33152
2,19,65478,0,33172
2,19,65478,0,33193
2,19,65478,0,33214
2,19,65478,0,33234
2,19,65478,0,33255
2,19,65478,0,33276
2,19,65478,0,33297
2,19,65478,0,33317
2,19,65478,0,33339
2,19,65478,0,33359
2,18,65478,0,33380
2,18,65478,0,33401
2,18,65478,0,33422
2,18,65478,0,33442
2,19,65478,0,33464
2,19,65478,0,33484
2,19,65478,0,33505
2,19,65478,0,33526
2,19,65478,0,33547
2,19,65478,0,33567
2,19,65478,0,33588
2,19,65478,0,33609
2,19,65478,0,33630
2,19,65478,0,33650
2,18,65478,0,33672
2,18,65478,0,33692
2,18,65478,0,33713
2,19,65478,0,33734
2,19,65478,0,33755
2,19,65478,0,33775
2,19,65478,0,33797
2,19,65478,0,33817
2,19,65478,0,33838
2,19,65478,0,33859
2,19,65478,0,33880
2,19,65478,0,33900
2,19,65478,0,33921
2,19,65478,0,33942
2,19,65478,0,33963
2,19,65478,0,33983
2,19,65478,0,34004
2,19,65478,0,34025
2,19,65478,0,34045
2,19,65478,0,34067
2,19,65478,0,34087
2,19,65478,0,34108
2,18,65478,0,34129
2,18,65478,0,34150
2,18,65478,0,34170
2,18,65478,0,34192
2,19,65478,0,34212
2,19,65478,0,34233
2,19,65478,0,34253
2,19,65478,0,34275
2,19,65478,0,34295
2,19,65478,0,34316
2,19,65478,0,34337
2,19,65478,0,34358
2,19,65478,0,34378
2,19,65478,0,34400
2,18,65478,0,34420
2,18,65478,0,34441
2,18,65478,0,34462
2,19,65478,0,34483
2,19,65478,0,34503
2,19,65478,0,34525
2,19,65478,0,34545
2,19,65478,0,34566
2,19,65478,0,34586
2,19,65478,0,34608
2,19,65478,0,34628
2,19,65478,0,34649
2,19,65478,0,34670
2,19,65478,0,34691
2,19,65478,0,34711
2,19,65478,0,34733
2,19,65478,0,34753
2,19,65478,0,34774
2,19,65478,0,34795
2,19,65478,0,34816
2,19,65478,0,34836
2,19,65478,0,34857
2,19,65478,0,34878
2,19,65478,0,34898
2,19,65478,0,34919
2,19,65478,0,34940
2,19,65478,0,34961
2,19,65478,0,34981
2,19,65478,0,35003
2,19,65479,0,35023
2,19,65479,0,35044
2,19,65479,0,35065
2,19,65478,0,35086
2,19,65478,0,35106
2,19,65478,0,35128
2,19,65478,0,35148
2,19,65478,0,35169
2,19,65478,0,35190
2,19,65478,0,35211
2,19,65478,0,35231
2,19,65478,0,35252
2,19,65478,0,35273
2,19,65478,0,35294
2,19,65478,0,35314
2,19,65478,0,35336
2,19,65478,0,35356
2,19,65478,0,35377
2,19,65478,0,35398
2,19,65478,0,35419
2,19,65478,0,35439
2,19,65478,0,35461
2,19,65478,0,35481
2,19,65479,0,35502
2,19,65479,0,35523
2,19,65479,0,35544
2,19,65479,0,35564
2,19,65479,0,35585
2,19,65479,0,35606
2,19,65479,0,35627
2,19,65479,0,35647
2,19,65479,0,35668
2,19,65479,0,35689
2,19,65479,0,35709
2,19,65479,0,35731
2,19,65479,0,35751
2,19,65479,0,35772
2,19,65479,0,35793
2,19,65479,0,35814
2,19,65479,0,35834
2,19,65479,0,35856
2,19,65479,0,35876
2,19,65479,0,35897
2,19,65479,0,35917
2,19,65479,0,35939
2,19,65479,0,35959
2,19,65479,0,35980
2,19,65479,0,36001
2,19,65479,0,36022
2,19,65479,0,36042
2,19,65479,0,36064
2,19,65479,0,36084
2,19,65479,0,36105
2,19,65479,0,36126
2,19,65479,0,36147
2,19,65479,0,36167
2,20,65478,0,36189
2,20,65478,0,36209
2,20,65478,0,36230
2,20,65478,0,36250
2,20,65478,0,36272
2,20,65478,0,36292
2,20,65479,0,36313
2,20,65479,0,36334
2,20,65479,0,36355
2,20,65479,0,36375
2,20,65478,0,36397
2,20,65478,0,36417
2,20,65478,0,36438
2,20,65479,0,36459
2,20,65479,0,36480
2,20,65479,0,36500
2,19,65479,0,36521
2,19,65479,0,36542
2,19,65479,0,36562
2,19,65479,0,36583
2,19,65479,0,36604
2,19,65479,0,36625
2,19,65479,0,36645
2,17,65479,0,36667
2,17,65479,0,36687
2,17,65479,0,36708
1,17,65480,0,36729
1,17,65480,0,36750
1,17,65480,0,36770
2,17,65480,0,36792
2,17,65480,0,36812
2,17,65480,0,36833
2,17,65480,0,36854
2,17,65480,0,36875
2,17,65480,0,36895
2,17,65480,0,36916
1,17,65479,0,36937
1,17,65479,0,36958
1,17,65479,0,36978
2,17,65479,0,37000
2,17,65479,0,37020
2,17,65479,0,37041
2,17,65479,0,37062
2,17,65479,0,37083
2,17,65479,0,37103
2,17,65479,0,37125
1,17,65479,0,37145
1,17,65479,0,37166
1,17,65479,0,37187
2,17,65479,0,37208
2,17,65479,0,37228
2,17,65479,0,37249
2,17,65479,0,37270
2,17,65479,0,37291
2,17,65479,0,37311
2,17,65479,0,37332
2,17,65479,0,37353
2,17,65479,0,37373
2,17,65479,0,37395
2,17,65479,0,37415
2,17,65479,0,37436
2,17,65479,0,37457
2,18,65479,0,37478
2,18,65479,0,37498
2,18,65479,0,37520
2,18,65479,0,37540
2,18,65479,0,37561
2,18,65479,0,37581
2,17,65479,0,37603
2,17,65479,0,37623
2,17,65479,0,37644
2,17,65479,0,37665
2,17,65479,0,37686
2,17,65479,0,37706
2,17,65479,0,37728
2,18,65479,0,37748
2,18,65479,0,37769
2,18,65479,0,37790
2,18,65479,0,37811
2,18,65479,0,37831
2,18,65479,0,37853
2,18,65479,0,37873
2,17,65479,0,37894
2,17,65479,0,37914
2,17,65479,0,37936
2,17,65479,0,37956
2,17,65479,0,37977
2,17,65479,0,37998
2,18,65479,0,38019
2,18,65479,0,38039
2,18,65479,0,38061
2,18,65479,0,38081
2,18,65479,0,38102
2,18,65479,0,38123
2,18,65479,0,38144
2,18,65479,0,38164
2,18,65479,0,38185
2,18,65479,0,38206
2,18,65479,0,38226
2,18,65479,0,38247
2,18,65479,0,38268
2,18,65479,0,38289
2,18,65479,0,38309
2,18,65479,0,38331
1,18,65479,0,38351
1,18,65479,0,38372
1,18,65479,0,38393
1,18,65479,0,38414
2,18,65479,0,38434
2,18,65479,0,38456
2,18,65479,0,38476
1,18,65479,0,38497
1,18,65479,0,38518
1,18,65479,0,38539
1,18,65479,0,38559
1,18,65479,0,38580
1,18,65479,0,38601
1,18,65479,0,38622
1,18,65479,0,38642
1,18,65479,0,38664
1,18,65479,0,38684
1,18,65480,0,38705
1,18,65480,0,38726
1,18,65480,0,38747
1,18,65480,0,38767
1,18,65480,0,38789
1,18,65480,0,38809
1,18,65480,0,38830
1,18,65480,0,38851
1,18,65480,0,38872
1,18,65480,0,38892
1,18,65480,0,38913
1,18,65480,0,38934
1,18,65480,0,38955
0,18,65480,0,38975
0,18,65480,0,38996
0,18,65480,0,39017
0,18,65481,0,39037
0,18,65481,0,39059
0,18,65481,0,39079
0,18,65482,0,39100
0,18,65482,0,39121
0,18,65482,0,39142
0,18,65482,0,39162
65535,18,65482,0,39184
65535,18,65482,0,39208
65535,18,65482,0,39233
65535,18,65483,0,39259
65535,18,65483,0,39283
65534,17,65485,0,39308
65534,17,65485,0,39333
65534,17,65485,0,39358
65534,16,65486,0,39384
65534,16,65486,0,39408
65534,16,65486,0,39433
65534,15,65488,0,39458
65534,15,65488,0,39483
65534,15,65488,0,39507
65533,13,65489,0,39533
65533,13,65489,0,39558
65533,11,65491,0,39583
65533,11,65491,0,39608
65533,11,65491,0,39632
65533,9,65494,0,39658
65533,9,65494,0,39682
65533,9,65494,0,39705
65534,6,65498,0,39730
65534,6,65498,0,39753
65534,6,65498,0,39777
0,4,65499,0,39801
0,4,65499,0,39821
0,4,65499,0,39840
2,1,65500,0,39861
2,1,65500,0,39880
2,1,65500,0,39900
7,65535,65500,0,39920
7,65535,65500,0,39944
7,65535,65500,0,39967
12,65532,65496,0,39992
12,65532,65496,0,40016
12,65532,65496,0,40041
16,65532,65488,0,40067
16,65532,65488,0,40091
16,65532,65488,0,40117
13,65532,65478,0,40141
13,65532,65478,0,40166
6,65534,65473,0,40192
6,65534,65473,0,40215
6,65534,65473,0,40239
1,1,65476,0,40263
1,1,65476,0,40283
1,1,65476,0,40302
1,1,65476,0,40323
2,2,65480,0,40342
2,2,65480,0,40361
2,2,65480,0,40382
5,2,65480,0,40401
5,2,65480,0,40421
5,2,65480,0,40440
5,2,65480,0,40461
8,2,65479,0,40480
8,2,65479,0,40500
8,2,65479,0,40520
10,1,65475,0,40540
10,1,65475,0,40560
10,1,65475,0,40582
12,1,65471,0,40602
12,1,65471,0,40623
12,1,65471,0,40643
12,1,65471,0,40665
11,2,65466,0,40685
11,2,65466,0,40706
11,2,65466,0,40727
8,2,65461,0,40748
8,2,65461,0,40767
8,2,65461,0,40787
3,3,65458,0,40807
3,3,65458,0,40826
3,3,65458,0,40847
3,3,65458,0,40866
65533,3,65458,0,40886
65533,3,65458,0,40909
65533,3,65458,0,40934
65527,4,65462,0,40957
65527,4,65462,0,40982
65527,4,65462,0,41006
65523,4,65468,0,41029
65523,4,65468,0,41054
65523,4,65473,0,41077
65523,4,65473,0,41101
65523,4,65473,0,41125
65524,5,65477,0,41149
65524,5,65477,0,41172
65524,5,65477,0,41197
65526,6,65480,0,41221
65526,6,65480,0,41245
65526,6,65480,0,41269
65528,6,65482,0,41292
65528,6,65482,0,41317
65528,6,65482,0,41340
65529,7,65483,0,41364
65529,7,65483,0,41389
65529,7,65483,0,41412
65531,7,65484,0,41436
65531,7,65484,0,41460
65532,7,65484,0,41484
65532,7,65484,0,41507
65532,7,65484,0,41532
65533,7,65484,0,41555
65533,7,65484,0,41580
65533,7,65484,0,41604
65533,7,65484,0,41627
65533,7,65484,0,41652
65533,7,65484,0,41675
65534,7,65485,0,41699
65534,7,65485,0,41723
65534,7,65485,0,41747
65534,7,65485,0,41771
65534,7,65485,0,41795
65534,7,65485,0,41819
65535,7,65485,0,41842
65535,7,65485,0,41867
65535,7,65485,0,41890
65535,7,65485,0,41915
65535,7,65485,0,41938
65535,7,65485,0,41962
65535,7,65485,0,41987
65535,7,65485,0,42010
65535,7,65485,0,42034
65535,7,65485,0,42058
65535,7,65485,0,42082
65535,7,65485,0,42105
65535,7,65485,0,42130
65535,7,65485,0,42153
0,7,65485,0,42178
0,7,65485,0,42198
0,7,65485,0,42217
0,7,65485,0,42236
0,7,65485,0,42257
0,7,65485,0,42276
0,7,65485,0,42296
0,7,65484,0,42316
0,7,65484,0,42336
0,7,65484,0,42355
0,7,65484,0,42375
0,7,65484,0,42395
0,7,65484,0,42415
0,7,65484,0,42434
0,7,65484,0,42455
0,7,65484,0,42474
0,7,65484,0,42493
0,7,65485,0,42514
0,7,65485,0,42533
0,7,65485,0,42553
0,7,65485,0,42572
0,7,65485,0,42593
0,7,65485,0,42612
0,7,65485,0,42632
0,7,65484,0,42652
0,7,65484,0,42672
0,7,65484,0,42691
0,7,65484,0,42712
0,7,65484,0,42731
0,7,65484,0,42750
0,7,65484,0,42770
0,7,65484,0,42790
0,7,65484,0,42810
0,7,65484,0,42829
0,7,65484,0,42850
0,7,65484,0,42869
0,7,65484,0,42889
0,7,65484,0,42909
0,7,65484,0,42929
0,7,65484,0,42948
0,7,65484,0,42968
0,7,65484,0,42988
0,7,65484,0,43008
0,7,65484,0,43027
0,7,65484,0,43047
0,7,65484,0,43067
0,7,65484,0,43086
0,7,65484,0,43106
0,7,65484,0,43126
0,7,65484,0,43146
0,7,65484,0,43165
0,7,65484,0,43186
0,7,65484,0,43205
0,7,65484,0,43225
0,7,65484,0,43245
0,7,65484,0,43265
0,7,65484,0,43284
0,7,65484,0,43303
0,7,65484,0,43324
0,7,65484,0,43343
0,7,65484,0,43363
0,7,65484,0,43383
0,7,65484,0,43403
0,7,65484,0,43422
0,7,65484,0,43443
0,7,65484,0,43462
0,7,65484,0,43482
0,7,65484,0,43501
0,7,65484,0,43522
0,7,65485,0,43541
0,7,65485,0,43560
0,7,65485,0,43581
0,7,65485,0,43600
0,7,65485,0,43620
0,7,65485,0,43639
0,7,65485,0,43660
0,7,65484,0,43679
0,7,65484,0,43699
0,7,65484,0,43719
0,7,65484,0,43739
0,7,65484,0,43758
0,7,65484,0,43779
0,7,65484,0,43798
0,7,65484,0,43817
0,7,65484,0,43837
0,7,65484,0,43857
0,7,65484,0,43877
0,7,65484,0,43896
0,7,65484,0,43917
0,7,65484,0,43936
0,7,65484,0,43956
0,7,65484,0,43976
0,7,65484,0,43996
0,7,65484,0,44015
0,7,65484,0,44035
0,7,65484,0,44055
0,7,65484,0,44075
0,7,65484,0,44094
0,7,65484,0,44114
0,7,65484,0,44134
0,7,65484,0,44153
0,7,65484,0,44174
0,7,65484,0,44193
0,7,65484,0,44213
0,7,65484,0,44232
0,7,65484,0,44253
0,7,65484,0,44272
0,7,65484,0,44292
0,7,65484,0,44312
0,7,65484,0,44332
0,7,65484,0,44351
0,7,65484,0,44370
0,7,65484,0,44391
0,7,65484,0,44410
0,7,65485,0,44430
0,7,65485,0,44450
0,7,65485,0,44470
0,7,65484,0,44489
0,7,65484,0,44510
0,7,65484,0,44529
0,7,65484,0,44549
0,7,65484,0,44568
0,7,65484,0,44589
0,7,65484,0,44608
0,7,65484,0,44627
0,7,65484,0,44648
0,7,65484,0,44667
0,7,65484,0,44687
0,7,65484,0,44707
0,7,65484,0,44727
0,7,65484,0,44746
0,7,65484,0,44766
0,7,65484,0,44786
0,7,65484,0,44806
0,7,65484,0,44825
0,7,65484,0,44846
0,7,65484,0,44865
0,7,65484,0,44884
0,7,65484,0,44904
0,7,65484,0,44924
0,7,65484,0,44944
0,7,65484,0,44963
0,7,65484,0,44984
0,7,65484,0,45003
0,7,65484,0,45023
0,7,65485,0,45043
0,7,65485,0,45063
0,7,65485,0,45082
0,7,65484,0,45102
0,7,65484,0,45122
0,7,65484,0,45142
0,7,65484,0,45161
0,7,65484,0,45181
0,7,65484,0,45201
0,7,65484,0,45220
0,7,65484,0,45241
0,7,65484,0,45260
0,7,65484,0,45280
0,7,65485,0,45299
0,7,65485,0,45320
0,7,65485,0,45339
0,7,65485,0,45359
0,7,65484,0,45379
0,7,65484,0,45399
0,7,65484,0,45418
0,7,65484,0,45438
0,7,65484,0,45458
0,7,65484,0,45477
0,7,65484,0,45497
0,7,65484,0,45517
0,7,65484,0,45537
0,7,65484,0,45556
0,7,65484,0,45577
0,7,65484,0,45596
0,7,65484,0,45616
0,7,65484,0,45635
0,7,65484,0,45656
0,7,65484,0,45675
0,7,65484,0,45694
0,7,65485,0,45715
0,7,65485,0,45734
0,7,65485,0,45754
0,7,65484,0,45774
0,7,65484,0,45794
0,7,65484,0,45813
0,7,65484,0,45833
0,7,65484,0,45853
0,7,65484,0,45873
0,7,65484,0,45892
0,7,65484,0,45913
0,7,65484,0,45932
0,7,65484,0,45952
0,7,65484,0,45972
0,7,65484,0,45991
0,7,65484,0,46011
0,7,65484,0,46030
0,7,65484,0,46051
0,7,65484,0,46070
0,7,65484,0,46090
0,7,65484,0,46110
0,7,65485,0,46130
0,7,65485,0,46149
0,7,65485,0,46169
0,7,65485,0,46189
0,7,65485,0,46209
0,7,65485,0,46228
0,7,65485,0,46248
0,7,65484,0,46268
0,7,65484,0,46287
0,7,65484,0,46308
0,7,65484,0,46327
0,7,65484,0,46347
0,7,65484,0,46366
0,7,65484,0,46387
0,7,65484,0,46406
0,7,65484,0,46426
0,7,65484,0,46446
0,7,65484,0,46466
0,7,65484,0,46485
0,7,65484,0,46505
0,7,65484,0,46525
0,7,65484,0,46544
0,7,65484,0,46564
0,7,65484,0,46584
0,7,65484,0,46604
0,7,65484,0,46623
0,7,65484,0,46644
0,7,65484,0,46663
0,7,65484,0,46683
0,7,65484,0,46703
0,7,65484,0,46723
0,7,65484,0,46742
0,7,65484,0,46761
0,7,65484,0,46782
0,7,65484,0,46801
0,7,65484,0,46821
0,7,65484,0,46841
0,7,65484,0,46861
0,7,65485,0,46880
0,7,65485,0,46900
0,7,65485,0,46920
0,7,65484,0,46940
0,7,65484,0,46959
0,7,65484,0,46980
22,7,65485,0,46999
0,7,65485,0,47020
0,7,65485,0,47040
0,7,65485,0,47059
0,7,65484,0,47079
0,7,65484,0,47098
0,7,65484,0,47119
0,7,65484,0,47138
0,7,65484,0,47158
0,7,65484,0,47178
0,7,65484,0,47198
0,7,65484,0,47217
0,7,65484,0,47238
0,7,65484,0,47257
0,7,65484,0,47277
0,7,65484,0,47296
0,7,65484,0,47316
0,7,65484,0,47336
0,7,65484,0,47355
0,7,65484,0,47376
0,7,65484,0,47395
0,7,65484,0,47415
0,7,65484,0,47435
0,7,65484,0,47455
0,7,65484,0,47474
0,7,65485,0,47494
0,7,65485,0,47514
0,7,65485,0,47534
0,7,65484,0,47553
0,7,65484,0,47574
0,7,65484,0,47593
0,7,65484,0,47612
0,7,65484,0,47632
0,7,65484,0,47652
0,7,65484,0,47672
0,7,65485,0,47691
0,7,65485,0,47712
0,7,65485,0,47731
0,7,65484,0,47751
0,7,65484,0,47771
0,7,65484,0,47791
0,7,65484,0,47810
0,7,65484,0,47830
0,7,65484,0,47850
0,7,65484,0,47869
0,7,65484,0,47889
0,7,65484,0,47909
0,7,65484,0,47929
0,7,65484,0,47948
0,7,65484,0,47969
0,7,65484,0,47988
0,7,65484,0,48008