0,7,65485,0,14003
0,7,65485,0,14022
0,7,65485,0,14043
0,7,65485,0,14062
0,7,65485,0,14082
0,7,65485,0,14101
0,7,65485,0,14121
0,7,65485,0,14141
0,7,65485,0,14160
0,7,65485,0,14181
0,7,65485,0,14200
0,7,65485,0,14220
0,7,65485,0,14240
0,7,65485,0,14260
0,7,65485,0,14279
0,7,65485,0,14299
0,7,65485,0,14319
0,7,65485,0,14339
0,7,65485,0,14358
0,7,65485,0,14379
0,7,65485,0,14398
0,7,65485,0,14417
0,7,65485,0,14438
0,7,65485,0,14457
0,7,65485,0,14477
0,7,65485,0,14496
0,7,65485,0,14517
0,7,65485,0,14536
0,7,65485,0,14556
0,7,65485,0,14576
0,7,65485,0,14596
0,7,65485,0,14615
0,7,65485,0,14635
0,7,65485,0,14655
0,7,65485,0,14674
0,7,65485,0,14694
0,7,65485,0,14714
0,7,65485,0,14734
0,7,65485,0,14753
0,7,65485,0,14774
0,7,65485,0,14793
0,7,65485,0,14813
0,7,65485,0,14832
0,7,65485,0,14853
0,7,65485,0,14872
0,7,65485,0,14892
0,7,65485,0,14912
0,7,65485,0,14931
0,7,65485,0,14951
0,7,65485,0,14971
0,7,65485,0,14991
0,7,65485,0,15010
0,7,65485,0,15030
0,7,65485,0,15050
0,7,65485,0,15070
0,7,65485,0,15089
0,7,65485,0,15110
0,7,65485,0,15129
0,7,65485,0,15149
0,7,65485,0,15169
0,7,65485,0,15188
0,7,65485,0,15208
0,7,65485,0,15227
0,7,65485,0,15248
0,7,65485,0,15267
0,7,65485,0,15287
0,7,65485,0,15307
0,7,65485,0,15327
0,7,65485,0,15346
0,7,65485,0,15366
0,7,65485,0,15386
0,7,65485,0,15406
0,7,65485,0,15425
0,7,65485,0,15446
0,7,65485,0,15465
0,7,65485,0,15484
0,7,65485,0,15505
0,7,65485,0,15524
0,7,65485,0,15544
0,7,65485,0,15563
0,7,65485,0,15584
0,7,65485,0,15603
0,7,65485,0,15623
0,7,65485,0,15643
0,7,65485,0,15663
0,7,65485,0,15682
0,7,65485,0,15703
0,7,65485,0,15722
0,7,65485,0,15741
0,7,65485,0,15761
0,7,65485,0,15781
0,7,65485,0,15801
0,7,65485,0,15820
0,7,65485,0,15841
0,7,65485,0,15860
0,7,65485,0,15880
0,7,65485,0,15899
0,7,65485,0,15920
0,7,65485,0,15939
0,7,65485,0,15959
0,7,65485,0,15979
0,7,65485,0,15998
0,7,65485,0,16018
0,7,65485,0,16038
0,7,65485,0,16058
0,7,65485,0,16077
0,7,65485,0,16097
0,7,65485,0,16117
0,7,65485,0,16137
0,7,65485,0,16156
0,7,65484,0,16177
0,7,65484,0,16196
0,7,65484,0,16216
0,7,65484,0,16236
0,7,65485,0,16256
0,7,65485,0,16275
0,7,65485,0,16294
0,7,65485,0,16315
0,7,65485,0,16334
0,7,65485,0,16354
0,7,65485,0,16374
0,7,65485,0,16394
0,7,65485,0,16413
0,7,65485,0,16434
0,7,65485,0,16453
0,7,65485,0,16473
0,7,65485,0,16492
0,7,65485,0,16513
0,7,65485,0,16532
0,7,65485,0,16551
0,7,65485,0,16572
0,7,65485,0,16591
0,7,65485,0,16611
0,7,65485,0,16630
0,7,65485,0,16651
0,7,65485,0,16670
0,7,65485,0,16690
0,7,65485,0,16710
0,7,65485,0,16730
0,7,65485,0,16749
0,7,65485,0,16770
0,7,65485,0,16789
0,7,65485,0,16808
0,7,65485,0,16828
0,7,65485,0,16848
0,7,65485,0,16868
0,7,65485,0,16887
0,7,65485,0,16908
0,7,65485,0,16927
0,7,65485,0,16947
0,7,65485,0,16967
0,7,65485,0,16987
0,7,65485,0,17006
0,7,65485,0,17026
0,7,65485,0,17046
0,7,65485,0,17065
0,7,65485,0,17085
0,7,65485,0,17105
0,7,65485,0,17125
0,7,65485,0,17144
0,7,65485,0,17164
0,7,65485,0,17184
0,7,65485,0,17204
0,7,65485,0,17223
0,7,65485,0,17244
0,7,65485,0,17263
0,7,65485,0,17283
0,7,65485,0,17303
0,7,65485,0,17323
0,7,65485,0,17342
0,7,65485,0,17361
0,7,65485,0,17382
0,7,65485,0,17401
0,7,65485,0,17421
0,7,65485,0,17441
0,7,65485,0,17461
0,7,65485,0,17480
0,7,65485,0,17501
0,7,65485,0,17520
0,7,65485,0,17540
0,7,65485,0,17559
0,7,65485,0,17580
0,7,65485,0,17599
0,7,65485,0,17618
0,7,65485,0,17639
0,7,65485,0,17658
0,7,65485,0,17678
0,7,65485,0,17698
0,7,65485,0,17718
0,7,65485,0,17737
0,7,65485,0,17757
0,7,65485,0,17777
0,7,65485,0,17797
0,7,65485,0,17816
0,7,65485,0,17837
0,7,65485,0,17856
0,7,65485,0,17875
0,7,65485,0,17895
0,7,65485,0,17915
0,7,65485,0,17935
0,7,65485,0,17954
0,7,65485,0,17975
0,7,65485,0,17994
0,7,65485,0,18014
0,7,65485,0,18034
0,7,65485,0,18054
0,7,65485,0,18073
0,7,65485,0,18093
0,7,65485,0,18113
0,7,65485,0,18132
0,7,65485,0,18152
0,7,65485,0,18172
0,7,65485,0,18192
0,7,65485,0,18211
0,7,65485,0,18232
0,7,65485,0,18251
0,7,65485,0,18271
0,7,65485,0,18290
0,7,65485,0,18311
0,7,65485,0,18330
0,7,65485,0,18350
65535,7,65485,0,18370
65535,7,65485,0,18394
65535,7,65485,0,18417
65535,7,65485,0,18442
65535,7,65485,0,18465
0,7,65485,0,18489
0,7,65485,0,18509
0,7,65485,0,18529
0,7,65485,0,18548
65535,7,65485,0,18569
65535,7,65485,0,18592
65535,7,65485,0,18616
65535,7,65485,0,18640
65535,7,65485,0,18664
65535,7,65485,0,18688
65535,7,65485,0,18712
65535,7,65485,0,18736
65535,7,65486,0,18759
65535,7,65486,0,18784
65535,7,65486,0,18807
65534,7,65485,0,18832
65534,7,65485,0,18855
65534,7,65485,0,18879
65534,7,65485,0,18904
65534,7,65485,0,18927
65534,7,65485,0,18951
65534,7,65485,0,18975
65534,7,65485,0,18999
65534,7,65485,0,19022
65534,7,65485,0,19047
65534,7,65485,0,19070
65534,7,65485,0,19094
65533,7,65485,0,19119
65533,7,65485,0,19142
65533,7,65485,0,19167
65532,7,65485,0,19190
65532,7,65485,0,19214
65532,7,65485,0,19238
65532,7,65485,0,19262
65532,7,65485,0,19286
65531,7,65484,0,19310
65531,7,65484,0,19334
65531,7,65484,0,19357
65530,6,65484,0,19382
65530,6,65484,0,19405
65530,6,65484,0,19430
65528,6,65483,0,19453
65528,6,65483,0,19477
65528,6,65483,0,19502
65527,6,65483,0,19525
65527,6,65483,0,19549
65527,6,65483,0,19573
65526,5,65481,0,19597
65526,5,65481,0,19620
65524,5,65478,0,19645
65524,5,65478,0,19668
65524,5,65478,0,19692
65523,4,65476,0,19717
65523,4,65476,0,19740
65523,4,65476,0,19765
65523,4,65471,0,19788
65523,4,65471,0,19812
65523,4,65471,0,19836
65524,3,65467,0,19860
65524,3,65467,0,19884
65524,3,65467,0,19908
65527,3,65462,0,19932
65527,3,65462,0,19955
65527,3,65462,0,19980
65533,3,65459,0,20003
65533,3,65459,0,20028
65533,3,65459,0,20051
2,2,65458,0,20075
2,2,65458,0,20096
2,2,65458,0,20115
6,1,65460,0,20134
6,1,65460,0,20154
6,1,65460,0,20174
10,1,65464,0,20194
10,1,65464,0,20214
10,1,65464,0,20236
10,1,65464,0,20256
12,0,65469,0,20277
12,0,65469,0,20298
12,0,65469,0,20319
12,1,65473,0,20339
12,1,65473,0,20361
12,1,65473,0,20381
10,1,65477,0,20402
10,1,65477,0,20422
10,1,65477,0,20444
7,2,65479,0,20464
7,2,65479,0,20484
7,2,65479,0,20504
7,2,65479,0,20524
5,2,65481,0,20543
5,2,65481,0,20563
5,2,65481,0,20583
3,2,65480,0,20602
3,2,65480,0,20622
3,2,65480,0,20642
3,2,65480,0,20662
2,2,65478,0,20681
2,2,65478,0,20702
2,2,65478,0,20721
5,0,65475,0,20741
5,0,65475,0,20761
5,0,65475,0,20781
5,0,65475,0,20800
12,65534,65478,0,20819
12,65534,65478,0,20845
12,65533,65459,0,20870
16,65533,65485,0,20895
16,65533,65485,0,20920
15,65534,65494,0,20944
15,65534,65494,0,20970
15,65534,65494,0,20995
11,0,65501,0,21019
11,0,65501,0,21041
11,0,65501,0,21061
5,1,65503,0,21082
5,1,65503,0,21102
5,1,65503,0,21122
5,1,65503,0,21141
2,3,65502,0,21161
2,3,65502,0,21181
2,3,65502,0,21200
0,6,65501,0,21220
0,6,65501,0,21240
0,6,65501,0,21260
65535,7,65500,0,21279
65535,7,65500,0,21304
65535,7,65500,0,21327
65533,9,65498,0,21351
65533,9,65498,0,21376
65533,9,65498,0,21399
65532,10,65495,0,21423
65532,10,65495,0,21448
65532,10,65495,0,21473
65531,12,65493,0,21498
65531,12,65493,0,21523
65531,12,65493,0,21548
65532,13,65491,0,21573
65532,13,65491,0,21598
65533,14,65490,0,21622
65533,14,65490,0,21648
65533,14,65490,0,21672
65532,14,65489,0,21698
65532,14,65489,0,21723
65532,14,65489,0,21747
65533,15,65488,0,21773
65533,15,65488,0,21797
65533,15,65488,0,21822
65533,16,65488,0,21848
65533,16,65488,0,21872
65533,16,65487,0,21898
65533,16,65487,0,21922
65533,16,65487,0,21947
65533,17,65486,0,21972
65533,17,65486,0,21997
65533,17,65486,0,22022
65533,17,65486,0,22047
65533,17,65486,0,22072
65534,18,65485,0,22097
65534,18,65485,0,22122
65534,18,65485,0,22147
65534,18,65485,0,22172
65534,18,65485,0,22197
65534,18,65485,0,22221
65534,18,65485,0,22247
65534,18,65485,0,22272
65534,18,65485,0,22297
65533,18,65484,0,22322
65533,18,65484,0,22346
65534,18,65484,0,22372
65534,18,65484,0,22396
65534,18,65484,0,22421
65534,18,65484,0,22447
65534,18,65484,0,22471
65534,18,65484,0,22497
65534,18,65484,0,22521
65534,18,65484,0,22546
65534,18,65484,0,22572
65534,18,65484,0,22596
65534,18,65484,0,22621
65534,18,65484,0,22646
65534,18,65484,0,22671
65534,18,65484,0,22696
65534,18,65484,0,22721
65534,18,65484,0,22746
65534,18,65484,0,22771
65533,18,65484,0,22796
65533,18,65484,0,22820
65534,18,65484,0,22846
65534,18,65484,0,22871
65534,18,65484,0,22896
65534,18,65484,0,22921
65534,18,65484,0,22945
65534,18,65484,0,22971
65534,18,65484,0,22995
65534,18,65484,0,23020
65534,18,65484,0,23046
65533,18,65484,0,23070
65533,18,65484,0,23096
65533,18,65484,0,23120
65533,18,65484,0,23145
65533,18,65484,0,23171
65534,18,65484,0,23195
65534,18,65484,0,23220
65534,18,65484,0,23245
65534,18,65484,0,23270
65534,18,65484,0,23296
65534,18,65484,0,23320
65534,18,65484,0,23345
65534,18,65484,0,23370
65534,18,65484,0,23395
65534,18,65484,0,23419
65534,18,65484,0,23445
65534,18,65484,0,23470
65534,18,65484,0,23495
65534,18,65484,0,23520
65534,18,65484,0,23544
65534,18,65484,0,23570
65533,18,65484,0,23595
65533,18,65484,0,23619
65533,18,65484,0,23645
65533,18,65484,0,23669
65533,18,65484,0,23695
65533,18,65484,0,23719
65534,18,65484,0,23744
65534,18,65484,0,23770
65534,18,65484,0,23794
65533,18,65484,0,23819
65533,18,65484,0,23844
65533,18,65484,0,23869
65533,18,65484,0,23895
65533,18,65484,0,23919
65533,18,65484,0,23944
65533,18,65484,0,23969
65533,18,65484,0,23994
65533,18,65484,0,24018
65533,18,65484,0,24044
65533,18,65484,0,24069
65533,18,65484,0,24094
65533,18,65484,0,24119
65534,18,65484,0,24143
65534,18,65484,0,24169
65534,18,65484,0,24194
65533,18,65484,0,24218
65533,18,65484,0,24244
65533,18,65484,0,24268
65534,18,65484,0,24294
65534,18,65484,0,24318
65534,18,65484,0,24343
65534,18,65484,0,24369
65534,18,65484,0,24393
65533,18,65484,0,24418
65533,18,65484,0,24443
65533,18,65484,0,24468
65534,18,65484,0,24494
65534,18,65484,0,24518
65534,18,65484,0,24543
65534,18,65484,0,24568
65534,18,65484,0,24593
65533,18,65484,0,24617
65533,18,65484,0,24643
65533,18,65484,0,24668
65534,18,65484,0,24693
65534,18,65484,0,24718
65534,18,65484,0,24742
65534,18,65484,0,24768
65534,18,65484,0,24793
65534,18,65484,0,24817
65533,18,65484,0,24843
65533,18,65484,0,24867
65534,18,65484,0,24893
65534,18,65484,0,24918
65534,18,65484,0,24942
65533,18,65484,0,24968
65533,18,65484,0,24992
65533,18,65484,0,25017
65534,18,65484,0,25042
65534,18,65484,0,25067
65533,18,65484,0,25093
65533,18,65484,0,25117
65533,18,65484,0,25142
65534,18,65484,0,25167
65534,18,65484,0,25192
65534,18,65484,0,25217
65533,18,65484,0,25242
65533,18,65484,0,25267
65533,18,65484,0,25292
65534,18,65484,0,25317
65534,18,65484,0,25341
65534,18,65484,0,25367
65534,18,65484,0,25392
65534,18,65484,0,25416
65534,18,65484,0,25442
65534,18,65484,0,25466
65534,18,65484,0,25492
65533,18,65484,0,25517
65533,18,65484,0,25541
65533,18,65484,0,25567
65533,18,65484,0,25591
65533,18,65484,0,25616
65534,18,65484,0,25641
65534,18,65484,0,25666
65534,18,65484,0,25692
65534,18,65484,0,25716
65534,18,65484,0,25741
65534,18,65484,0,25766
65534,18,65484,0,25791
65534,18,65484,0,25816
65533,18,65484,0,25841
65533,18,65484,0,25866
65533,18,65484,0,25891
65534,18,65484,0,25916
65534,18,65484,0,25940
65534,18,65484,0,25966
65534,18,65484,0,25991
65534,18,65484,0,26015
65534,18,65484,0,26041
65533,18,65484,0,26065
65533,18,65484,0,26091
65534,18,65484,0,26116
65534,18,65484,0,26140
65534,18,65484,0,26166
65533,18,65484,0,26190
65533,18,65484,0,26215
65533,18,65484,0,26241
65534,18,65484,0,26265
65534,18,65484,0,26291
65533,18,65483,0,26315
65533,18,65483,0,26340
65533,18,65483,0,26365
65534,18,65484,0,26390
65534,18,65484,0,26415
65534,18,65484,0,26440
65533,18,65484,0,26465
65533,18,65484,0,26490
65533,18,65484,0,26515
65534,18,65484,0,26540
65534,18,65484,0,26565
65533,18,65484,0,26590
65533,18,65484,0,26614
65533,18,65484,0,26640
65533,18,65484,0,26664
65533,18,65484,0,26690
65533,18,65484,0,26715
65534,18,65484,0,26739
65534,18,65484,0,26765
65534,18,65484,0,26789
65533,18,65484,0,26814
65533,18,65484,0,26840
65533,18,65484,0,26864
65533,18,65484,0,26890
65533,18,65484,0,26914
65534,18,65484,0,26939
65534,18,65484,0,26964
65534,18,65484,0,26989
65533,18,65484,0,27014
65533,18,65484,0,27039
65534,18,65483,0,27064
65534,18,65483,0,27089
65534,18,65483,0,27114
65534,18,65484,0,27139
65534,18,65484,0,27164
65534,18,65484,0,27189
65533,18,65484,0,27213
65533,18,65484,0,27239
65533,18,65484,0,27264
65534,18,65484,0,27289
65534,18,65484,0,27314
65534,18,65484,0,27338
65534,18,65484,0,27364
65534,18,65484,0,27388
65533,18,65484,0,27413
65533,18,65484,0,27439
65533,18,65484,0,27463
65533,18,65484,0,27489
65533,18,65484,0,27513
65533,18,65484,0,27538
65533,18,65484,0,27564
65533,18,65484,0,27588
65534,18,65484,0,27613
65534,18,65484,0,27638
65534,18,65484,0,27663
65533,18,65484,0,27688
65533,18,65484,0,27713
65533,18,65484,0,27738
65534,18,65484,0,27763
65534,18,65484,0,27788
65534,18,65484,0,27812
65534,18,65484,0,27838
65534,18,65484,0,27863
65533,18,65484,0,27888
65533,18,65484,0,27913
65533,18,65484,0,27937
65534,18,65484,0,27963
65534,18,65484,0,27987
65534,18,65484,0,28012
65534,18,65484,0,28038
65534,18,65484,0,28062
65533,18,65484,0,28088
65533,18,65484,0,28112
65533,18,65484,0,28137
65533,18,65484,0,28163
65533,18,65484,0,28187
65533,18,65484,0,28212
65534,18,65484,0,28237
65534,18,65484,0,28262
65534,18,65484,0,28288
65534,18,65484,0,28312
65534,18,65484,0,28337
65533,18,65484,0,28362
65533,18,65484,0,28387
65533,18,65484,0,28411
65534,18,65484,0,28437
65534,18,65484,0,28462
65534,18,65484,0,28487
65534,18,65484,0,28512
65534,18,65484,0,28536
65533,18,65484,0,28562
65533,18,65484,0,28587
65533,18,65484,0,28611
65534,18,65484,0,28637
65534,18,65484,0,28661
65534,18,65484,0,28687
65534,18,65484,0,28711
65534,18,65484,0,28736
65534,18,65484,0,28762
65534,18,65484,0,28786
65534,18,65484,0,28811
65534,18,65484,0,28836
65534,18,65484,0,28861
65534,18,65484,0,28887
65533,18,65484,0,28911
65533,18,65484,0,28936
65533,18,65484,0,28961
65533,18,65484,0,28986
65533,18,65484,0,29010
65533,18,65484,0,29036
65533,18,65484,0,29061
65533,18,65484,0,29086
65533,18,65484,0,29111
65533,18,65484,0,29135
65533,18,65484,0,29161
65534,18,65484,0,29186
65534,18,65484,0,29210
65534,18,65484,0,29236
65534,18,65484,0,29260
65534,18,65484,0,29286
65534,18,65484,0,29310
65534,18,65484,0,29335
65534,18,65484,0,29361
65533,18,65484,0,29385
65533,18,65484,0,29410
65533,18,65484,0,29435
65533,18,65484,0,29460
65533,18,65484,0,29486
65533,18,65484,0,29510
65533,18,65484,0,29535
65533,18,65484,0,29560
65533,18,65484,0,29585
65533,18,65484,0,29609
65533,18,65484,0,29635
65534,18,65484,0,29660
65534,18,65484,0,29685
65534,18,65484,0,29710
65533,18,65484,0,29734
65533,18,65484,0,29760
65533,18,65484,0,29785
65533,18,65484,0,29809
65533,18,65484,0,29835
65533,18,65484,0,29859
65533,18,65484,0,29885
65533,18,65484,0,29910
65534,18,65484,0,29934
65534,18,65484,0,29960
65534,18,65484,0,29984
65534,18,65484,0,30009
65534,18,65484,0,30034
65533,18,65484,0,30059
65533,18,65484,0,30085
65533,18,65484,0,30109
65534,18,65484,0,30134
65534,18,65484,0,30159
65534,18,65484,0,30184
65534,18,65484,0,30209
65534,18,65484,0,30234
65534,18,65484,0,30259
65533,18,65484,0,30284
65533,18,65484,0,30309
65533,18,65484,0,30333
65533,18,65484,0,30359
65533,18,65484,0,30384
65534,18,65484,0,30408
65534,18,65484,0,30434
65534,18,65484,0,30458
65534,18,65484,0,30484
65534,18,65484,0,30509
65534,18,65484,0,30533
65533,18,65484,0,30559
65533,18,65484,0,30583
65534,18,65484,0,30608
65534,18,65484,0,30633
65534,18,65484,0,30658
65534,18,65484,0,30684
65534,18,65484,0,30708
65534,18,65484,0,30733
65533,18,65484,0,30758
65533,18,65484,0,30783
65533,18,65483,0,30808
65533,18,65483,0,30833
65533,18,65483,0,30858
65534,18,65484,0,30883
65534,18,65484,0,30908
65534,18,65484,0,30932
65534,18,65484,0,30958
65534,18,65484,0,30983
65534,18,65484,0,31007
65533,18,65484,0,31033
65533,18,65484,0,31057
65534,18,65484,0,31083
65534,18,65484,0,31108
65534,18,65484,0,31132
65533,18,65484,0,31158
65533,18,65484,0,31182
65533,18,65484,0,31207
65534,18,65484,0,31233
65534,18,65484,0,31257
65534,18,65484,0,31283
65534,18,65484,0,31307
65534,18,65484,0,31332
65534,18,65484,0,31357
65534,18,65484,0,31382
65534,18,65484,0,31407
65533,18,65484,0,31432
65533,18,65484,0,31457
65533,18,65484,0,31482
65534,18,65484,0,31507
65534,18,65484,0,31532
65534,18,65484,0,31557
65534,18,65484,0,31582
65534,18,65484,0,31606
65534,18,65484,0,31632
65534,18,65484,0,31656
65534,18,65484,0,31682
65534,18,65484,0,31707
65534,18,65484,0,31731
65534,18,65484,0,31757
65534,18,65484,0,31781
65534,18,65484,0,31806
65533,18,65484,0,31832
65533,18,65484,0,31856
65533,18,65484,0,31882
65534,18,65484,0,31906
65534,18,65484,0,31931
65534,18,65484,0,31956
65534,18,65484,0,31981
65534,18,65484,0,32006
65534,18,65484,0,32031
65534,18,65484,0,32056
65534,18,65484,0,32081
65534,18,65484,0,32106
65534,18,65484,0,32131
65534,18,65484,0,32156
65534,18,65484,0,32181
65534,18,65484,0,32205
65534,18,65484,0,32231
65533,18,65484,0,32256
65533,18,65484,0,32281
65534,18,65484,0,32306
65534,18,65484,0,32330
65534,18,65484,0,32356
65534,18,65484,0,32380
65534,18,65484,0,32405
65534,18,65484,0,32431
65534,18,65484,0,32455
65534,18,65484,0,32481
65534,18,65484,0,32505
65534,18,65484,0,32530
65534,18,65484,0,32556
65534,18,65484,0,32580
65534,18,65484,0,32605
65534,18,65484,0,32630
65534,18,65484,0,32655
65534,18,65484,0,32680
65534,18,65484,0,32705
65533,18,65484,0,32730
65533,18,65484,0,32755
65533,18,65484,0,32780
65534,18,65484,0,32804
65534,18,65484,0,32830
65533,18,65484,0,32855
65533,18,65484,0,32880
65533,18,65484,0,32905
65533,18,65484,0,32929
65533,18,65484,0,32955
65533,18,65484,0,32979
65533,18,65484,0,33004
65533,18,65484,0,33030
65533,18,65484,0,33054
65533,18,65484,0,33080
65533,18,65484,0,33104
65533,18,65484,0,33129
65533,18,65484,0,33155
65533,18,65484,0,33179
65533,18,65484,0,33204
65533,18,65484,0,33229
65533,18,65484,0,33254
65533,18,65484,0,33280
65533,18,65484,0,33304
65533,18,65484,0,33329
65533,18,65484,0,33354
65533,18,65484,0,33379
65534,18,65484,0,33403
65534,18,65484,0,33429
65534,18,65484,0,33454
65534,18,65484,0,33479
65534,18,65484,0,33504
65534,18,65484,0,33528
65534,18,65484,0,33554
65534,18,65484,0,33579
65533,18,65484,0,33603
65533,18,65484,0,33629
65533,18,65484,0,33653
65533,18,65484,0,33679
65533,18,65484,0,33703
65533,18,65484,0,33728
65533,18,65484,0,33754
65533,18,65484,0,33778
65534,18,65484,0,33803
65534,18,65484,0,33828
65534,18,65484,0,33853
65533,18,65484,0,33879
65533,18,65484,0,33903
65533,18,65484,0,33928
65533,18,65484,0,33953
65533,18,65484,0,33978
65533,18,65484,0,34002
65534,18,65484,0,34028
65534,18,65484,0,34053
65534,18,65484,0,34078
65534,18,65484,0,34103
65534,18,65484,0,34127
65534,18,65484,0,34153
65534,18,65484,0,34178
65534,18,65484,0,34202
65534,18,65484,0,34228
65534,18,65484,0,34252
65534,18,65484,0,34278
65534,18,65484,0,34302
65534,18,65484,0,34327
65534,18,65484,0,34353
65534,18,65484,0,34377
65534,18,65484,0,34402
65534,18,65484,0,34427
65534,18,65484,0,34452
65534,18,65484,0,34478
65533,18,65484,0,34502
65533,18,65484,0,34527
65533,18,65484,0,34552
65533,18,65484,0,34577
65533,18,65484,0,34601
65534,18,65484,0,34627
65534,18,65484,0,34652
65534,18,65484,0,34677
65534,18,65484,0,34702
65534,18,65484,0,34726
65534,18,65484,0,34752
65534,18,65484,0,34777
65534,18,65484,0,34801
65534,18,65484,0,34827
65534,18,65484,0,34851
65534,18,65484,0,34877
65533,18,65484,0,34902
65533,18,65484,0,34926
65533,18,65484,0,34952
65534,18,65484,0,34976
65534,18,65484,0,35001
65534,18,65484,0,35026
65534,18,65484,0,35051
65534,18,65484,0,35077
65533,18,65484,0,35101
65533,18,65484,0,35126
65533,18,65484,0,35151
65533,18,65484,0,35176
65533,18,65484,0,35201
65533,18,65484,0,35226
65534,18,65484,0,35251
65534,18,65484,0,35276
65534,19,65485,0,35301
65534,19,65485,0,35325
65534,19,65485,0,35351
65534,19,65485,0,35376
65534,19,65485,0,35400
65534,19,65485,0,35426
65534,19,65485,0,35450
65534,19,65485,0,35476
65534,19,65485,0,35501
65534,19,65485,0,35525
65534,19,65485,0,35551
65534,19,65485,0,35575
65534,19,65485,0,35600
65534,19,65485,0,35625
65534,18,65485,0,35650
65534,18,65485,0,35676
65534,18,65485,0,35700
65534,19,65485,0,35725
65534,19,65485,0,35750
65534,19,65485,0,35775
65533,19,65485,0,35800
65533,19,65485,0,35825
65534,19,65485,0,35850
65534,19,65485,0,35875
65534,19,65485,0,35900
65534,19,65484,0,35924
65534,19,65484,0,35950
65534,19,65484,0,35975
65534,18,65485,0,35999
65534,18,65485,0,36025
65534,19,65484,0,36049
65534,19,65484,0,36075
65534,19,65484,0,36100
65534,19,65485,0,36124
65534,19,65485,0,36150
65534,19,65485,0,36174
65534,19,65484,0,36199
65534,19,65484,0,36225
65534,19,65484,0,36249
65534,19,65484,0,36275
65534,19,65484,0,36299
65534,19,65485,0,36324
65534,19,65485,0,36349
65534,19,65485,0,36374
65534,19,65485,0,36399
65534,19,65485,0,36424
65534,19,65485,0,36449
65534,19,65485,0,36474
65534,19,65485,0,36499
65534,19,65485,0,36524
65534,19,65485,0,36549
65534,19,65485,0,36574
65534,19,65485,0,36598
65534,19,65485,0,36624
65534,19,65485,0,36648
65534,18,65485,0,36674
65534,18,65485,0,36699
65534,18,65485,0,36723
65533,18,65485,0,36749
65533,18,65485,0,36773
65534,18,65485,0,36798
65534,18,65485,0,36824
65534,18,65485,0,36848
65533,18,65485,0,36874
65533,18,65485,0,36898
65533,18,65485,0,36923
65534,18,65485,0,36948
65534,18,65485,0,36973
65534,18,65485,0,36998
65534,18,65485,0,37023
65534,18,65485,0,37048
65534,18,65485,0,37073
65534,18,65485,0,37098
65534,18,65485,0,37123
65533,18,65485,0,37148
65533,18,65485,0,37173
65533,18,65485,0,37197
65534,18,65485,0,37223
65534,18,65485,0,37248
65534,18,65485,0,37273
65534,18,65486,0,37298
65534,18,65486,0,37322
65534,18,65485,0,37348
65534,18,65485,0,37372
65534,18,65485,0,37397
65534,18,65485,0,37423
65534,18,65485,0,37447
65534,18,65485,0,37473
65533,18,65486,0,37497
65533,18,65486,0,37522
65533,18,65486,0,37548
65534,18,65486,0,37572
65534,18,65486,0,37597
65534,18,65485,0,37622
65534,18,65485,0,37647
65534,18,65485,0,37672
65533,18,65485,0,37697
65533,18,65485,0,37722
65533,18,65485,0,37747
65534,18,65485,0,37772
65534,18,65485,0,37796
65534,18,65484,0,37822
65534,18,65484,0,37847
65534,18,65484,0,37872
65534,17,65485,0,37897
65534,17,65485,0,37921
65534,17,65485,0,37947
65534,18,65485,0,37971
65534,18,65485,0,37996
65534,18,65485,0,38022
65534,18,65485,0,38046
65534,18,65485,0,38072
65533,18,65485,0,38096
65533,18,65485,0,38121
65533,18,65485,0,38147
65533,18,65485,0,38171
65533,18,65485,0,38196
65533,18,65485,0,38221
65533,18,65485,0,38246
65533,18,65485,0,38272
65533,18,65485,0,38296
65533,18,65485,0,38321
65533,18,65485,0,38346
65533,18,65485,0,38371
65533,18,65485,0,38395
65533,18,65485,0,38421
65534,18,65485,0,38446
65534,18,65485,0,38471
65534,18,65485,0,38496
65534,18,65485,0,38520
65534,18,65485,0,38546
65534,18,65485,0,38571
65534,18,65485,0,38595
65534,18,65485,0,38621
65534,18,65485,0,38645
65534,18,65485,0,38671
65534,18,65485,0,38695
65534,18,65484,0,38720
65534,18,65484,0,38746
65534,18,65484,0,38770
65534,18,65485,0,38795
65534,18,65485,0,38820
65534,18,65485,0,38845
65534,18,65485,0,38871
65534,18,65485,0,38895
65534,18,65485,0,38920
65534,18,65485,0,38945
65534,18,65485,0,38970
65534,18,65485,0,38994
65534,18,65485,0,39020
65534,18,65485,0,39045
65534,18,65485,0,39070
65534,18,65485,0,39095
65534,18,65485,0,39119
65534,18,65485,0,39145
65534,18,65485,0,39170
65534,18,65485,0,39194
65534,18,65485,0,39220
65534,18,65485,0,39244
65534,18,65485,0,39270
65534,18,65485,0,39294
65534,18,65485,0,39319
65534,18,65485,0,39345
65534,18,65485,0,39369
65534,18,65485,0,39394
65534,18,65485,0,39419
65534,18,65485,0,39444
65534,18,65485,0,39470
65534,18,65485,0,39494
65534,18,65485,0,39519
65534,18,65485,0,39544
65534,18,65485,0,39569
65534,18,65484,0,39593
65534,18,65484,0,39619
65534,18,65484,0,39644
65533,18,65484,0,39669
65533,18,65484,0,39694
65533,18,65484,0,39718
65534,18,65485,0,39744
65534,18,65485,0,39769
65534,18,65485,0,39793
65534,18,65485,0,39819
65534,18,65485,0,39843
65534,18,65485,0,39869
65534,18,65485,0,39894
65534,18,65485,0,39918
65534,18,65485,0,39944
65534,18,65485,0,39968
65534,18,65485,0,39993
65534,18,65484,0,40018
65534,18,65484,0,40043
65534,18,65484,0,40069
65534,18,65484,0,40093
65534,18,65484,0,40118
65534,18,65484,0,40143
65534,18,65484,0,40168
65534,18,65484,0,40193
65534,18,65484,0,40218
65534,18,65484,0,40243
65534,18,65484,0,40268
65534,18,65484,0,40293
65534,18,65484,0,40317
65534,18,65484,0,40343
65534,18,65484,0,40368
65534,18,65484,0,40392
65534,18,65484,0,40418
65534,18,65484,0,40442
65534,18,65484,0,40468
65534,18,65484,0,40493
65534,18,65484,0,40517
65534,18,65484,0,40543
65534,18,65484,0,40567
65534,18,65484,0,40592
65534,19,65483,0,40617
65534,19,65483,0,40642
65534,19,65483,0,40668
65534,19,65483,0,40692
65534,19,65483,0,40717
65534,19,65483,0,40742
65534,19,65482,0,40767
65534,19,65482,0,40792
65535,19,65482,0,40817
65535,19,65482,0,40842
65535,19,65482,0,40867
65535,19,65481,0,40892
65535,19,65481,0,40916
65535,19,65481,0,40942
65535,19,65481,0,40967
65535,19,65481,0,40991
65535,19,65481,0,41017
0,19,65481,0,41041
0,19,65481,0,41063
0,19,65481,0,41083
0,19,65481,0,41104
0,19,65481,0,41124
0,19,65481,0,41146
0,19,65480,0,41166
0,19,65480,0,41187
0,19,65480,0,41208
0,19,65479,0,41229
0,19,65479,0,41249
0,19,65479,0,41271
0,19,65479,0,41291
0,19,65479,0,41312
0,19,65479,0,41333
0,19,65479,0,41354
0,19,65479,0,41374
0,19,65479,0,41396
0,19,65479,0,41416
1,18,65478,0,41437
1,18,65478,0,41457
1,18,65478,0,41479
1,18,65479,0,41499
1,18,65479,0,41520
1,18,65479,0,41541
1,18,65479,0,41562
1,18,65479,0,41582
1,18,65479,0,41604
1,18,65479,0,41624
1,18,65478,0,41645
1,18,65478,0,41666
1,18,65478,0,41687
2,18,65478,0,41707
2,18,65478,0,41729
2,18,65478,0,41749
2,17,65478,0,41769
2,17,65478,0,41790
2,17,65478,0,41811
2,17,65478,0,41832
2,17,65479,0,41852
2,17,65479,0,41874
2,17,65479,0,41894
2,17,65480,0,41915
2,17,65480,0,41936
2,17,65480,0,41957
2,18,65481,0,41977
2,18,65481,0,41999
2,18,65481,0,42019
2,18,65481,0,42040
2,18,65481,0,42061
2,18,65481,0,42082
2,18,65481,0,42102
0,19,65481,0,42123
0,19,65481,0,42144
0,19,65481,0,42165
0,19,65481,0,42185
0,19,65481,0,42207
0,19,65481,0,42227
65535,19,65479,0,42248
65535,19,65479,0,42273
65535,19,65479,0,42298
65534,18,65477,0,42322
65534,18,65477,0,42348
65534,18,65477,0,42373
65534,17,65475,0,42398
65534,17,65475,0,42423
65534,17,65475,0,42447
0,15,65473,0,42473
0,15,65473,0,42493
0,15,65473,0,42514
1,14,65474,0,42535
1,14,65474,0,42556
1,14,65474,0,42576
3,13,65476,0,42598
3,13,65476,0,42618
3,13,65476,0,42639
3,13,65481,0,42660
3,13,65481,0,42681
3,13,65481,0,42701
0,13,65485,0,42722
0,13,65485,0,42743
0,13,65485,0,42764
0,13,65485,0,42784
65532,10,65486,0,42806
65532,10,65486,0,42830
65532,10,65486,0,42855
65527,9,65485,0,42881
65527,9,65485,0,42904
65522,10,65481,0,42929
65522,10,65481,0,42953
65522,10,65481,0,42978
65520,13,65471,0,43003
65520,13,65471,0,43028
65520,13,65471,0,43053
65522,9,65460,0,43078
65522,9,65460,0,43102
65522,9,65460,0,43126
65534,1,65455,0,43150
65534,1,65455,0,43173
65534,1,65455,0,43198
65534,1,65455,0,43222
65534,1,65455,0,43245
16,65526,65469,0,43270
16,65526,65469,0,43294
16,65526,65469,0,43319
17,65525,65480,0,43344
17,65525,65480,0,43369
17,65525,65480,0,43395
9,65527,65485,0,43419
9,65527,65485,0,43443
9,65527,65485,0,43467
8,65530,65484,0,43491
8,65530,65484,0,43514
7,65533,65486,0,43539
7,65533,65486,0,43563
7,65533,65486,0,43586
6,0,65488,0,43611
6,0,65488,0,43630
6,0,65488,0,43650
6,0,65488,0,43670
4,2,65489,0,43689
4,2,65489,0,43709
4,2,65489,0,43729
3,3,65488,0,43749
3,3,65488,0,43768
3,3,65488,0,43788
3,3,65488,0,43808
2,4,65488,0,43828
2,4,65488,0,43847
2,4,65488,0,43868
1,5,65487,0,43887
1,5,65487,0,43907
1,5,65487,0,43927
1,5,65487,0,43947
1,5,65487,0,43966
1,5,65487,0,43985
1,5,65487,0,44006
1,5,65486,0,44025
1,5,65486,0,44045
1,5,65486,0,44065
0,6,65486,0,44085
0,6,65486,0,44104
0,6,65486,0,44125
0,6,65486,0,44144
0,6,65486,0,44164
0,6,65486,0,44183
0,6,65486,0,44204
0,6,65486,0,44223
0,6,65486,0,44242
0,6,65486,0,44263
0,6,65486,0,44282
0,6,65485,0,44302
0,6,65485,0,44322
0,6,65485,0,44342
0,6,65485,0,44361
0,6,65485,0,44381
0,6,65485,0,44401
0,6,65485,0,44421
0,7,65485,0,44440
0,7,65485,0,44461
0,7,65485,0,44480
0,7,65485,0,44499
0,7,65485,0,44519
0,7,65485,0,44539
0,7,65485,0,44559
0,6,65485,0,44578
0,6,65485,0,44599
0,6,65485,0,44618
0,6,65485,0,44638
0,6,65485,0,44658
0,6,65485,0,44678
0,6,65485,0,44697
0,6,65485,0,44717
0,6,65485,0,44737
0,6,65485,0,44756
0,6,65485,0,44776
0,6,65485,0,44796
0,6,65485,0,44816
0,7,65485,0,44835
0,7,65485,0,44856
0,7,65485,0,44875
0,7,65485,0,44895
0,7,65485,0,44914
0,7,65485,0,44935
0,7,65485,0,44954
0,7,65485,0,44974
0,7,65485,0,44994
0,7,65485,0,45014
0,7,65485,0,45033
0,7,65484,0,45052
0,7,65484,0,45073
0,7,65484,0,45092
0,7,65485,0,45112
0,7,65485,0,45132
0,7,65485,0,45152
0,7,65485,0,45171
0,7,65485,0,45192
0,7,65485,0,45211
0,7,65485,0,45231
0,7,65484,0,45250
0,7,65484,0,45271
0,7,65484,0,45290
0,7,65485,0,45309
0,7,65485,0,45330
0,7,65485,0,45349
0,7,65485,0,45369
0,7,65485,0,45389
0,7,65485,0,45409
0,7,65485,0,45428
0,7,65485,0,45448
0,7,65485,0,45468
0,7,65485,0,45488
0,7,65485,0,45507
0,7,65485,0,45528
0,7,65485,0,45547
0,7,65485,0,45566
0,7,65485,0,45587
0,7,65485,0,45606
0,7,65485,0,45626
0,7,65485,0,45645
0,7,65485,0,45666
0,7,65485,0,45685
0,7,65485,0,45705
0,7,65485,0,45725
0,7,65485,0,45745
0,7,65485,0,45764
0,7,65485,0,45784
0,7,65485,0,45804
0,7,65485,0,45824
0,7,65485,0,45843
0,7,65485,0,45863
0,7,65485,0,45883
0,7,65485,0,45902
0,7,65484,0,45923
0,7,65484,0,45942
0,7,65484,0,45962
0,7,65484,0,45981
0,7,65484,0,46002
0,7,65484,0,46021
0,7,65484,0,46041
0,7,65485,0,46061
0,7,65485,0,46081
0,7,65485,0,46100
0,7,65485,0,46120
0,7,65485,0,46140
0,7,65485,0,46159
0,7,65485,0,46179
0,7,65485,0,46199
0,7,65485,0,46219
0,7,65485,0,46238
0,7,65485,0,46259
0,7,65485,0,46278
0,7,65485,0,46298
0,7,65485,0,46317
0,7,65485,0,46338
0,7,65485,0,46357
0,7,65485,0,46376
0,7,65485,0,46397
0,7,65485,0,46416
0,7,65485,0,46436
0,7,65485,0,46456
0,7,65484,0,46476
0,7,65484,0,46495
0,7,65484,0,46515
0,7,65485,0,46535
0,7,65485,0,46555
0,7,65485,0,46574
0,7,65485,0,46595
0,7,65485,0,46614
0,7,65485,0,46633
0,7,65485,0,46654
0,7,65485,0,46673
0,7,65485,0,46693
0,7,65485,0,46712
0,7,65485,0,46733
0,7,65485,0,46752
0,7,65485,0,46772
0,7,65485,0,46792
0,7,65485,0,46812
0,7,65485,0,46831
0,7,65485,0,46852
0,7,65485,0,46871
0,7,65485,0,46891
0,7,65485,0,46910
0,7,65485,0,46930
0,7,65484,0,46950
0,7,65484,0,46969
0,7,65484,0,46990
0,7,65484,0,47009
0,7,65485,0,47029
0,7,65485,0,47048
0,7,65485,0,47069
0,7,65485,0,47088
0,7,65485,0,47108
0,7,65485,0,47128
0,7,65485,0,47148
0,7,65485,0,47167
0,7,65485,0,47187
0,7,65485,0,47207
0,7,65484,0,47226
0,7,65484,0,47246
0,7,65484,0,47266
0,7,65485,0,47286
0,7,65485,0,47305
0,7,65485,0,47326
0,7,65485,0,47345
0,7,65485,0,47365
0,7,65485,0,47384
0,7,65485,0,47405
0,7,65484,0,47424
0,7,65484,0,47443
0,7,65484,0,47464
0,7,65484,0,47483
0,7,65485,0,47503
0,7,65485,0,47523
0,7,65485,0,47543
0,7,65484,0,47562
0,7,65484,0,47582
0,7,65484,0,47602
0,7,65484,0,47622
0,7,65485,0,47641
0,7,65485,0,47662
0,7,65485,0,47681
0,7,65484,0,47700
0,7,65484,0,47721
0,7,65484,0,47740
0,7,65484,0,47760
0,7,65484,0,47779
0,7,65484,0,47800
0,7,65484,0,47819
0,7,65485,0,47839
0,7,65485,0,47859
0,7,65485,0,47879
0,7,65485,0,47898
0,7,65485,0,47919
0,7,65485,0,47938
0,7,65485,0,47958
0,7,65485,0,47977
0,7,65485,0,47997
0,7,65485,0,48017
0,7,65485,0,48036
0,7,65485,0,48057
0,7,65485,0,48076
0,7,65485,0,48096
0,7,65484,0,48116
0,7,65484,0,48136
0,7,65484,0,48155
0,7,65484,0,48175
0,7,65484,0,48195
0,7,65484,0,48215
0,7,65484,0,48234
0,7,65485,0,48254
0,7,65485,0,48274
0,7,65485,0,48293
0,7,65485,0,48313