65523,65509,65486,0,44897
65523,65509,65486,0,44924
65523,65509,65486,0,44952
65523,65509,65485,0,44981
65523,65509,65485,0,45008
65523,65509,65485,0,45037
65523,65509,65485,0,45065
65523,65509,65485,0,45092
65523,65509,65486,0,45121
65523,65509,65486,0,45149
65523,65509,65486,0,45177
65523,65509,65486,0,45205
65523,65509,65486,0,45234
65523,65509,65485,0,45261
65523,65509,65485,0,45289
65523,65509,65486,0,45318
65523,65509,65486,0,45345
65523,65509,65486,0,45374
65523,65509,65486,0,45402
65523,65509,65486,0,45430
65523,65509,65485,0,45458
65523,65509,65485,0,45486
65523,65509,65486,0,45514
65523,65509,65486,0,45542
65523,65509,65486,0,45571
65523,65509,65486,0,45598
65523,65509,65486,0,45626
65523,65509,65486,0,45655
65523,65509,65486,0,45682
65523,65509,65486,0,45711
65523,65509,65485,0,45739
65523,65509,65485,0,45767
65523,65509,65486,0,45795
65523,65509,65486,0,45822
65523,65509,65486,0,45851
65523,65509,65486,0,45879
65523,65509,65486,0,45907
65523,65509,65485,0,45935
65523,65509,65485,0,45964
65523,65509,65486,0,45991
65523,65509,65486,0,46019
65523,65509,65486,0,46048
65523,65509,65485,0,46075
65523,65509,65485,0,46104
65523,65509,65486,0,46132
65523,65509,65486,0,46160
65523,65509,65486,0,46188
65523,65509,65485,0,46216
65523,65509,65485,0,46244
65523,65509,65485,0,46272
65523,65509,65485,0,46301
65523,65509,65485,0,46328
65523,65509,65485,0,46356
65523,65509,65485,0,46385
65523,65509,65485,0,46412
65523,65509,65485,0,46441
65523,65509,65485,0,46469
65523,65509,65485,0,46497
65523,65509,65485,0,46525
65523,65509,65485,0,46553
65523,65509,65485,0,46581
65523,65509,65485,0,46609
65523,65509,65485,0,46638
65523,65509,65485,0,46665
65523,65509,65486,0,46694
65523,65509,65486,0,46722
65523,65509,65486,0,46749
65523,65509,65486,0,46778
65523,65509,65486,0,46806
65523,65509,65486,0,46834
65523,65509,65486,0,46862
65523,65509,65485,0,46889
65523,65509,65485,0,46918
65523,65509,65485,0,46946
65523,65509,65485,0,46974
65523,65509,65485,0,47002
65523,65509,65485,0,47031
65523,65509,65485,0,47058
65523,65509,65486,0,47086
65523,65509,65486,0,47115
65523,65509,65486,0,47142
65523,65509,65485,0,47171
65523,65509,65485,0,47199
65523,65509,65485,0,47227
65523,65509,65485,0,47255
65523,65509,65485,0,47283
65523,65509,65485,0,47311
65523,65509,65485,0,47339
65523,65509,65485,0,47368
65523,65509,65485,0,47395
65523,65509,65486,0,47423
65523,65509,65486,0,47452
65523,65509,65486,0,47479
65523,65509,65485,0,47508
65523,65509,65485,0,47536
65523,65509,65485,0,47564
65523,65509,65485,0,47592
65523,65509,65485,0,47620
65523,65509,65485,0,47648
65523,65509,65485,0,47676
65523,65509,65485,0,47705
65523,65509,65485,0,47732
65523,65509,65486,0,47761
65523,65509,65486,0,47789
65523,65509,65486,0,47816
65523,65509,65485,0,47845
65523,65509,65485,0,47873
65523,65509,65486,0,47901
65523,65509,65486,0,47929
65523,65509,65486,0,47958
65523,65509,65485,0,47985
65523,65509,65485,0,48013
65523,65509,65485,0,48041
65523,65509,65485,0,48069
65523,65509,65485,0,48098
65523,65509,65486,0,48125
65523,65509,65486,0,48153
65523,65509,65485,0,48182
65523,65509,65485,0,48209
65523,65509,65485,0,48238
65523,65509,65485,0,48266
65523,65509,65485,0,48294
65523,65509,65485,0,48322
65523,65509,65485,0,48350
65523,65509,65485,0,48378
65523,65509,65485,0,48406
65523,65509,65485,0,48435
65523,65509,65486,0,48462
65523,65509,65486,0,48491
65523,65509,65485,0,48519
65523,65509,65485,0,48546
65523,65509,65485,0,48575
65523,65509,65485,0,48603
65523,65509,65485,0,48631
65523,65509,65485,0,48659
65523,65509,65485,0,48687
65523,65509,65485,0,48715
65523,65509,65485,0,48743
65523,65509,65485,0,48772
65523,65509,65486,0,48799
65523,65509,65486,0,48828
65523,65509,65485,0,48856
65523,65509,65485,0,48883
65523,65509,65485,0,48912
65523,65509,65485,0,48940
65523,65509,65485,0,48968
65523,65509,65485,0,48996
65523,65509,65485,0,49025
65523,65509,65485,0,49052
65523,65509,65486,0,49080
65523,65509,65486,0,49108
65523,65509,65485,0,49136
65523,65509,65485,0,49165
65523,65509,65485,0,49192
65523,65509,65485,0,49220
65523,65509,65485,0,49249
65523,65509,65485,0,49276
65523,65509,65485,0,49305
65523,65509,65485,0,49333
65523,65509,65485,0,49361
65523,65509,65485,0,49389
65523,65509,65485,0,49417
65523,65509,65485,0,49445
65523,65509,65485,0,49473
65523,65509,65485,0,49502
65523,65509,65485,0,49529
65523,65509,65486,0,49558
65523,65509,65486,0,49586
65523,65509,65486,0,49613
65523,65509,65486,0,49642
65523,65509,65485,0,49670
65523,65509,65485,0,49698
65523,65509,65485,0,49726
65523,65509,65485,0,49755
65523,65509,65485,0,49782
65523,65509,65486,0,49810
65523,65509,65486,0,49839
65523,65509,65486,0,49866
65523,65509,65486,0,49895
65523,65509,65486,0,49923
65523,65509,65485,0,49950
65523,65509,65485,0,49979
65523,65509,65485,0,50007
65523,65509,65485,0,50035
65523,65509,65485,0,50063
65523,65509,65485,0,50092
65523,65509,65485,0,50119
65523,65509,65486,0,50147
65523,65509,65486,0,50176
65523,65509,65486,0,50203
65523,65509,65485,0,50232
65523,65509,65485,0,50259
65523,65509,65485,0,50288
65523,65509,65485,0,50316
65523,65509,65485,0,50343
65523,65509,65485,0,50372
65523,65509,65485,0,50400
65523,65509,65486,0,50428
65523,65509,65486,0,50456
65523,65509,65486,0,50484
65523,65509,65486,0,50512
65523,65509,65486,0,50540
65523,65509,65485,0,50569
65523,65509,65485,0,50596
65523,65509,65485,0,50625
65523,65509,65485,0,50653
65523,65509,65485,0,50680
65523,65509,65485,0,50709
65523,65509,65485,0,50737
65523,65509,65485,0,50765
65523,65509,65485,0,50793
65523,65509,65485,0,50822
65523,65509,65486,0,50849
65523,65509,65486,0,50877
65523,65509,65485,0,50906
65523,65509,65485,0,50933
65523,65509,65485,0,50962
65523,65509,65486,0,50990
65523,65509,65486,0,51017
65523,65509,65485,0,51046
65523,65509,65485,0,51074
65523,65509,65485,0,51102
65523,65509,65485,0,51130
65523,65509,65485,0,51159
65523,65509,65486,0,51186
65523,65509,65486,0,51214
65523,65509,65485,0,51243
65523,65509,65485,0,51270
65523,65509,65485,0,51299
65523,65509,65485,0,51326
65523,65509,65485,0,51355
65523,65509,65486,0,51383
65523,65509,65486,0,51410
65523,65509,65486,0,51439
65523,65509,65485,0,51467
65523,65509,65485,0,51495
65523,65509,65486,0,51523
65523,65509,65486,0,51552
65523,65509,65486,0,51579
65523,65509,65486,0,51607
65523,65509,65486,0,51636
65523,65509,65486,0,51663
65523,65509,65486,0,51692
65523,65509,65486,0,51720
65523,65509,65486,0,51747
65523,65509,65486,0,51776
65523,65509,65485,0,51804
65523,65509,65485,0,51832
65523,65509,65485,0,51860
65523,65509,65485,0,51889
65523,65509,65485,0,51916
65523,65509,65486,0,51944
65523,65509,65486,0,51973
65523,65509,65486,0,52000
65523,65509,65486,0,52029
65523,65509,65486,0,52057
65523,65509,65486,0,52085
65523,65509,65486,0,52113
65523,65509,65486,0,52141
65523,65509,65486,0,52169
65523,65509,65486,0,52197
65523,65509,65486,0,52226
65523,65509,65486,0,52253
65523,65509,65486,0,52281
65523,65509,65486,0,52310
65523,65509,65485,0,52337
65523,65509,65485,0,52366
65523,65509,65485,0,52393
65523,65509,65485,0,52422
65523,65509,65485,0,52450
65523,65509,65485,0,52477
65523,65509,65485,0,52506
65523,65509,65485,0,52534
65523,65509,65485,0,52562
65523,65509,65485,0,52590
65523,65509,65486,0,52619
65523,65509,65486,0,52646
65523,65509,65486,0,52674
65523,65509,65486,0,52703
65523,65509,65486,0,52730
65523,65509,65486,0,52759
65523,65509,65486,0,52787
65523,65509,65485,0,52814
65523,65509,65485,0,52843
65523,65509,65485,0,52871
65523,65509,65486,0,52899
65523,65509,65486,0,52927
65523,65509,65485,0,52956
65523,65509,65485,0,52983
65523,65509,65485,0,53011
65523,65509,65486,0,53040
65523,65509,65486,0,53067
65523,65509,65485,0,53096
65523,65509,65485,0,53124
65523,65509,65485,0,53152
65523,65509,65485,0,53180
65523,65509,65485,0,53208
65523,65509,65485,0,53236
65523,65509,65485,0,53264
65523,65509,65485,0,53293
65523,65509,65485,0,53320
65523,65509,65485,0,53349
65523,65509,65486,0,53377
65523,65509,65486,0,53404
65523,65509,65486,0,53433
65523,65509,65486,0,53460
65523,65509,65486,0,53489
65523,65509,65485,0,53517
65523,65509,65485,0,53544
65523,65509,65485,0,53573
65523,65509,65485,0,53601
65523,65509,65485,0,53629
65523,65509,65485,0,53657
65523,65509,65485,0,53686
65523,65509,65486,0,53713
65523,65509,65486,0,53741
65523,65509,65485,0,53770
65523,65509,65485,0,53797
65523,65509,65485,0,53826
65523,65509,65486,0,53854
65523,65509,65486,0,53882
65523,65509,65486,0,53910
65523,65509,65486,0,53938
65523,65509,65486,0,53966
65523,65509,65485,0,53994
65523,65509,65485,0,54023
65523,65509,65485,0,54050
65523,65509,65485,0,54078
65523,65509,65486,0,54107
65523,65509,65486,0,54134
65523,65509,65486,0,54163
65523,65509,65485,0,54191
65523,65509,65485,0,54219
65523,65509,65486,0,54247
65523,65509,65486,0,54275
65523,65509,65486,0,54303
65523,65509,65485,0,54331
65523,65509,65485,0,54360
65523,65509,65485,0,54387
65523,65509,65485,0,54416
65523,65509,65485,0,54444
65523,65509,65486,0,54471
65523,65509,65486,0,54500
65523,65509,65485,0,54528
65523,65509,65485,0,54556
65523,65509,65486,0,54584
65523,65509,65486,0,54611
65523,65509,65486,0,54640
65523,65509,65485,0,54668
65523,65509,65485,0,54696
65523,65509,65485,0,54724
65523,65509,65485,0,54753
65523,65509,65485,0,54780
65523,65509,65486,0,54808
65523,65509,65486,0,54837
65523,65509,65485,0,54864
65523,65509,65485,0,54893
65523,65509,65485,0,54921
65523,65509,65486,0,54949
65523,65509,65486,0,54977
65523,65509,65486,0,55005
65523,65509,65486,0,55033
65523,65509,65486,0,55061
65523,65509,65486,0,55090
65523,65509,65486,0,55117
65523,65509,65486,0,55146
65523,65509,65486,0,55174
65523,65509,65486,0,55201
65523,65509,65486,0,55230
65523,65509,65486,0,55258
65523,65509,65486,0,55286
65523,65509,65486,0,55314
65523,65509,65485,0,55342
65523,65509,65485,0,55370
65523,65509,65485,0,55398
65523,65509,65486,0,55427
65523,65509,65486,0,55454
65523,65509,65486,0,55483
65523,65509,65486,0,55511
65523,65509,65485,0,55538
65523,65509,65485,0,55567
65523,65509,65485,0,55595
65523,65509,65486,0,55623
65523,65509,65486,0,55651
65523,65509,65485,0,55680
65523,65509,65485,0,55707
65523,65509,65485,0,55735
65523,65509,65486,0,55763
65523,65509,65486,0,55791
65523,65509,65486,0,55820
65523,65509,65486,0,55847
65523,65509,65486,0,55875
65523,65509,65485,0,55904
65523,65509,65485,0,55931
65523,65509,65486,0,55960
65523,65509,65486,0,55988
65523,65509,65485,0,56016
65523,65509,65485,0,56044
65523,65509,65485,0,56072
65523,65509,65485,0,56100
65523,65509,65485,0,56128
65523,65509,65485,0,56157
65523,65509,65485,0,56184
65523,65509,65485,0,56213
65523,65509,65485,0,56241
65523,65509,65485,0,56268
65523,65509,65485,0,56297
65523,65509,65485,0,56325
65523,65509,65485,0,56353
65523,65509,65485,0,56381
65523,65509,65485,0,56409
65523,65509,65485,0,56437
65523,65509,65485,0,56465
65523,65509,65485,0,56494
65523,65509,65485,0,56521
65523,65509,65485,0,56550
65523,65509,65486,0,56578
65523,65509,65486,0,56605
65523,65509,65485,0,56634
65523,65509,65485,0,56662
65523,65509,65485,0,56690
65523,65509,65486,0,56718
65523,65509,65486,0,56747
65523,65509,65486,0,56774
65523,65509,65486,0,56802
65523,65509,65486,0,56830
65523,65509,65486,0,56858
65523,65509,65486,0,56887
65523,65509,65485,0,56914
65523,65509,65485,0,56943
65523,65509,65485,0,56971
65523,65509,65485,0,56998
65523,65509,65485,0,57027
65523,65509,65485,0,57055
65523,65509,65485,0,57083
65523,65509,65485,0,57111
65523,65509,65485,0,57139
65523,65509,65485,0,57167
65523,65509,65485,0,57195
65523,65509,65485,0,57224
65523,65509,65485,0,57251
65523,65509,65485,0,57280
65523,65509,65485,0,57308
65523,65509,65486,0,57335
65523,65509,65486,0,57364
65523,65509,65486,0,57392
65523,65509,65486,0,57420
65523,65509,65485,0,57448
65523,65509,65485,0,57477
65523,65509,65485,0,57504
65523,65509,65485,0,57532
65523,65509,65485,0,57561
65523,65509,65485,0,57588
65523,65509,65485,0,57617
65523,65509,65485,0,57645
65523,65509,65485,0,57672
65523,65509,65485,0,57701
65523,65509,65486,0,57729
65523,65509,65486,0,57757
65523,65509,65486,0,57785
65523,65509,65486,0,57814
65523,65509,65486,0,57841
65523,65509,65485,0,57869
65523,65509,65485,0,57897
65523,65509,65485,0,57925
65523,65509,65485,0,57954
65523,65509,65485,0,57981
65523,65509,65486,0,58010
65523,65509,65486,0,58038
65523,65509,65486,0,58065
65523,65509,65486,0,58094
65523,65509,65486,0,58122
65523,65509,65485,0,58150
65523,65509,65485,0,58178
65523,65509,65485,0,58206
65523,65509,65485,0,58234
65523,65509,65485,0,58262
65523,65509,65485,0,58291
65523,65509,65485,0,58318
65523,65509,65486,0,58347
65523,65509,65486,0,58375
65523,65509,65485,0,58402
65523,65509,65485,0,58431
65523,65509,65485,0,58459
65523,65509,65485,0,58487
65523,65509,65485,0,58515
65523,65509,65485,0,58544
65523,65509,65485,0,58571
65523,65509,65485,0,58599
65523,65509,65485,0,58628
65523,65509,65485,0,58655
65523,65509,65485,0,58684
65523,65509,65485,0,58712
65523,65509,65485,0,58740
65523,65509,65485,0,58768
65523,65509,65485,0,58796
65523,65509,65485,0,58824
65523,65509,65485,0,58852
65523,65509,65485,0,58881
65523,65509,65485,0,58908
65523,65509,65485,0,58936
65523,65509,65485,0,58964
65523,65509,65485,0,58992
65523,65509,65486,0,59021
65523,65509,65486,0,59048
65523,65509,65486,0,59077
65523,65509,65486,0,59105
65523,65509,65486,0,59132
65523,65509,65485,0,59161
65523,65509,65485,0,59189
65523,65509,65485,0,59217
65523,65509,65486,0,59245
65523,65509,65486,0,59274
65523,65509,65486,0,59301
65523,65509,65486,0,59329
65523,65509,65486,0,59358
65523,65509,65486,0,59385
65523,65509,65486,0,59414
65523,65509,65485,0,59442
65523,65509,65485,0,59469
65523,65509,65485,0,59498
65523,65509,65485,0,59526
65523,65509,65485,0,59554
65523,65509,65485,0,59582
65523,65509,65485,0,59611
65523,65509,65485,0,59638
65523,65509,65485,0,59666
65523,65509,65485,0,59695
65523,65509,65485,0,59722
65523,65509,65485,0,59751
65523,65509,65485,0,59779
65523,65509,65485,0,59807
65523,65509,65485,0,59835
65523,65509,65486,0,59863
65523,65509,65486,0,59891
65523,65509,65486,0,59919
65523,65509,65486,0,59948
65523,65509,65485,0,59975
65523,65509,65485,0,60003
65523,65509,65485,0,60032
65523,65509,65485,0,60059
65523,65509,65485,0,60088
65523,65509,65485,0,60115
65523,65509,65485,0,60144
65523,65509,65485,0,60172
65523,65509,65486,0,60199
65523,65509,65486,0,60228
65523,65509,65486,0,60256
65523,65509,65486,0,60284
65523,65509,65486,0,60312
65523,65509,65485,0,60341
65523,65509,65485,0,60368
65523,65509,65485,0,60396
65523,65509,65485,0,60425
65523,65509,65486,0,60452
65523,65509,65486,0,60481
65523,65509,65486,0,60509
65523,65509,65485,0,60537
65523,65509,65485,0,60565
65523,65509,65485,0,60593
65523,65509,65485,0,60621
65523,65509,65485,0,60649
65523,65509,65485,0,60678
65523,65509,65485,0,60705
65523,65509,65485,0,60733
65523,65509,65485,0,60762
65523,65509,65485,0,60789
65523,65509,65485,0,60818
65523,65509,65485,0,60846
65523,65509,65485,0,60874
65523,65509,65485,0,60902
65523,65509,65486,0,60930
65523,65509,65486,0,60958
65523,65509,65486,0,60986
65523,65509,65485,0,61015
65523,65509,65485,0,61042
65523,65510,65485,0,61071
65523,65510,65485,0,61099
65523,65510,65485,0,61126
65523,65509,65485,0,61155
65523,65509,65485,0,61182
65523,65509,65486,0,61211
65523,65509,65486,0,61239
65523,65509,65486,0,61266
65523,65509,65485,0,61295
65523,65509,65485,0,61323
65523,65509,65485,0,61351
65523,65509,65485,0,61379
65523,65509,65485,0,61408
65523,65509,65485,0,61435
65523,65509,65485,0,61463
65523,65509,65485,0,61492
65523,65509,65485,0,61519
65523,65509,65485,0,61548
65523,65509,65485,0,61576
65523,65509,65485,0,61604
65523,65509,65485,0,61632
65523,65509,65485,0,61660
65523,65509,65485,0,61688
65523,65509,65485,0,61716
65523,65509,65485,0,61745
65523,65509,65485,0,61772
65523,65509,65485,0,61800
65523,65509,65485,0,61829
65523,65509,65485,0,61856
65523,65509,65485,0,61885
65523,65509,65485,0,61913
65523,65509,65485,0,61941
65523,65509,65486,0,61969
65523,65509,65486,0,61997
65523,65509,65486,0,62025
65523,65509,65486,0,62053
65523,65509,65486,0,62082
65523,65509,65485,0,62109
65523,65509,65485,0,62138
65523,65509,65485,0,62166
65523,65509,65485,0,62193
65523,65509,65485,0,62222
65523,65509,65485,0,62249
65523,65509,65485,0,62278
65523,65509,65486,0,62306
65523,65509,65486,0,62334
65523,65509,65486,0,62362
65523,65509,65486,0,62390
65523,65509,65486,0,62418
65523,65509,65485,0,62446
65523,65509,65485,0,62475
65523,65509,65485,0,62502
65523,65509,65485,0,62530
65523,65509,65485,0,62559
65523,65509,65486,0,62586
65523,65509,65486,0,62615
65523,65509,65485,0,62643
65523,65509,65485,0,62671
65523,65509,65485,0,62699
65523,65509,65485,0,62727
65523,65509,65485,0,62755
65523,65509,65485,0,62783
65523,65509,65485,0,62812
65523,65509,65486,0,62839
65523,65509,65486,0,62868
65523,65509,65486,0,62896
65523,65509,65486,0,62923
65523,65509,65486,0,62952
65523,65509,65485,0,62980
65523,65509,65485,0,63008
65523,65509,65485,0,63036
65523,65509,65486,0,63064
65523,65509,65486,0,63092
65523,65509,65486,0,63120
65523,65509,65486,0,63149
65523,65509,65486,0,63176
65523,65509,65485,0,63205
65523,65509,65485,0,63233
65523,65509,65486,0,63260
65523,65509,65486,0,63289
65523,65509,65486,0,63316
65523,65509,65486,0,63345
65523,65509,65486,0,63373
65523,65509,65486,0,63401
65523,65509,65486,0,63429
65523,65509,65486,0,63457
65523,65509,65486,0,63485
65523,65509,65486,0,63513
65523,65509,65485,0,63542
65523,65509,65485,0,63569
65523,65509,65486,0,63597
65523,65509,65486,0,63626
65523,65509,65486,0,63653
65523,65509,65486,0,63682
65523,65509,65486,0,63710
65523,65509,65486,0,63738
65523,65509,65486,0,63766
65523,65509,65485,0,63794
65523,65509,65485,0,63822
65523,65509,65485,0,63850
65523,65509,65485,0,63879
65523,65509,65485,0,63906
65523,65509,65486,0,63935
65523,65509,65486,0,63963
65523,65509,65486,0,63990
65523,65509,65486,0,64019
65523,65509,65486,0,64047
65523,65509,65486,0,64075
65523,65509,65486,0,64103
65523,65509,65486,0,64132
65523,65509,65486,0,64159
65523,65509,65486,0,64187
65523,65509,65485,0,64216
65523,65509,65485,0,64243
65523,65509,65485,0,64272
65523,65509,65485,0,64300
65523,65509,65485,0,64327
65523,65509,65485,0,64356
65523,65509,65485,0,64384
65523,65509,65486,0,64412
65523,65509,65486,0,64440
65523,65509,65486,0,64468
65523,65509,65485,0,64496
65523,65509,65485,0,64524
65523,65509,65486,0,64552
65523,65509,65486,0,64580
65523,65509,65486,0,64609
65523,65509,65485,0,64636
65523,65509,65485,0,64665
65523,65509,65486,0,64693
65523,65509,65486,0,64720
65523,65509,65486,0,64749
65523,65509,65486,0,64777
65523,65509,65486,0,64805
65523,65509,65486,0,64833
65523,65509,65486,0,64861
65523,65509,65485,0,64889
65523,65509,65485,0,64917
65523,65509,65485,0,64946
65523,65509,65486,0,64973
65523,65509,65486,0,65002
65523,65509,65486,0,65030
65523,65509,65486,0,65057
65523,65509,65486,0,65086
65523,65509,65486,0,65114
65523,65509,65486,0,65142
65523,65509,65486,0,65170
65523,65509,65486,0,65199
65523,65509,65485,0,65226
65523,65509,65485,0,65254
65523,65509,65485,0,65283
65523,65509,65486,0,65310
65523,65509,65486,0,65339
65523,65509,65486,0,65367
65523,65509,65486,0,65394
65523,65509,65486,0,65423
65523,65509,65485,0,65451
65523,65509,65485,0,65479
65523,65509,65485,0,65507
65523,65509,65485,0,0
65523,65509,65485,0,23
65523,65509,65485,0,48
65523,65509,65485,0,73