7,2,65482,0,29458
7,2,65482,0,29477
7,2,65482,0,29498
7,3,65482,0,29517
7,3,65482,0,29537
7,3,65482,0,29556
7,3,65482,0,29577
7,2,65482,0,29596
7,2,65482,0,29616
7,2,65482,0,29636
7,2,65482,0,29656
7,2,65482,0,29675
7,2,65482,0,29696
7,2,65482,0,29715
7,2,65482,0,29734
7,2,65482,0,29754
7,2,65482,0,29774
7,3,65482,0,29794
7,3,65482,0,29813
7,3,65482,0,29834
7,3,65482,0,29853
7,3,65482,0,29873
7,3,65482,0,29892
7,3,65482,0,29913
7,2,65482,0,29932
7,2,65482,0,29952
7,2,65482,0,29972
7,3,65482,0,29991
7,3,65482,0,30011
7,3,65482,0,30031
7,3,65482,0,30051
7,2,65482,0,30070
7,2,65482,0,30090
7,2,65482,0,30110
7,3,65482,0,30130
7,3,65482,0,30149
7,3,65482,0,30170
7,3,65482,0,30189
7,2,65482,0,30209
7,2,65482,0,30229
7,2,65482,0,30248
7,2,65482,0,30268
7,2,65482,0,30287
7,2,65482,0,30308
7,2,65482,0,30327
7,2,65482,0,30347
7,2,65482,0,30367
7,2,65482,0,30387
7,2,65482,0,30406
7,2,65482,0,30426
7,2,65482,0,30446
7,2,65482,0,30466
7,2,65482,0,30485
7,2,65482,0,30505
7,2,65482,0,30525
7,2,65482,0,30544
7,2,65482,0,30565
7,2,65482,0,30584
7,2,65482,0,30604
7,2,65482,0,30623
7,2,65482,0,30644
7,2,65482,0,30663
7,2,65482,0,30683
7,2,65482,0,30703
7,2,65482,0,30723
7,2,65482,0,30742
7,2,65482,0,30763
7,2,65482,0,30782
7,2,65482,0,30801
7,2,65482,0,30821
7,2,65482,0,30841
7,2,65482,0,30861
7,2,65482,0,30880
7,2,65482,0,30901
7,2,65482,0,30920
7,2,65482,0,30940
7,2,65482,0,30960
7,2,65482,0,30980
7,2,65482,0,30999
7,2,65482,0,31019
7,2,65482,0,31039
7,2,65482,0,31058
7,2,65482,0,31078
7,2,65482,0,31098
7,2,65482,0,31118
7,2,65482,0,31137
7,2,65482,0,31157
7,2,65482,0,31177
7,2,65482,0,31197
7,2,65482,0,31216
7,2,65482,0,31237
7,2,65482,0,31256
7,2,65482,0,31276
7,2,65482,0,31296
7,2,65482,0,31315
7,2,65482,0,31335
7,2,65482,0,31354
7,2,65482,0,31375
7,2,65482,0,31394
7,2,65482,0,31414
7,3,65482,0,31434
7,3,65482,0,31454
7,3,65482,0,31473
7,3,65482,0,31494
7,3,65482,0,31513
7,3,65482,0,31533
7,3,65482,0,31552
7,2,65482,0,31572
7,2,65482,0,31592
7,2,65482,0,31611
7,2,65482,0,31632
7,2,65482,0,31651
7,2,65482,0,31671
7,2,65482,0,31690
7,2,65482,0,31711
7,2,65482,0,31730
7,2,65482,0,31750
7,3,65482,0,31770
7,3,65482,0,31790
7,3,65482,0,31809
7,3,65482,0,31830
7,2,65482,0,31849
7,2,65482,0,31868
7,2,65482,0,31888
7,3,65482,0,31908
7,3,65482,0,31928
7,3,65482,0,31947
7,3,65482,0,31968
7,2,65482,0,31987
7,2,65482,0,32007
7,2,65482,0,32027
7,2,65482,0,32047
7,2,65482,0,32066
7,2,65482,0,32086
7,2,65481,0,32106
7,2,65481,0,32125
7,2,65481,0,32145
7,2,65481,0,32165
7,2,65482,0,32185
7,2,65482,0,32204
7,2,65482,0,32225
7,2,65482,0,32244
7,2,65482,0,32264
7,2,65482,0,32283
7,2,65482,0,32304
7,2,65482,0,32323
7,2,65482,0,32343
7,2,65482,0,32363
7,2,65482,0,32382
7,2,65482,0,32402
7,2,65482,0,32421
7,2,65482,0,32442
7,3,65482,0,32461
7,3,65482,0,32481
7,3,65482,0,32501
7,2,65482,0,32521
7,2,65482,0,32540
7,2,65482,0,32561
7,2,65482,0,32580
7,2,65482,0,32600
7,2,65482,0,32619
7,2,65482,0,32640
7,2,65482,0,32659
7,2,65482,0,32678
7,2,65482,0,32699
7,2,65482,0,32718
7,2,65482,0,32738
7,2,65482,0,32758
7,2,65482,0,32778
7,2,65482,0,32797
7,2,65482,0,32817
7,2,65482,0,32837
7,3,65482,0,32857
7,3,65482,0,32876
7,3,65482,0,32897
7,3,65482,0,32916
7,2,65482,0,32935
7,2,65482,0,32955
7,2,65482,0,32975
7,2,65482,0,32995
7,2,65482,0,33014
7,2,65482,0,33035
7,2,65482,0,33054
7,2,65482,0,33074
7,2,65482,0,33094
7,2,65482,0,33114
7,2,65482,0,33133
7,2,65482,0,33153
7,2,65482,0,33173
7,2,65482,0,33192
7,3,65482,0,33212
7,3,65482,0,33232
7,3,65482,0,33252
7,2,65482,0,33271
7,2,65482,0,33292
7,2,65482,0,33311
7,2,65482,0,33331
7,2,65482,0,33350
7,2,65482,0,33371
7,2,65482,0,33390
7,2,65482,0,33410
7,2,65482,0,33430
7,2,65482,0,33449
7,2,65482,0,33469
7,2,65482,0,33489
7,2,65482,0,33509
7,2,65482,0,33528
7,2,65482,0,33548
7,2,65482,0,33568
7,2,65482,0,33588
7,2,65482,0,33607
7,2,65482,0,33628
7,2,65482,0,33647
7,2,65482,0,33667
7,2,65482,0,33686
7,2,65482,0,33707
7,2,65482,0,33726
7,2,65482,0,33745
7,2,65482,0,33766
7,2,65482,0,33785
7,2,65482,0,33805
7,2,65482,0,33825
7,2,65482,0,33845
7,2,65482,0,33864
7,2,65482,0,33884
7,2,65482,0,33904
7,2,65482,0,33924
7,2,65482,0,33943
7,2,65482,0,33964
7,2,65482,0,33983
7,2,65482,0,34002
7,3,65482,0,34023
7,3,65482,0,34042
7,3,65482,0,34062
7,3,65482,0,34081
7,2,65483,0,34102
7,2,65483,0,34121
7,2,65483,0,34141
7,2,65482,0,34161
7,2,65482,0,34181
7,2,65482,0,34200
7,2,65482,0,34220
7,2,65482,0,34240
7,2,65482,0,34259
7,2,65482,0,34279
7,2,65482,0,34299
7,2,65482,0,34319
7,2,65482,0,34338
7,2,65482,0,34359
7,2,65482,0,34378
7,2,65482,0,34398
7,2,65482,0,34417
7,2,65482,0,34438
7,2,65482,0,34457
7,2,65482,0,34477
7,3,65482,0,34497
7,3,65482,0,34516
7,3,65482,0,34536
7,3,65482,0,34556
7,2,65482,0,34576
7,2,65482,0,34595