18,65492,65495,0,3185
18,65492,65495,0,3210
18,65492,65495,0,3233
18,65492,65495,0,3257
17,65492,65495,0,3281
17,65492,65495,0,3305
17,65492,65495,0,3329
17,65492,65495,0,3353
17,65492,65495,0,3377
17,65492,65495,0,3400
17,65492,65495,0,3425
17,65492,65495,0,3448
17,65492,65495,0,3473
17,65492,65495,0,3496
17,65492,65495,0,3520
17,65492,65495,0,3545
17,65492,65495,0,3568
17,65492,65495,0,3592
17,65492,65495,0,3616
18,65492,65495,0,3640
18,65492,65495,0,3663
18,65492,65495,0,3688
17,65492,65495,0,3712
17,65492,65495,0,3736
17,65492,65495,0,3760
17,65492,65495,0,3783
17,65492,65495,0,3808
18,65492,65495,0,3831
18,65492,65495,0,3855
18,65492,65495,0,3879
18,65492,65495,0,3903
18,65492,65495,0,3927
18,65492,65495,0,3951
17,65492,65495,0,3975
17,65492,65495,0,3998
17,65492,65495,0,4023
17,65492,65495,0,4046
17,65492,65495,0,4071
17,65492,65495,0,4094
17,65492,65495,0,4118
17,65492,65495,0,4143
18,65492,65495,0,4166
18,65492,65495,0,4190
18,65492,65495,0,4214
18,65492,65495,0,4238
18,65492,65495,0,4261
18,65492,65495,0,4286
17,65492,65495,0,4310
17,65492,65495,0,4333
17,65492,65495,0,4358
17,65492,65495,0,4381
17,65492,65495,0,4406
17,65492,65495,0,4429
17,65492,65495,0,4453
17,65492,65495,0,4477
17,65492,65495,0,4501
17,65492,65495,0,4525
17,65492,65495,0,4549
17,65492,65495,0,4573
17,65492,65495,0,4596
17,65492,65495,0,4621
17,65492,65495,0,4644
17,65492,65495,0,4669
17,65492,65495,0,4692
17,65492,65495,0,4716
17,65492,65495,0,4741
17,65492,65495,0,4764
17,65492,65495,0,4788
17,65492,65495,0,4812
17,65492,65495,0,4836
17,65492,65495,0,4859
17,65492,65495,0,4884
17,65492,65495,0,4908
17,65492,65495,0,4931
17,65492,65495,0,4956
17,65492,65495,0,4979
17,65492,65495,0,5004
17,65492,65495,0,5027
17,65492,65495,0,5051
17,65492,65495,0,5075
17,65492,65495,0,5099
17,65492,65495,0,5123
17,65492,65495,0,5147
17,65492,65495,0,5171
17,65492,65495,0,5194
17,65492,65495,0,5219
17,65492,65495,0,5242
18,65492,65495,0,5267
18,65492,65495,0,5291
18,65492,65495,0,5314
17,65492,65495,0,5339
17,65492,65495,0,5362
17,65492,65495,0,5386
17,65492,65495,0,5410
17,65492,65495,0,5434
17,65492,65495,0,5457
18,65492,65495,0,5482
18,65492,65495,0,5506
17,65492,65496,0,5529
17,65492,65496,0,5554
17,65492,65496,0,5577
18,65492,65495,0,5602
18,65492,65495,0,5625
18,65492,65495,0,5649
17,65492,65495,0,5673
17,65492,65495,0,5697
17,65492,65495,0,5721
18,65492,65495,0,5745
18,65492,65495,0,5769
18,65492,65495,0,5792
17,65492,65495,0,5817
17,65492,65495,0,5840
17,65492,65495,0,5864
17,65492,65495,0,5889
17,65492,65495,0,5912
17,65492,65495,0,5937
17,65492,65495,0,5960
17,65492,65495,0,5984
17,65492,65495,0,6008
17,65492,65495,0,6032
17,65492,65495,0,6055
17,65492,65495,0,6080
17,65492,65495,0,6104
17,65492,65495,0,6127
17,65492,65495,0,6152
17,65492,65495,0,6175
17,65492,65495,0,6200
17,65492,65495,0,6223
17,65492,65495,0,6247
17,65492,65495,0,6272
17,65492,65495,0,6295
17,65492,65495,0,6319
17,65492,65495,0,6343
18,65492,65495,0,6367
18,65492,65495,0,6390
18,65492,65495,0,6415
18,65492,65495,0,6438
18,65492,65495,0,6462
17,65492,65495,0,6487
17,65492,65495,0,6510
17,65492,65495,0,6535
18,65492,65495,0,6558
18,65492,65495,0,6582
18,65492,65495,0,6606
18,65492,65495,0,6630
18,65492,65495,0,6653
18,65492,65495,0,6678
17,65492,65495,0,6702
17,65492,65495,0,6725
17,65492,65495,0,6750
17,65492,65495,0,6773
17,65492,65495,0,6798
17,65492,65495,0,6821
17,65492,65495,0,6845
17,65492,65495,0,6870
17,65492,65495,0,6893
17,65492,65495,0,6917
17,65492,65495,0,6941
17,65492,65495,0,6965
17,65492,65495,0,6988
17,65492,65495,0,7013
17,65492,65495,0,7036
17,65492,65495,0,7060
17,65492,65495,0,7085
17,65492,65495,0,7108
17,65492,65495,0,7133
17,65492,65495,0,7156
18,65492,65495,0,7180
18,65492,65495,0,7204
18,65492,65495,0,7228
17,65492,65495,0,7251
17,65492,65495,0,7276
17,65492,65495,0,7300
17,65492,65495,0,7323
17,65492,65495,0,7348
17,65492,65495,0,7371
17,65492,65495,0,7395
17,65492,65495,0,7419
18,65492,65495,0,7443
18,65492,65495,0,7468
18,65492,65495,0,7491
17,65492,65495,0,7515
17,65492,65495,0,7539
17,65492,65495,0,7563
18,65492,65495,0,7586
18,65492,65495,0,7611
18,65492,65495,0,7634
17,65492,65495,0,7658
17,65492,65495,0,7683
17,65492,65495,0,7706
17,65492,65495,0,7731
17,65492,65495,0,7754
17,65492,65495,0,7778
17,65492,65495,0,7802
17,65492,65495,0,7826
17,65492,65495,0,7849
17,65492,65495,0,7874
17,65492,65495,0,7898
18,65492,65495,0,7921
18,65492,65495,0,7946
18,65492,65495,0,7969
17,65492,65495,0,7993
17,65492,65495,0,8017
17,65492,65495,0,8041
17,65492,65495,0,8066
17,65492,65495,0,8089
17,65492,65495,0,8113
18,65492,65495,0,8137
18,65492,65495,0,8161
18,65492,65495,0,8184
17,65492,65496,0,8209
17,65492,65496,0,8232
17,65492,65495,0,8256
17,65492,65495,0,8281
17,65492,65495,0,8304
17,65492,65495,0,8329
17,65492,65495,0,8352
17,65492,65495,0,8376
17,65492,65495,0,8400
17,65492,65495,0,8424
17,65492,65495,0,8448
17,65492,65495,0,8472
17,65492,65495,0,8496
17,65492,65495,0,8519
18,65492,65495,0,8544
18,65492,65495,0,8567
18,65492,65495,0,8591
18,65492,65495,0,8615
18,65492,65495,0,8639
17,65492,65495,0,8664
17,65492,65495,0,8687
17,65492,65495,0,8711
17,65492,65495,0,8735
17,65492,65495,0,8759
17,65492,65495,0,8782
17,65492,65495,0,8807
17,65492,65495,0,8830
17,65492,65495,0,8854
17,65492,65495,0,8879
17,65492,65495,0,8902
17,65492,65495,0,8926
18,65492,65495,0,8950
18,65492,65495,0,8974
18,65492,65495,0,8998
17,65492,65495,0,9022
17,65492,65495,0,9046
17,65492,65495,0,9070
17,65492,65496,0,9094
17,65492,65496,0,9117
17,65492,65495,0,9142
17,65492,65495,0,9165
17,65492,65495,0,9189
17,65492,65495,0,9213
17,65492,65495,0,9237
17,65492,65495,0,9262
17,65492,65495,0,9285
17,65492,65495,0,9309
17,65492,65495,0,9333
18,65492,65495,0,9357
18,65492,65495,0,9380
18,65492,65495,0,9405
17,65492,65495,0,9428
17,65492,65495,0,9452
17,65492,65495,0,9477
17,65492,65495,0,9500
17,65492,65495,0,9524
17,65492,65495,0,9548
17,65492,65495,0,9572
17,65492,65495,0,9596
17,65492,65495,0,9620
17,65492,65495,0,9644
17,65492,65495,0,9668
17,65492,65495,0,9692
17,65492,65495,0,9715
17,65492,65495,0,9740
18,65492,65495,0,9763
18,65492,65495,0,9787
18,65492,65495,0,9811
18,65492,65495,0,9835
18,65492,65495,0,9860
18,65492,65495,0,9883
17,65492,65495,0,9907
17,65492,65495,0,9931
17,65492,65495,0,9955
17,65492,65495,0,9978
17,65492,65495,0,10003
17,65492,65495,0,10028
17,65492,65495,0,10052
17,65492,65495,0,10078
17,65492,65495,0,10102
17,65492,65495,0,10128
17,65492,65495,0,10152
17,65492,65495,0,10177
17,65492,65495,0,10203
17,65492,65495,0,10227
17,65492,65495,0,10252
17,65492,65495,0,10277
18,65492,65495,0,10302
18,65492,65495,0,10328
18,65492,65495,0,10352
17,65492,65495,0,10377
17,65492,65495,0,10402
17,65492,65495,0,10427
17,65492,65495,0,10451
17,65492,65495,0,10477
17,65492,65495,0,10502
17,65492,65495,0,10527
17,65492,65495,0,10552
18,65492,65495,0,10576
18,65492,65495,0,10602
18,65492,65495,0,10627
17,65492,65495,0,10651
17,65492,65495,0,10677
17,65492,65495,0,10701
17,65492,65495,0,10727
17,65492,65495,0,10752
18,65492,65495,0,10776
18,65492,65495,0,10802
18,65492,65495,0,10826
17,65492,65495,0,10851
17,65492,65495,0,10876
17,65492,65495,0,10901
17,65492,65495,0,10927
17,65492,65495,0,10951
17,65492,65495,0,10976
18,65492,65495,0,11001
18,65492,65495,0,11026
17,65492,65495,0,11051
17,65492,65495,0,11076
17,65492,65495,0,11101
17,65492,65495,0,11126
17,65492,65495,0,11151
17,65492,65495,0,11175
17,65492,65495,0,11201
17,65492,65495,0,11226
17,65492,65495,0,11250
17,65492,65495,0,11276
17,65492,65495,0,11300
18,65492,65495,0,11326
18,65492,65495,0,11351
18,65492,65495,0,11375
17,65492,65495,0,11401
17,65492,65495,0,11425
17,65492,65495,0,11450
17,65492,65495,0,11475
17,65492,65495,0,11500
17,65492,65495,0,11526
17,65492,65495,0,11550
17,65492,65495,0,11575
18,65493,65495,0,11600
18,65493,65495,0,11625
18,65493,65495,0,11650
17,65492,65495,0,11675
17,65492,65495,0,11700
17,65492,65495,0,11725
18,65492,65495,0,11750
18,65492,65495,0,11774
17,65492,65495,0,11800
17,65492,65495,0,11825
17,65492,65495,0,11849
17,65492,65495,0,11875
17,65492,65495,0,11899
17,65492,65495,0,11925
17,65492,65495,0,11950
17,65492,65495,0,11974
17,65492,65495,0,12000
17,65492,65495,0,12024
17,65492,65495,0,12049
17,65492,65495,0,12075
17,65492,65495,0,12099
17,65492,65495,0,12125
17,65492,65495,0,12149
17,65492,65495,0,12174
17,65492,65495,0,12199
17,65492,65495,0,12224
17,65492,65495,0,12249
17,65492,65495,0,12274
17,65492,65495,0,12299
17,65492,65495,0,12324
17,65492,65495,0,12349
17,65492,65495,0,12374
17,65492,65495,0,12399
17,65492,65495,0,12424
17,65492,65495,0,12448
17,65492,65495,0,12474
17,65492,65495,0,12498
17,65492,65495,0,12524
18,65492,65495,0,12549
18,65492,65495,0,12573
18,65492,65495,0,12599
17,65492,65495,0,12623
17,65492,65495,0,12648
17,65492,65495,0,12674
18,65492,65495,0,12698
18,65492,65495,0,12724
18,65492,65495,0,12748
17,65492,65495,0,12773
17,65492,65495,0,12798
17,65492,65495,0,12823
17,65492,65495,0,12848
17,65492,65495,0,12873
17,65492,65495,0,12898
17,65492,65495,0,12923
17,65492,65495,0,12948
18,65492,65495,0,12973
18,65492,65495,0,12998
18,65492,65495,0,13023
18,65492,65495,0,13047
18,65492,65495,0,13073
18,65492,65495,0,13097
18,65492,65495,0,13123
18,65492,65495,0,13148
17,65492,65495,0,13172
17,65492,65495,0,13198
17,65492,65495,0,13222
17,65492,65495,0,13247
17,65492,65495,0,13273
17,65492,65495,0,13297
17,65492,65495,0,13323
17,65492,65495,0,13347
18,65492,65495,0,13372
18,65492,65495,0,13398
18,65492,65495,0,13422
17,65492,65495,0,13447
17,65492,65495,0,13472
17,65492,65495,0,13497
17,65492,65495,0,13522
17,65492,65495,0,13547
17,65492,65495,0,13572
17,65492,65495,0,13597
17,65492,65495,0,13622
17,65492,65495,0,13646
17,65492,65495,0,13672
17,65492,65495,0,13697
17,65492,65495,0,13722
17,65492,65495,0,13747
17,65492,65495,0,13771
18,65492,65496,0,13797
18,65492,65496,0,13821
17,65492,65496,0,13846
17,65492,65496,0,13872
17,65492,65496,0,13896
18,65492,65495,0,13922
18,65492,65495,0,13946
18,65492,65495,0,13971
18,65492,65495,0,13997
18,65492,65495,0,14021
18,65492,65495,0,14046
18,65492,65495,0,14071
18,65492,65495,0,14096
17,65492,65495,0,14121
17,65492,65495,0,14146
17,65492,65495,0,14171
17,65492,65495,0,14196
17,65492,65495,0,14221
17,65492,65495,0,14245
17,65492,65495,0,14271
17,65492,65495,0,14296
17,65492,65495,0,14321
17,65492,65495,0,14346
17,65492,65495,0,14370
17,65492,65495,0,14396
17,65492,65495,0,14420
17,65492,65495,0,14445
17,65492,65496,0,14471
17,65492,65496,0,14495
17,65492,65496,0,14521
18,65492,65495,0,14545
18,65492,65495,0,14570
17,65492,65495,0,14596
17,65492,65495,0,14620
17,65492,65495,0,14645
18,65492,65495,0,14670
18,65492,65495,0,14695
18,65492,65495,0,14721
17,65492,65495,0,14745
17,65492,65495,0,14770
17,65492,65495,0,14795
17,65492,65495,0,14820
17,65492,65495,0,14844
17,65492,65495,0,14870
17,65492,65495,0,14895
17,65492,65495,0,14920
17,65492,65495,0,14945
17,65492,65495,0,14969
17,65492,65495,0,14995
17,65492,65495,0,15020
17,65492,65495,0,15044
17,65492,65495,0,15070
17,65492,65495,0,15094
17,65492,65495,0,15120
17,65492,65495,0,15144
17,65492,65495,0,15169
17,65492,65495,0,15195
17,65492,65495,0,15219
17,65492,65495,0,15244
17,65492,65495,0,15269
17,65492,65495,0,15294
17,65492,65495,0,15320
17,65492,65495,0,15344
17,65492,65495,0,15369
17,65492,65495,0,15394
17,65492,65495,0,15419
17,65492,65495,0,15443
17,65492,65495,0,15469
17,65492,65495,0,15494
17,65492,65495,0,15519
17,65492,65495,0,15544
17,65492,65496,0,15568
17,65492,65496,0,15594
17,65492,65495,0,15619
17,65492,65495,0,15643
17,65492,65495,0,15669
17,65492,65495,0,15693
17,65492,65495,0,15719
17,65492,65495,0,15744
17,65492,65495,0,15768
17,65492,65495,0,15794
17,65492,65495,0,15818
17,65492,65495,0,15843
17,65492,65495,0,15868
17,65492,65495,0,15893
17,65492,65495,0,15919
17,65492,65495,0,15943
18,65492,65495,0,15968
18,65492,65495,0,15993
18,65492,65495,0,16018
17,65492,65495,0,16043
17,65492,65495,0,16068
17,65492,65495,0,16093
17,65492,65495,0,16118
17,65492,65495,0,16143
17,65492,65495,0,16167
17,65492,65495,0,16193
17,65492,65495,0,16218
18,65492,65495,0,16242
18,65492,65495,0,16268
18,65492,65495,0,16292
18,65492,65495,0,16318
18,65492,65495,0,16343
17,65492,65495,0,16367
17,65492,65495,0,16393
17,65492,65495,0,16417
17,65492,65495,0,16442
17,65492,65495,0,16467
17,65492,65495,0,16492
17,65492,65495,0,16518
17,65492,65495,0,16542
17,65492,65495,0,16567
17,65492,65495,0,16592
17,65492,65495,0,16617
18,65492,65495,0,16642
18,65492,65495,0,16667
18,65492,65495,0,16692
18,65492,65495,0,16717
18,65492,65495,0,16742
18,65492,65495,0,16766
17,65492,65495,0,16792
17,65492,65495,0,16817
17,65492,65495,0,16841
17,65492,65495,0,16867
17,65492,65495,0,16891
17,65492,65495,0,16917
17,65492,65495,0,16942
17,65492,65495,0,16966
17,65492,65495,0,16992
17,65492,65495,0,17016
17,65492,65495,0,17041
17,65492,65495,0,17067
17,65492,65495,0,17091
17,65492,65495,0,17117
17,65492,65495,0,17141
17,65492,65495,0,17166
17,65492,65495,0,17191
17,65492,65495,0,17216
17,65492,65495,0,17241
17,65492,65495,0,17266
17,65492,65495,0,17291
17,65492,65496,0,17316
17,65492,65496,0,17341
17,65492,65496,0,17366
17,65492,65495,0,17391
17,65492,65495,0,17416
17,65492,65495,0,17440
18,65492,65495,0,17466
18,65492,65495,0,17490
18,65492,65495,0,17516
17,65492,65495,0,17541
17,65492,65495,0,17565
17,65492,65495,0,17591
17,65492,65495,0,17615
17,65492,65495,0,17640
18,65492,65495,0,17666
18,65492,65495,0,17690
18,65492,65495,0,17716
17,65492,65495,0,17740
17,65492,65495,0,17765
17,65492,65495,0,17790
17,65492,65495,0,17815
17,65492,65495,0,17840
18,65492,65495,0,17865
18,65492,65495,0,17890
18,65492,65495,0,17915
18,65492,65495,0,17940
18,65492,65495,0,17965
18,65492,65495,0,17990
17,65492,65495,0,18015
17,65492,65495,0,18039
17,65492,65495,0,18065
18,65492,65495,0,18089
18,65492,65495,0,18115
18,65492,65495,0,18140
18,65492,65495,0,18164
18,65492,65495,0,18190
17,65492,65495,0,18214
17,65492,65495,0,18239
17,65492,65495,0,18265
18,65492,65495,0,18289
18,65492,65495,0,18315
17,65492,65495,0,18339
17,65492,65495,0,18364
17,65492,65495,0,18390
17,65492,65495,0,18414
17,65492,65495,0,18439
17,65492,65495,0,18464
17,65492,65495,0,18489
17,65492,65495,0,18514
17,65492,65495,0,18539
17,65492,65495,0,18564
17,65492,65495,0,18589
17,65492,65495,0,18614
17,65492,65495,0,18638
17,65492,65495,0,18664
17,65492,65495,0,18689
17,65492,65495,0,18714
17,65492,65495,0,18739
17,65492,65495,0,18763
17,65492,65495,0,18789
17,65492,65495,0,18813
17,65492,65495,0,18838
17,65492,65495,0,18864
17,65492,65495,0,18888
17,65492,65495,0,18914
17,65492,65495,0,18938
18,65492,65495,0,18963
18,65492,65495,0,18989
18,65492,65495,0,19013
18,65492,65495,0,19038
18,65492,65495,0,19063
18,65492,65495,0,19088
18,65492,65495,0,19113
18,65492,65495,0,19138
17,65492,65495,0,19163
17,65492,65495,0,19188
17,65492,65495,0,19213
17,65492,65495,0,19237
17,65492,65495,0,19263
17,65492,65495,0,19288
17,65492,65495,0,19313
17,65492,65495,0,19338
17,65492,65495,0,19362
17,65492,65495,0,19388
17,65492,65495,0,19412
17,65492,65495,0,19437
17,65492,65495,0,19463
17,65492,65495,0,19487
18,65492,65495,0,19513
18,65492,65495,0,19537
18,65492,65495,0,19562
18,65492,65495,0,19588
18,65492,65495,0,19612
17,65492,65495,0,19637
17,65492,65495,0,19662
17,65492,65495,0,19687
17,65492,65495,0,19713
17,65492,65495,0,19737
17,65492,65495,0,19762
18,65492,65495,0,19787
18,65492,65495,0,19812
17,65492,65495,0,19836
17,65492,65495,0,19862
17,65492,65495,0,19887
17,65492,65495,0,19912
17,65492,65495,0,19937
17,65492,65495,0,19961
18,65493,65495,0,19987
18,65493,65495,0,20012
18,65493,65495,0,20036
17,65492,65495,0,20062
17,65492,65495,0,20086
17,65492,65495,0,20112
17,65492,65495,0,20136
17,65492,65495,0,20161
17,65492,65495,0,20187
17,65492,65495,0,20211
17,65492,65495,0,20236
18,65492,65495,0,20261
18,65492,65495,0,20286
18,65492,65495,0,20312
17,65492,65495,0,20336
17,65492,65495,0,20361
18,65492,65495,0,20386
18,65492,65495,0,20411
18,65492,65495,0,20435
17,65492,65495,0,20461
17,65492,65495,0,20486
17,65492,65495,0,20511
18,65492,65495,0,20536
18,65492,65495,0,20560
18,65492,65495,0,20586
17,65492,65495,0,20611
17,65492,65495,0,20635
18,65492,65495,0,20661
18,65492,65495,0,20685
18,65492,65495,0,20711
17,65492,65495,0,20736
17,65492,65495,0,20760
17,65492,65495,0,20786
17,65492,65495,0,20810
17,65492,65495,0,20835
18,65492,65495,0,20860
18,65492,65495,0,20885
18,65492,65495,0,20911
17,65492,65495,0,20935
17,65492,65495,0,20960
17,65492,65495,0,20985
17,65492,65495,0,21010
17,65492,65495,0,21035
17,65492,65495,0,21060
17,65492,65495,0,21085
17,65492,65495,0,21110
17,65492,65495,0,21135
17,65492,65495,0,21159
17,65492,65495,0,21185
17,65492,65495,0,21210
17,65492,65495,0,21234
17,65492,65495,0,21260
17,65492,65495,0,21284
17,65492,65495,0,21310
17,65492,65495,0,21335
17,65492,65495,0,21359
17,65492,65495,0,21385
17,65492,65495,0,21409
17,65492,65495,0,21434
17,65492,65495,0,21459
17,65492,65495,0,21484
17,65492,65495,0,21510
17,65492,65495,0,21534
17,65492,65495,0,21559
17,65492,65495,0,21584
17,65492,65495,0,21609
17,65492,65495,0,21634
17,65492,65495,0,21659
17,65492,65495,0,21684
17,65492,65495,0,21709
17,65492,65495,0,21734
18,65492,65495,0,21758
18,65492,65495,0,21784
18,65492,65495,0,21809
17,65492,65495,0,21833
17,65492,65495,0,21859
18,65492,65495,0,21883
18,65492,65495,0,21909
18,65492,65495,0,21934
17,65492,65495,0,21958
17,65492,65495,0,21984
17,65492,65495,0,22008
17,65492,65495,0,22033
17,65492,65495,0,22059
17,65492,65495,0,22083
17,65492,65495,0,22109
17,65492,65495,0,22133
17,65492,65495,0,22158
17,65492,65495,0,22183
17,65492,65495,0,22208
17,65492,65495,0,22233
17,65492,65495,0,22258
17,65492,65495,0,22283
17,65492,65495,0,22308
17,65492,65495,0,22333
17,65492,65495,0,22358
17,65492,65495,0,22383
17,65492,65495,0,22408
17,65492,65495,0,22432
17,65492,65495,0,22458
17,65492,65495,0,22482
17,65492,65495,0,22508
17,65492,65495,0,22533
17,65492,65495,0,22557
17,65492,65495,0,22583
17,65492,65495,0,22607
17,65492,65495,0,22632
17,65492,65495,0,22658
17,65492,65495,0,22682
17,65492,65495,0,22708
17,65492,65495,0,22732
17,65492,65495,0,22757
17,65492,65495,0,22782
17,65492,65495,0,22807
17,65492,65495,0,22832
17,65492,65495,0,22857
17,65492,65495,0,22882
17,65492,65495,0,22907
17,65492,65495,0,22932
17,65492,65495,0,22957
17,65492,65495,0,22982
17,65492,65495,0,23007
17,65492,65495,0,23031
17,65492,65495,0,23057
17,65492,65495,0,23081
17,65492,65495,0,23107
17,65492,65495,0,23132
17,65492,65495,0,23156
17,65492,65495,0,23182
17,65492,65495,0,23206
17,65492,65495,0,23231
17,65492,65495,0,23257
17,65492,65495,0,23281
17,65492,65495,0,23307
17,65492,65495,0,23331
17,65492,65495,0,23356
18,65492,65495,0,23382
18,65492,65495,0,23406
18,65492,65495,0,23431
17,65492,65495,0,23456
17,65492,65495,0,23481
17,65492,65495,0,23506
18,65492,65495,0,23531
18,65492,65495,0,23556
18,65492,65495,0,23581
17,65492,65495,0,23606
17,65492,65495,0,23630
17,65492,65495,0,23656
17,65492,65495,0,23681
17,65492,65495,0,23706
17,65492,65495,0,23731
17,65492,65495,0,23755
17,65492,65495,0,23781
17,65492,65495,0,23805
17,65492,65495,0,23830
17,65492,65496,0,23856
17,65492,65496,0,23880
17,65492,65496,0,23906
17,65493,65495,0,23930
17,65493,65495,0,23955
17,65493,65495,0,23981
17,65492,65495,0,24005
17,65492,65495,0,24030
17,65492,65495,0,24055
17,65492,65495,0,24080
17,65492,65495,0,24105
17,65492,65495,0,24130
17,65492,65495,0,24155
17,65492,65495,0,24180
17,65492,65495,0,24205
17,65492,65495,0,24229
17,65492,65495,0,24255
17,65492,65495,0,24280
17,65492,65495,0,24305
17,65492,65495,0,24330
17,65492,65495,0,24354
17,65492,65495,0,24380
17,65492,65495,0,24404
17,65492,65495,0,24429
17,65492,65495,0,24455
17,65492,65495,0,24479
17,65492,65495,0,24505
17,65492,65495,0,24529
17,65492,65495,0,24554
17,65492,65495,0,24580
17,65492,65495,0,24604
17,65492,65495,0,24629
17,65492,65495,0,24654
17,65492,65495,0,24679
17,65492,65495,0,24705
17,65492,65495,0,24729
17,65492,65495,0,24754
17,65492,65495,0,24779
17,65492,65495,0,24804
17,65492,65495,0,24828
17,65492,65495,0,24854
17,65492,65495,0,24879
17,65492,65495,0,24904
17,65492,65495,0,24929
17,65492,65495,0,24953
17,65492,65495,0,24979
17,65492,65495,0,25004
17,65492,65495,0,25028
17,65492,65495,0,25054
17,65492,65495,0,25078
17,65492,65495,0,25104
17,65492,65495,0,25128
17,65492,65495,0,25153
17,65492,65495,0,25179
17,65492,65495,0,25203
17,65493,65495,0,25228
17,65493,65495,0,25253
17,65493,65495,0,25278
17,65493,65495,0,25304
17,65493,65495,0,25328
17,65493,65495,0,25353
17,65492,65495,0,25378
17,65492,65495,0,25403
17,65492,65495,0,25427
17,65492,65495,0,25453
17,65492,65495,0,25478
17,65492,65495,0,25503
17,65492,65495,0,25528
17,65492,65495,0,25552
17,65492,65495,0,25578
17,65492,65495,0,25603
17,65492,65495,0,25627
17,65492,65495,0,25653
17,65492,65495,0,25677
17,65492,65495,0,25703
17,65492,65495,0,25728
17,65492,65495,0,25752
17,65492,65495,0,25778
17,65492,65495,0,25802
17,65492,65495,0,25827
17,65492,65495,0,25852
17,65492,65495,0,25877
17,65492,65495,0,25903
17,65492,65495,0,25927
17,65492,65495,0,25952
17,65493,65495,0,25977
17,65493,65495,0,26002
17,65493,65495,0,26027
17,65492,65495,0,26052
17,65492,65495,0,26077
17,65492,65495,0,26102
17,65493,65495,0,26127
17,65493,65495,0,26151
17,65493,65495,0,26177
17,65493,65495,0,26202
17,65493,65495,0,26226
17,65493,65495,0,26252
17,65493,65495,0,26276
17,65493,65495,0,26302
17,65492,65495,0,26327
17,65492,65495,0,26351
17,65492,65495,0,26377
17,65492,65495,0,26401
17,65492,65495,0,26426
17,65493,65496,0,26451
17,65493,65496,0,26476
17,65493,65496,0,26502
17,65492,65495,0,26526
17,65492,65495,0,26551
17,65492,65495,0,26576
17,65493,65495,0,26601
17,65493,65495,0,26626
17,65493,65495,0,26651
17,65493,65495,0,26676
17,65493,65495,0,26701
17,65492,65495,0,26726
17,65492,65495,0,26750
17,65492,65495,0,26776
17,65492,65495,0,26801
17,65492,65495,0,26825
17,65492,65495,0,26851
17,65492,65495,0,26875
17,65492,65495,0,26901
17,65492,65495,0,26926
17,65492,65495,0,26950
17,65492,65495,0,26976
17,65493,65495,0,27000
17,65493,65495,0,27025
17,65493,65495,0,27051
17,65492,65495,0,27075
17,65492,65495,0,27101
17,65492,65495,0,27125
17,65492,65495,0,27150
17,65492,65495,0,27175
17,65493,65495,0,27200
17,65493,65495,0,27225
17,65493,65495,0,27250
17,65493,65495,0,27275
17,65493,65495,0,27300
17,65493,65495,0,27325
17,65493,65495,0,27350
17,65493,65495,0,27375
17,65493,65495,0,27400
17,65493,65495,0,27424
17,65493,65495,0,27450
17,65493,65495,0,27474
17,65493,65495,0,27500
17,65493,65495,0,27525
17,65492,65495,0,27549
17,65492,65495,0,27575
17,65492,65495,0,27599
17,65493,65495,0,27624
17,65493,65495,0,27650
17,65493,65496,0,27674
17,65493,65496,0,27700
17,65493,65496,0,27724
17,65492,65495,0,27749
17,65492,65495,0,27774
17,65492,65495,0,27799
17,65492,65495,0,27824
17,65492,65495,0,27849
17,65492,65495,0,27874
17,65492,65495,0,27899
17,65492,65495,0,27924
17,65493,65495,0,27949
17,65493,65495,0,27974
17,65493,65495,0,27999
17,65493,65495,0,28023
17,65493,65495,0,28049
17,65493,65495,0,28073
17,65492,65495,0,28099
17,65492,65495,0,28124
17,65493,65495,0,28148
17,65493,65495,0,28174
17,65493,65495,0,28198
17,65493,65495,0,28223
17,65493,65495,0,28249
17,65493,65495,0,28273
17,65492,65495,0,28299
17,65492,65495,0,28323
17,65492,65495,0,28348
17,65493,65495,0,28374
17,65493,65495,0,28398
17,65493,65495,0,28423
17,65493,65495,0,28448
17,65493,65495,0,28473
17,65493,65495,0,28498
17,65493,65495,0,28523
17,65493,65495,0,28548
17,65493,65495,0,28573
17,65493,65495,0,28598
17,65493,65495,0,28622
17,65492,65495,0,28648
17,65492,65495,0,28673
17,65493,65495,0,28698
17,65493,65495,0,28723
17,65493,65495,0,28747
17,65493,65495,0,28773
17,65493,65495,0,28797
17,65493,65495,0,28822
17,65493,65495,0,28848
17,65493,65495,0,28872
17,65493,65495,0,28898
17,65493,65495,0,28922
17,65493,65495,0,28947
17,65493,65495,0,28973
17,65493,65495,0,28997
17,65493,65495,0,29022
17,65493,65495,0,29047
17,65493,65495,0,29072
17,65493,65495,0,29097
17,65493,65495,0,29122
17,65493,65495,0,29147
17,65493,65495,0,29172
17,65493,65495,0,29197
17,65493,65495,0,29221
17,65493,65495,0,29247
17,65493,65495,0,29272
17,65493,65495,0,29297
17,65493,65496,0,29322
17,65493,65496,0,29346
17,65493,65496,0,29372
17,65493,65495,0,29396
17,65493,65495,0,29421
17,65492,65495,0,29447
17,65492,65495,0,29471
17,65492,65495,0,29497
17,65493,65495,0,29521
17,65493,65495,0,29546
17,65493,65495,0,29572
17,65493,65495,0,29596
17,65493,65495,0,29621
17,65492,65495,0,29646
17,65492,65495,0,29671
17,65492,65495,0,29697
17,65493,65495,0,29721
17,65493,65495,0,29746
17,65493,65495,0,29771
17,65493,65495,0,29796
17,65493,65495,0,29820
17,65493,65495,0,29846
17,65493,65495,0,29871
17,65493,65495,0,29896
16,65493,65495,0,29921
16,65493,65495,0,29945
16,65493,65495,0,29971
17,65493,65495,0,29996
17,65493,65495,0,30020
17,65493,65495,0,30046
17,65493,65495,0,30070
17,65493,65495,0,30096
17,65493,65495,0,30120
17,65493,65496,0,30145
17,65493,65496,0,30171
17,65493,65495,0,30195
17,65493,65495,0,30220
17,65493,65495,0,30245
17,65493,65495,0,30270
17,65493,65495,0,30296
17,65493,65495,0,30320
17,65492,65495,0,30345
17,65492,65495,0,30370
17,65492,65495,0,30395
17,65492,65495,0,30419
17,65492,65495,0,30445
17,65493,65495,0,30470
17,65493,65495,0,30495
17,65493,65495,0,30520
17,65493,65495,0,30544
17,65493,65495,0,30570
17,65493,65495,0,30595
17,65493,65496,0,30619
17,65493,65496,0,30645
17,65493,65495,0,30669
17,65493,65495,0,30695
17,65493,65495,0,30720
17,65493,65495,0,30744
17,65493,65495,0,30770
17,65493,65495,0,30794
17,65493,65496,0,30819
17,65493,65496,0,30844
17,65493,65496,0,30869
17,65492,65495,0,30895
17,65492,65495,0,30919
17,65493,65495,0,30944
17,65493,65495,0,30969
17,65493,65495,0,30994
17,65492,65495,0,31019
17,65492,65495,0,31044
17,65492,65495,0,31069
17,65493,65495,0,31094
17,65493,65495,0,31119
17,65493,65495,0,31143
17,65493,65496,0,31169
17,65493,65496,0,31194
17,65493,65495,0,31218
17,65493,65495,0,31244
17,65493,65495,0,31268
17,65492,65495,0,31294
17,65492,65495,0,31319
17,65492,65495,0,31343
17,65492,65495,0,31369
17,65492,65495,0,31393
17,65492,65496,0,31418
17,65492,65496,0,31443
17,65492,65496,0,31468
17,65493,65495,0,31494
17,65493,65495,0,31518
17,65493,65495,0,31543
17,65493,65496,0,31568
17,65493,65496,0,31593
17,65493,65496,0,31618
17,65493,65495,0,31643
17,65493,65495,0,31668
17,65493,65495,0,31693
17,65493,65495,0,31718
17,65493,65495,0,31742
17,65493,65496,0,31768
17,65493,65496,0,31793
17,65493,65496,0,31817
17,65493,65495,0,31843
17,65493,65495,0,31867
17,65493,65495,0,31893
17,65492,65495,0,31918
17,65492,65495,0,31942
16,65492,65495,0,31968
16,65492,65495,0,31992
16,65492,65495,0,32017
17,65493,65496,0,32043
17,65493,65496,0,32067
17,65493,65496,0,32093
17,65492,65496,0,32117
17,65492,65496,0,32142
17,65493,65495,0,32167
17,65493,65495,0,32192
17,65493,65495,0,32217
17,65493,65495,0,32242
17,65493,65495,0,32267
17,65493,65495,0,32292
17,65493,65495,0,32317
17,65493,65495,0,32342
17,65493,65495,0,32367
17,65493,65495,0,32392
17,65493,65495,0,32416
17,65493,65496,0,32442
17,65493,65496,0,32466
17,65493,65496,0,32492
17,65493,65495,0,32517
17,65493,65495,0,32541
17,65493,65495,0,32567
17,65493,65495,0,32591
17,65493,65495,0,32616
17,65493,65495,0,32642
17,65493,65495,0,32666
17,65493,65495,0,32692
16,65493,65496,0,32716
16,65493,65496,0,32741
16,65493,65496,0,32766
17,65493,65496,0,32791
17,65493,65496,0,32816
17,65493,65496,0,32841
17,65493,65495,0,32866
17,65493,65495,0,32891
17,65493,65496,0,32916
16,65493,65496,0,32941
16,65493,65496,0,32966
17,65493,65495,0,32991
17,65493,65495,0,33015
17,65493,65495,0,33041
17,65493,65496,0,33065
17,65493,65496,0,33091
17,65493,65496,0,33116
16,65493,65495,0,33140
16,65493,65495,0,33166
17,65493,65496,0,33190
17,65493,65496,0,33215
17,65493,65496,0,33241
16,65493,65495,0,33265
16,65493,65495,0,33291
16,65493,65495,0,33315
16,65493,65496,0,33340
16,65493,65496,0,33366
16,65493,65496,0,33390
16,65493,65496,0,33415
16,65493,65496,0,33440
16,65493,65496,0,33465
16,65493,65496,0,33490
16,65493,65496,0,33515
16,65493,65495,0,33540
16,65493,65495,0,33565
16,65493,65495,0,33590
16,65493,65496,0,33614
16,65493,65496,0,33640
16,65493,65496,0,33665
16,65493,65496,0,33690
16,65493,65496,0,33715
16,65493,65496,0,33739
16,65493,65496,0,33765
16,65493,65496,0,33789
16,65493,65496,0,33814
16,65493,65496,0,33840
16,65493,65496,0,33864
16,65493,65496,0,33890
16,65493,65496,0,33914
16,65493,65496,0,33939
16,65493,65496,0,33965
16,65493,65496,0,33989
16,65493,65496,0,34014
16,65493,65496,0,34039
16,65493,65496,0,34064
16,65493,65496,0,34089
16,65493,65496,0,34114
16,65493,65496,0,34139
16,65493,65496,0,34164
16,65493,65496,0,34189
16,65493,65496,0,34213
16,65493,65496,0,34239
16,65493,65496,0,34264
16,65493,65496,0,34289
16,65493,65496,0,34314
16,65493,65496,0,34338
16,65493,65495,0,34364
16,65493,65495,0,34388
16,65493,65495,0,34413
16,65493,65496,0,34439
16,65493,65496,0,34463
15,65493,65496,0,34489
15,65493,65496,0,34513
15,65493,65496,0,34538
15,65493,65495,0,34564
15,65493,65495,0,34588
15,65493,65495,0,34613
15,65493,65496,0,34638
15,65493,65496,0,34663
16,65493,65495,0,34689
16,65493,65495,0,34713
16,65493,65495,0,34738
15,65493,65496,0,34763
15,65493,65496,0,34788
15,65493,65496,0,34812
15,65493,65496,0,34838
15,65493,65496,0,34863
15,65493,65496,0,34888
16,65493,65496,0,34913
16,65493,65496,0,34937
15,65493,65496,0,34963
15,65493,65496,0,34988
15,65493,65496,0,35012
15,65494,65496,0,35038
15,65494,65496,0,35062
15,65494,65496,0,35088
15,65493,65496,0,35112
15,65493,65496,0,35137
15,65493,65496,0,35163
15,65493,65496,0,35187
15,65493,65496,0,35212
15,65493,65496,0,35237
15,65493,65496,0,35262
15,65493,65496,0,35288
15,65494,65496,0,35312
15,65494,65496,0,35337
15,65494,65496,0,35362
15,65493,65496,0,35387
15,65493,65496,0,35411
15,65494,65495,0,35437
15,65494,65495,0,35462
15,65494,65495,0,35487
15,65494,65496,0,35512
15,65494,65496,0,35536
15,65494,65496,0,35562
15,65493,65496,0,35587
15,65493,65496,0,35611
15,65493,65496,0,35637
15,65494,65496,0,35661
15,65494,65496,0,35687
15,65494,65496,0,35712
15,65494,65496,0,35736
15,65494,65496,0,35762
15,65493,65496,0,35786
15,65493,65496,0,35811
15,65493,65496,0,35836
15,65494,65496,0,35861
15,65494,65496,0,35887
15,65494,65496,0,35911
15,65494,65496,0,35936
15,65494,65496,0,35961
15,65493,65496,0,35986
15,65493,65496,0,36011
15,65493,65496,0,36036
15,65494,65496,0,36061
15,65494,65496,0,36086
15,65494,65496,0,36111
15,65494,65496,0,36135
15,65494,65496,0,36161
15,65494,65496,0,36186
15,65494,65496,0,36210
15,65494,65496,0,36236
15,65494,65496,0,36260
15,65494,65496,0,36286
15,65494,65496,0,36311
15,65493,65496,0,36335
15,65493,65496,0,36361
15,65493,65496,0,36385
15,65494,65496,0,36410
15,65494,65496,0,36435
15,65494,65496,0,36460
15,65494,65496,0,36486
15,65494,65496,0,36510
15,65494,65496,0,36535
15,65494,65496,0,36560
15,65494,65496,0,36585
15,65494,65496,0,36610
15,65494,65496,0,36635
15,65494,65496,0,36660
15,65494,65496,0,36685
15,65494,65496,0,36710
15,65494,65496,0,36734
15,65494,65496,0,36760
15,65494,65496,0,36785
15,65494,65496,0,36809
15,65494,65496,0,36835
15,65494,65496,0,36859
15,65494,65496,0,36885
15,65494,65496,0,36910
15,65494,65496,0,36934
14,65494,65496,0,36960
14,65494,65496,0,36984
15,65494,65496,0,37009
15,65494,65496,0,37035
15,65494,65496,0,37059
15,65494,65496,0,37085
15,65494,65496,0,37109
15,65494,65496,0,37134
14,65494,65496,0,37159
14,65494,65496,0,37184
14,65494,65496,0,37209
14,65494,65496,0,37234
14,65494,65496,0,37259
14,65494,65496,0,37284
14,65494,65496,0,37309
14,65494,65496,0,37334
14,65494,65496,0,37359
14,65494,65496,0,37384
14,65494,65496,0,37408
14,65494,65496,0,37434
14,65494,65496,0,37458
14,65494,65496,0,37484
14,65494,65496,0,37509
14,65494,65496,0,37533
14,65494,65496,0,37559
14,65494,65496,0,37583
14,65494,65496,0,37608
14,65494,65496,0,37634
14,65494,65496,0,37658
14,65494,65496,0,37684
14,65494,65496,0,37708
14,65494,65496,0,37733
14,65494,65496,0,37758
14,65494,65496,0,37783
14,65494,65496,0,37808
14,65494,65496,0,37833
14,65494,65496,0,37858
14,65494,65496,0,37883
14,65494,65496,0,37908
14,65494,65496,0,37933
14,65494,65495,0,37958
14,65494,65495,0,37983
14,65494,65495,0,38007
14,65494,65496,0,38033
14,65494,65496,0,38057
14,65494,65496,0,38083
14,65494,65496,0,38108
14,65494,65496,0,38132
14,65494,65496,0,38158
14,65494,65496,0,38182
14,65494,65496,0,38207
14,65494,65496,0,38233
14,65494,65496,0,38257
14,65494,65496,0,38283
14,65494,65496,0,38307
14,65494,65496,0,38332
14,65494,65496,0,38358
14,65494,65496,0,38382
14,65494,65496,0,38407
14,65494,65496,0,38432
14,65494,65496,0,38457
14,65494,65496,0,38482
14,65494,65496,0,38507
14,65494,65496,0,38532
14,65494,65496,0,38557
14,65494,65496,0,38582
14,65494,65496,0,38606
14,65494,65496,0,38632
14,65494,65496,0,38657
14,65494,65496,0,38682
14,65494,65495,0,38707
14,65494,65495,0,38731
14,65494,65495,0,38757
15,65494,65496,0,38781
15,65494,65496,0,38806
15,65494,65496,0,38832
15,65494,65496,0,38856
15,65494,65496,0,38882
15,65494,65496,0,38906
14,65494,65496,0,38931
14,65494,65496,0,38957
14,65494,65496,0,38981
14,65494,65496,0,39006
14,65494,65496,0,39031
14,65494,65496,0,39056
14,65494,65496,0,39081
14,65494,65496,0,39106
14,65494,65496,0,39131
14,65494,65496,0,39156
14,65494,65496,0,39181
14,65494,65496,0,39205
14,65494,65496,0,39231
14,65494,65496,0,39256
14,65494,65496,0,39281
14,65494,65496,0,39306
14,65494,65496,0,39330
14,65494,65496,0,39356
14,65494,65496,0,39380
14,65494,65496,0,39405
14,65494,65496,0,39431
14,65494,65496,0,39455
14,65494,65495,0,39481
14,65494,65495,0,39505
14,65494,65496,0,39530
14,65494,65496,0,39556
14,65494,65496,0,39580
14,65494,65496,0,39605
14,65494,65496,0,39630
14,65494,65496,0,39655
14,65494,65496,0,39681
14,65494,65496,0,39705
14,65494,65496,0,39730
14,65494,65496,0,39755
14,65494,65496,0,39780
14,65494,65496,0,39804
14,65494,65496,0,39830
14,65494,65496,0,39855
14,65494,65496,0,39880
14,65494,65496,0,39905
14,65494,65496,0,39929
14,65494,65496,0,39955
14,65494,65496,0,39980
14,65494,65496,0,40004
14,65494,65496,0,40030
14,65494,65496,0,40054
14,65494,65496,0,40080
14,65494,65496,0,40104
14,65494,65496,0,40129
14,65494,65496,0,40155
14,65494,65496,0,40179
14,65494,65496,0,40204
14,65494,65496,0,40229
14,65494,65496,0,40254
14,65494,65496,0,40280
14,65494,65496,0,40304
14,65494,65496,0,40329
14,65494,65496,0,40354
14,65494,65496,0,40379
14,65494,65496,0,40403
15,65494,65496,0,40429
15,65494,65496,0,40454
14,65494,65495,0,40479
14,65494,65495,0,40504
14,65494,65495,0,40528
14,65494,65496,0,40554
14,65494,65496,0,40579
14,65494,65496,0,40603
14,65494,65496,0,40629
14,65494,65496,0,40653
14,65494,65496,0,40679
14,65494,65496,0,40704
14,65494,65496,0,40728
14,65494,65496,0,40754
14,65494,65496,0,40778
14,65494,65496,0,40803
14,65494,65496,0,40828
14,65494,65496,0,40853
14,65494,65496,0,40879
14,65494,65496,0,40903
14,65494,65496,0,40928
14,65494,65496,0,40953
14,65494,65496,0,40978
14,65494,65496,0,41003
14,65494,65496,0,41028
14,65494,65496,0,41053
14,65494,65496,0,41078
14,65494,65496,0,41103
14,65494,65496,0,41127
14,65494,65496,0,41153
14,65494,65496,0,41178
14,65494,65496,0,41202
14,65494,65496,0,41228
14,65494,65496,0,41252
14,65494,65496,0,41278
14,65494,65496,0,41303
14,65494,65496,0,41327
14,65494,65496,0,41353
14,65494,65495,0,41377
14,65494,65495,0,41402
14,65494,65495,0,41427
14,65494,65496,0,41452
14,65494,65496,0,41478
14,65494,65495,0,41502
14,65494,65495,0,41527
14,65494,65495,0,41552
14,65494,65496,0,41577
14,65494,65496,0,41602
14,65494,65496,0,41627
14,65494,65496,0,41652
14,65494,65496,0,41677
14,65494,65496,0,41702
14,65494,65496,0,41726
14,65494,65496,0,41752
14,65494,65496,0,41777
14,65494,65496,0,41801
14,65494,65496,0,41827
14,65494,65496,0,41851
14,65494,65496,0,41877
14,65494,65496,0,41902
14,65494,65496,0,41926
14,65494,65496,0,41952
14,65494,65496,0,41976
14,65494,65496,0,42001
14,65494,65496,0,42027
14,65494,65496,0,42051
14,65494,65496,0,42077
14,65494,65496,0,42101
14,65494,65496,0,42126
14,65494,65496,0,42151
14,65494,65496,0,42176
14,65494,65495,0,42201
14,65494,65495,0,42226
14,65494,65496,0,42251
14,65494,65496,0,42276
14,65494,65496,0,42301
14,65494,65496,0,42326
14,65494,65496,0,42351
14,65494,65496,0,42376
14,65494,65496,0,42400
14,65494,65496,0,42426
14,65494,65496,0,42450
14,65494,65496,0,42476
14,65494,65496,0,42501
14,65494,65496,0,42525
14,65494,65496,0,42551
14,65494,65496,0,42575
14,65494,65496,0,42600
14,65494,65496,0,42626
14,65494,65496,0,42650
14,65494,65496,0,42676
14,65494,65496,0,42700
14,65494,65496,0,42725
14,65494,65496,0,42750
14,65494,65496,0,42775
14,65494,65496,0,42800
14,65494,65496,0,42825
14,65494,65496,0,42850
14,65494,65496,0,42875
14,65494,65496,0,42900
14,65494,65496,0,42925
14,65494,65496,0,42950
14,65494,65496,0,42975
14,65494,65496,0,42999
14,65494,65496,0,43025
14,65494,65496,0,43049
14,65494,65495,0,43075
14,65494,65495,0,43100
14,65494,65495,0,43124
14,65494,65496,0,43150
14,65494,65496,0,43174
14,65494,65496,0,43199
14,65494,65496,0,43225
14,65494,65496,0,43249
14,65494,65496,0,43275
14,65494,65496,0,43299
14,65494,65496,0,43324
14,65494,65496,0,43350
14,65494,65496,0,43374
14,65494,65496,0,43399
14,65494,65496,0,43424
14,65494,65496,0,43449
14,65494,65496,0,43474
14,65494,65496,0,43499
14,65494,65496,0,43524
14,65494,65496,0,43549
14,65494,65496,0,43574
14,65494,65496,0,43598
14,65494,65496,0,43624
14,65494,65496,0,43649
14,65494,65496,0,43674
14,65494,65496,0,43699
14,65494,65496,0,43723
14,65494,65495,0,43749
14,65494,65495,0,43773
14,65494,65495,0,43798
14,65494,65496,0,43824
14,65494,65496,0,43848
14,65494,65496,0,43874
14,65494,65496,0,43898
14,65494,65496,0,43923
14,65494,65496,0,43949
14,65494,65496,0,43973
14,65494,65496,0,43998
14,65494,65496,0,44023
14,65494,65496,0,44048
14,65494,65496,0,44073
14,65494,65496,0,44098
14,65494,65496,0,44123
14,65494,65496,0,44148
14,65494,65496,0,44173
14,65494,65496,0,44197
14,65494,65496,0,44223
14,65494,65496,0,44248
14,65494,65496,0,44273
14,65494,65496,0,44298
14,65494,65496,0,44322
14,65494,65496,0,44348
14,65494,65496,0,44372
14,65494,65496,0,44397
14,65494,65496,0,44423
14,65494,65496,0,44447
14,65494,65496,0,44473
14,65494,65496,0,44497
14,65494,65496,0,44522
14,65494,65496,0,44548
14,65494,65496,0,44572
14,65494,65496,0,44597
14,65494,65496,0,44622
14,65494,65496,0,44647
14,65494,65496,0,44673
14,65494,65496,0,44697
14,65494,65496,0,44722
14,65494,65496,0,44747
14,65494,65496,0,44772
14,65494,65496,0,44796
14,65494,65496,0,44822
14,65494,65496,0,44847
14,65494,65496,0,44872
14,65494,65496,0,44897
14,65494,65496,0,44921
14,65494,65496,0,44947
14,65494,65496,0,44972
14,65494,65496,0,44996
14,65494,65496,0,45022
14,65494,65495,0,45046
14,65494,65495,0,45072
14,65494,65495,0,45096
14,65494,65496,0,45121
14,65494,65496,0,45147
14,65494,65496,0,45171
14,65494,65496,0,45196
14,65494,65496,0,45221
14,65494,65496,0,45246
14,65494,65496,0,45272
14,65494,65496,0,45296
14,65494,65496,0,45321
14,65494,65496,0,45346
14,65494,65496,0,45371
14,65494,65496,0,45395
14,65494,65496,0,45421
14,65494,65496,0,45446
14,65494,65496,0,45471
14,65494,65496,0,45496
14,65494,65496,0,45520
14,65494,65496,0,45546
14,65494,65496,0,45571
14,65494,65495,0,45595
14,65494,65495,0,45621
14,65494,65495,0,45645
14,65494,65496,0,45671
14,65494,65496,0,45696
14,65494,65496,0,45720
14,65494,65496,0,45746
14,65494,65496,0,45770
14,65494,65496,0,45795
14,65494,65496,0,45820
14,65494,65496,0,45845
14,65494,65495,0,45871
14,65494,65495,0,45895
14,65494,65495,0,45920
14,65494,65496,0,45945
14,65494,65496,0,45970
14,65494,65496,0,45995
14,65494,65496,0,46020
14,65494,65496,0,46045
15,65494,65496,0,46070
15,65494,65496,0,46095
15,65494,65496,0,46119
14,65494,65496,0,46145
14,65494,65496,0,46170
14,65494,65496,0,46194
14,65494,65496,0,46220
14,65494,65496,0,46244
14,65494,65495,0,46270
14,65494,65495,0,46295
14,65494,65495,0,46319
14,65494,65496,0,46345
14,65494,65496,0,46369
14,65494,65496,0,46394
14,65494,65496,0,46419
14,65494,65496,0,46444
14,65494,65496,0,46470
14,65494,65496,0,46494
14,65494,65496,0,46519
14,65494,65496,0,46544
14,65494,65496,0,46569
14,65494,65496,0,46594
14,65494,65496,0,46619
14,65494,65496,0,46644
14,65494,65496,0,46669
14,65494,65496,0,46694
14,65494,65496,0,46718
14,65494,65496,0,46744
14,65494,65496,0,46769
14,65494,65496,0,46793
14,65494,65496,0,46819
14,65494,65496,0,46843
14,65494,65496,0,46869
14,65494,65496,0,46894
14,65494,65496,0,46918
14,65494,65496,0,46944
14,65494,65496,0,46968
14,65494,65496,0,46993
14,65494,65496,0,47019
14,65494,65496,0,47043
14,65494,65496,0,47069
14,65494,65496,0,47093
14,65494,65496,0,47118
14,65494,65496,0,47143
14,65494,65496,0,47168
14,65494,65496,0,47193
14,65494,65496,0,47218
14,65494,65496,0,47243
14,65494,65496,0,47268
14,65494,65496,0,47293
14,65494,65496,0,47318
14,65494,65496,0,47343
14,65494,65496,0,47368
14,65494,65496,0,47392
14,65494,65496,0,47418
14,65494,65496,0,47442
14,65494,65496,0,47468
14,65494,65496,0,47493
14,65494,65496,0,47517
14,65494,65496,0,47543
14,65494,65496,0,47567
14,65494,65496,0,47592
14,65494,65496,0,47618
14,65494,65496,0,47642
14,65494,65496,0,47668
14,65494,65496,0,47692
14,65494,65495,0,47717
14,65494,65495,0,47742
14,65494,65495,0,47767
14,65494,65495,0,47792
14,65494,65495,0,47817
14,65494,65495,0,47842
14,65494,65495,0,47867
14,65494,65495,0,47892
14,65494,65496,0,47917
14,65494,65496,0,47942
14,65494,65496,0,47967
14,65494,65495,0,47991
14,65494,65495,0,48017
14,65494,65495,0,48041
14,65494,65495,0,48067
14,65494,65495,0,48092
14,65494,65496,0,48116
14,65494,65496,0,48142
14,65494,65496,0,48166
14,65494,65496,0,48191
14,65494,65496,0,48217
14,65494,65496,0,48241
14,65494,65495,0,48267
14,65494,65495,0,48291
14,65494,65495,0,48316
14,65494,65495,0,48342
14,65494,65495,0,48366
14,65494,65496,0,48391
14,65494,65496,0,48416
14,65494,65496,0,48441
14,65494,65495,0,48466
14,65494,65495,0,48491
14,65494,65495,0,48516
14,65494,65496,0,48541
14,65494,65496,0,48566
14,65494,65495,0,48590
14,65494,65495,0,48616
14,65494,65495,0,48641
14,65494,65496,0,48666
14,65494,65496,0,48691
14,65494,65496,0,48715
14,65494,65496,0,48741
14,65494,65496,0,48765
14,65493,65496,0,48790
14,65493,65496,0,48816
14,65493,65496,0,48840
14,65494,65495,0,48866
14,65494,65495,0,48890
14,65494,65495,0,48915
14,65494,65496,0,48941
14,65494,65496,0,48965
14,65494,65496,0,48990
14,65494,65496,0,49015
14,65494,65496,0,49040
14,65494,65495,0,49065
14,65494,65495,0,49090
14,65494,65495,0,49115
14,65494,65495,0,49140
14,65494,65495,0,49165
14,65494,65495,0,49189
15,65494,65496,0,49215
15,65494,65496,0,49240
15,65494,65496,0,49265
14,65494,65495,0,49290
14,65494,65495,0,49314
15,65494,65496,0,49340
15,65494,65496,0,49364
15,65494,65496,0,49389
15,65494,65496,0,49415
15,65494,65496,0,49439
15,65494,65496,0,49465
14,65494,65496,0,49489
14,65494,65496,0,49514
14,65494,65496,0,49540
14,65494,65496,0,49564
14,65494,65496,0,49589
15,65494,65495,0,49614
15,65494,65495,0,49639
15,65494,65495,0,49665
15,65494,65496,0,49689
15,65494,65496,0,49714
15,65494,65496,0,49739
15,65494,65496,0,49764
15,65494,65496,0,49788
15,65494,65496,0,49814
15,65494,65496,0,49839
15,65494,65496,0,49864
15,65494,65496,0,49889
15,65494,65496,0,49913
15,65494,65496,0,49939
15,65494,65496,0,49964
15,65494,65496,0,49988
15,65494,65496,0,50014
14,65493,65495,0,50038
14,65493,65495,0,50064
15,65493,65496,0,50088
15,65493,65496,0,50113
15,65493,65496,0,50139
15,65494,65495,0,50163
15,65494,65495,0,50188
15,65494,65495,0,50213
15,65494,65496,0,50238
15,65494,65496,0,50264
15,65494,65496,0,50288
15,65493,65495,0,50313
15,65493,65495,0,50338
15,65493,65495,0,50363
15,65493,65495,0,50387
15,65493,65495,0,50413
15,65493,65496,0,50438
15,65493,65496,0,50463
15,65493,65496,0,50488
15,65493,65495,0,50512
15,65493,65495,0,50538
15,65493,65496,0,50563
15,65493,65496,0,50587
15,65493,65496,0,50613
16,65493,65496,0,50637
16,65493,65496,0,50663
16,65493,65496,0,50688
16,65493,65496,0,50712
16,65493,65496,0,50738
16,65493,65496,0,50762
16,65493,65495,0,50787
16,65493,65495,0,50812
16,65493,65496,0,50837
16,65493,65496,0,50863
16,65493,65496,0,50887
16,65493,65496,0,50912
16,65493,65496,0,50937
16,65493,65496,0,50962
16,65493,65495,0,50987
16,65493,65495,0,51012
16,65493,65495,0,51037
16,65493,65495,0,51062
16,65493,65495,0,51087
16,65493,65495,0,51111
16,65493,65495,0,51137
16,65493,65495,0,51162
16,65493,65495,0,51186
16,65493,65495,0,51212
16,65493,65495,0,51236
16,65493,65495,0,51262
16,65493,65495,0,51287
16,65493,65495,0,51311
16,65493,65495,0,51337
16,65493,65495,0,51361
16,65493,65495,0,51386
16,65493,65495,0,51411
16,65493,65495,0,51436
17,65492,65495,0,51462
17,65492,65495,0,51486
17,65492,65495,0,51511
17,65493,65495,0,51536
17,65493,65495,0,51561
17,65492,65495,0,51586
17,65492,65495,0,51611
17,65492,65495,0,51636
17,65493,65495,0,51661
17,65493,65495,0,51686
17,65493,65495,0,51710
17,65492,65495,0,51736
17,65492,65495,0,51761
17,65492,65495,0,51785
17,65492,65495,0,51811
17,65492,65495,0,51835
17,65493,65495,0,51861
17,65493,65495,0,51886
17,65493,65495,0,51910
17,65493,65495,0,51936
17,65493,65495,0,51960
17,65493,65495,0,51985
17,65492,65495,0,52011
17,65492,65495,0,52035
17,65492,65495,0,52061
17,65492,65495,0,52085
17,65492,65495,0,52110
17,65492,65495,0,52135
17,65492,65495,0,52160
17,65492,65495,0,52185
17,65492,65495,0,52210
17,65492,65495,0,52235
17,65492,65495,0,52260
17,65492,65495,0,52285
17,65492,65495,0,52310
17,65492,65495,0,52335
17,65492,65495,0,52360
17,65492,65495,0,52384
17,65493,65495,0,52410
17,65493,65495,0,52434
17,65493,65495,0,52460
17,65492,65495,0,52485
17,65492,65495,0,52509
17,65492,65495,0,52535
17,65492,65495,0,52559
17,65492,65495,0,52584
17,65492,65495,0,52610
17,65492,65495,0,52634
17,65492,65495,0,52660
17,65492,65495,0,52684
17,65492,65495,0,52709
17,65492,65495,0,52734
17,65492,65495,0,52759
17,65492,65495,0,52784
17,65492,65495,0,52809
17,65492,65495,0,52834
17,65492,65495,0,52859
17,65492,65495,0,52884
17,65492,65495,0,52909
17,65492,65495,0,52934
17,65492,65495,0,52959
17,65492,65495,0,52983
17,65492,65495,0,53009
17,65492,65495,0,53033
17,65492,65495,0,53059
17,65492,65495,0,53084
17,65492,65495,0,53108
17,65492,65495,0,53134
17,65492,65496,0,53158
17,65492,65496,0,53183
17,65492,65496,0,53209
17,65492,65495,0,53233
17,65492,65495,0,53259
17,65492,65495,0,53283
17,65493,65495,0,53308
17,65493,65495,0,53334
18,65492,65495,0,53358
18,65492,65495,0,53383
18,65492,65495,0,53408
17,65493,65495,0,53433
17,65493,65495,0,53458
17,65493,65495,0,53483
17,65492,65495,0,53508
17,65492,65495,0,53533
17,65492,65495,0,53558
17,65492,65495,0,53582
17,65492,65495,0,53608
17,65492,65495,0,53633
17,65492,65495,0,53658
17,65492,65495,0,53683
17,65492,65495,0,53707
17,65492,65495,0,53733
17,65492,65495,0,53757
17,65492,65495,0,53782
17,65492,65495,0,53808
17,65492,65495,0,53832
17,65492,65495,0,53858
17,65492,65495,0,53882
17,65493,65495,0,53907
17,65493,65495,0,53933
17,65493,65495,0,53957
17,65492,65495,0,53982
17,65492,65495,0,54007
17,65492,65495,0,54032
17,65492,65495,0,54057
17,65492,65495,0,54082
17,65492,65496,0,54107
17,65492,65496,0,54132
17,65492,65496,0,54157
17,65492,65495,0,54181
17,65492,65495,0,54207
17,65492,65495,0,54232
17,65492,65495,0,54257
17,65492,65495,0,54282
17,65492,65495,0,54306
18,65492,65495,0,54332
18,65492,65495,0,54356
17,65492,65495,0,54381
17,65492,65495,0,54407
17,65492,65495,0,54431
18,65492,65495,0,54457
18,65492,65495,0,54481
18,65492,65495,0,54506
17,65492,65495,0,54532
17,65492,65495,0,54556
17,65492,65495,0,54581
17,65492,65495,0,54606
17,65492,65495,0,54631
17,65492,65495,0,54657
17,65492,65495,0,54681
17,65492,65495,0,54706
17,65492,65495,0,54731
17,65492,65495,0,54756
17,65492,65495,0,54780
17,65492,65495,0,54806
17,65492,65495,0,54831
17,65492,65495,0,54856
17,65492,65495,0,54881
17,65492,65495,0,54905
18,65492,65495,0,54931
18,65492,65495,0,54956
18,65492,65495,0,54980
17,65492,65495,0,55006
17,65492,65495,0,55030
17,65492,65495,0,55056
17,65492,65495,0,55080
17,65492,65495,0,55105
17,65492,65495,0,55131
17,65492,65495,0,55155
17,65492,65495,0,55180
17,65492,65495,0,55205
17,65492,65495,0,55230
17,65492,65495,0,55256
17,65492,65495,0,55280
17,65492,65495,0,55305
17,65492,65495,0,55330
17,65492,65495,0,55355
17,65492,65495,0,55379
18,65492,65495,0,55405
18,65492,65495,0,55430
18,65492,65495,0,55455
17,65492,65495,0,55480
17,65492,65495,0,55504
17,65492,65495,0,55530
17,65492,65495,0,55555
17,65492,65495,0,55579
17,65492,65495,0,55605
17,65492,65495,0,55629
17,65492,65495,0,55655
18,65492,65495,0,55680
18,65492,65495,0,55704
18,65492,65495,0,55730
18,65492,65495,0,55754
18,65492,65495,0,55779
18,65492,65495,0,55804
17,65492,65495,0,55829
17,65492,65495,0,55855
17,65492,65495,0,55879
17,65492,65495,0,55904
17,65492,65495,0,55929
17,65492,65495,0,55954
17,65492,65495,0,55979
17,65492,65495,0,56004
18,65492,65495,0,56029
18,65492,65495,0,56054
18,65492,65495,0,56079
18,65492,65495,0,56103
18,65492,65495,0,56129
17,65492,65495,0,56154
17,65492,65495,0,56178
17,65492,65495,0,56204
17,65492,65495,0,56228
17,65492,65495,0,56254
17,65492,65495,0,56279
18,65492,65495,0,56303
18,65492,65495,0,56329
18,65492,65495,0,56353
17,65492,65496,0,56378
17,65492,65496,0,56403
17,65492,65495,0,56428
17,65492,65495,0,56454
17,65492,65495,0,56478
17,65492,65495,0,56503
17,65492,65495,0,56528
17,65492,65495,0,56553
17,65492,65495,0,56578
17,65492,65495,0,56603
17,65492,65495,0,56628
17,65492,65495,0,56653
17,65492,65495,0,56678
17,65492,65495,0,56702
17,65492,65495,0,56728
17,65492,65495,0,56753
17,65492,65495,0,56777
17,65492,65495,0,56803
17,65492,65495,0,56827
17,65492,65495,0,56853
17,65492,65495,0,56878
17,65492,65495,0,56902
17,65492,65495,0,56928
17,65492,65495,0,56952
17,65492,65495,0,56977
17,65492,65495,0,57003
17,65492,65495,0,57027
17,65492,65495,0,57053
17,65492,65495,0,57077
17,65492,65495,0,57102
17,65492,65495,0,57127
17,65492,65495,0,57152
17,65492,65495,0,57177
17,65492,65495,0,57202
17,65492,65495,0,57227
18,65492,65495,0,57252
18,65492,65495,0,57277
18,65492,65495,0,57302
17,65492,65495,0,57327
17,65492,65495,0,57352
17,65492,65495,0,57376
17,65492,65495,0,57402
17,65492,65495,0,57426
17,65492,65495,0,57452
17,65492,65495,0,57477
17,65492,65495,0,57501
17,65492,65495,0,57527
17,65492,65495,0,57551
17,65492,65495,0,57576
17,65492,65495,0,57602
17,65492,65495,0,57626
17,65492,65495,0,57652
17,65492,65495,0,57676
17,65492,65495,0,57701
17,65492,65495,0,57726
17,65492,65495,0,57751
17,65492,65495,0,57776
17,65492,65495,0,57801
17,65492,65495,0,57826
17,65492,65495,0,57851
17,65492,65495,0,57876
17,65492,65495,0,57901
17,65492,65495,0,57926
17,65492,65495,0,57951
17,65492,65495,0,57975
17,65492,65495,0,58001
17,65492,65495,0,58025
17,65492,65495,0,58051
17,65492,65495,0,58076
17,65492,65495,0,58100
17,65492,65495,0,58126
17,65492,65495,0,58150
17,65492,65495,0,58175
17,65492,65495,0,58201
17,65492,65495,0,58225
17,65492,65495,0,58251
17,65492,65495,0,58275
17,65492,65495,0,58300
17,65492,65495,0,58326
17,65492,65495,0,58350
17,65492,65495,0,58375
17,65492,65495,0,58400
17,65492,65495,0,58425
17,65492,65495,0,58450
17,65492,65495,0,58475
17,65492,65495,0,58500
17,65492,65495,0,58525
17,65492,65495,0,58550
17,65492,65495,0,58574
17,65492,65495,0,58600
17,65492,65495,0,58625
17,65492,65495,0,58650
17,65492,65495,0,58675
17,65492,65495,0,58699
17,65492,65495,0,58725
17,65492,65495,0,58749
17,65492,65495,0,58774
17,65492,65495,0,58800
17,65492,65495,0,58824
17,65492,65495,0,58850
17,65492,65495,0,58874
17,65492,65495,0,58899
17,65492,65495,0,58925
17,65492,65495,0,58949
17,65492,65495,0,58974
17,65492,65495,0,58999
17,65492,65495,0,59024
17,65492,65495,0,59049
17,65492,65495,0,59074
18,65492,65495,0,59099
18,65492,65495,0,59124
17,65492,65495,0,59149
17,65492,65495,0,59173
17,65492,65495,0,59199
17,65492,65495,0,59224
17,65492,65495,0,59249
17,65492,65495,0,59274
17,65492,65495,0,59298
17,65492,65495,0,59324
17,65492,65495,0,59348
17,65492,65495,0,59373
17,65492,65495,0,59399
17,65492,65495,0,59423
17,65492,65495,0,59449
17,65492,65495,0,59473
17,65492,65495,0,59498
17,65492,65495,0,59524
17,65492,65495,0,59548
17,65492,65495,0,59573
17,65492,65495,0,59598
17,65492,65495,0,59623
17,65492,65495,0,59649