65514,65507,65489,0,23042
65514,65507,65489,0,23070
65514,65507,65489,0,23098
65514,65507,65489,0,23126
65514,65506,65488,0,23154
65514,65506,65488,0,23182
65514,65507,65489,0,23211
65514,65507,65489,0,23238
65514,65507,65488,0,23267
65514,65507,65488,0,23294
65514,65507,65488,0,23322
65513,65507,65489,0,23351
65513,65507,65489,0,23378
65514,65507,65489,0,23407
65514,65507,65489,0,23435
65514,65507,65489,0,23463
65514,65507,65489,0,23491
65514,65507,65489,0,23519
65513,65507,65489,0,23547
65513,65507,65489,0,23575
65513,65507,65488,0,23604
65514,65507,65488,0,23631
65514,65507,65488,0,23659
65514,65507,65488,0,23688
65514,65507,65488,0,23715
65514,65507,65489,0,23744
65514,65507,65489,0,23772
65514,65507,65489,0,23800
65514,65507,65489,0,23828
65514,65507,65489,0,23856
65514,65507,65489,0,23884
65514,65507,65489,0,23912
65514,65507,65489,0,23941
65514,65507,65489,0,23968
65514,65507,65489,0,23997
65514,65507,65489,0,24025
65514,65507,65489,0,24052
65514,65507,65488,0,24081
65514,65507,65488,0,24109
65514,65507,65488,0,24137
65513,65507,65489,0,24165
65513,65507,65489,0,24193
65514,65507,65489,0,24221
65514,65507,65489,0,24249
65514,65507,65489,0,24278
65514,65507,65489,0,24305
65514,65507,65489,0,24334
65514,65507,65488,0,24361
65514,65507,65488,0,24389
65514,65507,65488,0,24418
65514,65507,65488,0,24445
65514,65507,65488,0,24474
65514,65507,65488,0,24502
65514,65507,65488,0,24530
65514,65507,65489,0,24558
65514,65507,65489,0,24586
65514,65507,65489,0,24614
65514,65507,65489,0,24642
65514,65507,65489,0,24671
65514,65507,65488,0,24698
65514,65507,65488,0,24726
65514,65507,65488,0,24755
65513,65507,65489,0,24782
65513,65507,65489,0,24811
65514,65507,65489,0,24839
65514,65507,65489,0,24867
65514,65507,65489,0,24895
65514,65507,65488,0,24923
65514,65507,65488,0,24951
65514,65507,65488,0,24979
65514,65507,65488,0,25008
65514,65507,65489,0,25035
65514,65507,65489,0,25064
65514,65507,65489,0,25092
65514,65507,65489,0,25119
65514,65507,65489,0,25148
65514,65507,65489,0,25176
65514,65507,65489,0,25204
65514,65507,65489,0,25232
65514,65507,65489,0,25261
65514,65507,65489,0,25288
65514,65507,65488,0,25316
65514,65507,65488,0,25345
65514,65507,65488,0,25372
65514,65507,65489,0,25401
65514,65507,65489,0,25428
65514,65507,65489,0,25456
65514,65507,65489,0,25485
65514,65506,65489,0,25512
65514,65506,65489,0,25541
65514,65506,65489,0,25569
65514,65507,65489,0,25597
65514,65507,65489,0,25625
65514,65507,65489,0,25653
65514,65507,65489,0,25681
65514,65507,65489,0,25709
65514,65507,65488,0,25738
65514,65507,65488,0,25765
65514,65507,65489,0,25794
65514,65507,65489,0,25822
65514,65507,65489,0,25849
65514,65506,65489,0,25878
65514,65506,65489,0,25906
65514,65507,65488,0,25934
65514,65507,65488,0,25962
65513,65507,65489,0,25990
65513,65507,65489,0,26018
65513,65507,65489,0,26046
65514,65507,65489,0,26075
65514,65507,65489,0,26102
65514,65507,65488,0,26131
65514,65507,65488,0,26159
65514,65507,65488,0,26186
65514,65507,65488,0,26215
65514,65507,65488,0,26243
65514,65507,65489,0,26271
65514,65507,65489,0,26299
65514,65507,65489,0,26328
65514,65507,65488,0,26355
65514,65507,65488,0,26383
65514,65507,65489,0,26412
65514,65507,65489,0,26439
65514,65507,65489,0,26468
65514,65507,65489,0,26496
65514,65507,65489,0,26523
65514,65507,65489,0,26552
65514,65507,65489,0,26579
65514,65507,65489,0,26608
65514,65507,65489,0,26636
65514,65507,65489,0,26664
65514,65507,65489,0,26692
65514,65507,65489,0,26720
65514,65507,65489,0,26748
65514,65507,65489,0,26776
65514,65507,65489,0,26805
65514,65507,65489,0,26832
65514,65507,65489,0,26861
65514,65507,65488,0,26889
65514,65507,65488,0,26916
65514,65507,65489,0,26945
65514,65507,65489,0,26973
65514,65507,65489,0,27001
65514,65507,65489,0,27029
65514,65507,65489,0,27058
65514,65507,65489,0,27085
65514,65507,65489,0,27113
65514,65507,65489,0,27142
65514,65507,65489,0,27169
65514,65507,65489,0,27198
65514,65507,65488,0,27226
65514,65507,65488,0,27253
65514,65507,65488,0,27282
65514,65507,65488,0,27310
65514,65507,65488,0,27338
65514,65507,65489,0,27366
65514,65507,65489,0,27395
65514,65507,65489,0,27422
65514,65507,65489,0,27450
65514,65507,65489,0,27479
65514,65507,65489,0,27506
65514,65507,65489,0,27535
65514,65507,65488,0,27563
65514,65507,65488,0,27591
65514,65507,65488,0,27619
65514,65507,65489,0,27646
65514,65507,65489,0,27675
65514,65507,65488,0,27703
65514,65507,65488,0,27731
65514,65507,65488,0,27759
65514,65507,65488,0,27787
65514,65507,65488,0,27815
65514,65507,65488,0,27843
65514,65507,65488,0,27872
65514,65507,65488,0,27899
65514,65507,65488,0,27928
65514,65507,65488,0,27956
65514,65507,65488,0,27983
65514,65507,65488,0,28012
65514,65507,65489,0,28040
65514,65507,65489,0,28068
65514,65507,65489,0,28096
65514,65507,65489,0,28125
65514,65507,65489,0,28152
65514,65507,65488,0,28180
65514,65507,65488,0,28209
65514,65507,65489,0,28236
65514,65507,65489,0,28265
65514,65507,65489,0,28293
65514,65507,65489,0,28320
65514,65507,65489,0,28349
65514,65507,65489,0,28377
65514,65507,65489,0,28405
65514,65507,65489,0,28433
65514,65507,65489,0,28462
65514,65507,65489,0,28489
65514,65507,65489,0,28517
65514,65507,65489,0,28546
65514,65507,65489,0,28573
65514,65507,65488,0,28602
65514,65507,65488,0,28630
65514,65507,65488,0,28658
65514,65507,65488,0,28686
65514,65507,65488,0,28713
65514,65507,65488,0,28742
65514,65507,65488,0,28770
65514,65507,65489,0,28798
65514,65507,65489,0,28826
65514,65507,65489,0,28855
65514,65507,65489,0,28882
65514,65507,65489,0,28910
65514,65507,65489,0,28939
65514,65507,65489,0,28966
65514,65507,65488,0,28995
65514,65507,65488,0,29023
65514,65507,65488,0,29050
65514,65507,65489,0,29079
65514,65507,65489,0,29107
65514,65507,65489,0,29135
65514,65507,65489,0,29163
65514,65507,65489,0,29192
65514,65507,65489,0,29219
65514,65507,65489,0,29247
65514,65507,65489,0,29276
65514,65507,65489,0,29303
65514,65507,65489,0,29332
65514,65507,65489,0,29360
65514,65507,65489,0,29388
65514,65507,65488,0,29416
65514,65507,65488,0,29444
65514,65507,65488,0,29472
65514,65507,65488,0,29500
65514,65507,65488,0,29529
65514,65507,65488,0,29556
65514,65507,65488,0,29584
65514,65507,65489,0,29613
65514,65507,65489,0,29640
65514,65507,65488,0,29669
65514,65507,65488,0,29697
65514,65507,65488,0,29725
65514,65507,65489,0,29753
65514,65507,65489,0,29780
65514,65507,65489,0,29809
65514,65507,65489,0,29837
65514,65507,65489,0,29865
65514,65507,65488,0,29893
65514,65507,65488,0,29922
65514,65507,65489,0,29949
65514,65507,65489,0,29977
65514,65507,65489,0,30006
65514,65507,65488,0,30033
65514,65507,65488,0,30062
65514,65507,65489,0,30090
65514,65507,65489,0,30117
65514,65507,65488,0,30146
65514,65507,65488,0,30174
65514,65507,65488,0,30202
65514,65507,65489,0,30230
65514,65507,65489,0,30259
65514,65507,65488,0,30286
65514,65507,65488,0,30314
65514,65507,65488,0,30343
65514,65507,65488,0,30370
65514,65507,65488,0,30399
65514,65507,65488,0,30427
65514,65507,65488,0,30455
65514,65507,65488,0,30483
65514,65507,65488,0,30511
65514,65507,65488,0,30539
65514,65507,65489,0,30567
65514,65507,65489,0,30596
65514,65507,65488,0,30623
65514,65507,65488,0,30652
65514,65507,65488,0,30680
65514,65507,65489,0,30707
65514,65507,65489,0,30736
65514,65507,65489,0,30764
65514,65507,65489,0,30792
65514,65507,65489,0,30820
65514,65507,65488,0,30848
65514,65507,65488,0,30876
65514,65507,65489,0,30904
65514,65507,65489,0,30932
65514,65507,65488,0,30960
65514,65507,65488,0,30989
65514,65507,65488,0,31016
65514,65507,65488,0,31044
65514,65507,65488,0,31073
65514,65507,65488,0,31100
65514,65507,65488,0,31129
65514,65507,65488,0,31157
65514,65507,65488,0,31185
65514,65507,65488,0,31213
65514,65507,65488,0,31241
65514,65507,65488,0,31269
65514,65507,65488,0,31297
65514,65507,65489,0,31326
65514,65507,65489,0,31353
65514,65507,65489,0,31381
65514,65507,65489,0,31410
65514,65507,65488,0,31437
65514,65507,65488,0,31466
65514,65507,65488,0,31494
65514,65507,65489,0,31522
65514,65507,65489,0,31550
65514,65507,65488,0,31578
65514,65507,65488,0,31606
65514,65507,65488,0,31634
65514,65507,65489,0,31663
65514,65507,65489,0,31690
65514,65507,65489,0,31719
65514,65507,65489,0,31747
65514,65507,65489,0,31774
65513,65507,65488,0,31803
65513,65507,65488,0,31831
65514,65507,65489,0,31859
65514,65507,65489,0,31887
65514,65507,65488,0,31915
65514,65507,65488,0,31943
65514,65507,65488,0,31971
65514,65507,65488,0,32000
65514,65507,65488,0,32027
65514,65507,65489,0,32056
65514,65507,65489,0,32083
65514,65507,65489,0,32111
65514,65507,65489,0,32140
65514,65507,65489,0,32167
65514,65506,65488,0,32196
65514,65506,65488,0,32224
65514,65506,65488,0,32252
65514,65507,65489,0,32280
65514,65507,65489,0,32308
65514,65507,65489,0,32336
65514,65507,65489,0,32364
65514,65507,65488,0,32393
65514,65507,65488,0,32420
65514,65507,65488,0,32449
65514,65507,65489,0,32477
65514,65507,65489,0,32504
65514,65507,65488,0,32533
65514,65507,65488,0,32561
65514,65507,65488,0,32589
65514,65507,65488,0,32617
65514,65507,65488,0,32645
65514,65507,65488,0,32673
65514,65507,65488,0,32701
65514,65507,65488,0,32730
65514,65507,65489,0,32757
65514,65507,65489,0,32786
65514,65507,65489,0,32814
65514,65507,65489,0,32841
65514,65506,65488,0,32870
65514,65506,65488,0,32898
65514,65506,65488,0,32926
65514,65507,65488,0,32954
65514,65507,65488,0,32983
65514,65507,65488,0,33010
65514,65507,65488,0,33038
65514,65507,65488,0,33067
65514,65507,65488,0,33094
65514,65507,65488,0,33123
65513,65507,65489,0,33150
65513,65507,65489,0,33178
65513,65507,65489,0,33207
65514,65507,65488,0,33234
65514,65507,65488,0,33263
65514,65507,65489,0,33291
65514,65507,65489,0,33319
65514,65506,65489,0,33347
65514,65506,65489,0,33375
65514,65506,65489,0,33403
65514,65507,65489,0,33431
65514,65507,65489,0,33460
65514,65507,65489,0,33487
65514,65507,65489,0,33516
65514,65507,65489,0,33544
65514,65507,65489,0,33571
65514,65507,65489,0,33600
65514,65507,65488,0,33628
65514,65507,65488,0,33656
65514,65507,65488,0,33684
65514,65506,65488,0,33712
65514,65506,65488,0,33740
65514,65507,65488,0,33768
65514,65507,65488,0,33797
65514,65506,65489,0,33824
65514,65506,65489,0,33853
65514,65506,65489,0,33881
65514,65507,65489,0,33908
65514,65507,65489,0,33937
65514,65507,65488,0,33965
65514,65507,65488,0,33993
65514,65507,65488,0,34021
65514,65506,65488,0,34050
65514,65506,65488,0,34077
65514,65507,65489,0,34105
65514,65507,65489,0,34134
65514,65507,65489,0,34161
65513,65507,65489,0,34190
65513,65507,65489,0,34217
65514,65506,65489,0,34246
65514,65506,65489,0,34274
65514,65507,65488,0,34301
65514,65507,65488,0,34330
65514,65507,65488,0,34358
65514,65507,65488,0,34386
65514,65507,65488,0,34414
65514,65506,65489,0,34442
65514,65506,65489,0,34470
65514,65506,65489,0,34498
65514,65507,65488,0,34527
65514,65507,65488,0,34554
65514,65507,65489,0,34583
65514,65507,65489,0,34611
65514,65507,65489,0,34638
65514,65506,65488,0,34667
65514,65506,65488,0,34695
65514,65507,65489,0,34723
65514,65507,65489,0,34751
65514,65507,65489,0,34780
65514,65507,65489,0,34807
65514,65507,65489,0,34835
65514,65507,65489,0,34864
65514,65507,65489,0,34891
65514,65507,65488,0,34920
65514,65507,65488,0,34948
65514,65507,65488,0,34975
65514,65507,65489,0,35004
65514,65507,65489,0,35032
65514,65506,65489,0,35060
65514,65506,65489,0,35088
65514,65506,65489,0,35117
65514,65506,65489,0,35144
65514,65506,65489,0,35172
65514,65506,65489,0,35201
65514,65506,65489,0,35228
65514,65506,65489,0,35257
65514,65506,65489,0,35284
65514,65506,65489,0,35313
65513,65506,65489,0,35341
65513,65506,65489,0,35368
65514,65506,65489,0,35397
65514,65506,65489,0,35425
65514,65506,65489,0,35453
65514,65506,65489,0,35481
65514,65506,65489,0,35509
65514,65506,65489,0,35537
65514,65506,65489,0,35565
65514,65506,65489,0,35594
65514,65506,65489,0,35621
65514,65506,65489,0,35650
65514,65506,65489,0,35678
65514,65506,65489,0,35705
65514,65506,65489,0,35734
65514,65506,65489,0,35762
65514,65506,65489,0,35790
65514,65505,65489,0,35818
65514,65505,65489,0,35847
65514,65506,65489,0,35874
65514,65506,65489,0,35902
65514,65506,65489,0,35931
65514,65505,65489,0,35958
65514,65505,65489,0,35987
65514,65505,65489,0,36015
65514,65505,65489,0,36043
65513,65505,65489,0,36071
65513,65505,65489,0,36099
65513,65505,65489,0,36127
65514,65504,65489,0,36155
65514,65504,65489,0,36184
65514,65504,65489,0,36211
65514,65504,65489,0,36239
65514,65504,65489,0,36268
65514,65503,65490,0,36295
65514,65503,65490,0,36324
65514,65503,65490,0,36352
65514,65503,65490,0,36380
65514,65503,65490,0,36408
65514,65502,65490,0,36435
65514,65502,65490,0,36464
65514,65501,65490,0,36492
65514,65501,65490,0,36520
65514,65500,65490,0,36548
65514,65500,65490,0,36577
65514,65500,65490,0,36604
65514,65498,65490,0,36632
65514,65498,65490,0,36661
65514,65495,65489,0,36688
65514,65495,65489,0,36717
65514,65495,65489,0,36745
65514,65492,65488,0,36772
65514,65492,65488,0,36801
65513,65489,65484,0,36829
65513,65489,65484,0,36857
65513,65489,65484,0,36885
65513,65488,65479,0,36914
65513,65488,65479,0,36941
65514,65489,65474,0,36969
65514,65489,65474,0,36998
65517,65486,65468,0,37025
65517,65486,65468,0,37054
65517,65486,65468,0,37082
65526,65487,65455,0,37110
65526,65487,65455,0,37138
65533,65496,65448,0,37166
65533,65496,65448,0,37194
65533,65496,65448,0,37222
0,65510,65448,0,37251
0,65510,65448,0,37274
65530,65528,65464,0,37298
65530,65528,65464,0,37326
65530,65528,65464,0,37354
65520,65526,65489,0,37383
65520,65526,65489,0,37410
65518,65518,65493,0,37438
65518,65518,65493,0,37467
65518,65518,65493,0,37494
65518,65516,65494,0,37523
65518,65516,65494,0,37551
65521,65514,65494,0,37579
65521,65514,65494,0,37607
65521,65514,65494,0,37635
65523,65513,65494,0,37663
65523,65513,65494,0,37691
65527,65513,65493,0,37720
65527,65513,65493,0,37747
65531,65513,65493,0,37776
65531,65513,65493,0,37804
65531,65513,65493,0,37831
65533,65513,65493,0,37860
65533,65513,65493,0,37888
65533,65513,65494,0,37916
65533,65513,65494,0,37944
65533,65513,65494,0,37971
65533,65511,65495,0,38000
65533,65511,65495,0,38028
65533,65509,65495,0,38056
65533,65509,65495,0,38084
65533,65509,65495,0,38113
65532,65506,65494,0,38140
65532,65506,65494,0,38168
65531,65505,65491,0,38197
65531,65505,65491,0,38224
65530,65506,65489,0,38253
65530,65506,65489,0,38281
65530,65506,65489,0,38309
65530,65507,65490,0,38337
65530,65507,65490,0,38365
65529,65507,65490,0,38393
65529,65507,65490,0,38421
65529,65507,65490,0,38450
65529,65509,65491,0,38477
65529,65509,65491,0,38506
65528,65509,65494,0,38534
65528,65509,65494,0,38561
65528,65509,65494,0,38590
65526,65507,65496,0,38618
65526,65507,65496,0,38646
65523,65506,65497,0,38674
65523,65506,65497,0,38702
65521,65505,65498,0,38730
65521,65505,65498,0,38758
65521,65505,65498,0,38787
65518,65504,65498,0,38814
65518,65504,65498,0,38843
65515,65503,65499,0,38871
65515,65503,65499,0,38898
65515,65503,65499,0,38927
65512,65501,65500,0,38955
65512,65501,65500,0,38983
65509,65495,65497,0,39011
65509,65495,65497,0,39040
65509,65495,65497,0,39067
65508,65493,65491,0,39095
65508,65493,65491,0,39123
65510,65491,65486,0,39151
65510,65491,65486,0,39180
65513,65491,65480,0,39207
65513,65491,65480,0,39235
65513,65491,65480,0,39264
65516,65494,65473,0,39291
65516,65494,65473,0,39320
65519,65502,65471,0,39348
65519,65502,65471,0,39376
65519,65502,65471,0,39404
65519,65508,65476,0,39432
65519,65508,65476,0,39460
65520,65507,65482,0,39488
65520,65507,65482,0,39517
65520,65507,65482,0,39544
65519,65504,65485,0,39573
65519,65504,65485,0,39601
65520,65500,65484,0,39628
65520,65500,65484,0,39657
65520,65497,65483,0,39685
65520,65497,65483,0,39713
65520,65497,65483,0,39741
65521,65495,65479,0,39769
65521,65495,65479,0,39797
65523,65495,65476,0,39825
65523,65495,65476,0,39854
65523,65495,65476,0,39881
65523,65495,65474,0,39910
65523,65495,65474,0,39938
65524,65496,65471,0,39965
65524,65496,65471,0,39994
65524,65496,65471,0,40022
65523,65498,65469,0,40050
65523,65498,65469,0,40078
65523,65501,65467,0,40107
65523,65501,65467,0,40134
65522,65506,65466,0,40162
65522,65506,65466,0,40190
65522,65506,65466,0,40218
65522,65509,65468,0,40247
65522,65509,65468,0,40274
65522,65512,65469,0,40303
65522,65512,65469,0,40331
65522,65512,65469,0,40358
65521,65514,65471,0,40387
65521,65514,65471,0,40415
65520,65516,65474,0,40443
65520,65516,65474,0,40471
65520,65516,65474,0,40499
65520,65516,65474,0,40527
65520,65516,65474,0,40555
65519,65517,65479,0,40584
65519,65517,65479,0,40611
65518,65517,65481,0,40640
65518,65517,65481,0,40668
65518,65517,65481,0,40695
65517,65516,65483,0,40724
65517,65516,65483,0,40752
65517,65516,65485,0,40780
65517,65516,65485,0,40808
65517,65516,65485,0,40837
65516,65514,65486,0,40864
65516,65514,65486,0,40892
65516,65514,65487,0,40921
65516,65514,65487,0,40948
65516,65513,65487,0,40977
65516,65513,65487,0,41005
65516,65513,65487,0,41032
65516,65512,65488,0,41061
65516,65512,65488,0,41089
65516,65512,65488,0,41117
65516,65512,65488,0,41145
65516,65512,65488,0,41174
65515,65511,65488,0,41201
65515,65511,65488,0,41229
65515,65511,65488,0,41257
65515,65511,65488,0,41285
65515,65511,65488,0,41314
65515,65510,65488,0,41341
65515,65510,65488,0,41370
65515,65510,65489,0,41398
65515,65510,65489,0,41425
65515,65510,65489,0,41454
65515,65510,65489,0,41482
65515,65510,65489,0,41510
65515,65509,65489,0,41538
65515,65509,65489,0,41566
65515,65509,65489,0,41594
65515,65509,65489,0,41622
65515,65509,65489,0,41651
65514,65509,65489,0,41678
65514,65509,65489,0,41707
65515,65509,65489,0,41735
65515,65509,65489,0,41762
65515,65509,65489,0,41791
65515,65509,65489,0,41819
65515,65509,65489,0,41847
65514,65509,65489,0,41875
65514,65509,65489,0,41904
65514,65509,65489,0,41931
65514,65509,65489,0,41959
65514,65509,65489,0,41988
65514,65509,65489,0,42015
65514,65509,65489,0,42044
65515,65509,65489,0,42072
65515,65509,65489,0,42100
65515,65509,65489,0,42128
65515,65509,65489,0,42156
65515,65509,65489,0,42184
65515,65509,65489,0,42212
65515,65509,65489,0,42241
65515,65509,65489,0,42268
65514,65509,65489,0,42296
65514,65509,65489,0,42324
65514,65509,65489,0,42352
65514,65509,65489,0,42381
65515,65509,65489,0,42408
65515,65509,65489,0,42437
65515,65509,65489,0,42465
65515,65509,65489,0,42492
65515,65509,65489,0,42521
65514,65509,65489,0,42549
65514,65509,65489,0,42577
65514,65509,65489,0,42605
65515,65509,65489,0,42634
65515,65509,65489,0,42661
65515,65509,65489,0,42689
65515,65509,65489,0,42718
65515,65509,65489,0,42745
65515,65509,65489,0,42774
65515,65509,65489,0,42802
65515,65509,65489,0,42829
65515,65509,65489,0,42858
65514,65509,65489,0,42886
65514,65509,65489,0,42914
65514,65509,65489,0,42942
65515,65509,65489,0,42971
65515,65509,65489,0,42998
65515,65509,65489,0,43026
65515,65509,65489,0,43055
65515,65509,65489,0,43082
65515,65509,65489,0,43111
65515,65509,65489,0,43139
65514,65509,65489,0,43167
65514,65509,65489,0,43195
65514,65509,65489,0,43223
65515,65509,65489,0,43251
65515,65509,65489,0,43279
65515,65509,65489,0,43308
65515,65509,65489,0,43335
65515,65509,65489,0,43363
65515,65509,65489,0,43392
65515,65509,65489,0,43419
65515,65509,65489,0,43448
65515,65509,65489,0,43475
65515,65509,65489,0,43504
65515,65509,65489,0,43532
65515,65509,65489,0,43559
65515,65509,65489,0,43588
65515,65509,65489,0,43616
65515,65509,65489,0,43644
65515,65509,65489,0,43672
65515,65509,65489,0,43701
65515,65510,65489,0,43728
65515,65510,65489,0,43756
65515,65510,65489,0,43785
65515,65510,65489,0,43812
65515,65510,65489,0,43841
65515,65510,65489,0,43869
65515,65510,65489,0,43897
65515,65510,65489,0,43925
65515,65510,65489,0,43953
65515,65511,65488,0,43981
65515,65511,65488,0,44009
65515,65511,65488,0,44038
65515,65511,65488,0,44065
65515,65511,65488,0,44093
65516,65512,65488,0,44122
65516,65512,65488,0,44149
65516,65512,65488,0,44178
65516,65512,65488,0,44206
65516,65512,65488,0,44234
65516,65513,65487,0,44262
65516,65513,65487,0,44290
65516,65514,65486,0,44318
65516,65514,65486,0,44346
65516,65514,65486,0,44375
65517,65515,65485,0,44402
65517,65515,65485,0,44431
65517,65516,65484,0,44459
65517,65516,65484,0,44486
65517,65516,65484,0,44515
65518,65517,65481,0,44542
65518,65517,65481,0,44571
65519,65517,65479,0,44599
65519,65517,65479,0,44626
65520,65517,65475,0,44655
65520,65517,65475,0,44683
65520,65517,65475,0,44711
65521,65515,65472,0,44739
65521,65515,65472,0,44768
65522,65512,65469,0,44795
65522,65512,65469,0,44823
65522,65512,65469,0,44852
65522,65508,65467,0,44879
65522,65508,65467,0,44908
65523,65502,65467,0,44936
65523,65502,65467,0,44964
65523,65502,65467,0,44992
65523,65498,65470,0,45020
65523,65498,65470,0,45048
65523,65496,65472,0,45076
65523,65496,65472,0,45105
65522,65494,65476,0,45132
65522,65494,65476,0,45160
65522,65494,65476,0,45189
65521,65495,65480,0,45216
65521,65495,65480,0,45245
65520,65498,65484,0,45273
65520,65498,65484,0,45301
65520,65498,65484,0,45329
65519,65503,65485,0,45357
65519,65503,65485,0,45385
65520,65507,65482,0,45413
65520,65507,65482,0,45442
65520,65507,65482,0,45469
65519,65506,65474,0,45498
65519,65506,65474,0,45526
65517,65496,65472,0,45553
65517,65496,65472,0,45582
65513,65490,65480,0,45609
65513,65490,65480,0,45638
65513,65490,65480,0,45666
65509,65491,65488,0,45694
65509,65491,65488,0,45722
65509,65493,65495,0,45750
65509,65493,65495,0,45778
65509,65493,65495,0,45806
65511,65499,65500,0,45835
65511,65499,65500,0,45862
65515,65503,65499,0,45890
65515,65503,65499,0,45919
65515,65503,65499,0,45946
65519,65504,65499,0,45975
65519,65504,65499,0,46003
65522,65506,65498,0,46031
65522,65506,65498,0,46059
65524,65507,65498,0,46087
65524,65507,65498,0,46115
65524,65507,65498,0,46143
65527,65508,65496,0,46172
65527,65508,65496,0,46199
65529,65509,65493,0,46228
65529,65509,65493,0,46256
65529,65509,65493,0,46283
65529,65508,65491,0,46312
65529,65508,65491,0,46340
65530,65507,65491,0,46368
65530,65507,65491,0,46396
65530,65507,65491,0,46424
65530,65507,65490,0,46452
65530,65507,65490,0,46480
65531,65505,65491,0,46509
65531,65505,65491,0,46536
65531,65505,65493,0,46565
65531,65505,65493,0,46593
65531,65505,65493,0,46620
65532,65508,65495,0,46649
65532,65508,65495,0,46676
65533,65510,65495,0,46705
65533,65510,65495,0,46733
65533,65510,65495,0,46761
65534,65512,65495,0,46789
65534,65512,65495,0,46817
65534,65513,65494,0,46845
65534,65513,65494,0,46873
65534,65513,65494,0,46902
65532,65513,65492,0,46929
65532,65513,65492,0,46957
65529,65513,65492,0,46986
65529,65513,65492,0,47013
65526,65513,65491,0,47042
65526,65513,65491,0,47070
65526,65513,65491,0,47098
65523,65514,65492,0,47126
65523,65514,65492,0,47154
65521,65515,65494,0,47182
65521,65515,65494,0,47210
65521,65515,65494,0,47239
65519,65517,65493,0,47266
65519,65517,65493,0,47295
65519,65520,65493,0,47323
65519,65520,65493,0,47350
65519,65520,65493,0,47379
65520,65524,65490,0,47407
65520,65524,65490,0,47435
65525,65532,65476,0,47463
65525,65532,65476,0,47492
65533,65520,65451,0,47519
65533,65520,65451,0,47547
65533,65520,65451,0,47576
65534,65505,65443,0,47603
65534,65505,65443,0,47632
65529,65492,65444,0,47660
65529,65492,65444,0,47687
65529,65492,65444,0,47716
65523,65485,65451,0,47744
65523,65485,65451,0,47772
65517,65484,65464,0,47800
65517,65484,65464,0,47828
65517,65484,65464,0,47856
65514,65487,65472,0,47884
65514,65487,65472,0,47912
65513,65488,65475,0,47940
65513,65488,65475,0,47969
65513,65488,65479,0,47996
65513,65488,65479,0,48025
65513,65488,65479,0,48053
65513,65488,65484,0,48080
65513,65488,65484,0,48109
65513,65491,65487,0,48137
65513,65491,65487,0,48165
65513,65491,65487,0,48193
65513,65493,65488,0,48221
65513,65493,65488,0,48249
65514,65495,65489,0,48277
65514,65495,65489,0,48306
65514,65495,65489,0,48333
65514,65497,65490,0,48362
65514,65497,65490,0,48390
65514,65499,65490,0,48417
65514,65499,65490,0,48446
65514,65500,65490,0,48474
65514,65500,65490,0,48502
65514,65500,65490,0,48530
65514,65501,65490,0,48559
65514,65501,65490,0,48586
65514,65502,65490,0,48614
65514,65502,65490,0,48643
65514,65502,65490,0,48670
65514,65502,65490,0,48699
65514,65502,65490,0,48727
65514,65503,65490,0,48754
65514,65503,65490,0,48783
65514,65503,65490,0,48811
65514,65503,65489,0,48839
65514,65503,65489,0,48867
65514,65503,65490,0,48896
65514,65503,65490,0,48923
65514,65504,65489,0,48951
65514,65504,65489,0,48979
65514,65504,65489,0,49007
65514,65504,65489,0,49036
65514,65504,65489,0,49063
65514,65504,65489,0,49092
65514,65504,65489,0,49120
65514,65504,65489,0,49147
65514,65505,65489,0,49176
65514,65505,65489,0,49204
65514,65505,65489,0,49232
65514,65505,65489,0,49260
65514,65505,65489,0,49289
65514,65505,65489,0,49316
65514,65505,65489,0,49344
65514,65505,65489,0,49373
65514,65505,65489,0,49400
65514,65505,65489,0,49429
65514,65505,65489,0,49457
65514,65505,65489,0,49484
65514,65505,65489,0,49513
65514,65505,65489,0,49541
65514,65505,65489,0,49569
65514,65505,65489,0,49597
65514,65505,65489,0,49626
65514,65505,65489,0,49653
65514,65505,65489,0,49681
65514,65505,65489,0,49710
65514,65505,65489,0,49737
65514,65505,65489,0,49766
65514,65505,65489,0,49794
65514,65505,65489,0,49822
65514,65505,65489,0,49850
65514,65505,65489,0,49878
65514,65506,65489,0,49906
65514,65506,65489,0,49934
65514,65506,65489,0,49963
65514,65506,65489,0,49990
65514,65506,65489,0,50018
65514,65505,65489,0,50046
65514,65505,65489,0,50074
65514,65505,65489,0,50103
65514,65506,65489,0,50130
65514,65506,65489,0,50159
65514,65506,65489,0,50187
65514,65506,65489,0,50214
65514,65506,65489,0,50243
65514,65506,65489,0,50271
65514,65506,65489,0,50299
65514,65506,65489,0,50327
65514,65506,65489,0,50356
65514,65506,65489,0,50383
65514,65506,65489,0,50411
65514,65506,65489,0,50440
65513,65506,65489,0,50467
65513,65506,65489,0,50496
65514,65506,65489,0,50524
65514,65506,65489,0,50551
65514,65506,65489,0,50580
65514,65506,65489,0,50608
65514,65506,65489,0,50636
65514,65506,65489,0,50664
65514,65506,65489,0,50693
65514,65506,65489,0,50720
65514,65506,65489,0,50748
65514,65506,65489,0,50777
65514,65506,65489,0,50804
65514,65506,65489,0,50833
65514,65506,65489,0,50861
65514,65506,65489,0,50889
65514,65506,65489,0,50917
65514,65506,65489,0,50945
65514,65506,65489,0,50973
65514,65506,65489,0,51001
65514,65506,65489,0,51030
65514,65506,65489,0,51057
65514,65506,65489,0,51086
65514,65506,65489,0,51113
65514,65506,65489,0,51141
65514,65506,65489,0,51170
65514,65506,65489,0,51197
65514,65506,65489,0,51226
65514,65506,65489,0,51254
65514,65506,65489,0,51281
65514,65506,65489,0,51310
65514,65506,65489,0,51338
65514,65506,65489,0,51366
65514,65506,65489,0,51394
65514,65506,65489,0,51423
65514,65506,65489,0,51450
65514,65506,65489,0,51478
65514,65506,65489,0,51507
65514,65506,65489,0,51534
65514,65505,65489,0,51563
65514,65505,65489,0,51591
65514,65506,65489,0,51619
65514,65506,65489,0,51647
65514,65506,65489,0,51675
65514,65506,65489,0,51703
65514,65506,65489,0,51731
65514,65505,65489,0,51760
65514,65505,65489,0,51787
65514,65505,65489,0,51815
65514,65505,65489,0,51844
65514,65505,65489,0,51871
65514,65505,65489,0,51900
65514,65505,65489,0,51928
65514,65505,65489,0,51956
65514,65505,65489,0,51984
65514,65505,65489,0,52012
65514,65505,65489,0,52040
65514,65505,65489,0,52068
65514,65505,65489,0,52097
65514,65505,65489,0,52124
65514,65504,65489,0,52153
65514,65504,65489,0,52180
65514,65504,65489,0,52208
65514,65504,65490,0,52237
65514,65504,65490,0,52264
65514,65504,65490,0,52293
65514,65504,65490,0,52321
65514,65504,65490,0,52348
65514,65503,65490,0,52377
65514,65503,65490,0,52405
65514,65502,65490,0,52433
65514,65502,65490,0,52461
65514,65502,65490,0,52490
65514,65502,65490,0,52517
65514,65502,65490,0,52545
65514,65500,65490,0,52574
65514,65500,65490,0,52601
65514,65498,65490,0,52630
65514,65498,65490,0,52658
65514,65498,65490,0,52686
65514,65495,65489,0,52714
65514,65495,65489,0,52742
65513,65491,65486,0,52770
65513,65491,65486,0,52798
65513,65491,65486,0,52827
65513,65489,65479,0,52854
65513,65489,65479,0,52883
65515,65489,65472,0,52911
65515,65489,65472,0,52938
65524,65490,65456,0,52967
65524,65490,65456,0,52995
65524,65490,65456,0,53023
65532,65507,65450,0,53051
65532,65507,65450,0,53079
65525,65528,65482,0,53107
65525,65528,65482,0,53135
65525,65528,65482,0,53164
65520,65517,65494,0,53191
65520,65517,65494,0,53220
65523,65514,65493,0,53248
65523,65514,65493,0,53275
65523,65514,65493,0,53304
65528,65512,65492,0,53331
65528,65512,65492,0,53360
65534,65512,65492,0,53388
65534,65512,65492,0,53416
65534,65512,65492,0,53444
65534,65512,65492,0,53472
65534,65512,65492,0,53500
65532,65506,65494,0,53528
65532,65506,65494,0,53557
65531,65506,65490,0,53584
65531,65506,65490,0,53612
65531,65506,65490,0,53641
65529,65508,65490,0,53668
65529,65508,65490,0,53697
65528,65509,65494,0,53725
65528,65509,65494,0,53753
65528,65509,65494,0,53781
65524,65507,65497,0,53809
65524,65507,65497,0,53837
65519,65505,65498,0,53865
65519,65505,65498,0,53894
65513,65501,65500,0,53921
65513,65501,65500,0,53950
65513,65501,65500,0,53978
65509,65493,65493,0,54005
65509,65493,65493,0,54034
65513,65490,65480,0,54062
65513,65490,65480,0,54090
65513,65490,65480,0,54118
65519,65504,65472,0,54146
65519,65504,65472,0,54174
65519,65506,65483,0,54202
65519,65506,65483,0,54231
65519,65506,65483,0,54258
65520,65499,65484,0,54287
65520,65499,65484,0,54315
65522,65494,65478,0,54342
65522,65494,65478,0,54371
65523,65495,65472,0,54398
65523,65495,65472,0,54427
65523,65495,65472,0,54455
65523,65500,65468,0,54483
65523,65500,65468,0,54511
65522,65507,65467,0,54539
65522,65507,65467,0,54567
65522,65507,65467,0,54595
65522,65514,65470,0,54624
65522,65514,65470,0,54651
65520,65517,65475,0,54680
65520,65517,65475,0,54708
65520,65517,65475,0,54735
65518,65517,65480,0,54764
65518,65517,65480,0,54792
65517,65516,65484,0,54820
65517,65516,65484,0,54848
65516,65514,65486,0,54876
65516,65514,65486,0,54904
65516,65514,65486,0,54932
65516,65513,65487,0,54961
65516,65513,65487,0,54988
65516,65512,65488,0,55017
65516,65512,65488,0,55045
65516,65512,65488,0,55072
65515,65511,65488,0,55101
65515,65511,65488,0,55129
65515,65511,65488,0,55157
65515,65511,65488,0,55185
65515,65511,65488,0,55214
65515,65510,65489,0,55241
65515,65510,65489,0,55269
65515,65510,65489,0,55298
65515,65510,65489,0,55325
65515,65510,65489,0,55354
65515,65510,65489,0,55382
65515,65510,65489,0,55409
65515,65510,65489,0,55438
65515,65510,65489,0,55465
65515,65509,65489,0,55494
65515,65509,65489,0,55522
65515,65509,65489,0,55550
65515,65509,65489,0,55578
65515,65509,65489,0,55606
65515,65509,65489,0,55634
65515,65509,65489,0,55662
65515,65509,65489,0,55691
65515,65510,65489,0,55718
65515,65510,65489,0,55747
65515,65509,65489,0,55775
65515,65509,65489,0,55802
65515,65510,65489,0,55831
65515,65510,65489,0,55859
65515,65510,65489,0,55887
65515,65510,65489,0,55915
65515,65510,65489,0,55943
65515,65509,65489,0,55971
65515,65509,65489,0,55999
65515,65509,65489,0,56028
65515,65509,65489,0,56055
65515,65509,65489,0,56084
65515,65509,65489,0,56112
65515,65509,65489,0,56139
65515,65509,65489,0,56168
65515,65509,65489,0,56196
65515,65509,65489,0,56224
65515,65509,65489,0,56252
65515,65509,65489,0,56281
65515,65509,65489,0,56308
65515,65509,65489,0,56336
65515,65509,65489,0,56365
65515,65509,65489,0,56392
65515,65509,65489,0,56421
65515,65509,65489,0,56449
65515,65509,65489,0,56477
65515,65509,65489,0,56505
65515,65509,65489,0,56532
65515,65509,65489,0,56561
65515,65510,65489,0,56589
65515,65510,65489,0,56617
65515,65510,65488,0,56645
65515,65510,65488,0,56673
65515,65510,65488,0,56701
65515,65510,65489,0,56729
65515,65510,65489,0,56758
65515,65510,65489,0,56785
65515,65510,65489,0,56814
65515,65510,65489,0,56842
65515,65511,65488,0,56869
65515,65511,65488,0,56898
65516,65511,65488,0,56926
65516,65511,65488,0,56954
65516,65511,65488,0,56982
65515,65512,65488,0,57011
65515,65512,65488,0,57038
65516,65512,65488,0,57066
65516,65512,65488,0,57095
65516,65513,65487,0,57122
65516,65513,65487,0,57151
65516,65513,65487,0,57179
65516,65514,65485,0,57206
65516,65514,65485,0,57235
65517,65516,65483,0,57263
65517,65516,65483,0,57291
65517,65516,65483,0,57319
65518,65517,65480,0,57348
65518,65517,65480,0,57375
65519,65516,65476,0,57403
65519,65516,65476,0,57432
65519,65516,65476,0,57459
65521,65513,65471,0,57488
65521,65513,65471,0,57516
65523,65508,65468,0,57544
65523,65508,65468,0,57572
65523,65501,65467,0,57600
65523,65501,65467,0,57628
65523,65501,65467,0,57656
65523,65496,65470,0,57684
65523,65496,65470,0,57712
65522,65494,65476,0,57740
65522,65494,65476,0,57768
65522,65494,65476,0,57796
65520,65496,65481,0,57825
65520,65496,65481,0,57852
65519,65502,65485,0,57881
65519,65502,65485,0,57909
65519,65502,65485,0,57936
65519,65507,65481,0,57965
65519,65507,65481,0,57993
65519,65502,65471,0,58021
65519,65502,65471,0,58049
65514,65490,65479,0,58078
65514,65490,65479,0,58105
65514,65490,65479,0,58133
65510,65491,65490,0,58162
65510,65491,65490,0,58189
65511,65496,65499,0,58218
65511,65496,65499,0,58246
65511,65496,65499,0,58274
65515,65504,65499,0,58302
65515,65504,65499,0,58330
65520,65505,65498,0,58358
65520,65505,65498,0,58386
65520,65505,65498,0,58415
65524,65507,65498,0,58442
65524,65507,65498,0,58470
65528,65509,65496,0,58499
65528,65509,65496,0,58526
65530,65509,65492,0,58555
65530,65509,65492,0,58583
65530,65509,65492,0,58611
65530,65508,65491,0,58639
65530,65508,65491,0,58667
65531,65506,65490,0,58695
65531,65506,65490,0,58723
65531,65506,65490,0,58752
65532,65505,65493,0,58779
65532,65505,65493,0,58808
65533,65509,65494,0,58835
65533,65509,65494,0,58863
65533,65509,65494,0,58892
65535,65512,65494,0,58919
65535,65512,65494,0,58948
65535,65513,65491,0,58976
65535,65513,65491,0,59003
65531,65512,65491,0,59032
65531,65512,65491,0,59060
65531,65512,65491,0,59088
65526,65512,65492,0,59116
65526,65512,65492,0,59145
65523,65514,65493,0,59172
65523,65514,65493,0,59200
65523,65514,65493,0,59229
65522,65517,65494,0,59256
65522,65517,65494,0,59285
65523,65524,65493,0,59313
65523,65524,65493,0,59341
65523,65524,65493,0,59369
65529,65531,65465,0,59397
65529,65531,65465,0,59425
65529,65506,65444,0,59453
65529,65506,65444,0,59482
65522,65488,65448,0,59509
65522,65488,65448,0,59537
65522,65488,65448,0,59566
65515,65484,65466,0,59593
65515,65484,65466,0,59622
65513,65489,65475,0,59650
65513,65489,65475,0,59678
65513,65489,65475,0,59706
65513,65488,65480,0,59734
65513,65488,65480,0,59762
65513,65491,65486,0,59790
65513,65491,65486,0,59819
65513,65491,65486,0,59846
65513,65491,65486,0,59875
65513,65491,65486,0,59902
65514,65497,65490,0,59930
65514,65497,65490,0,59959
65514,65499,65490,0,59986
65514,65499,65490,0,60015
65514,65499,65490,0,60043
65514,65501,65490,0,60071
65514,65501,65490,0,60099
65514,65502,65490,0,60127
65514,65502,65490,0,60155
65514,65502,65490,0,60183
65514,65503,65490,0,60212
65514,65503,65490,0,60239
65514,65504,65490,0,60267
65514,65504,65490,0,60296
65514,65504,65489,0,60323
65514,65504,65489,0,60352
65514,65504,65489,0,60380
65514,65505,65489,0,60408
65514,65505,65489,0,60436
65513,65505,65489,0,60464
65513,65505,65489,0,60492
65513,65505,65489,0,60520
65514,65505,65489,0,60549
65514,65505,65489,0,60576
65514,65505,65489,0,60605
65514,65505,65489,0,60633
65514,65505,65489,0,60660
65514,65506,65489,0,60689
65514,65506,65489,0,60717
65514,65506,65489,0,60745
65514,65506,65489,0,60773
65514,65506,65489,0,60801
65514,65506,65489,0,60829
65514,65506,65489,0,60857
65514,65506,65489,0,60886
65514,65506,65489,0,60913
65514,65506,65489,0,60942
65514,65506,65489,0,60969
65514,65506,65489,0,60997
65514,65506,65489,0,61026
65514,65506,65489,0,61053
65514,65506,65489,0,61082
65514,65506,65489,0,61110
65514,65506,65489,0,61138
65514,65506,65489,0,61166
65514,65506,65489,0,61194
65514,65506,65489,0,61222
65514,65506,65489,0,61250
65514,65506,65489,0,61279
65514,65506,65489,0,61306
65514,65506,65489,0,61334
65514,65506,65489,0,61363
65514,65506,65489,0,61390
65514,65506,65489,0,61419
65514,65506,65489,0,61447
65514,65506,65489,0,61475
65514,65506,65489,0,61503
65514,65506,65489,0,61531
65514,65506,65489,0,61559
65514,65506,65489,0,61587
65514,65506,65489,0,61616
65514,65506,65489,0,61643
65514,65506,65489,0,61672
65514,65506,65489,0,61700
65514,65506,65489,0,61727
65514,65506,65489,0,61756
65514,65506,65489,0,61784
65514,65506,65489,0,61812
65514,65506,65489,0,61840
65514,65506,65489,0,61869
65514,65506,65489,0,61896
65514,65506,65489,0,61924
65514,65506,65489,0,61953
65514,65506,65489,0,61980
65514,65506,65489,0,62009
65514,65506,65489,0,62036
65514,65506,65489,0,62064
65514,65506,65489,0,62093
65514,65506,65489,0,62120
65514,65506,65489,0,62149
65514,65506,65489,0,62177
65514,65506,65489,0,62205
65514,65506,65489,0,62233
65514,65506,65489,0,62261
65514,65506,65489,0,62289
65514,65506,65489,0,62317
65514,65506,65489,0,62346
65514,65506,65489,0,62373
65514,65506,65489,0,62402
65514,65506,65489,0,62430
65514,65506,65489,0,62457
65514,65506,65489,0,62486
65514,65506,65489,0,62514
65514,65506,65489,0,62542
65514,65506,65489,0,62570
65514,65506,65489,0,62598
65514,65506,65489,0,62626
65514,65506,65489,0,62654
65514,65506,65489,0,62683
65514,65505,65490,0,62710
65514,65505,65490,0,62739
65514,65505,65490,0,62767
65514,65505,65489,0,62794
65514,65505,65489,0,62823
65514,65505,65489,0,62851
65514,65505,65489,0,62879
65514,65505,65489,0,62907
65513,65505,65489,0,62936
65513,65505,65489,0,62963
65514,65504,65489,0,62991
65514,65504,65489,0,63020
65514,65504,65489,0,63047
65514,65504,65490,0,63076
65514,65504,65490,0,63104
65514,65503,65490,0,63131
65514,65503,65490,0,63160
65514,65502,65490,0,63187
65514,65502,65490,0,63216
65514,65502,65490,0,63244
65514,65500,65490,0,63272
65514,65500,65490,0,63300
65514,65497,65490,0,63328
65514,65497,65490,0,63356
65514,65497,65490,0,63384
65513,65493,65488,0,63413
65513,65493,65488,0,63440
65513,65490,65482,0,63469
65513,65490,65482,0,63497
65513,65489,65474,0,63524
65513,65489,65474,0,63553
65513,65489,65474,0,63581
65520,65488,65455,0,63609
65520,65488,65455,0,63637
65530,65511,65451,0,63666
65530,65511,65451,0,63693
65530,65511,65451,0,63721
65525,65524,65490,0,63750
65525,65524,65490,0,63777
65523,65515,65493,0,63806
65523,65515,65493,0,63834
65523,65515,65493,0,63861
65526,65511,65493,0,63890
65526,65511,65493,0,63918
65532,65511,65490,0,63946
65532,65511,65490,0,63974
65534,65511,65492,0,64003
65534,65511,65492,0,64030
65534,65511,65492,0,64058
65533,65507,65493,0,64087
65533,65507,65493,0,64114
65531,65506,65489,0,64143
65531,65506,65489,0,64171
65531,65506,65489,0,64199
65530,65508,65490,0,64227
65530,65508,65490,0,64254
65528,65509,65494,0,64283
65528,65509,65494,0,64311
65528,65509,65494,0,64339
65523,65507,65497,0,64367
65523,65507,65497,0,64395
65517,65504,65498,0,64423
65517,65504,65498,0,64451
65510,65495,65496,0,64480
65510,65495,65496,0,64507
65510,65495,65496,0,64536
65513,65490,65482,0,64564
65513,65490,65482,0,64591
65519,65505,65473,0,64620
65519,65505,65473,0,64648
65519,65505,65473,0,64676
65520,65504,65484,0,64704
65520,65504,65484,0,64733
65520,65496,65481,0,64760
65520,65496,65481,0,64788
65520,65496,65481,0,64817
65522,65495,65473,0,64844
65522,65495,65473,0,64873
65523,65500,65467,0,64901
65523,65500,65467,0,64928
65522,65510,65467,0,64957
65522,65510,65467,0,64985
65522,65510,65467,0,65013
65520,65516,65473,0,65041
65520,65516,65473,0,65070
65518,65518,65480,0,65097
65518,65518,65480,0,65125
65518,65518,65480,0,65154
65517,65516,65485,0,65181
65517,65516,65485,0,65210
65516,65513,65487,0,65238
65516,65513,65487,0,65266
65516,65513,65487,0,65294
65516,65512,65488,0,65321
65516,65512,65488,0,65350
65515,65510,65489,0,65378
65515,65510,65489,0,65406
65515,65509,65489,0,65434
65515,65509,65489,0,65463
65515,65509,65489,0,65490
65515,65509,65489,0,65518
65515,65509,65489,0,11
65514,65508,65489,0,35
65514,65508,65489,0,61
65514,65508,65489,0,86
65514,65508,65489,0,110
65514,65508,65489,0,137
65514,65508,65489,0,162
65514,65508,65489,0,188
65514,65508,65489,0,215
65514,65508,65489,0,240
65514,65508,65489,0,267
65514,65508,65489,0,292
65514,65507,65489,0,318
65514,65507,65489,0,345
65514,65507,65489,0,370
65514,65507,65489,0,397
65514,65507,65489,0,422
65514,65507,65489,0,448
65514,65507,65489,0,475
65514,65507,65489,0,500
65514,65507,65489,0,527
65514,65507,65489,0,552
65514,65507,65489,0,578
65514,65507,65489,0,605
65514,65507,65489,0,630
65514,65507,65489,0,656
65514,65507,65489,0,683
65514,65507,65489,0,708
65514,65507,65489,0,735
65514,65507,65489,0,760
65514,65507,65489,0,786
65514,65507,65489,0,813
65514,65507,65489,0,838
65514,65507,65489,0,865
65514,65507,65489,0,890
65514,65507,65489,0,916
65514,65507,65489,0,943
65514,65507,65489,0,968
65514,65507,65489,0,995
65514,65507,65489,0,1020
65514,65507,65489,0,1047
65514,65507,65489,0,1075
65514,65507,65489,0,1101
65514,65507,65489,0,1129
65514,65507,65489,0,1156
65514,65507,65489,0,1182
65514,65507,65489,0,1210
65514,65507,65489,0,1236
65514,65507,65489,0,1264
65514,65507,65489,0,1291
65514,65507,65489,0,1317
65514,65507,65489,0,1345
65514,65507,65489,0,1372
65514,65507,65488,0,1399
65514,65507,65488,0,1426
65514,65507,65488,0,1453
65514,65507,65489,0,1480
65514,65507,65489,0,1507
65514,65507,65489,0,1534
65514,65507,65489,0,1561
65514,65507,65489,0,1588
65514,65507,65489,0,1615
65514,65507,65489,0,1642
65514,65507,65488,0,1670
65514,65507,65488,0,1696
65514,65507,65488,0,1724
65514,65507,65489,0,1751
65514,65507,65489,0,1777
65514,65507,65488,0,1805
65514,65507,65488,0,1831
65514,65507,65488,0,1859
65514,65507,65489,0,1886
65514,65507,65489,0,1912
65514,65507,65488,0,1940
65514,65507,65488,0,1967
65514,65507,65488,0,1994
65514,65507,65489,0,2021
65514,65507,65489,0,2048
65514,65507,65489,0,2075
65514,65507,65489,0,2102
65514,65507,65489,0,2129
65514,65507,65489,0,2156
65514,65507,65489,0,2183
65514,65507,65489,0,2210
65514,65506,65489,0,2237
65514,65506,65489,0,2265
65514,65507,65489,0,2291
65514,65507,65489,0,2318
65514,65507,65489,0,2345
65514,65507,65489,0,2372
65514,65507,65489,0,2400
65514,65507,65489,0,2426
65514,65507,65489,0,2453
65514,65507,65489,0,2481
65514,65507,65489,0,2507
65514,65507,65489,0,2535
65514,65507,65488,0,2562
65514,65507,65488,0,2589
65514,65507,65488,0,2616
65514,65507,65488,0,2642
65514,65507,65488,0,2670
65514,65507,65488,0,2697
65514,65507,65488,0,2724
65514,65507,65488,0,2751
65514,65507,65489,0,2778
65514,65507,65489,0,2805
65514,65507,65489,0,2832
65514,65507,65489,0,2860
65514,65507,65489,0,2886
65514,65507,65488,0,2913
65514,65507,65488,0,2940
65514,65507,65489,0,2967
65514,65507,65489,0,2995
65514,65507,65489,0,3021
65514,65507,65489,0,3048
65514,65507,65489,0,3076
65514,65507,65489,0,3102
65514,65507,65489,0,3130
65514,65507,65489,0,3156
65514,65507,65489,0,3183
65514,65507,65489,0,3211
65514,65507,65488,0,3237
65514,65507,65488,0,3265
65514,65507,65488,0,3292
65514,65507,65489,0,3318
65514,65507,65489,0,3346
65514,65507,65489,0,3373
65514,65507,65489,0,3400
65514,65507,65489,0,3427
65514,65507,65489,0,3454
65514,65507,65489,0,3481
65514,65507,65489,0,3508
65514,65507,65489,0,3535
65514,65507,65489,0,3562
65514,65507,65489,0,3590
65514,65507,65489,0,3616
65514,65507,65489,0,3643
65514,65507,65489,0,3671
65514,65507,65489,0,3697
65514,65507,65489,0,3725
65514,65507,65489,0,3751
65514,65507,65489,0,3778
65514,65507,65489,0,3806
65514,65507,65489,0,3832
65514,65507,65488,0,3860
65514,65507,65488,0,3887
65514,65507,65488,0,3913
65514,65507,65488,0,3941
65514,65507,65488,0,3968
65514,65507,65488,0,3995
65514,65507,65488,0,4022
65514,65507,65488,0,4048
65514,65507,65488,0,4076
65514,65507,65488,0,4103
65514,65507,65489,0,4130
65514,65507,65489,0,4157
65514,65507,65489,0,4184
65514,65507,65488,0,4211
65514,65507,65488,0,4238
65514,65507,65489,0,4265
65514,65507,65489,0,4292
65514,65507,65489,0,4320
65514,65507,65489,0,4346
65514,65507,65489,0,4373
65514,65507,65489,0,4401
65514,65507,65489,0,4427
65514,65507,65489,0,4455
65514,65506,65489,0,4482
65514,65506,65489,0,4508
65514,65507,65489,0,4536
65514,65507,65489,0,4562
65514,65507,65489,0,4590
65514,65507,65489,0,4617
65514,65507,65489,0,4643
65514,65507,65489,0,4671
65514,65507,65489,0,4698
65514,65507,65489,0,4725
65514,65507,65488,0,4752
65514,65507,65488,0,4779
65514,65507,65488,0,4806
65514,65507,65488,0,4833
65514,65507,65488,0,4860
65514,65507,65489,0,4887
65514,65507,65489,0,4914
65514,65507,65489,0,4941
65514,65507,65489,0,4968
65514,65507,65489,0,4996
65514,65507,65489,0,5022
65514,65507,65489,0,5049
65514,65507,65488,0,5076
65514,65507,65488,0,5103
65514,65507,65488,0,5131
65514,65507,65488,0,5157
65514,65507,65488,0,5185
65514,65507,65489,0,5212
65514,65507,65489,0,5238
65514,65507,65489,0,5266
65514,65507,65489,0,5293
65514,65507,65489,0,5320
65514,65507,65489,0,5347
65514,65507,65489,0,5373
65514,65507,65489,0,5401
65514,65507,65489,0,5428
65514,65507,65489,0,5455
65514,65507,65489,0,5482
65514,65507,65489,0,5509
65514,65507,65489,0,5536
65514,65507,65488,0,5563
65514,65507,65488,0,5591
65514,65507,65488,0,5617
65514,65507,65488,0,5644
65514,65507,65488,0,5671
65514,65507,65488,0,5698
65514,65507,65488,0,5726
65514,65507,65488,0,5752
65514,65507,65488,0,5779
65514,65507,65488,0,5807
65514,65507,65489,0,5833
65514,65507,65489,0,5861
65514,65507,65489,0,5888
65514,65507,65489,0,5914
65514,65507,65489,0,5942
65514,65507,65488,0,5968
65514,65507,65488,0,5996
65514,65507,65488,0,6023
65514,65506,65488,0,6050
65514,65506,65488,0,6077
65514,65507,65489,0,6104
65514,65507,65489,0,6131
65514,65507,65489,0,6158
65514,65507,65489,0,6185
65514,65507,65489,0,6212
65514,65507,65489,0,6239
65514,65507,65489,0,6266
65514,65507,65489,0,6293
65514,65506,65489,0,6321
65514,65506,65489,0,6347
65514,65507,65489,0,6374
65514,65507,65489,0,6402
65514,65507,65489,0,6428
65514,65507,65488,0,6456
65514,65507,65488,0,6482
65514,65507,65489,0,6509
65514,65507,65489,0,6537
65514,65507,65489,0,6563
65514,65507,65489,0,6591
65514,65507,65489,0,6618
65514,65507,65488,0,6644
65514,65507,65488,0,6672
65514,65507,65488,0,6699
65514,65507,65489,0,6726
65514,65507,65489,0,6753
65514,65507,65488,0,6779
65514,65507,65488,0,6807
65514,65507,65488,0,6834
65514,65507,65489,0,6861
65514,65507,65489,0,6888
65514,65507,65489,0,6916
65514,65507,65489,0,6942
65514,65507,65489,0,6969
65514,65507,65489,0,6996
65514,65507,65489,0,7023
65514,65507,65489,0,7051
65514,65507,65489,0,7077
65514,65507,65489,0,7104
65514,65507,65489,0,7132
65514,65507,65489,0,7158
65514,65507,65489,0,7186
65514,65507,65489,0,7213
65514,65507,65489,0,7239
65514,65507,65489,0,7267
65514,65507,65489,0,7293
65514,65507,65489,0,7321
65514,65507,65489,0,7348
65514,65507,65489,0,7374
65514,65507,65489,0,7402
65514,65507,65489,0,7429
65514,65507,65489,0,7456
65514,65507,65489,0,7483
65514,65507,65489,0,7510
65514,65507,65488,0,7537
65514,65507,65488,0,7564
65514,65507,65488,0,7591
65514,65507,65488,0,7618
65514,65507,65488,0,7645
65514,65507,65489,0,7672
65514,65507,65489,0,7699
65514,65507,65489,0,7727
65514,65507,65488,0,7753
65514,65507,65488,0,7781
65514,65507,65489,0,7808
65514,65507,65489,0,7834
65514,65507,65489,0,7862
65514,65507,65489,0,7888
65514,65507,65489,0,7916
65514,65507,65489,0,7943
65514,65507,65489,0,7969
65514,65507,65489,0,7997
65514,65507,65489,0,8024
65514,65507,65489,0,8051
65514,65507,65489,0,8078
65514,65507,65489,0,8104
65514,65507,65489,0,8132
65514,65507,65489,0,8159
65514,65507,65489,0,8186
65514,65507,65489,0,8213
65514,65507,65489,0,8240
65514,65507,65489,0,8267
65514,65507,65489,0,8294
65514,65507,65489,0,8322
65514,65507,65489,0,8348
65514,65507,65489,0,8375
65514,65507,65489,0,8402
65514,65507,65488,0,8429
65514,65507,65488,0,8457