5,9,65486,0,22818
5,9,65486,0,22838
5,9,65486,0,22857
5,9,65486,0,22878
5,9,65486,0,22897
5,9,65486,0,22917
5,9,65486,0,22937
5,9,65486,0,22957
5,9,65486,0,22976
5,9,65486,0,22995
5,9,65486,0,23016
5,9,65486,0,23035
5,9,65486,0,23055
5,9,65486,0,23075
6,9,65486,0,23095
6,9,65486,0,23114
6,9,65486,0,23135
6,9,65486,0,23154
5,9,65486,0,23174
5,9,65486,0,23193
5,9,65486,0,23214
5,10,65486,0,23233
5,10,65486,0,23254
5,10,65486,0,23275
5,9,65485,0,23296
5,9,65485,0,23315
5,9,65485,0,23335
5,9,65485,0,23355
5,10,65486,0,23374
5,10,65486,0,23395
5,10,65486,0,23416
5,9,65486,0,23437
5,9,65486,0,23456
5,9,65486,0,23477
5,9,65486,0,23496
5,9,65486,0,23516
5,9,65486,0,23536
5,9,65486,0,23556
6,9,65486,0,23575
6,9,65486,0,23595
6,9,65486,0,23615
6,9,65486,0,23634
6,9,65486,0,23654
6,9,65486,0,23674
6,9,65486,0,23694
5,9,65486,0,23713
5,9,65486,0,23734
5,9,65486,0,23753
6,9,65485,0,23773
6,9,65485,0,23792
6,9,65485,0,23813
6,9,65485,0,23832
6,9,65486,0,23852
6,9,65486,0,23872
6,9,65486,0,23891
5,9,65486,0,23911
5,9,65486,0,23931
5,9,65486,0,23951
5,9,65486,0,23970
6,9,65486,0,23990
6,9,65486,0,24010
6,9,65486,0,24030
5,9,65486,0,24049
5,9,65486,0,24070
5,9,65486,0,24089
5,9,65486,0,24109
6,9,65486,0,24128
6,9,65486,0,24148
6,9,65486,0,24168
5,9,65486,0,24187
5,9,65486,0,24208
5,9,65486,0,24227
5,9,65486,0,24247
6,9,65485,0,24267
6,9,65485,0,24287
6,9,65485,0,24306
5,9,65486,0,24326
5,9,65486,0,24346
5,9,65486,0,24366
5,9,65485,0,24385
5,9,65485,0,24406
5,9,65485,0,24425
5,9,65485,0,24444
6,9,65486,0,24465
6,9,65486,0,24484
6,9,65486,0,24504
5,9,65486,0,24523
5,9,65486,0,24544
5,9,65486,0,24563
5,9,65486,0,24583
5,9,65486,0,24603
5,9,65486,0,24623
5,9,65486,0,24642
5,9,65486,0,24663
5,9,65486,0,24682
5,9,65486,0,24701
5,9,65486,0,24721
6,9,65486,0,24741
6,9,65486,0,24761
6,9,65486,0,24780
5,9,65486,0,24801
5,9,65486,0,24820
5,9,65486,0,24840
5,9,65486,0,24859
6,9,65486,0,24880
6,9,65486,0,24899
6,9,65486,0,24919
6,9,65486,0,24939
6,9,65486,0,24958
6,9,65486,0,24978
5,9,65486,0,24998
5,9,65486,0,25018
5,9,65486,0,25037
5,9,65486,0,25057
5,9,65486,0,25077
5,9,65486,0,25097
5,9,65486,0,25116
5,9,65486,0,25137
5,9,65486,0,25156
5,9,65486,0,25176
5,9,65486,0,25196
6,9,65486,0,25216
6,9,65486,0,25235
6,9,65486,0,25254
5,9,65486,0,25275
5,9,65486,0,25294
5,9,65486,0,25314
5,9,65486,0,25334
5,9,65486,0,25354
5,9,65486,0,25373
5,9,65486,0,25393
5,9,65486,0,25413
5,9,65486,0,25433
5,9,65486,0,25452
5,9,65486,0,25473
5,9,65486,0,25492
5,9,65486,0,25511
5,9,65486,0,25532
5,9,65486,0,25551
5,9,65486,0,25571
5,9,65486,0,25590
5,9,65486,0,25611
5,9,65486,0,25630
5,9,65486,0,25650
5,9,65486,0,25670
5,9,65486,0,25690
5,9,65486,0,25709
5,9,65486,0,25730
5,9,65485,0,25749
5,9,65485,0,25768
5,9,65485,0,25788
5,9,65485,0,25808
5,9,65486,0,25828
5,9,65486,0,25847
5,9,65486,0,25868
5,9,65486,0,25887
5,9,65486,0,25907
5,9,65486,0,25927
5,9,65486,0,25947
5,9,65486,0,25966
5,9,65486,0,25986
5,9,65486,0,26006
5,9,65486,0,26025
5,9,65486,0,26045
5,9,65486,0,26065
5,9,65486,0,26085
5,9,65486,0,26104
5,9,65486,0,26124
5,9,65486,0,26144
5,10,65486,0,26164
5,10,65486,0,26184
5,10,65486,0,26206
5,9,65486,0,26226
5,9,65486,0,26246
5,9,65486,0,26266
5,9,65486,0,26286
6,10,65486,0,26305
6,10,65486,0,26327
6,10,65486,0,26347
5,10,65486,0,26368
5,10,65486,0,26388
5,10,65486,0,26409
6,9,65486,0,26430
6,9,65486,0,26449
6,9,65486,0,26470
6,9,65486,0,26489
6,9,65486,0,26509
6,9,65486,0,26529
6,9,65486,0,26549
5,9,65486,0,26568
5,9,65486,0,26588
5,9,65486,0,26608
5,9,65486,0,26628
5,9,65486,0,26647
5,9,65486,0,26668
5,9,65486,0,26687
6,9,65485,0,26706
6,9,65485,0,26727
6,9,65485,0,26746
6,9,65485,0,26766
5,9,65486,0,26785
5,9,65486,0,26806
5,9,65486,0,26825
5,9,65486,0,26845
5,9,65486,0,26865
5,9,65486,0,26885
5,9,65486,0,26904
5,9,65486,0,26924
5,9,65486,0,26944
5,9,65486,0,26963
5,9,65486,0,26983
5,9,65486,0,27003
5,9,65486,0,27023
5,9,65486,0,27042
5,9,65486,0,27063
5,9,65486,0,27082
5,9,65486,0,27102
6,9,65486,0,27121
6,9,65486,0,27142
6,9,65486,0,27161
5,9,65485,0,27181
5,9,65485,0,27201
5,9,65485,0,27220
5,9,65485,0,27240
5,9,65486,0,27260
5,9,65486,0,27280
5,9,65486,0,27299
5,9,65486,0,27319
5,9,65486,0,27339
5,9,65486,0,27359
5,9,65486,0,27378
5,9,65486,0,27399
5,9,65486,0,27418
5,9,65486,0,27438
5,9,65486,0,27458
5,9,65486,0,27478
5,9,65486,0,27497
5,10,65485,0,27516
5,10,65485,0,27538
5,10,65485,0,27558
5,10,65485,0,27579
6,9,65486,0,27600
6,9,65486,0,27620
6,9,65486,0,27639
5,9,65486,0,27660
5,9,65486,0,27679
5,9,65486,0,27699
5,9,65486,0,27718
5,9,65485,0,27739
5,9,65485,0,27758
5,9,65485,0,27778
5,9,65486,0,27798
5,9,65486,0,27817
5,9,65486,0,27837
5,9,65486,0,27857
5,9,65486,0,27877
5,9,65486,0,27896
5,9,65486,0,27916
5,9,65486,0,27936
5,9,65486,0,27956
5,9,65486,0,27975
5,9,65486,0,27996
5,9,65486,0,28015
5,9,65486,0,28035
5,9,65486,0,28054
5,9,65486,0,28075
5,9,65486,0,28094
5,9,65486,0,28113
5,9,65486,0,28134
5,9,65486,0,28153
5,9,65486,0,28173
5,9,65486,0,28193
5,9,65486,0,28213
5,9,65486,0,28232
5,9,65486,0,28252
5,9,65486,0,28272
5,9,65486,0,28292
5,9,65486,0,28311
5,9,65486,0,28332
5,9,65486,0,28351
5,9,65486,0,28370
5,9,65486,0,28391
6,9,65486,0,28410
6,9,65486,0,28430
6,9,65486,0,28449
6,9,65486,0,28470
5,9,65486,0,28489
5,9,65486,0,28509
5,9,65486,0,28529
5,9,65486,0,28549
5,9,65486,0,28568
5,9,65486,0,28588
5,9,65486,0,28608
5,9,65486,0,28627
5,9,65486,0,28647
5,9,65486,0,28667
5,9,65486,0,28687
5,9,65486,0,28706
5,9,65486,0,28727
6,9,65486,0,28746
6,9,65486,0,28766
6,9,65486,0,28785
6,9,65486,0,28806
5,9,65486,0,28825
5,9,65486,0,28845
5,9,65486,0,28865
5,9,65486,0,28884
5,9,65486,0,28904
5,9,65486,0,28924
5,9,65486,0,28944
6,9,65486,0,28963
6,9,65486,0,28983
6,9,65486,0,29003
6,9,65486,0,29023
6,9,65486,0,29042
6,9,65486,0,29063
6,9,65486,0,29082
6,9,65486,0,29102
6,9,65486,0,29122
6,9,65486,0,29142
6,9,65486,0,29161
6,9,65486,0,29180
6,9,65486,0,29201
6,9,65487,0,29220
6,9,65487,0,29240
6,9,65487,0,29260
6,9,65487,0,29280
6,9,65486,0,29299
6,9,65486,0,29319
6,9,65486,0,29339
6,9,65486,0,29359
6,9,65486,0,29378
6,9,65486,0,29399
6,9,65486,0,29418
6,8,65486,0,29437
6,8,65486,0,29458
6,8,65486,0,29477
6,8,65486,0,29497
6,8,65486,0,29516
6,8,65486,0,29537
6,8,65486,0,29556
6,8,65487,0,29576
6,8,65487,0,29596
6,8,65487,0,29616
6,8,65487,0,29635
6,8,65487,0,29656
6,8,65487,0,29675
6,8,65487,0,29694
6,8,65487,0,29714
6,8,65487,0,29734
6,8,65487,0,29754
6,8,65487,0,29773
6,8,65487,0,29794
6,8,65487,0,29813
6,8,65488,0,29833
6,8,65488,0,29852
6,8,65488,0,29873
6,8,65488,0,29892
7,7,65488,0,29912
7,7,65488,0,29932
7,7,65488,0,29952
7,6,65488,0,29971
7,6,65488,0,29991
7,6,65488,0,30011
7,6,65488,0,30030
8,5,65489,0,30050
8,5,65489,0,30070
8,5,65489,0,30090
9,4,65489,0,30109
9,4,65489,0,30130
9,4,65489,0,30149
9,4,65489,0,30169
10,2,65489,0,30189
10,2,65489,0,30210
10,2,65489,0,30230
12,0,65487,0,30251
12,0,65487,0,30272
12,0,65487,0,30292
13,65534,65484,0,30313
13,65534,65484,0,30339
13,65534,65484,0,30363
14,65531,65481,0,30389
14,65531,65481,0,30413
14,65531,65481,0,30438
17,65528,65477,0,30464
17,65528,65477,0,30488
17,65528,65477,0,30513
17,65528,65477,0,30538
17,65528,65477,0,30563
9,65531,65454,0,30588
9,65531,65454,0,30612
9,65531,65454,0,30636
65530,8,65456,0,30660
65530,8,65456,0,30684
65530,8,65456,0,30707
65520,22,65480,0,30732
65520,22,65480,0,30756
65520,22,65480,0,30781
65531,21,65497,0,30807
65531,21,65497,0,30831
0,16,65496,0,30857
0,16,65496,0,30877
0,16,65496,0,30898
0,16,65496,0,30919
1,15,65493,0,30940
1,15,65493,0,30960
1,15,65493,0,30981
4,15,65493,0,31002
4,15,65493,0,31023
4,15,65493,0,31043
7,16,65490,0,31065
7,16,65490,0,31085
7,16,65490,0,31106
8,20,65487,0,31127
8,20,65487,0,31148
8,20,65487,0,31168
8,20,65487,0,31190
7,23,65484,0,31210
7,23,65484,0,31230
7,23,65484,0,31252
6,24,65485,0,31272
6,24,65485,0,31293
6,24,65485,0,31313
6,24,65486,0,31335
6,24,65486,0,31355
6,24,65486,0,31376
6,24,65486,0,31397
7,24,65487,0,31418
7,24,65487,0,31438
7,24,65487,0,31460
8,23,65487,0,31480
8,23,65487,0,31501
8,23,65487,0,31522
7,23,65487,0,31543
7,23,65487,0,31563
7,23,65487,0,31585
8,22,65487,0,31605
8,22,65487,0,31626
8,22,65487,0,31646
8,22,65487,0,31668
9,22,65487,0,31688
9,22,65487,0,31709
9,22,65487,0,31730
9,22,65487,0,31751
9,22,65487,0,31771
9,22,65487,0,31793
9,21,65487,0,31813
9,21,65487,0,31834
9,21,65487,0,31855
9,21,65487,0,31876
9,21,65487,0,31896
9,21,65487,0,31918
9,21,65487,0,31938
9,21,65487,0,31959
9,21,65487,0,31979
9,21,65487,0,32001
10,21,65487,0,32021
10,21,65487,0,32043
10,21,65487,0,32065
10,21,65487,0,32087
10,21,65487,0,32108
10,21,65487,0,32131
10,21,65487,0,32152
10,21,65487,0,32174
10,21,65487,0,32196
10,21,65487,0,32218
10,21,65487,0,32239
10,21,65487,0,32262
10,21,65487,0,32283
10,21,65487,0,32305
10,21,65487,0,32327
10,21,65487,0,32349
11,21,65486,0,32370
11,21,65486,0,32393
11,21,65486,0,32414
11,21,65486,0,32436
11,21,65486,0,32458
11,21,65486,0,32480
11,20,65487,0,32501
11,20,65487,0,32524
11,20,65487,0,32545
11,20,65486,0,32567
11,20,65486,0,32589
11,20,65486,0,32611
11,21,65487,0,32632
11,21,65487,0,32655
11,21,65487,0,32676
11,21,65487,0,32698
11,21,65487,0,32720
11,21,65487,0,32742
11,21,65487,0,32763
11,21,65487,0,32786
11,21,65487,0,32807
11,21,65487,0,32829
11,21,65487,0,32851
11,21,65487,0,32873
11,21,65487,0,32894
11,21,65486,0,32917
11,21,65486,0,32939
11,21,65486,0,32960
11,21,65487,0,32983
11,21,65487,0,33004
11,21,65487,0,33026
11,21,65487,0,33047
11,21,65487,0,33070
11,21,65487,0,33091
11,21,65487,0,33113
11,21,65487,0,33135
11,21,65487,0,33157
11,21,65487,0,33178
11,21,65487,0,33201
11,21,65487,0,33222
11,21,65486,0,33244
11,21,65486,0,33266
11,21,65486,0,33288
11,21,65487,0,33309
11,21,65487,0,33332
11,21,65487,0,33353
11,21,65487,0,33375
11,21,65487,0,33397
11,21,65487,0,33419
11,21,65487,0,33440
11,21,65487,0,33463
11,21,65487,0,33484
11,21,65487,0,33506
11,21,65487,0,33528
11,21,65487,0,33550
11,21,65487,0,33571
11,21,65486,0,33594
11,21,65486,0,33615
11,21,65486,0,33637
11,21,65486,0,33659
11,21,65486,0,33681
11,21,65486,0,33702
11,21,65487,0,33725
11,21,65487,0,33746
11,21,65487,0,33768
11,21,65487,0,33790
11,21,65487,0,33812
11,21,65487,0,33833
11,21,65487,0,33856
11,21,65487,0,33878
11,21,65487,0,33899
11,21,65487,0,33922
11,21,65487,0,33943
11,21,65487,0,33965
11,21,65487,0,33987
11,20,65486,0,34009
11,20,65486,0,34030
11,20,65486,0,34053
11,21,65487,0,34074
11,21,65487,0,34096
11,21,65487,0,34118
11,21,65486,0,34140
11,21,65486,0,34161
11,21,65486,0,34184
11,21,65487,0,34205
11,21,65487,0,34227
11,21,65487,0,34249
11,21,65487,0,34271
11,21,65487,0,34292
11,21,65487,0,34315
11,21,65487,0,34336
11,21,65487,0,34358
11,21,65487,0,34380
11,21,65487,0,34402
11,21,65487,0,34423
11,21,65487,0,34445
11,21,65486,0,34467
11,21,65486,0,34489
11,21,65486,0,34510
11,21,65487,0,34533
11,21,65487,0,34554
11,21,65487,0,34576
11,21,65487,0,34598
11,20,65486,0,34620
11,20,65486,0,34641
11,20,65486,0,34664
11,21,65487,0,34685
11,21,65487,0,34707
11,21,65487,0,34729
11,21,65486,0,34751
11,21,65486,0,34772
11,21,65486,0,34795
11,21,65486,0,34817
11,21,65486,0,34838
11,21,65486,0,34861
11,21,65487,0,34882
11,21,65487,0,34904
11,21,65487,0,34926
11,21,65487,0,34948
11,21,65487,0,34969
11,21,65487,0,34992
11,21,65487,0,35013
11,21,65487,0,35035
11,21,65487,0,35057
11,20,65487,0,35079
11,20,65487,0,35100
11,20,65487,0,35123
11,20,65487,0,35144
11,20,65486,0,35166
11,20,65486,0,35188
11,20,65486,0,35210
11,20,65486,0,35231
11,20,65486,0,35254
11,20,65486,0,35275
11,21,65487,0,35297
11,21,65487,0,35319
11,21,65487,0,35341
11,21,65487,0,35362
11,21,65487,0,35385
11,21,65487,0,35406
11,21,65486,0,35428
11,21,65486,0,35450
11,21,65486,0,35472
11,20,65486,0,35493
11,20,65486,0,35516
11,20,65486,0,35537
11,21,65487,0,35559
11,21,65487,0,35581
11,21,65487,0,35603
11,21,65487,0,35624
11,21,65487,0,35647
11,21,65487,0,35668
11,21,65486,0,35690
11,21,65486,0,35713
11,21,65486,0,35734
11,21,65486,0,35756
11,21,65487,0,35778
11,21,65487,0,35800
11,21,65487,0,35821
11,20,65486,0,35843
11,20,65486,0,35865
11,20,65486,0,35887
11,20,65486,0,35908
11,20,65486,0,35931
11,20,65486,0,35952
11,20,65486,0,35974
11,20,65486,0,35996
11,20,65486,0,36018
12,20,65486,0,36039
12,20,65486,0,36062
12,20,65486,0,36083
11,20,65486,0,36105
11,20,65486,0,36127
11,20,65486,0,36149
11,20,65486,0,36170
11,20,65486,0,36193
11,20,65486,0,36214
11,20,65486,0,36236
11,20,65486,0,36258
11,20,65486,0,36280
11,20,65486,0,36301
11,20,65486,0,36324
11,20,65486,0,36345
11,20,65486,0,36367
11,20,65486,0,36389
11,20,65486,0,36411
11,20,65486,0,36432
11,20,65486,0,36455
11,20,65486,0,36476
11,20,65486,0,36498
12,21,65486,0,36520
12,21,65486,0,36542
12,21,65486,0,36563
11,20,65486,0,36586
11,20,65486,0,36608
11,20,65486,0,36629
11,21,65486,0,36652
11,21,65486,0,36673
11,21,65486,0,36695
11,21,65486,0,36717
11,21,65486,0,36739
11,21,65486,0,36760
11,20,65486,0,36783
11,20,65486,0,36804
11,20,65486,0,36826
11,20,65486,0,36848
11,20,65486,0,36870
11,20,65486,0,36891
11,20,65486,0,36914
11,21,65486,0,36935
11,21,65486,0,36957
11,21,65486,0,36979
11,21,65486,0,37001
11,21,65486,0,37022
11,21,65486,0,37045
12,21,65486,0,37066
12,21,65486,0,37088
12,21,65486,0,37110
11,21,65486,0,37132
11,21,65486,0,37153
11,21,65486,0,37176
11,21,65486,0,37197
11,21,65486,0,37219
11,21,65486,0,37240
12,21,65486,0,37263
12,21,65486,0,37284
12,21,65486,0,37306
11,21,65486,0,37328
11,21,65486,0,37350
11,21,65486,0,37371
11,21,65486,0,37394
11,21,65486,0,37415
11,21,65486,0,37437
11,21,65486,0,37459
11,20,65486,0,37481
11,20,65486,0,37502
11,20,65486,0,37525
11,21,65486,0,37547
11,21,65486,0,37568
11,21,65486,0,37591
11,21,65486,0,37612
11,21,65486,0,37634
11,21,65486,0,37656
11,21,65486,0,37678
11,21,65486,0,37699
11,21,65486,0,37722
12,21,65486,0,37743
12,21,65486,0,37765
12,21,65486,0,37787
11,21,65486,0,37809
11,21,65486,0,37830
11,21,65486,0,37853
11,21,65486,0,37874
11,21,65486,0,37896
11,21,65486,0,37918
11,21,65486,0,37940
11,21,65486,0,37961
11,21,65486,0,37984
11,21,65486,0,38005
11,20,65486,0,38027
11,20,65486,0,38049
11,20,65486,0,38071
11,21,65486,0,38092
11,21,65486,0,38115
11,21,65486,0,38136
11,20,65486,0,38158
11,20,65486,0,38180
11,20,65486,0,38202
11,21,65486,0,38223
11,21,65486,0,38246
11,21,65486,0,38267
11,21,65486,0,38289
11,21,65486,0,38311
11,21,65486,0,38333
11,21,65486,0,38354
11,21,65486,0,38377
11,21,65486,0,38398
11,21,65486,0,38420
11,21,65486,0,38443
11,21,65486,0,38464
11,21,65486,0,38486
11,21,65486,0,38508
11,21,65486,0,38530
12,21,65486,0,38551
12,21,65486,0,38574
12,21,65486,0,38595
12,21,65486,0,38617
11,21,65486,0,38638
11,21,65486,0,38661
11,21,65486,0,38682
11,21,65487,0,38704
11,21,65487,0,38726
11,21,65487,0,38748
11,21,65486,0,38769
11,21,65486,0,38792
11,21,65486,0,38813
11,21,65486,0,38835
11,21,65486,0,38857
11,21,65486,0,38879
11,20,65486,0,38900
11,20,65486,0,38923
11,20,65486,0,38944
11,21,65486,0,38966
11,21,65486,0,38988
11,21,65486,0,39010
11,21,65486,0,39031
11,21,65486,0,39054
11,21,65486,0,39075
11,21,65486,0,39097
11,21,65486,0,39119
11,21,65486,0,39141
11,21,65486,0,39162
11,21,65486,0,39185
11,21,65486,0,39206
11,21,65486,0,39228
11,21,65487,0,39250
11,21,65487,0,39272
11,21,65487,0,39293
11,21,65487,0,39316
11,21,65487,0,39337
11,21,65487,0,39359
11,21,65487,0,39382
11,21,65487,0,39403
11,21,65487,0,39425
11,21,65487,0,39447
11,21,65487,0,39469
11,21,65487,0,39490
11,21,65487,0,39513
11,21,65487,0,39534
11,21,65487,0,39556
11,21,65487,0,39578
11,21,65487,0,39600
11,21,65487,0,39621
11,21,65487,0,39644
11,21,65487,0,39665
11,21,65487,0,39687
11,21,65487,0,39709
11,21,65487,0,39731
11,21,65487,0,39752
11,21,65487,0,39775
11,21,65487,0,39796
11,21,65487,0,39818
11,21,65487,0,39840
11,21,65487,0,39862
11,21,65487,0,39883
11,21,65487,0,39906
11,21,65487,0,39927
11,21,65487,0,39949
11,21,65487,0,39971
11,21,65487,0,39993
11,21,65487,0,40014
11,21,65487,0,40036
11,21,65487,0,40058
11,21,65487,0,40080
11,21,65487,0,40101
11,21,65487,0,40124
11,21,65487,0,40145
11,21,65487,0,40167
11,21,65487,0,40189
11,21,65487,0,40211
11,21,65487,0,40232
11,21,65487,0,40255
11,21,65487,0,40276
11,21,65487,0,40298
11,21,65487,0,40321
11,21,65487,0,40342
11,21,65487,0,40364
11,21,65487,0,40386
11,21,65487,0,40408
11,21,65487,0,40429
11,21,65487,0,40452
11,21,65487,0,40473
11,21,65487,0,40495
11,21,65487,0,40517
11,21,65487,0,40539
11,21,65487,0,40560
11,21,65487,0,40583
11,21,65487,0,40604
11,21,65487,0,40626
11,21,65487,0,40648
11,21,65487,0,40670
11,21,65487,0,40691
11,21,65487,0,40714
11,21,65487,0,40735
11,21,65487,0,40757
11,21,65487,0,40779
11,21,65487,0,40801
11,21,65487,0,40822
11,21,65487,0,40845
11,21,65487,0,40866
11,21,65487,0,40888
11,21,65487,0,40910
11,21,65487,0,40932
11,21,65487,0,40953
11,21,65487,0,40976
11,21,65487,0,40997
11,21,65487,0,41019
11,21,65487,0,41041
11,21,65487,0,41063
11,21,65487,0,41084
11,21,65487,0,41107
11,21,65487,0,41128
11,21,65487,0,41150
11,21,65487,0,41172
11,21,65487,0,41194
11,21,65487,0,41216
11,21,65487,0,41238
11,21,65487,0,41260
11,21,65487,0,41281
11,21,65487,0,41304
11,21,65487,0,41325
11,21,65487,0,41347
11,21,65487,0,41369
11,21,65487,0,41391
11,21,65487,0,41412
11,21,65487,0,41434
11,21,65487,0,41456
11,21,65487,0,41478
11,21,65487,0,41499
11,21,65487,0,41522
11,21,65487,0,41543
11,21,65487,0,41565
11,21,65487,0,41587
11,21,65487,0,41609
11,21,65487,0,41630
11,21,65487,0,41653
11,21,65487,0,41674
11,21,65487,0,41696
11,21,65487,0,41718
11,21,65487,0,41740
11,21,65487,0,41761
11,21,65487,0,41784
11,21,65487,0,41805
11,21,65487,0,41827
11,21,65487,0,41849
11,21,65487,0,41871
11,21,65487,0,41892
11,21,65487,0,41915
11,21,65487,0,41936
11,21,65486,0,41958
11,21,65486,0,41980
11,21,65486,0,42002
11,21,65486,0,42023
11,21,65487,0,42046
11,21,65487,0,42067
11,21,65487,0,42089
11,21,65487,0,42112
11,21,65487,0,42133
11,21,65487,0,42155
11,21,65487,0,42177
11,21,65487,0,42199
11,21,65487,0,42220
11,21,65487,0,42243
11,21,65487,0,42264
11,21,65487,0,42286
11,21,65487,0,42308
11,21,65487,0,42330
11,21,65487,0,42351
11,21,65487,0,42374
11,21,65487,0,42395
11,21,65487,0,42417
11,21,65487,0,42439
11,21,65487,0,42461
11,21,65487,0,42482
11,21,65487,0,42505
11,21,65487,0,42526
11,21,65487,0,42548
11,21,65487,0,42570
11,21,65487,0,42592
11,21,65487,0,42613
11,21,65487,0,42636
11,21,65486,0,42657
11,21,65486,0,42679
11,21,65486,0,42701
11,21,65487,0,42723
11,21,65487,0,42744
11,21,65487,0,42767
11,21,65487,0,42788
11,21,65487,0,42810
11,21,65487,0,42831
11,21,65487,0,42854
11,21,65487,0,42875
11,21,65487,0,42897
11,21,65487,0,42919
11,21,65487,0,42941
11,21,65487,0,42962
11,21,65487,0,42985
11,21,65487,0,43006
11,21,65487,0,43028
11,21,65487,0,43051
11,21,65487,0,43072
11,21,65487,0,43094
11,21,65487,0,43116
11,21,65487,0,43138
11,21,65487,0,43159
11,21,65487,0,43182
11,21,65486,0,43203
11,21,65486,0,43225
11,21,65486,0,43247
11,21,65487,0,43269
11,21,65487,0,43290
11,21,65487,0,43313
11,21,65487,0,43334
11,21,65487,0,43356
11,21,65487,0,43378
11,21,65487,0,43400
11,21,65487,0,43421
11,21,65487,0,43444
11,21,65487,0,43465
11,21,65487,0,43487
11,21,65487,0,43509
11,21,65486,0,43531
11,21,65486,0,43552
11,21,65486,0,43575
11,21,65487,0,43596
11,21,65487,0,43618
11,21,65487,0,43640
11,21,65487,0,43662
11,21,65487,0,43683
11,21,65487,0,43706
11,21,65487,0,43727
11,21,65487,0,43749
11,21,65487,0,43771
11,21,65487,0,43793
11,21,65487,0,43814
11,21,65487,0,43837
11,21,65487,0,43858
11,21,65487,0,43880
11,21,65487,0,43902
11,21,65487,0,43924
11,21,65487,0,43945
11,21,65487,0,43968
11,21,65487,0,43990
11,21,65487,0,44011
11,21,65487,0,44034
11,21,65487,0,44055
11,21,65487,0,44077
11,21,65487,0,44099
11,21,65487,0,44121
11,21,65487,0,44142
11,21,65487,0,44165
11,21,65487,0,44186
11,21,65487,0,44208
11,21,65487,0,44229
11,21,65487,0,44252
11,21,65487,0,44273
10,21,65487,0,44295
10,21,65487,0,44317
10,21,65487,0,44339
10,22,65487,0,44360
10,22,65487,0,44383
10,22,65487,0,44404
10,21,65487,0,44426
10,21,65487,0,44448
10,21,65487,0,44470
10,22,65487,0,44491
10,22,65487,0,44514
10,22,65487,0,44535
9,21,65487,0,44557
9,21,65487,0,44578
9,21,65487,0,44599
9,22,65487,0,44619
9,22,65487,0,44641
9,22,65487,0,44661
9,22,65487,0,44682
9,22,65487,0,44703
9,22,65487,0,44724
9,22,65487,0,44744
9,22,65487,0,44766
9,22,65487,0,44786
9,22,65487,0,44807
9,22,65487,0,44827
9,22,65487,0,44849
9,22,65487,0,44869
8,22,65487,0,44890
8,22,65487,0,44911
8,22,65487,0,44932
8,22,65487,0,44952
8,22,65487,0,44974
8,22,65487,0,44994
8,22,65487,0,45015
8,23,65487,0,45036
8,23,65487,0,45057
8,23,65487,0,45077
8,23,65487,0,45099
8,23,65487,0,45119
8,23,65487,0,45139
8,23,65487,0,45160
8,23,65487,0,45181
8,23,65487,0,45202
8,23,65487,0,45222
7,23,65487,0,45244
7,23,65487,0,45264
7,23,65487,0,45285
7,24,65486,0,45306
7,24,65486,0,45327
7,24,65486,0,45347
6,24,65486,0,45369
6,24,65486,0,45389
6,24,65486,0,45410
6,24,65486,0,45431
6,24,65485,0,45452
6,24,65485,0,45472
6,24,65485,0,45493
6,24,65485,0,45514
6,24,65485,0,45535
6,24,65485,0,45555
7,24,65485,0,45577
7,24,65485,0,45597
7,24,65485,0,45618
7,23,65485,0,45639
7,23,65485,0,45660
7,23,65485,0,45680
7,23,65485,0,45702
8,22,65486,0,45722
8,22,65486,0,45743
8,22,65486,0,45764
8,20,65486,0,45785
8,20,65486,0,45805
8,20,65486,0,45826
8,18,65488,0,45847
8,18,65488,0,45868
8,18,65488,0,45888
8,18,65488,0,45910
6,16,65491,0,45930
6,16,65491,0,45950
6,16,65491,0,45972
4,15,65492,0,45992
4,15,65492,0,46013
4,15,65492,0,46034
3,15,65493,0,46055
3,15,65493,0,46075
3,15,65493,0,46097
3,16,65494,0,46117
3,16,65494,0,46138
3,16,65494,0,46158
3,16,65494,0,46180
2,15,65495,0,46200
2,15,65495,0,46221
2,15,65495,0,46242
0,17,65497,0,46263
0,17,65497,0,46283
0,17,65497,0,46305
65534,19,65498,0,46325
65534,19,65498,0,46350
65534,19,65498,0,46375
65529,22,65499,0,46400
65529,22,65499,0,46425
65529,22,65499,0,46450
65521,25,65492,0,46475
65521,25,65492,0,46500
65518,19,65467,0,46525
65518,19,65467,0,46550
65518,19,65467,0,46575
65531,5,65453,0,46600
65531,5,65453,0,46623
65531,5,65453,0,46648
6,65532,65451,0,46671
6,65532,65451,0,46696
6,65532,65451,0,46720
15,65527,65457,0,46743
15,65527,65457,0,46769
15,65527,65457,0,46793
19,65524,65466,0,46818
19,65524,65466,0,46843
18,65526,65477,0,46868
18,65526,65477,0,46894
18,65526,65477,0,46918
14,65530,65481,0,46943
14,65530,65481,0,46968
14,65530,65481,0,46993
14,65532,65483,0,47017
14,65532,65483,0,47043
14,65532,65483,0,47068
14,65534,65485,0,47093
14,65534,65485,0,47118
12,0,65488,0,47142
12,0,65488,0,47164
12,0,65488,0,47184
12,1,65488,0,47205
11,1,65489,0,47226
11,1,65489,0,47247
11,1,65489,0,47267
9,3,65489,0,47288
9,3,65489,0,47308
9,3,65489,0,47328
8,5,65489,0,47347
8,5,65489,0,47368
8,5,65489,0,47387
8,5,65489,0,47407
7,6,65488,0,47427
7,6,65488,0,47447
7,6,65488,0,47466
7,6,65488,0,47485
7,6,65488,0,47506
7,6,65488,0,47525
7,6,65488,0,47545
7,7,65488,0,47565
7,7,65488,0,47585
7,7,65488,0,47604
6,7,65487,0,47624
6,7,65487,0,47644
6,7,65487,0,47664
6,8,65487,0,47683
6,8,65487,0,47704
6,8,65487,0,47723
6,8,65487,0,47742
6,8,65487,0,47763
6,8,65487,0,47782
6,8,65487,0,47802
6,8,65486,0,47821
6,8,65486,0,47842
6,8,65486,0,47861
6,8,65486,0,47881
6,9,65487,0,47901
6,9,65487,0,47921
6,9,65487,0,47940
6,8,65486,0,47961
6,8,65486,0,47980
6,8,65486,0,48000
6,8,65486,0,48019
5,9,65486,0,48039
5,9,65486,0,48059
5,9,65486,0,48078
6,9,65486,0,48099
6,9,65486,0,48118
6,9,65486,0,48138
6,9,65486,0,48158
6,9,65486,0,48178
6,9,65486,0,48197
6,9,65486,0,48217
6,9,65486,0,48237
6,9,65486,0,48257
6,9,65486,0,48276
6,9,65486,0,48296
6,9,65486,0,48316
6,9,65486,0,48335
6,9,65486,0,48355
6,9,65486,0,48375
6,9,65486,0,48395
6,9,65486,0,48414
5,9,65486,0,48435
5,9,65486,0,48454
5,9,65486,0,48474
5,9,65486,0,48494
5,9,65486,0,48514
5,9,65486,0,48533
5,9,65486,0,48552
5,9,65486,0,48573
5,9,65486,0,48592
5,9,65486,0,48612
5,9,65486,0,48632
5,9,65486,0,48652
5,9,65486,0,48671
5,9,65486,0,48692
5,9,65485,0,48711
5,9,65485,0,48731
5,9,65485,0,48750
5,9,65485,0,48771
6,9,65486,0,48790
6,9,65486,0,48809
6,9,65486,0,48830
6,9,65486,0,48849
6,9,65486,0,48869
6,9,65486,0,48888
6,9,65486,0,48909
5,9,65486,0,48928
5,9,65486,0,48948
5,9,65486,0,48968
6,9,65486,0,48988
6,9,65486,0,49007
6,9,65486,0,49028
5,9,65486,0,49047
5,9,65486,0,49067
5,9,65486,0,49086
5,9,65486,0,49106
5,9,65486,0,49126
5,9,65486,0,49145
5,9,65486,0,49166
5,9,65486,0,49185
5,9,65486,0,49205
5,9,65486,0,49225
5,9,65486,0,49245
5,9,65486,0,49264
5,9,65486,0,49284
5,9,65486,0,49304
5,9,65486,0,49324
5,9,65486,0,49343
5,9,65486,0,49363
5,9,65486,0,49383
5,9,65486,0,49402
5,9,65486,0,49423
5,9,65486,0,49442
6,9,65486,0,49462
6,9,65486,0,49481
6,9,65486,0,49502
6,9,65486,0,49521
5,9,65485,0,49541
5,9,65485,0,49561
5,9,65485,0,49581
6,9,65486,0,49600
6,9,65486,0,49619
6,9,65486,0,49640
5,9,65485,0,49659
5,9,65485,0,49679
5,9,65485,0,49699
5,9,65485,0,49719
5,9,65486,0,49738
5,9,65486,0,49759
5,9,65486,0,49778
5,9,65486,0,49798
5,9,65486,0,49817
5,9,65486,0,49838
5,9,65486,0,49857
5,9,65486,0,49876
5,9,65486,0,49897
5,9,65486,0,49916
6,9,65486,0,49936
6,9,65486,0,49956
6,9,65486,0,49976
6,9,65486,0,49995
5,9,65486,0,50015
5,9,65486,0,50035
5,9,65486,0,50055
5,9,65486,0,50074
5,9,65486,0,50095
5,9,65486,0,50114
5,9,65486,0,50134
5,9,65486,0,50153
5,9,65486,0,50173
5,9,65486,0,50193
5,9,65485,0,50212
5,9,65485,0,50233
5,9,65485,0,50252
5,9,65485,0,50272
5,9,65485,0,50292
5,9,65485,0,50312
5,9,65485,0,50331
5,9,65486,0,50351
5,9,65486,0,50371
5,9,65486,0,50391
5,9,65486,0,50410
5,9,65486,0,50430
5,9,65486,0,50450
5,9,65486,0,50469
6,9,65486,0,50490
6,9,65486,0,50509
6,9,65486,0,50529
6,9,65486,0,50548
6,9,65486,0,50569
6,9,65486,0,50588
6,9,65486,0,50608
5,9,65485,0,50628
5,9,65485,0,50648
5,9,65485,0,50667
5,9,65486,0,50688
5,9,65486,0,50707
5,9,65486,0,50726
5,9,65486,0,50746
5,9,65486,0,50766
5,9,65486,0,50786
5,9,65486,0,50805
5,10,65486,0,50826
5,10,65486,0,50846
5,10,65486,0,50867
6,10,65486,0,50888
6,10,65486,0,50909
6,10,65486,0,50929
6,10,65486,0,50950
5,9,65486,0,50971
5,9,65486,0,50991
5,9,65486,0,51010
5,9,65486,0,51031
5,9,65486,0,51050
5,9,65486,0,51069
5,9,65486,0,51090
5,9,65486,0,51109
5,9,65486,0,51129
5,9,65486,0,51148
6,10,65485,0,51169
6,10,65485,0,51189
6,10,65485,0,51210
6,9,65486,0,51231
6,9,65486,0,51251
6,9,65486,0,51270
6,9,65486,0,51291
6,10,65486,0,51310
6,10,65486,0,51331
6,10,65486,0,51351
5,9,65486,0,51373
5,9,65486,0,51392
5,9,65486,0,51411
5,10,65486,0,51432
5,10,65486,0,51452
5,10,65486,0,51473
5,10,65486,0,51494
5,9,65486,0,51515
5,9,65486,0,51534
5,9,65486,0,51555
5,9,65486,0,51574
5,9,65486,0,51594
5,9,65486,0,51613
5,9,65486,0,51634
5,9,65486,0,51653
5,9,65486,0,51673
5,9,65486,0,51693
5,9,65486,0,51713
5,9,65486,0,51732
5,9,65486,0,51752
5,9,65486,0,51772
5,9,65486,0,51791
5,9,65486,0,51811
5,9,65486,0,51831
5,9,65486,0,51851
5,9,65486,0,51870
5,9,65486,0,51891
5,9,65486,0,51910
5,9,65486,0,51930
5,9,65486,0,51949
5,9,65486,0,51970
5,9,65486,0,51989
5,9,65486,0,52008
5,9,65486,0,52029
6,10,65486,0,52048
6,10,65486,0,52069
6,10,65486,0,52090
6,9,65486,0,52111
6,9,65486,0,52130
6,9,65486,0,52150
6,9,65486,0,52170
5,10,65486,0,52190
5,10,65486,0,52210
5,10,65486,0,52232
5,9,65486,0,52252
5,9,65486,0,52272
5,9,65486,0,52292
5,9,65486,0,52312
5,9,65486,0,52331
5,9,65486,0,52352
5,9,65486,0,52371
5,9,65486,0,52390
5,9,65486,0,52410
5,9,65486,0,52430
5,9,65486,0,52450
5,9,65486,0,52469
5,9,65486,0,52490
5,9,65486,0,52509
6,9,65485,0,52529
6,9,65485,0,52548
6,9,65485,0,52569
5,9,65486,0,52588
5,9,65486,0,52608
5,9,65486,0,52628
5,9,65486,0,52647
5,9,65486,0,52667
5,9,65486,0,52687
5,9,65486,0,52707