14,65489,65493,0,47830
14,65489,65493,0,47854
14,65489,65493,0,47880
14,65489,65494,0,47904
14,65489,65494,0,47929
14,65489,65494,0,47954
15,65489,65494,0,47979
15,65489,65494,0,48004
15,65489,65494,0,48029
15,65489,65493,0,48054
15,65489,65493,0,48079
15,65489,65493,0,48104
15,65489,65494,0,48129
15,65489,65494,0,48154
15,65489,65493,0,48179
15,65489,65493,0,48203
15,65489,65493,0,48229
15,65489,65493,0,48253
15,65489,65493,0,48279
15,65489,65493,0,48304
14,65489,65493,0,48328
14,65489,65493,0,48354
14,65489,65493,0,48378
15,65489,65493,0,48403
15,65489,65493,0,48429
15,65489,65493,0,48453
15,65489,65493,0,48479
15,65489,65493,0,48503
15,65489,65494,0,48528
15,65489,65494,0,48553
15,65489,65494,0,48578
15,65489,65493,0,48603
15,65489,65493,0,48628
15,65489,65493,0,48653
15,65489,65494,0,48678
15,65489,65494,0,48703
15,65489,65493,0,48728
15,65489,65493,0,48753
15,65489,65493,0,48778
15,65489,65494,0,48802
15,65489,65494,0,48828
15,65489,65494,0,48852
14,65489,65493,0,48878
14,65489,65493,0,48903
15,65489,65494,0,48927
15,65489,65494,0,48953
15,65489,65494,0,48977
15,65489,65494,0,49002
15,65489,65494,0,49028
15,65489,65494,0,49052
14,65489,65493,0,49078
14,65489,65493,0,49102
14,65489,65493,0,49127
15,65489,65493,0,49153
15,65489,65493,0,49177
14,65489,65493,0,49202
14,65489,65493,0,49227
14,65489,65493,0,49252
14,65489,65493,0,49277
14,65489,65493,0,49302
14,65489,65493,0,49327
15,65489,65493,0,49352
15,65489,65493,0,49377
15,65489,65493,0,49401
15,65489,65494,0,49427
15,65489,65494,0,49452
15,65489,65493,0,49477
15,65489,65493,0,49502
15,65489,65493,0,49526
14,65489,65493,0,49552
14,65489,65493,0,49576
14,65489,65493,0,49601
15,65489,65493,0,49627
15,65489,65493,0,49651
15,65489,65493,0,49677
14,65489,65494,0,49701
14,65489,65494,0,49726
15,65489,65494,0,49752
15,65489,65494,0,49776
15,65489,65494,0,49801
15,65489,65493,0,49826
15,65489,65493,0,49851
15,65489,65493,0,49876
15,65489,65494,0,49901
15,65489,65494,0,49926
15,65489,65494,0,49951
15,65489,65494,0,49976
15,65489,65494,0,50000
15,65489,65493,0,50026
15,65489,65493,0,50051
15,65489,65493,0,50076
14,65489,65494,0,50101
14,65489,65494,0,50125
14,65489,65494,0,50151
14,65489,65493,0,50176
14,65489,65493,0,50200
15,65489,65493,0,50226
15,65489,65493,0,50250
15,65489,65493,0,50276
15,65489,65494,0,50300
15,65489,65494,0,50325
15,65489,65494,0,50351
14,65489,65494,0,50375
14,65489,65494,0,50400
14,65489,65494,0,50425
15,65489,65494,0,50450
15,65489,65494,0,50476
15,65489,65493,0,50500
15,65489,65493,0,50525
15,65489,65493,0,50550
15,65489,65493,0,50575
15,65489,65493,0,50599
15,65489,65493,0,50625
15,65489,65494,0,50650
15,65489,65494,0,50675
14,65489,65493,0,50700
14,65489,65493,0,50724
14,65489,65493,0,50750
14,65489,65493,0,50775
14,65489,65493,0,50799
14,65489,65493,0,50825
15,65489,65494,0,50849
15,65489,65494,0,50875
15,65489,65494,0,50899
14,65489,65493,0,50924
14,65489,65493,0,50950
15,65489,65493,0,50974
15,65489,65493,0,50999
15,65489,65493,0,51024
15,65489,65493,0,51049
15,65489,65493,0,51075
15,65489,65493,0,51099
15,65489,65494,0,51124
15,65489,65494,0,51149
15,65489,65494,0,51174
15,65489,65493,0,51198
15,65489,65493,0,51224
15,65489,65493,0,51249
15,65489,65493,0,51274
15,65489,65493,0,51299
14,65489,65494,0,51323
14,65489,65494,0,51349
14,65489,65494,0,51374
15,65489,65493,0,51398
15,65489,65493,0,51424
15,65489,65493,0,51448
15,65489,65493,0,51474
15,65489,65493,0,51499
15,65489,65494,0,51523
15,65489,65494,0,51549
15,65489,65494,0,51573
15,65489,65494,0,51598
15,65489,65494,0,51623
15,65489,65494,0,51648
15,65489,65494,0,51674
15,65489,65494,0,51698
15,65489,65493,0,51723
15,65489,65493,0,51748
15,65489,65493,0,51773
15,65489,65494,0,51798
15,65489,65494,0,51823
15,65489,65494,0,51848
15,65489,65493,0,51873
15,65489,65493,0,51898
15,65489,65493,0,51922
15,65489,65493,0,51948
15,65489,65493,0,51973
14,65489,65493,0,51997
14,65489,65493,0,52023
14,65489,65493,0,52047
14,65489,65493,0,52073
14,65489,65493,0,52098
14,65489,65493,0,52122
15,65489,65493,0,52148
15,65489,65493,0,52172
15,65489,65493,0,52197
14,65489,65494,0,52222
14,65489,65494,0,52247
15,65489,65494,0,52273
15,65489,65494,0,52297
15,65489,65494,0,52322
15,65489,65494,0,52347
15,65489,65494,0,52372
15,65489,65494,0,52397
15,65489,65493,0,52422
15,65489,65493,0,52447
15,65489,65494,0,52472
15,65489,65494,0,52497
15,65489,65494,0,52521
15,65489,65493,0,52547
15,65489,65493,0,52572
15,65489,65493,0,52596
15,65489,65493,0,52622
15,65489,65493,0,52646
15,65489,65493,0,52672
14,65489,65494,0,52697
14,65489,65494,0,52721
14,65489,65493,0,52747
14,65489,65493,0,52771
14,65489,65493,0,52796
14,65489,65493,0,52822
14,65489,65493,0,52846
14,65489,65493,0,52872
15,65489,65494,0,52896
15,65489,65494,0,52921
15,65489,65494,0,52946
15,65489,65493,0,52971
15,65489,65493,0,52996
15,65489,65493,0,53021
15,65489,65493,0,53046
15,65489,65493,0,53071
14,65489,65494,0,53096
14,65489,65494,0,53121
14,65489,65494,0,53146
14,65489,65494,0,53171
14,65489,65494,0,53195
14,65489,65494,0,53221
15,65489,65494,0,53245
15,65489,65494,0,53271
15,65489,65493,0,53296
15,65489,65493,0,53320
15,65489,65493,0,53346
15,65489,65494,0,53370
15,65489,65494,0,53395
15,65489,65494,0,53421
14,65489,65493,0,53445
14,65489,65493,0,53471
15,65489,65493,0,53495
15,65489,65493,0,53520
15,65489,65493,0,53545
14,65489,65494,0,53570
14,65489,65494,0,53595
14,65489,65494,0,53620
15,65489,65493,0,53645
15,65489,65493,0,53670
15,65489,65493,0,53695
15,65489,65493,0,53720
15,65489,65493,0,53745
15,65489,65493,0,53770
15,65489,65493,0,53794
15,65489,65493,0,53820
15,65489,65493,0,53844
15,65489,65493,0,53870
15,65489,65493,0,53895
15,65489,65493,0,53919
15,65489,65493,0,53945
15,65489,65493,0,53969
15,65490,65493,0,53994
15,65490,65493,0,54020
15,65489,65493,0,54044
15,65489,65493,0,54070
15,65489,65493,0,54094
15,65489,65494,0,54119
15,65489,65494,0,54145
15,65489,65494,0,54169
15,65489,65493,0,54194
15,65489,65493,0,54219
15,65489,65493,0,54244
14,65489,65493,0,54269
14,65489,65493,0,54294
14,65489,65494,0,54319
14,65489,65494,0,54344
14,65489,65494,0,54369
14,65489,65493,0,54393
14,65489,65493,0,54419
14,65489,65493,0,54444
15,65489,65493,0,54469
15,65489,65493,0,54494
15,65489,65494,0,54518
15,65489,65494,0,54544
15,65489,65494,0,54568
14,65489,65494,0,54593
14,65489,65494,0,54619
14,65489,65494,0,54643
15,65489,65493,0,54669
15,65489,65493,0,54693
15,65489,65493,0,54718
15,65489,65493,0,54744
15,65489,65493,0,54768
15,65489,65493,0,54793
15,65489,65493,0,54818
15,65489,65493,0,54843
14,65489,65493,0,54868
14,65489,65493,0,54893
14,65489,65493,0,54918
15,65489,65493,0,54943
15,65489,65493,0,54968
15,65489,65493,0,54992
15,65489,65493,0,55018
15,65489,65493,0,55043
14,65489,65493,0,55068
14,65489,65493,0,55093
14,65489,65493,0,55117
15,65489,65493,0,55143
15,65489,65493,0,55168
15,65489,65493,0,55192
14,65489,65493,0,55218
14,65489,65493,0,55242
14,65489,65494,0,55268
14,65489,65494,0,55292
14,65489,65494,0,55317
15,65489,65493,0,55343
15,65489,65493,0,55367
15,65489,65493,0,55392
14,65489,65494,0,55417
14,65489,65494,0,55442
14,65489,65494,0,55468
15,65489,65494,0,55492
15,65489,65494,0,55517
15,65489,65493,0,55542
15,65489,65493,0,55567
15,65489,65493,0,55591
15,65489,65493,0,55617
15,65489,65493,0,55642
15,65489,65493,0,55667
14,65489,65493,0,55692
14,65489,65493,0,55716
14,65489,65493,0,55742
15,65489,65493,0,55767
15,65489,65493,0,55791
15,65489,65494,0,55817
15,65489,65494,0,55841
15,65489,65494,0,55867
15,65489,65493,0,55891
15,65489,65493,0,55916
15,65489,65493,0,55942
15,65489,65494,0,55966
15,65489,65494,0,55991
15,65489,65494,0,56016
15,65489,65493,0,56041
15,65489,65493,0,56067
15,65489,65493,0,56091
15,65489,65493,0,56116
15,65489,65493,0,56141
15,65489,65494,0,56166
15,65489,65494,0,56190
15,65489,65494,0,56216
15,65489,65494,0,56241
15,65489,65494,0,56266
15,65489,65493,0,56291
15,65489,65493,0,56315
15,65489,65493,0,56341
15,65489,65493,0,56366
15,65489,65493,0,56390
15,65489,65493,0,56416
14,65489,65493,0,56440
14,65489,65493,0,56466
14,65489,65493,0,56491
15,65489,65494,0,56515
15,65489,65494,0,56541
15,65489,65493,0,56565
15,65489,65493,0,56590
15,65489,65493,0,56615
15,65489,65493,0,56640
15,65489,65493,0,56666
15,65489,65493,0,56690
15,65489,65493,0,56715
15,65489,65493,0,56740
15,65489,65493,0,56765
15,65489,65493,0,56790
15,65489,65493,0,56815
15,65489,65494,0,56840
15,65489,65494,0,56865
15,65489,65494,0,56890
15,65489,65493,0,56914
15,65489,65493,0,56940
15,65489,65493,0,56965
14,65489,65494,0,56989
14,65489,65494,0,57015
14,65489,65494,0,57039
15,65489,65493,0,57065
15,65489,65493,0,57090
15,65489,65494,0,57114
15,65489,65494,0,57140
15,65489,65494,0,57164
15,65489,65494,0,57189
15,65489,65494,0,57214
15,65489,65494,0,57239
15,65489,65494,0,57265
15,65489,65494,0,57289
15,65489,65493,0,57314
15,65489,65493,0,57339
15,65489,65493,0,57364
15,65489,65493,0,57389
15,65489,65493,0,57414
15,65489,65493,0,57439
14,65489,65493,0,57464
14,65489,65493,0,57489
14,65489,65493,0,57513
15,65489,65493,0,57539
15,65489,65493,0,57564
15,65489,65493,0,57588
15,65489,65493,0,57614
15,65489,65493,0,57638
15,65489,65493,0,57664
15,65489,65493,0,57689
15,65489,65493,0,57713
15,65489,65494,0,57739
15,65489,65494,0,57763
15,65489,65494,0,57788
15,65489,65494,0,57814
15,65489,65494,0,57838
15,65489,65493,0,57864
15,65489,65493,0,57888
15,65489,65493,0,57913
15,65489,65494,0,57938
15,65489,65494,0,57963
15,65489,65494,0,57988
15,65489,65494,0,58013
15,65489,65494,0,58038
15,65489,65493,0,58063
15,65489,65493,0,58088
15,65489,65493,0,58113
15,65489,65494,0,58138
15,65489,65494,0,58163
15,65489,65494,0,58187
14,65489,65494,0,58213
14,65489,65494,0,58237
14,65489,65494,0,58263
15,65489,65493,0,58288
15,65489,65493,0,58312
15,65489,65493,0,58338
15,65489,65493,0,58362
15,65489,65493,0,58387
15,65489,65493,0,58413
15,65489,65493,0,58437
15,65489,65493,0,58463
15,65489,65493,0,58487
15,65489,65493,0,58512
15,65489,65493,0,58537
15,65489,65493,0,58562
15,65489,65493,0,58587
14,65489,65493,0,58612
14,65489,65493,0,58637
14,65489,65493,0,58662
14,65489,65493,0,58687
14,65489,65493,0,58712
14,65489,65493,0,58737
15,65489,65493,0,58762
15,65489,65493,0,58786
15,65489,65493,0,58812
14,65489,65493,0,58836
14,65489,65493,0,58862
15,65489,65493,0,58887
15,65489,65493,0,58911
15,65489,65493,0,58937
15,65489,65493,0,58961
15,65489,65493,0,58986
15,65489,65493,0,59012
14,65489,65493,0,59036
14,65489,65493,0,59062
14,65489,65493,0,59086
14,65489,65493,0,59111
14,65489,65493,0,59137
14,65489,65494,0,59161
14,65489,65494,0,59186
14,65489,65494,0,59211
14,65489,65493,0,59236
14,65489,65493,0,59261
14,65489,65493,0,59286
15,65489,65494,0,59311
15,65489,65494,0,59336
15,65489,65494,0,59361
15,65489,65494,0,59385
15,65489,65494,0,59411
15,65489,65493,0,59436
15,65489,65493,0,59461
15,65489,65493,0,59486
15,65489,65493,0,59510
15,65489,65493,0,59536
15,65489,65493,0,59560
15,65489,65493,0,59585
15,65489,65493,0,59611
15,65489,65493,0,59635
15,65489,65493,0,59661
15,65489,65493,0,59685
15,65489,65493,0,59710
15,65489,65493,0,59736
15,65489,65493,0,59760
15,65489,65494,0,59785
15,65489,65494,0,59810
15,65489,65494,0,59835
14,65489,65493,0,59860
14,65489,65493,0,59885
14,65489,65493,0,59910
14,65489,65493,0,59935
14,65489,65493,0,59960
14,65489,65493,0,59984
14,65489,65493,0,60010
14,65489,65493,0,60035
15,65489,65493,0,60060
15,65489,65493,0,60085
14,65489,65493,0,60109
14,65489,65493,0,60135
14,65489,65493,0,60160
15,65489,65493,0,60184
15,65489,65493,0,60210
15,65489,65493,0,60234
15,65489,65493,0,60260
15,65489,65493,0,60284
15,65489,65493,0,60309
15,65489,65494,0,60335
15,65489,65494,0,60359
14,65489,65493,0,60384
14,65489,65493,0,60409
14,65489,65493,0,60434
15,65489,65493,0,60460
15,65489,65493,0,60484
15,65489,65493,0,60509
15,65489,65494,0,60534
15,65489,65494,0,60559
15,65489,65494,0,60583
14,65489,65493,0,60609
14,65489,65493,0,60634
14,65489,65493,0,60659
14,65489,65493,0,60684
14,65489,65493,0,60708
15,65489,65494,0,60734
15,65489,65494,0,60759
15,65489,65494,0,60783
15,65489,65493,0,60809
15,65489,65493,0,60833
15,65489,65493,0,60859
15,65489,65493,0,60883
15,65489,65493,0,60908
14,65489,65493,0,60934
14,65489,65493,0,60958
14,65489,65493,0,60983
15,65489,65494,0,61008
15,65489,65494,0,61033
15,65489,65494,0,61059
15,65489,65494,0,61083
15,65489,65494,0,61108
15,65489,65493,0,61133
15,65489,65493,0,61158
15,65489,65493,0,61182
15,65489,65493,0,61208
15,65489,65493,0,61233
15,65489,65493,0,61258
14,65489,65493,0,61283
14,65489,65493,0,61307
14,65489,65493,0,61333
15,65489,65493,0,61358
15,65489,65493,0,61382
15,65489,65494,0,61408
15,65489,65494,0,61432
15,65489,65494,0,61458
15,65489,65493,0,61483
15,65489,65493,0,61507
15,65489,65493,0,61533
15,65489,65494,0,61557
15,65489,65494,0,61582
15,65489,65494,0,61607
14,65489,65493,0,61632
14,65489,65493,0,61658
15,65489,65493,0,61682
15,65489,65493,0,61707
15,65489,65493,0,61732
15,65489,65494,0,61757
15,65489,65494,0,61782
15,65489,65494,0,61807
15,65489,65493,0,61832
15,65489,65493,0,61857
15,65489,65493,0,61882
15,65489,65493,0,61906
15,65489,65493,0,61932
15,65490,65493,0,61957
15,65490,65493,0,61981
15,65490,65493,0,62007
15,65489,65493,0,62031
15,65489,65493,0,62057
15,65489,65493,0,62082
15,65489,65493,0,62106
15,65489,65493,0,62132
15,65489,65494,0,62156
15,65489,65494,0,62181
15,65489,65494,0,62206
14,65489,65494,0,62231
14,65489,65494,0,62257
14,65489,65494,0,62281
15,65489,65493,0,62306
15,65489,65493,0,62331
15,65489,65493,0,62356
15,65489,65493,0,62381
15,65489,65493,0,62406
15,65489,65494,0,62431
15,65489,65494,0,62456
15,65489,65494,0,62481
15,65489,65493,0,62505
15,65489,65493,0,62531
15,65489,65493,0,62556
15,65489,65493,0,62580
15,65489,65493,0,62606
15,65489,65493,0,62630
14,65489,65493,0,62656
14,65489,65493,0,62681
15,65489,65493,0,62705
15,65489,65493,0,62731
15,65489,65493,0,62755
14,65489,65494,0,62780
14,65489,65494,0,62806
14,65489,65494,0,62830
14,65489,65494,0,62856
14,65489,65494,0,62880
15,65489,65493,0,62905
15,65489,65493,0,62930
15,65489,65493,0,62955
15,65490,65493,0,62980
15,65490,65493,0,63005
15,65490,65493,0,63030
15,65489,65494,0,63055
15,65489,65494,0,63080
15,65489,65494,0,63105
15,65489,65493,0,63130
15,65489,65493,0,63155
14,65489,65494,0,63179
14,65489,65494,0,63205
14,65489,65494,0,63229
15,65489,65493,0,63255
15,65489,65493,0,63280
15,65489,65493,0,63304
15,65489,65494,0,63330
15,65489,65494,0,63354
15,65489,65494,0,63379
14,65489,65493,0,63405
14,65489,65493,0,63429
14,65489,65494,0,63455
14,65489,65494,0,63479
14,65489,65494,0,63504
15,65489,65494,0,63529
15,65489,65494,0,63554
15,65489,65494,0,63579
15,65489,65493,0,63604
15,65489,65493,0,63629
15,65489,65494,0,63654
15,65489,65494,0,63679
15,65489,65494,0,63704
14,65489,65494,0,63729
14,65489,65494,0,63754
14,65489,65494,0,63778
15,65489,65493,0,63804
15,65489,65493,0,63828
15,65489,65493,0,63854
14,65489,65494,0,63879
14,65489,65494,0,63903
14,65489,65493,0,63929
14,65489,65493,0,63953
14,65489,65493,0,63978
15,65489,65494,0,64004
15,65489,65494,0,64028
15,65489,65494,0,64054
15,65489,65493,0,64078
15,65489,65493,0,64103
15,65489,65493,0,64129
15,65489,65493,0,64153
15,65489,65493,0,64178
15,65489,65493,0,64203
15,65489,65493,0,64228
15,65489,65493,0,64253
15,65489,65494,0,64278
15,65489,65494,0,64303
15,65489,65494,0,64328
15,65489,65494,0,64353
15,65489,65494,0,64377
15,65489,65494,0,64403
15,65489,65493,0,64428
15,65489,65493,0,64453
14,65489,65494,0,64478
14,65489,65494,0,64502
14,65489,65494,0,64528
15,65489,65493,0,64552
15,65489,65493,0,64577
15,65489,65493,0,64603
15,65489,65494,0,64627
15,65489,65494,0,64653
15,65489,65493,0,64677
15,65489,65493,0,64702
15,65489,65493,0,64728
15,65489,65493,0,64752
15,65489,65493,0,64777
15,65489,65493,0,64802
15,65489,65494,0,64827
15,65489,65494,0,64852
15,65489,65494,0,64877
15,65489,65494,0,64902
15,65489,65494,0,64927
15,65489,65494,0,64952
15,65489,65494,0,64976
15,65489,65494,0,65002
15,65489,65493,0,65027
15,65489,65493,0,65052
15,65489,65493,0,65077
15,65489,65493,0,65101
15,65489,65493,0,65127
15,65489,65493,0,65152
15,65489,65493,0,65176
15,65489,65493,0,65202
14,65489,65493,0,65226
14,65489,65493,0,65252
14,65489,65493,0,65276
15,65489,65494,0,65301
15,65489,65494,0,65327
15,65489,65494,0,65351
15,65489,65494,0,65376
15,65489,65494,0,65401
15,65489,65494,0,65426
14,65489,65493,0,65452
14,65489,65493,0,65476
15,65489,65494,0,65501
15,65489,65494,0,65526
15,65489,65494,0,15
15,65489,65493,0,36
15,65489,65493,0,59
15,65489,65493,0,80
15,65489,65493,0,102
15,65489,65493,0,125
15,65489,65493,0,148
14,65489,65493,0,171
14,65489,65493,0,194
14,65489,65493,0,217
15,65489,65493,0,239
15,65489,65493,0,263
15,65489,65493,0,285
15,65489,65494,0,308
15,65489,65494,0,331
15,65489,65494,0,354
15,65489,65493,0,377
15,65489,65493,0,400
15,65489,65493,0,422
15,65489,65493,0,446
15,65489,65493,0,468
15,65489,65493,0,491
15,65489,65493,0,515
15,65489,65493,0,537
15,65489,65493,0,560
15,65489,65494,0,583
15,65489,65494,0,606
15,65489,65494,0,628
15,65489,65493,0,652
15,65489,65493,0,674
15,65489,65493,0,697
14,65489,65493,0,720
14,65489,65493,0,743
14,65489,65493,0,765
15,65489,65493,0,789
15,65489,65493,0,812
15,65489,65493,0,834
15,65489,65493,0,858
15,65489,65493,0,880
15,65489,65493,0,903
15,65489,65493,0,926
15,65489,65493,0,949
15,65489,65493,0,971
15,65489,65493,0,995
15,65489,65493,0,1017
15,65489,65493,0,1041
14,65489,65493,0,1065
14,65489,65493,0,1089
14,65489,65493,0,1114
15,65489,65493,0,1137
15,65489,65493,0,1161
15,65489,65493,0,1185
15,65489,65493,0,1209
15,65489,65493,0,1232
15,65489,65493,0,1257
15,65489,65493,0,1281
15,65489,65493,0,1304
14,65489,65493,0,1329
14,65489,65493,0,1352
14,65489,65493,0,1377
14,65489,65493,0,1400
14,65489,65493,0,1424
14,65489,65493,0,1448
15,65489,65493,0,1472
15,65489,65493,0,1496
15,65489,65493,0,1520
15,65489,65493,0,1544
15,65489,65493,0,1567
15,65489,65493,0,1592
15,65489,65493,0,1615
15,65489,65493,0,1639
15,65489,65493,0,1664
14,65489,65494,0,1687
14,65489,65494,0,1712
14,65489,65494,0,1735
14,65489,65494,0,1759
14,65489,65494,0,1783
15,65489,65493,0,1807
15,65489,65493,0,1830
15,65489,65493,0,1855
15,65489,65493,0,1879
15,65489,65493,0,1902
15,65489,65493,0,1927
15,65489,65493,0,1950
15,65489,65493,0,1974
15,65489,65493,0,1998
14,65489,65494,0,2022
14,65489,65494,0,2046
14,65489,65494,0,2070
15,65489,65493,0,2094
15,65489,65493,0,2118
15,65489,65493,0,2142
15,65489,65493,0,2165
15,65489,65493,0,2190
15,65489,65494,0,2213
15,65489,65494,0,2237
15,65489,65494,0,2262
14,65489,65494,0,2285
14,65489,65494,0,2310
14,65489,65494,0,2333
15,65489,65493,0,2357
15,65489,65493,0,2381
15,65489,65493,0,2405
15,65489,65494,0,2428
15,65489,65494,0,2453
15,65489,65494,0,2477
15,65489,65494,0,2500
15,65489,65494,0,2525
15,65489,65494,0,2548
15,65489,65493,0,2572
15,65489,65493,0,2596
14,65489,65493,0,2620
14,65489,65493,0,2644
14,65489,65493,0,2668
15,65489,65494,0,2692
15,65489,65494,0,2716
15,65489,65494,0,2740
14,65489,65493,0,2763
14,65489,65493,0,2788
14,65489,65493,0,2811
14,65489,65493,0,2835
14,65489,65493,0,2860
14,65489,65493,0,2883
15,65489,65493,0,2908
15,65489,65493,0,2931
15,65489,65493,0,2955
15,65489,65494,0,2979
15,65489,65494,0,3003
15,65489,65494,0,3026
15,65489,65493,0,3051
15,65489,65493,0,3075
14,65489,65493,0,3098
14,65489,65493,0,3123
14,65489,65493,0,3146
14,65489,65493,0,3170
14,65489,65493,0,3194
14,65489,65493,0,3218
15,65489,65494,0,3243
15,65489,65494,0,3266
15,65489,65494,0,3290
15,65489,65494,0,3314
15,65489,65494,0,3338
15,65489,65494,0,3361
15,65489,65493,0,3386
15,65489,65493,0,3409
15,65489,65493,0,3433
15,65489,65493,0,3458
15,65489,65493,0,3481
15,65489,65494,0,3505
15,65489,65494,0,3529
15,65489,65494,0,3553
15,65489,65494,0,3577
15,65489,65494,0,3601
15,65489,65494,0,3624
15,65489,65494,0,3649
15,65489,65494,0,3673
15,65489,65494,0,3696
15,65489,65494,0,3721
15,65489,65494,0,3744
15,65489,65494,0,3768
15,65489,65494,0,3792
15,65489,65494,0,3816
15,65489,65494,0,3841
15,65489,65493,0,3864
15,65489,65493,0,3888
15,65489,65493,0,3912
15,65489,65494,0,3936
15,65489,65494,0,3959
15,65489,65494,0,3984
15,65489,65494,0,4007
15,65489,65494,0,4031
15,65489,65493,0,4056
15,65489,65493,0,4079
15,65489,65493,0,4103
14,65489,65494,0,4127
14,65489,65494,0,4151
14,65489,65494,0,4175
15,65489,65493,0,4199
15,65489,65493,0,4222
15,65489,65493,0,4247
15,65489,65494,0,4271
15,65489,65494,0,4294
15,65489,65494,0,4319
15,65489,65494,0,4342
15,65489,65494,0,4366
15,65489,65494,0,4390
15,65489,65494,0,4414
15,65489,65494,0,4439
14,65489,65494,0,4462
14,65489,65494,0,4486
14,65489,65494,0,4510
15,65489,65494,0,4534
15,65489,65494,0,4557
15,65489,65494,0,4582
15,65489,65493,0,4605
15,65489,65493,0,4629
15,65489,65493,0,4654
15,65489,65494,0,4677
15,65489,65494,0,4701
15,65489,65494,0,4725
14,65489,65494,0,4749
14,65489,65494,0,4773
14,65489,65494,0,4797
15,65489,65494,0,4820
15,65489,65494,0,4845
15,65489,65494,0,4869
15,65489,65494,0,4892
15,65489,65494,0,4917
15,65489,65494,0,4940
15,65489,65494,0,4964
15,65489,65494,0,4988
15,65489,65494,0,5012
15,65489,65494,0,5036
15,65489,65494,0,5060
15,65489,65494,0,5084
15,65489,65494,0,5108
15,65489,65494,0,5132
15,65489,65494,0,5155
15,65489,65494,0,5180
15,65489,65494,0,5203
14,65489,65493,0,5227
14,65489,65493,0,5252
14,65489,65493,0,5275
15,65489,65494,0,5299
15,65489,65494,0,5323
15,65489,65494,0,5347
15,65489,65494,0,5371
15,65489,65494,0,5395
15,65489,65494,0,5419
15,65489,65494,0,5443
15,65489,65494,0,5467
14,65489,65494,0,5490
14,65489,65494,0,5515
14,65489,65494,0,5538
15,65489,65494,0,5562
15,65489,65494,0,5586
15,65489,65494,0,5610
15,65489,65494,0,5634
15,65489,65494,0,5658
15,65489,65494,0,5682
15,65489,65494,0,5706
15,65489,65494,0,5730
15,65489,65494,0,5753
15,65489,65493,0,5778
15,65489,65493,0,5801
15,65489,65494,0,5825
15,65489,65494,0,5850
15,65489,65494,0,5873
15,65489,65494,0,5897
15,65489,65494,0,5921
15,65489,65494,0,5945
14,65489,65493,0,5969
14,65489,65493,0,5993
14,65489,65493,0,6017
15,65489,65493,0,6041
15,65489,65493,0,6065
15,65489,65493,0,6088
15,65489,65493,0,6113
15,65489,65493,0,6136
15,65489,65493,0,6160
15,65489,65494,0,6184
15,65489,65494,0,6208
15,65489,65494,0,6232
15,65489,65494,0,6256
15,65489,65494,0,6280
15,65489,65494,0,6304
15,65489,65494,0,6328
15,65489,65494,0,6351
15,65489,65494,0,6376
15,65489,65494,0,6400
15,65489,65494,0,6423
15,65490,65494,0,6448
15,65490,65494,0,6471
15,65490,65494,0,6495
15,65490,65494,0,6519
15,65490,65494,0,6543
15,65490,65494,0,6566
15,65489,65494,0,6591
15,65489,65494,0,6615
15,65489,65494,0,6639
15,65489,65494,0,6663
15,65489,65494,0,6686
15,65489,65494,0,6711
15,65489,65494,0,6734
15,65489,65494,0,6758
15,65489,65494,0,6782
15,65489,65494,0,6806
15,65489,65494,0,6830
15,65490,65494,0,6854
15,65490,65494,0,6878
15,65490,65494,0,6902
15,65489,65494,0,6926
15,65489,65494,0,6949
15,65489,65494,0,6974
15,65490,65494,0,6998
15,65490,65494,0,7021
15,65490,65494,0,7046
15,65489,65494,0,7069
15,65489,65494,0,7093
15,65489,65494,0,7117
15,65490,65494,0,7141
15,65490,65494,0,7164
15,65490,65494,0,7189
15,65490,65494,0,7213
15,65490,65494,0,7237
15,65490,65494,0,7261
15,65490,65494,0,7284
15,65490,65494,0,7309
15,65490,65494,0,7332
15,65490,65494,0,7356
15,65490,65494,0,7380
15,65490,65494,0,7404
15,65490,65494,0,7428
15,65490,65494,0,7452
15,65490,65494,0,7476
15,65490,65494,0,7500
15,65490,65494,0,7524
15,65490,65494,0,7547
15,65490,65494,0,7572
15,65490,65494,0,7596
15,65490,65494,0,7619
15,65490,65494,0,7644
15,65490,65494,0,7667
15,65490,65494,0,7691
15,65490,65494,0,7715
15,65490,65494,0,7739
15,65490,65494,0,7762
15,65490,65494,0,7787
15,65490,65494,0,7811
15,65490,65494,0,7835
15,65490,65494,0,7859
15,65490,65494,0,7882
15,65490,65494,0,7907
15,65490,65494,0,7930
15,65490,65494,0,7954
15,65490,65494,0,7979
15,65490,65494,0,8002
15,65490,65494,0,8026
15,65490,65494,0,8050
15,65490,65494,0,8074
15,65490,65494,0,8098
15,65490,65494,0,8122
15,65491,65494,0,8145
15,65491,65494,0,8170
15,65491,65494,0,8194
16,65491,65494,0,8217
16,65491,65494,0,8242
16,65491,65494,0,8265
15,65491,65494,0,8289
15,65491,65494,0,8313
15,65491,65494,0,8337
16,65491,65494,0,8360
16,65491,65494,0,8385
16,65491,65494,0,8409
16,65491,65494,0,8433
16,65491,65494,0,8457
16,65491,65494,0,8480
16,65491,65494,0,8505
16,65491,65494,0,8528
16,65492,65494,0,8552
16,65492,65494,0,8577
16,65492,65494,0,8600
16,65492,65494,0,8624
16,65492,65494,0,8648
16,65492,65494,0,8672
16,65492,65494,0,8695
16,65492,65494,0,8720
16,65492,65494,0,8743
16,65492,65494,0,8768
16,65492,65494,0,8792
16,65492,65494,0,8815
16,65492,65494,0,8840
16,65492,65494,0,8863
16,65492,65494,0,8887
16,65492,65494,0,8911
16,65492,65494,0,8935
16,65492,65494,0,8958
16,65493,65494,0,8983
16,65493,65494,0,9007
16,65493,65494,0,9031
16,65493,65494,0,9055
16,65493,65494,0,9078
16,65492,65494,0,9103
16,65492,65494,0,9126
16,65492,65494,0,9150
16,65492,65494,0,9175
16,65492,65494,0,9198
16,65492,65494,0,9222
16,65493,65494,0,9246
16,65493,65494,0,9270
16,65493,65494,0,9293
16,65493,65494,0,9318
16,65493,65494,0,9341
16,65493,65494,0,9366
16,65493,65494,0,9390
16,65493,65494,0,9413
16,65493,65494,0,9438
16,65493,65494,0,9461
16,65493,65494,0,9485
16,65492,65494,0,9509
16,65492,65494,0,9533
16,65492,65494,0,9556
16,65493,65494,0,9581
16,65493,65494,0,9605
16,65493,65494,0,9628
16,65493,65494,0,9653
16,65493,65494,0,9676
16,65493,65494,0,9701
16,65493,65494,0,9724
16,65493,65494,0,9748
16,65493,65494,0,9773
16,65493,65494,0,9796
16,65493,65494,0,9820
16,65493,65494,0,9844
16,65493,65494,0,9868
16,65493,65494,0,9891
16,65492,65494,0,9916
16,65492,65494,0,9939
16,65492,65494,0,9964
16,65493,65494,0,9988
16,65493,65494,0,10011
16,65493,65494,0,10037
16,65493,65493,0,10061
16,65493,65493,0,10086
16,65493,65493,0,10112
16,65493,65494,0,10136
16,65493,65494,0,10161
16,65493,65494,0,10186
16,65493,65494,0,10211
16,65493,65494,0,10236
16,65493,65494,0,10261
16,65493,65494,0,10286
16,65493,65494,0,10311
16,65493,65494,0,10336
16,65493,65494,0,10360
16,65493,65494,0,10386
16,65493,65494,0,10411
16,65493,65494,0,10436
16,65493,65494,0,10461
16,65493,65494,0,10485
16,65493,65494,0,10511
16,65493,65494,0,10535
16,65493,65494,0,10560
16,65493,65494,0,10586
16,65493,65494,0,10610
16,65493,65494,0,10636
16,65493,65494,0,10660
16,65493,65494,0,10685
16,65493,65494,0,10711
16,65493,65494,0,10735
16,65493,65494,0,10761
16,65493,65494,0,10785
16,65493,65494,0,10810
16,65493,65494,0,10835
16,65493,65494,0,10860
16,65493,65494,0,10885
16,65493,65494,0,10910
16,65493,65494,0,10935
16,65493,65494,0,10959
16,65493,65494,0,10985
16,65493,65494,0,11010
16,65493,65494,0,11035
16,65493,65494,0,11060
16,65493,65494,0,11084
16,65493,65494,0,11110
16,65493,65494,0,11134
16,65493,65493,0,11159
16,65493,65493,0,11185
16,65493,65494,0,11209
16,65493,65494,0,11235
16,65493,65494,0,11259
16,65493,65494,0,11284
16,65493,65494,0,11310
16,65493,65494,0,11334
16,65494,65493,0,11360
16,65494,65493,0,11384
16,65494,65493,0,11409
16,65493,65493,0,11435
16,65493,65493,0,11459
16,65494,65493,0,11484
16,65494,65493,0,11509
16,65494,65493,0,11534
16,65494,65493,0,11559
16,65494,65493,0,11584
16,65494,65493,0,11609
16,65494,65493,0,11634
16,65494,65493,0,11659
16,65494,65493,0,11683
17,65494,65493,0,11709
17,65494,65493,0,11734
16,65494,65493,0,11758
16,65494,65493,0,11784
16,65494,65493,0,11808
16,65494,65493,0,11834
16,65494,65493,0,11858
16,65494,65493,0,11883
16,65494,65493,0,11909
16,65494,65493,0,11933
16,65494,65493,0,11959
16,65494,65493,0,11983
16,65494,65493,0,12008
16,65494,65493,0,12034
16,65494,65493,0,12058
16,65494,65493,0,12083
16,65494,65493,0,12108
16,65494,65493,0,12133
16,65494,65493,0,12158
16,65495,65493,0,12183
16,65495,65493,0,12208
16,65495,65493,0,12233
16,65495,65493,0,12258
16,65495,65493,0,12282
16,65495,65493,0,12308
16,65495,65493,0,12333
16,65495,65493,0,12357
16,65494,65492,0,12383
16,65494,65492,0,12407
16,65494,65492,0,12433
16,65495,65493,0,12457
16,65495,65493,0,12482
16,65495,65493,0,12508
16,65495,65493,0,12532
16,65495,65493,0,12557
16,65495,65493,0,12582
16,65495,65493,0,12607
16,65495,65493,0,12633
16,65495,65492,0,12657
16,65495,65492,0,12682
16,65495,65492,0,12707
16,65495,65493,0,12732
16,65495,65493,0,12758
16,65495,65492,0,12782
16,65495,65492,0,12807
16,65495,65492,0,12832
16,65495,65493,0,12857
16,65495,65493,0,12881
16,65495,65493,0,12907
16,65495,65492,0,12932
16,65495,65492,0,12956
16,65495,65492,0,12982
16,65495,65492,0,13006
16,65495,65492,0,13032
16,65495,65492,0,13057
16,65495,65492,0,13081
16,65495,65492,0,13107
16,65495,65492,0,13131
16,65495,65492,0,13156
16,65495,65492,0,13181
16,65495,65492,0,13206
16,65495,65492,0,13232
16,65495,65492,0,13256
16,65495,65492,0,13281
16,65495,65492,0,13306
15,65496,65492,0,13331
15,65496,65492,0,13356
15,65496,65492,0,13381
15,65496,65492,0,13406
15,65496,65492,0,13431
15,65496,65492,0,13456
15,65496,65492,0,13480
15,65496,65492,0,13506
15,65496,65491,0,13531
15,65496,65491,0,13555
15,65496,65491,0,13581
15,65496,65492,0,13605
15,65496,65492,0,13631
15,65496,65492,0,13656
15,65496,65491,0,13680
15,65496,65491,0,13706
15,65496,65491,0,13730
15,65496,65492,0,13755
15,65496,65492,0,13780
14,65496,65491,0,13805
14,65496,65491,0,13831
14,65496,65491,0,13855
14,65496,65492,0,13880
14,65496,65492,0,13905
14,65496,65492,0,13930
14,65496,65491,0,13955
14,65496,65491,0,13980
14,65496,65491,0,14005
14,65496,65491,0,14030
14,65496,65491,0,14055
14,65496,65491,0,14080
14,65496,65491,0,14105
14,65496,65491,0,14130
13,65496,65491,0,14155
13,65496,65491,0,14180
13,65496,65491,0,14204
13,65496,65491,0,14230
13,65496,65491,0,14255
13,65496,65491,0,14279
13,65496,65491,0,14305
13,65496,65491,0,14329
13,65496,65491,0,14354
13,65496,65491,0,14380
13,65496,65491,0,14404
13,65496,65491,0,14430
13,65496,65491,0,14454
13,65496,65491,0,14479
13,65496,65491,0,14504
13,65496,65491,0,14529
13,65496,65491,0,14554
13,65496,65491,0,14579
13,65496,65491,0,14604
13,65496,65491,0,14629
13,65496,65491,0,14654
13,65496,65491,0,14679
13,65496,65491,0,14704
13,65496,65491,0,14729
13,65496,65491,0,14753
13,65495,65491,0,14779
13,65495,65491,0,14803
12,65495,65491,0,14829
12,65495,65491,0,14854
12,65495,65491,0,14878
12,65495,65491,0,14904
12,65495,65491,0,14928
12,65495,65491,0,14954
12,65495,65491,0,14979
12,65495,65491,0,15003
12,65495,65492,0,15029
12,65495,65492,0,15053
12,65495,65492,0,15078
12,65495,65491,0,15104
12,65495,65491,0,15128
12,65495,65491,0,15154
12,65494,65492,0,15178
12,65494,65492,0,15203
12,65494,65492,0,15228
12,65494,65491,0,15253
12,65494,65491,0,15278
11,65494,65492,0,15303
11,65494,65492,0,15328
11,65494,65492,0,15352
11,65494,65492,0,15378
11,65494,65492,0,15403
11,65494,65492,0,15428
11,65494,65493,0,15453
11,65494,65493,0,15477
11,65494,65493,0,15503
11,65493,65493,0,15527
11,65493,65493,0,15553
11,65493,65493,0,15578
11,65493,65493,0,15602
11,65493,65493,0,15628
11,65493,65493,0,15652
11,65493,65493,0,15677
11,65493,65493,0,15703
11,65493,65493,0,15727
11,65493,65493,0,15753
11,65493,65493,0,15777
11,65493,65493,0,15802
11,65493,65493,0,15827
11,65493,65493,0,15852
11,65493,65493,0,15877
11,65493,65493,0,15902
11,65493,65494,0,15927
11,65493,65494,0,15952
11,65493,65494,0,15977
11,65493,65494,0,16002
11,65493,65494,0,16027
11,65493,65494,0,16052
11,65493,65494,0,16076
11,65493,65494,0,16102
11,65493,65494,0,16126
11,65493,65494,0,16152
11,65493,65494,0,16177
11,65493,65494,0,16201
11,65493,65494,0,16227
11,65493,65494,0,16251
11,65493,65494,0,16276
11,65493,65494,0,16302
11,65493,65495,0,16326
11,65493,65495,0,16351
11,65493,65495,0,16376
11,65493,65494,0,16401
11,65493,65494,0,16427
11,65493,65494,0,16451
12,65493,65495,0,16476
12,65493,65495,0,16501
12,65493,65495,0,16526
11,65493,65495,0,16551
11,65493,65495,0,16576
12,65493,65495,0,16601
12,65493,65495,0,16626
12,65493,65495,0,16651
12,65493,65495,0,16675
12,65493,65495,0,16701
12,65493,65495,0,16726
12,65493,65495,0,16751
12,65493,65495,0,16776
12,65493,65495,0,16800
12,65493,65495,0,16826
12,65493,65495,0,16850
12,65493,65495,0,16875
12,65493,65495,0,16901
12,65493,65495,0,16925
12,65493,65495,0,16950
12,65493,65495,0,16975
12,65493,65495,0,17000
12,65493,65495,0,17026
12,65493,65495,0,17050
12,65493,65495,0,17075
12,65493,65495,0,17100
12,65493,65495,0,17125
12,65493,65495,0,17150
12,65493,65495,0,17175
12,65493,65495,0,17200
12,65493,65495,0,17225
12,65493,65495,0,17250
12,65493,65495,0,17274
12,65493,65495,0,17300
12,65493,65495,0,17325
12,65493,65495,0,17350
12,65493,65495,0,17375
12,65493,65495,0,17399
12,65493,65495,0,17425
12,65493,65495,0,17449
12,65493,65495,0,17474
12,65493,65495,0,17500
12,65493,65495,0,17524
12,65493,65495,0,17550
12,65493,65495,0,17574
12,65493,65495,0,17599
12,65493,65495,0,17625
12,65493,65495,0,17649
12,65493,65495,0,17674
12,65493,65495,0,17699
12,65493,65495,0,17724
12,65493,65495,0,17748
12,65494,65495,0,17774
12,65494,65495,0,17799
13,65493,65495,0,17824
13,65493,65495,0,17849
13,65493,65495,0,17873
13,65494,65496,0,17899
13,65494,65496,0,17924
13,65494,65496,0,17948
13,65493,65495,0,17974
13,65493,65495,0,17998
13,65493,65495,0,18024
13,65494,65495,0,18049
13,65494,65495,0,18073
13,65494,65496,0,18099
13,65494,65496,0,18123
13,65494,65496,0,18149
13,65494,65496,0,18173
13,65494,65496,0,18198
13,65494,65496,0,18224
13,65494,65495,0,18248
13,65494,65495,0,18273
13,65494,65495,0,18298
13,65494,65495,0,18323
13,65494,65495,0,18348
13,65494,65496,0,18373
13,65494,65496,0,18398
13,65494,65496,0,18423
13,65494,65495,0,18448
13,65494,65495,0,18472
13,65494,65495,0,18498
13,65494,65495,0,18523
13,65494,65495,0,18547
13,65494,65496,0,18573
13,65494,65496,0,18597
13,65494,65496,0,18623
14,65494,65496,0,18648
14,65494,65496,0,18672
14,65494,65496,0,18698
14,65494,65495,0,18722
14,65494,65495,0,18747
14,65494,65495,0,18772
13,65495,65495,0,18797
13,65495,65495,0,18823
13,65495,65495,0,18847
13,65495,65495,0,18872
13,65495,65495,0,18897
13,65495,65495,0,18922
13,65495,65495,0,18947
13,65495,65495,0,18972
14,65494,65495,0,18997
14,65494,65495,0,19022
14,65494,65495,0,19047
14,65495,65495,0,19072
14,65495,65495,0,19097
14,65495,65496,0,19122
14,65495,65496,0,19147
14,65495,65496,0,19172
14,65495,65495,0,19196
14,65495,65495,0,19222
14,65495,65495,0,19247
14,65495,65495,0,19271
14,65495,65495,0,19297
14,65495,65495,0,19321
14,65495,65495,0,19346
14,65495,65495,0,19372
14,65495,65495,0,19396
14,65495,65495,0,19422
14,65495,65495,0,19446
14,65495,65495,0,19471
14,65495,65495,0,19496
14,65495,65495,0,19521
14,65495,65495,0,19546
14,65495,65495,0,19571
14,65495,65495,0,19596
14,65495,65495,0,19621
14,65495,65495,0,19646
14,65495,65495,0,19671
14,65495,65495,0,19696
14,65495,65495,0,19721
14,65495,65495,0,19745
14,65495,65495,0,19771
14,65495,65495,0,19795
15,65496,65495,0,19821
15,65496,65495,0,19846
15,65496,65494,0,19870
15,65496,65494,0,19896
15,65496,65494,0,19920
15,65496,65494,0,19945
15,65496,65494,0,19971
15,65496,65494,0,19995
15,65496,65494,0,20021
15,65496,65494,0,20045
15,65496,65494,0,20070
15,65496,65495,0,20096
15,65496,65495,0,20120
15,65496,65494,0,20146
15,65496,65494,0,20170
15,65496,65494,0,20195
15,65496,65494,0,20220
15,65496,65494,0,20245
15,65496,65494,0,20270
15,65496,65494,0,20295
15,65496,65494,0,20320
15,65496,65494,0,20345
15,65496,65494,0,20370
15,65496,65494,0,20395
15,65496,65494,0,20420
15,65496,65494,0,20445
15,65496,65494,0,20469
15,65496,65494,0,20495
15,65496,65494,0,20519
15,65496,65494,0,20544
15,65496,65494,0,20570
15,65496,65494,0,20594
15,65496,65494,0,20620
15,65496,65494,0,20644
15,65496,65494,0,20669
15,65497,65494,0,20695
15,65497,65494,0,20719
15,65497,65494,0,20744
15,65496,65493,0,20769
15,65496,65493,0,20794
15,65496,65493,0,20819
15,65497,65494,0,20844
15,65497,65494,0,20869
15,65497,65493,0,20894
15,65497,65493,0,20919
15,65497,65493,0,20943
15,65497,65493,0,20969
15,65497,65493,0,20994
15,65497,65493,0,21019
15,65497,65493,0,21044
15,65497,65493,0,21068
15,65497,65493,0,21094
15,65496,65493,0,21118
15,65496,65493,0,21143
15,65496,65493,0,21169
15,65496,65493,0,21193
15,65496,65493,0,21219
15,65497,65493,0,21243
15,65497,65493,0,21268
15,65497,65493,0,21294
15,65497,65493,0,21318
15,65497,65493,0,21343
15,65497,65493,0,21368
15,65497,65493,0,21393
15,65497,65493,0,21419
15,65497,65493,0,21443
15,65497,65493,0,21468
15,65497,65493,0,21493
15,65497,65493,0,21518
15,65497,65493,0,21542
15,65497,65493,0,21568
15,65497,65493,0,21593
15,65497,65493,0,21618
15,65497,65493,0,21643
15,65497,65493,0,21667
15,65497,65493,0,21693
15,65497,65493,0,21718
15,65497,65493,0,21742
15,65497,65493,0,21768
15,65497,65493,0,21792
15,65497,65493,0,21818
15,65497,65493,0,21842
15,65497,65493,0,21867
15,65497,65493,0,21893
15,65497,65493,0,21917
15,65497,65493,0,21942
15,65497,65493,0,21967
15,65497,65493,0,21992
15,65497,65493,0,22018
15,65497,65493,0,22042
15,65497,65493,0,22067
15,65497,65493,0,22092
15,65497,65493,0,22117
15,65497,65493,0,22141
15,65497,65493,0,22167
15,65497,65493,0,22192
15,65497,65493,0,22217
15,65497,65493,0,22242
15,65498,65492,0,22266
15,65498,65492,0,22292
15,65498,65492,0,22317
15,65498,65493,0,22341
15,65498,65493,0,22367
15,65498,65493,0,22391
15,65498,65493,0,22417
15,65498,65493,0,22441
15,65498,65492,0,22466
15,65498,65492,0,22492
15,65498,65492,0,22516
15,65498,65492,0,22541
15,65498,65492,0,22566
15,65498,65492,0,22591
15,65498,65492,0,22617
15,65498,65492,0,22641
14,65498,65492,0,22666
14,65498,65492,0,22691
14,65498,65492,0,22716
15,65498,65492,0,22740
15,65498,65492,0,22766
15,65498,65492,0,22791
14,65499,65492,0,22816
14,65499,65492,0,22841
14,65499,65492,0,22865
14,65499,65492,0,22891
14,65499,65492,0,22916
14,65499,65492,0,22940
14,65499,65492,0,22966
14,65499,65492,0,22990
14,65499,65492,0,23016
14,65499,65492,0,23041
14,65499,65492,0,23065
14,65499,65492,0,23091
14,65499,65492,0,23115
14,65499,65493,0,23141
14,65499,65493,0,23165
14,65499,65493,0,23190
14,65499,65492,0,23216
14,65499,65492,0,23240
14,65499,65492,0,23265
14,65499,65492,0,23290
14,65499,65492,0,23315
14,65499,65492,0,23341
14,65499,65493,0,23365
14,65499,65493,0,23390
13,65499,65492,0,23415
13,65499,65492,0,23440
13,65499,65492,0,23464
13,65499,65492,0,23490
13,65499,65492,0,23515
13,65499,65492,0,23539
13,65499,65493,0,23565
13,65499,65493,0,23589
13,65499,65493,0,23615
13,65499,65493,0,23640
13,65499,65493,0,23664
12,65499,65493,0,23690
12,65499,65493,0,23714
12,65499,65493,0,23739
12,65499,65493,0,23764
12,65499,65493,0,23789
12,65499,65493,0,23815
12,65499,65493,0,23839
12,65499,65493,0,23864
12,65499,65493,0,23889
12,65499,65494,0,23914
12,65499,65494,0,23939
12,65498,65494,0,23964
12,65498,65494,0,23989
12,65498,65494,0,24014
11,65499,65494,0,24039
11,65499,65494,0,24064
11,65499,65494,0,24089
11,65498,65495,0,24114
11,65498,65495,0,24138
11,65498,65495,0,24164
11,65498,65495,0,24188
11,65498,65495,0,24214
11,65498,65496,0,24239
11,65498,65496,0,24263
11,65498,65496,0,24289
11,65497,65496,0,24313
11,65497,65496,0,24339
11,65497,65496,0,24364
11,65497,65497,0,24388
11,65497,65497,0,24414
11,65497,65497,0,24438
11,65497,65497,0,24463
11,65497,65497,0,24488
11,65497,65498,0,24513
11,65497,65498,0,24538
11,65497,65498,0,24563
11,65497,65498,0,24588
11,65497,65498,0,24613
11,65497,65498,0,24638
12,65496,65499,0,24663
12,65496,65499,0,24688
12,65496,65499,0,24713
12,65496,65499,0,24737
12,65496,65499,0,24763
12,65496,65499,0,24787
12,65496,65499,0,24813
12,65496,65499,0,24838
12,65496,65499,0,24862
12,65496,65499,0,24888
12,65496,65499,0,24912
13,65495,65499,0,24937
13,65495,65499,0,24963
13,65495,65499,0,24987
13,65495,65499,0,25013
13,65495,65499,0,25037
13,65495,65499,0,25062
13,65495,65499,0,25088
13,65495,65499,0,25112
13,65495,65499,0,25137
13,65495,65499,0,25162
13,65495,65499,0,25187
13,65495,65499,0,25212
13,65495,65499,0,25237
13,65495,65499,0,25262
13,65495,65499,0,25287
13,65495,65499,0,25312
13,65495,65499,0,25336
13,65495,65499,0,25362
13,65495,65499,0,25387
13,65494,65499,0,25412
13,65494,65499,0,25437
13,65494,65498,0,25461
13,65494,65498,0,25487
13,65494,65498,0,25511
14,65494,65499,0,25536
14,65494,65499,0,25562
14,65494,65499,0,25586
13,65493,65498,0,25612
13,65493,65498,0,25636
13,65493,65498,0,25661
14,65493,65499,0,25687
14,65493,65499,0,25711
13,65493,65498,0,25736
13,65493,65498,0,25761
13,65493,65498,0,25786
14,65493,65499,0,25811
14,65493,65499,0,25836
14,65493,65499,0,25861
14,65492,65498,0,25886
14,65492,65498,0,25911
14,65492,65498,0,25935
14,65492,65498,0,25961
14,65492,65498,0,25986
14,65492,65498,0,26011
14,65492,65498,0,26036
14,65492,65498,0,26060
14,65492,65498,0,26086
14,65492,65498,0,26110
14,65492,65498,0,26136
14,65492,65498,0,26161
14,65492,65498,0,26185
14,65492,65498,0,26211
14,65492,65498,0,26235
14,65492,65498,0,26260
14,65492,65498,0,26286
14,65492,65498,0,26310
14,65492,65498,0,26335
14,65491,65497,0,26360
14,65491,65497,0,26385
14,65491,65497,0,26411
15,65491,65497,0,26435
15,65491,65497,0,26460
14,65491,65497,0,26485
14,65491,65497,0,26510
14,65491,65497,0,26535
15,65491,65497,0,26560
15,65491,65497,0,26585
15,65491,65497,0,26610
14,65491,65497,0,26635
14,65491,65497,0,26659
14,65491,65497,0,26685
15,65491,65496,0,26710
15,65491,65496,0,26734
15,65491,65497,0,26760
15,65491,65497,0,26784
15,65491,65497,0,26810
15,65491,65496,0,26834
15,65491,65496,0,26859
15,65491,65496,0,26885
15,65490,65497,0,26909
15,65490,65497,0,26934
15,65490,65497,0,26959
15,65490,65497,0,26984
15,65490,65497,0,27010
15,65490,65496,0,27034
15,65490,65496,0,27059
15,65490,65496,0,27084
15,65490,65496,0,27109
15,65490,65496,0,27133
15,65490,65496,0,27159
15,65490,65496,0,27184
15,65490,65496,0,27209
15,65490,65495,0,27234
15,65490,65495,0,27258
15,65490,65495,0,27284
15,65490,65496,0,27309
15,65490,65496,0,27334
15,65490,65496,0,27359
15,65490,65495,0,27383
15,65490,65495,0,27409
15,65490,65495,0,27433
15,65490,65495,0,27458
15,65490,65495,0,27484
15,65490,65495,0,27508
15,65490,65495,0,27533
15,65490,65495,0,27558
15,65490,65495,0,27583
15,65490,65495,0,27609
15,65490,65495,0,27633
15,65490,65495,0,27658
15,65490,65495,0,27683
15,65490,65495,0,27708
15,65490,65496,0,27732
15,65490,65496,0,27758
15,65490,65495,0,27783
15,65490,65495,0,27808
15,65490,65495,0,27833
15,65490,65495,0,27857
15,65490,65495,0,27883
15,65490,65495,0,27908
15,65490,65495,0,27932
15,65490,65495,0,27958
14,65490,65494,0,27982
14,65490,65494,0,28008
14,65490,65494,0,28033
14,65490,65495,0,28057
14,65490,65495,0,28083
14,65490,65495,0,28107
14,65490,65494,0,28132
14,65490,65494,0,28157
14,65490,65494,0,28182
14,65490,65495,0,28208
14,65490,65495,0,28232
15,65490,65494,0,28257
15,65490,65494,0,28282
15,65490,65494,0,28307
14,65490,65494,0,28332
14,65490,65494,0,28357
14,65490,65494,0,28382
15,65490,65494,0,28407
15,65490,65494,0,28432
15,65490,65494,0,28456
15,65490,65494,0,28482
15,65490,65494,0,28507
14,65490,65494,0,28531
14,65490,65494,0,28557
14,65490,65494,0,28581
15,65489,65494,0,28607
15,65489,65494,0,28632
15,65489,65494,0,28656
15,65490,65494,0,28682
15,65490,65494,0,28706
14,65489,65494,0,28731
14,65489,65494,0,28756
14,65489,65494,0,28781
15,65489,65494,0,28807
15,65489,65494,0,28831
15,65489,65494,0,28856
15,65490,65494,0,28881
15,65490,65494,0,28906
15,65490,65494,0,28931
15,65489,65494,0,28956
15,65489,65494,0,28981
15,65489,65494,0,29006
15,65489,65494,0,29031
15,65489,65494,0,29056
15,65489,65494,0,29081
15,65489,65494,0,29106
15,65489,65494,0,29130
14,65489,65494,0,29156
14,65489,65494,0,29180
14,65489,65494,0,29206
15,65489,65494,0,29231
15,65489,65494,0,29255
15,65489,65494,0,29281
15,65489,65494,0,29305
15,65489,65494,0,29330
15,65489,65494,0,29356
15,65489,65494,0,29380
15,65489,65494,0,29406
15,65489,65494,0,29430
15,65489,65494,0,29455
15,65489,65494,0,29480
14,65489,65494,0,29505
14,65489,65494,0,29530
15,65489,65494,0,29555
15,65489,65494,0,29580
15,65489,65494,0,29605
15,65489,65494,0,29630
15,65489,65494,0,29655
15,65489,65494,0,29680
15,65489,65494,0,29705
15,65489,65494,0,29729
15,65489,65494,0,29755
15,65489,65494,0,29779
15,65489,65494,0,29805
14,65489,65494,0,29830
14,65489,65494,0,29854
14,65489,65494,0,29880
15,65490,65494,0,29904
15,65490,65494,0,29930
15,65490,65494,0,29955
15,65489,65494,0,29979
15,65489,65494,0,30005
15,65489,65493,0,30029
15,65489,65493,0,30054
15,65489,65493,0,30080
15,65489,65494,0,30104
15,65489,65494,0,30130
15,65489,65494,0,30154
15,65490,65494,0,30179
15,65490,65494,0,30204
15,65490,65494,0,30229
15,65489,65494,0,30254
15,65489,65494,0,30279
14,65489,65494,0,30304
14,65489,65494,0,30328
14,65489,65494,0,30354
14,65489,65494,0,30379
14,65489,65494,0,30404
14,65489,65494,0,30429
14,65489,65494,0,30453
14,65489,65494,0,30479
14,65489,65494,0,30503
14,65489,65493,0,30528
14,65489,65493,0,30554
14,65490,65494,0,30578
14,65490,65494,0,30604
14,65490,65494,0,30628
14,65489,65494,0,30653
14,65489,65494,0,30679
14,65489,65494,0,30703
15,65490,65493,0,30728
15,65490,65493,0,30753
15,65489,65493,0,30778
15,65489,65493,0,30803
15,65489,65493,0,30828
14,65489,65493,0,30853
14,65489,65493,0,30878
14,65489,65493,0,30903
15,65489,65494,0,30928
15,65489,65494,0,30953
15,65489,65494,0,30978
15,65489,65493,0,31003
15,65489,65493,0,31028
15,65489,65494,0,31052
15,65489,65494,0,31078
15,65489,65494,0,31102
14,65490,65494,0,31128
14,65490,65494,0,31153
14,65490,65494,0,31177
15,65489,65493,0,31203
15,65489,65493,0,31227
15,65489,65493,0,31252
14,65489,65494,0,31278
14,65489,65494,0,31302
14,65489,65493,0,31327
14,65489,65493,0,31352
14,65489,65493,0,31377
15,65489,65493,0,31403
15,65489,65493,0,31427
15,65489,65493,0,31452
15,65489,65494,0,31477
15,65489,65494,0,31502
15,65489,65493,0,31526
14,65489,65493,0,31552
14,65489,65493,0,31577
15,65489,65493,0,31602
15,65489,65493,0,31627
15,65489,65493,0,31651
15,65489,65494,0,31677
15,65489,65494,0,31702
15,65489,65494,0,31726
15,65489,65494,0,31752
15,65489,65494,0,31776
15,65489,65494,0,31802
15,65489,65494,0,31826
15,65489,65494,0,31851
15,65489,65494,0,31877
15,65489,65494,0,31901
15,65489,65494,0,31926
15,65489,65494,0,31951
15,65489,65494,0,31976
15,65489,65494,0,32002
15,65489,65493,0,32026
15,65489,65493,0,32051
15,65489,65494,0,32076
15,65489,65494,0,32101
15,65489,65494,0,32125
14,65489,65494,0,32151
14,65489,65494,0,32176
14,65489,65494,0,32201
15,65490,65494,0,32226
15,65490,65494,0,32250
15,65490,65494,0,32276
14,65489,65494,0,32301
14,65489,65494,0,32325
15,65489,65493,0,32351
15,65489,65493,0,32375
15,65489,65493,0,32401
15,65489,65493,0,32425
15,65489,65493,0,32450
15,65489,65493,0,32476
14,65490,65493,0,32500
14,65490,65493,0,32525
14,65490,65493,0,32550
14,65490,65493,0,32575
14,65490,65493,0,32601
14,65489,65494,0,32625
14,65489,65494,0,32650
14,65489,65494,0,32675
15,65489,65494,0,32700
15,65489,65494,0,32724
15,65489,65494,0,32750
15,65489,65493,0,32775
15,65489,65493,0,32800
15,65489,65494,0,32825
15,65489,65494,0,32849
15,65489,65494,0,32875
14,65489,65494,0,32900
14,65489,65494,0,32924
14,65489,65494,0,32950
14,65489,65493,0,32974
14,65489,65493,0,33000
14,65489,65493,0,33025
15,65489,65493,0,33049
15,65489,65493,0,33075
15,65489,65494,0,33099
15,65489,65494,0,33125
15,65489,65494,0,33149
14,65489,65494,0,33174
14,65489,65494,0,33200
14,65489,65494,0,33224
15,65489,65494,0,33249
15,65489,65494,0,33274
15,65489,65494,0,33299
14,65489,65493,0,33325
14,65489,65493,0,33349
15,65489,65494,0,33374
15,65489,65494,0,33399
15,65489,65494,0,33424
15,65489,65494,0,33448
15,65489,65494,0,33474
15,65489,65494,0,33499
15,65489,65494,0,33523
15,65489,65494,0,33549
14,65489,65493,0,33573
14,65489,65493,0,33599
14,65489,65493,0,33624
14,65489,65493,0,33648
14,65489,65493,0,33674
14,65489,65493,0,33698
15,65489,65493,0,33723
15,65489,65493,0,33748
15,65489,65493,0,33773
15,65489,65493,0,33799
15,65489,65493,0,33823
14,65489,65494,0,33848
14,65489,65494,0,33873
14,65489,65494,0,33898
14,65489,65494,0,33923
14,65489,65494,0,33948
14,65489,65494,0,33973
14,65489,65494,0,33998
14,65489,65494,0,34023
14,65489,65494,0,34048
14,65489,65494,0,34073
14,65489,65494,0,34098
15,65489,65493,0,34122
15,65489,65493,0,34148
15,65489,65493,0,34172
14,65489,65493,0,34198
14,65489,65493,0,34223
14,65489,65493,0,34247
15,65489,65494,0,34273
15,65489,65494,0,34297
14,65489,65494,0,34322
14,65489,65494,0,34348
14,65489,65494,0,34372
14,65489,65493,0,34398
14,65489,65493,0,34422
14,65489,65493,0,34447
14,65489,65493,0,34472
14,65489,65493,0,34497
14,65489,65493,0,34522
15,65489,65493,0,34547
15,65489,65493,0,34572
14,65489,65494,0,34597
14,65489,65494,0,34622
14,65489,65494,0,34647
15,65489,65493,0,34672
15,65489,65493,0,34697
15,65489,65493,0,34721
15,65489,65493,0,34747
15,65489,65493,0,34771
15,65489,65493,0,34797
14,65489,65493,0,34822
14,65489,65493,0,34846
15,65489,65493,0,34872
15,65489,65493,0,34896
15,65489,65493,0,34922
14,65489,65493,0,34947
14,65489,65493,0,34971
14,65489,65493,0,34997
15,65490,65493,0,35021
15,65490,65493,0,35046
15,65490,65493,0,35072
14,65489,65494,0,35096
14,65489,65494,0,35122
15,65489,65494,0,35146
15,65489,65494,0,35171
15,65489,65494,0,35196
15,65489,65493,0,35221
15,65489,65493,0,35246
15,65489,65493,0,35271
15,65489,65493,0,35296
15,65489,65493,0,35320
15,65489,65493,0,35346
15,65489,65493,0,35371
15,65489,65493,0,35396
14,65489,65494,0,35421
14,65489,65494,0,35445
14,65489,65494,0,35471
15,65489,65494,0,35495
15,65489,65494,0,35520
15,65489,65494,0,35546
14,65490,65494,0,35570
14,65490,65494,0,35596
15,65489,65493,0,35620
15,65489,65493,0,35645
15,65489,65493,0,35671
15,65489,65494,0,35695
15,65489,65494,0,35720
15,65489,65494,0,35745
15,65489,65494,0,35770
15,65489,65494,0,35795
15,65489,65494,0,35820
15,65489,65494,0,35845
15,65489,65494,0,35870
14,65489,65493,0,35895
14,65489,65493,0,35919
14,65489,65493,0,35945
15,65489,65494,0,35970
15,65489,65494,0,35995
15,65489,65494,0,36020
14,65489,65494,0,36044
14,65489,65494,0,36070
14,65489,65494,0,36094
14,65489,65494,0,36119
14,65489,65494,0,36145
15,65489,65494,0,36169
15,65489,65494,0,36195
15,65489,65494,0,36219
15,65489,65493,0,36244
15,65489,65493,0,36270
15,65489,65493,0,36294
14,65489,65493,0,36319
14,65489,65493,0,36344
14,65489,65494,0,36369
14,65489,65494,0,36395
14,65489,65494,0,36419
15,65489,65494,0,36444
15,65489,65494,0,36469
15,65489,65494,0,36494
14,65489,65494,0,36518
14,65489,65494,0,36544
14,65489,65494,0,36569
15,65489,65494,0,36594
15,65489,65494,0,36619
15,65489,65494,0,36643
15,65489,65494,0,36669
15,65489,65494,0,36694
15,65489,65493,0,36718
15,65489,65493,0,36744
15,65489,65493,0,36768
14,65489,65494,0,36794
14,65489,65494,0,36818
14,65489,65494,0,36843
15,65489,65493,0,36869
15,65489,65493,0,36893
15,65489,65493,0,36918
15,65489,65493,0,36943
15,65489,65493,0,36968
15,65489,65493,0,36994
15,65489,65493,0,37018
15,65489,65493,0,37043
15,65489,65493,0,37068
15,65489,65493,0,37093
15,65489,65493,0,37117
15,65489,65493,0,37143
15,65489,65493,0,37168
15,65489,65494,0,37193
15,65489,65494,0,37218
15,65489,65494,0,37242
15,65489,65493,0,37268
15,65489,65493,0,37293
15,65489,65493,0,37317
14,65489,65494,0,37343
14,65489,65494,0,37367
15,65489,65494,0,37393
15,65489,65494,0,37417
15,65489,65494,0,37442
14,65489,65493,0,37468