65514,65506,65488,0,20485
65514,65506,65488,0,20512
65514,65506,65488,0,20541
65514,65507,65489,0,20569
65514,65507,65489,0,20597
65514,65507,65488,0,20625
65514,65507,65488,0,20654
65514,65507,65488,0,20681
65514,65506,65488,0,20709
65514,65506,65488,0,20738
65514,65507,65489,0,20765
65514,65507,65489,0,20794
65514,65506,65489,0,20822
65514,65506,65489,0,20849
65514,65506,65489,0,20878
65514,65507,65488,0,20905
65514,65507,65488,0,20934
65514,65506,65488,0,20962
65514,65506,65488,0,20990
65514,65506,65488,0,21018
65514,65507,65488,0,21046
65514,65507,65488,0,21074
65514,65507,65488,0,21102
65514,65507,65488,0,21131
65514,65507,65488,0,21158
65514,65506,65488,0,21187
65514,65506,65488,0,21215
65514,65506,65488,0,21242
65514,65506,65488,0,21271
65514,65506,65488,0,21299
65514,65506,65488,0,21327
65514,65506,65488,0,21355
65514,65507,65488,0,21383
65514,65507,65488,0,21411
65514,65506,65488,0,21439
65514,65506,65488,0,21468
65514,65506,65488,0,21495
65514,65507,65488,0,21524
65514,65507,65488,0,21552
65514,65507,65488,0,21579
65514,65507,65488,0,21608
65514,65507,65488,0,21636
65513,65507,65488,0,21664
65513,65507,65488,0,21692
65514,65507,65488,0,21721
65514,65507,65488,0,21748
65514,65506,65488,0,21776
65514,65506,65488,0,21805
65514,65506,65488,0,21832
65514,65507,65488,0,21861
65514,65507,65488,0,21889
65514,65507,65489,0,21917
65514,65507,65489,0,21945
65514,65507,65489,0,21972
65513,65507,65488,0,22001
65513,65507,65488,0,22029
65514,65507,65489,0,22057
65514,65507,65489,0,22085
65514,65507,65489,0,22113
65514,65507,65488,0,22141
65514,65507,65488,0,22169
65514,65506,65488,0,22198
65514,65506,65488,0,22225
65514,65507,65488,0,22254
65514,65507,65488,0,22282
65514,65507,65488,0,22309
65514,65507,65488,0,22338
65514,65507,65488,0,22366
65513,65507,65488,0,22394
65513,65507,65488,0,22422
65513,65507,65488,0,22451
65514,65507,65488,0,22478
65514,65507,65488,0,22506
65514,65507,65488,0,22535
65514,65507,65488,0,22562
65514,65507,65488,0,22591
65514,65507,65488,0,22619
65514,65507,65488,0,22646
65514,65507,65488,0,22675
65514,65507,65488,0,22703
65514,65507,65488,0,22731
65514,65507,65488,0,22759
65514,65507,65488,0,22788
65514,65507,65488,0,22815
65514,65507,65488,0,22843
65514,65507,65488,0,22872
65514,65507,65488,0,22899
65514,65507,65488,0,22928
65514,65507,65488,0,22956
65514,65507,65488,0,22984
65514,65507,65488,0,23012
65514,65507,65488,0,23040
65514,65507,65488,0,23068
65514,65507,65488,0,23096
65514,65507,65488,0,23124
65514,65507,65488,0,23152
65514,65507,65488,0,23180
65514,65507,65488,0,23208
65514,65507,65488,0,23236
65514,65507,65488,0,23265
65514,65507,65488,0,23292
65514,65507,65488,0,23321
65514,65507,65488,0,23349
65514,65507,65488,0,23376
65514,65507,65488,0,23405
65514,65507,65489,0,23433
65514,65507,65489,0,23461
65514,65507,65488,0,23489
65514,65507,65488,0,23518
65514,65507,65488,0,23545
65514,65507,65489,0,23573
65514,65507,65489,0,23602
65514,65507,65489,0,23629
65514,65507,65489,0,23658
65514,65507,65488,0,23686
65514,65507,65488,0,23714
65514,65507,65488,0,23742
65514,65507,65488,0,23770
65514,65507,65488,0,23798
65514,65507,65488,0,23826
65514,65507,65488,0,23855
65514,65507,65488,0,23882
65514,65507,65488,0,23910
65514,65507,65488,0,23939
65514,65507,65488,0,23966
65514,65507,65488,0,23995
65514,65507,65488,0,24023
65514,65507,65489,0,24051
65514,65507,65489,0,24079
65514,65507,65489,0,24107
65514,65507,65489,0,24135
65514,65507,65488,0,24163
65514,65507,65488,0,24192
65514,65507,65488,0,24219
65514,65507,65489,0,24248
65514,65507,65489,0,24275
65514,65507,65488,0,24303
65514,65507,65488,0,24332
65514,65507,65488,0,24359
65514,65506,65488,0,24388
65514,65506,65488,0,24416
65514,65507,65488,0,24443
65514,65507,65488,0,24472
65514,65507,65488,0,24500
65514,65507,65488,0,24528
65514,65507,65488,0,24556
65514,65507,65489,0,24585
65514,65507,65489,0,24612
65513,65507,65489,0,24640
65513,65507,65489,0,24669
65513,65507,65489,0,24696
65514,65507,65488,0,24725
65514,65507,65488,0,24753
65514,65507,65488,0,24781
65514,65507,65488,0,24809
65514,65507,65488,0,24837
65514,65507,65488,0,24865
65514,65507,65488,0,24893
65514,65507,65488,0,24922
65514,65507,65488,0,24949
65514,65507,65488,0,24977
65514,65507,65488,0,25006
65514,65507,65488,0,25033
65514,65507,65488,0,25062
65514,65507,65488,0,25090
65514,65507,65488,0,25118
65514,65507,65488,0,25146
65514,65507,65488,0,25174
65514,65507,65488,0,25202
65514,65507,65488,0,25230
65514,65507,65488,0,25259
65514,65507,65488,0,25286
65514,65507,65488,0,25315
65514,65507,65489,0,25342
65514,65507,65489,0,25370
65514,65507,65488,0,25399
65514,65507,65488,0,25426
65513,65507,65488,0,25455
65513,65507,65488,0,25483
65513,65507,65488,0,25511
65514,65507,65489,0,25539
65514,65507,65489,0,25567
65514,65507,65488,0,25595
65514,65507,65488,0,25623
65514,65507,65488,0,25652
65514,65507,65488,0,25679
65514,65507,65488,0,25707
65514,65507,65488,0,25736
65514,65507,65488,0,25763
65514,65507,65488,0,25792
65513,65507,65488,0,25820
65513,65507,65488,0,25848
65514,65507,65488,0,25876
65514,65507,65488,0,25904
65514,65506,65488,0,25932
65514,65506,65488,0,25960
65514,65506,65488,0,25989
65514,65507,65488,0,26016
65514,65507,65488,0,26045
65514,65507,65489,0,26073
65514,65507,65489,0,26100
65514,65507,65489,0,26129
65514,65507,65488,0,26157
65514,65507,65488,0,26185
65514,65507,65488,0,26213
65514,65507,65488,0,26241
65514,65507,65488,0,26269
65514,65507,65488,0,26297
65514,65507,65488,0,26326
65514,65507,65488,0,26353
65514,65507,65488,0,26382
65514,65507,65488,0,26409
65514,65507,65488,0,26437
65514,65507,65488,0,26466
65514,65507,65489,0,26493
65514,65507,65489,0,26522
65514,65507,65488,0,26550
65514,65507,65488,0,26578
65514,65507,65488,0,26606
65514,65507,65488,0,26634
65514,65507,65488,0,26662
65514,65507,65488,0,26690
65514,65507,65488,0,26719
65514,65507,65488,0,26746
65513,65507,65489,0,26774
65513,65507,65489,0,26803
65514,65507,65488,0,26830
65514,65507,65488,0,26859
65514,65506,65488,0,26887
65514,65506,65488,0,26915
65514,65506,65488,0,26943
65514,65506,65488,0,26971
65514,65506,65488,0,26999
65514,65507,65489,0,27027
65514,65507,65489,0,27056
65514,65507,65489,0,27083
65514,65507,65488,0,27112
65514,65507,65488,0,27140
65514,65507,65488,0,27167
65514,65507,65488,0,27196
65514,65507,65488,0,27224
65514,65507,65488,0,27252
65514,65507,65488,0,27280
65514,65507,65488,0,27309
65514,65507,65488,0,27336
65514,65507,65488,0,27364
65514,65507,65488,0,27393
65514,65507,65488,0,27420
65514,65507,65489,0,27449
65514,65507,65489,0,27476
65513,65507,65488,0,27504
65513,65507,65488,0,27533
65513,65507,65488,0,27560
65514,65507,65489,0,27589
65514,65507,65489,0,27617
65513,65507,65488,0,27645
65513,65507,65488,0,27673
65513,65507,65488,0,27701
65514,65507,65489,0,27729
65514,65507,65489,0,27757
65514,65507,65488,0,27786
65514,65507,65488,0,27813
65514,65507,65489,0,27842
65514,65507,65489,0,27870
65514,65507,65489,0,27897
65514,65507,65489,0,27926
65514,65507,65489,0,27954
65513,65507,65488,0,27982
65513,65507,65488,0,28010
65513,65507,65488,0,28038
65514,65507,65489,0,28066
65514,65507,65489,0,28094
65514,65507,65488,0,28123
65514,65507,65488,0,28150
65514,65507,65488,0,28179
65514,65507,65488,0,28207
65514,65507,65488,0,28234
65514,65507,65488,0,28263
65514,65507,65488,0,28291
65514,65507,65488,0,28319
65514,65507,65488,0,28347
65514,65507,65488,0,28376
65514,65507,65488,0,28403
65514,65507,65488,0,28431
65514,65507,65488,0,28460
65514,65507,65488,0,28487
65514,65507,65488,0,28516
65514,65507,65488,0,28544
65514,65507,65488,0,28571
65514,65507,65488,0,28600
65514,65507,65488,0,28627
65514,65507,65488,0,28656
65514,65507,65488,0,28684
65514,65507,65488,0,28712
65514,65507,65488,0,28740
65514,65507,65488,0,28768
65514,65506,65488,0,28796
65514,65506,65488,0,28824
65514,65506,65488,0,28853
65514,65506,65488,0,28880
65514,65506,65488,0,28909
65513,65507,65488,0,28937
65513,65507,65488,0,28964
65513,65507,65488,0,28993
65514,65507,65488,0,29021
65514,65507,65488,0,29049
65513,65507,65488,0,29077
65513,65507,65488,0,29106
65513,65507,65488,0,29133
65513,65506,65488,0,29161
65513,65506,65488,0,29190
65514,65507,65488,0,29217
65514,65507,65488,0,29246
65514,65507,65488,0,29274
65514,65507,65488,0,29301
65514,65507,65488,0,29330
65514,65507,65488,0,29358
65514,65507,65488,0,29386
65514,65507,65488,0,29414
65514,65507,65488,0,29443
65514,65507,65488,0,29470
65514,65507,65488,0,29498
65514,65507,65488,0,29527
65514,65506,65488,0,29554
65514,65506,65488,0,29583
65514,65506,65488,0,29611
65514,65506,65488,0,29639
65514,65506,65488,0,29667
65513,65507,65488,0,29694
65513,65507,65488,0,29723
65514,65507,65489,0,29751
65514,65507,65489,0,29779
65514,65507,65489,0,29807
65514,65507,65489,0,29835
65514,65507,65489,0,29863
65514,65507,65488,0,29891
65514,65507,65488,0,29920
65514,65507,65488,0,29947
65514,65506,65489,0,29976
65514,65506,65489,0,30004
65514,65507,65488,0,30031
65514,65507,65488,0,30060
65514,65507,65488,0,30088
65513,65506,65488,0,30116
65513,65506,65488,0,30144
65514,65507,65488,0,30173
65514,65507,65488,0,30200
65514,65506,65489,0,30228
65514,65506,65489,0,30257
65514,65506,65489,0,30284
65514,65507,65489,0,30313
65514,65507,65489,0,30341
65514,65506,65489,0,30368
65514,65506,65489,0,30397
65514,65506,65489,0,30425
65513,65506,65489,0,30453
65513,65506,65489,0,30481
65514,65507,65488,0,30510
65514,65507,65488,0,30537
65514,65507,65488,0,30565
65514,65507,65488,0,30594
65514,65507,65488,0,30621
65514,65506,65488,0,30650
65514,65506,65488,0,30678
65514,65506,65489,0,30706
65514,65506,65489,0,30734
65514,65506,65489,0,30761
65514,65506,65488,0,30790
65514,65506,65488,0,30818
65514,65506,65489,0,30846
65514,65506,65489,0,30874
65514,65506,65489,0,30903
65514,65506,65489,0,30930
65514,65506,65489,0,30958
65514,65506,65489,0,30987
65514,65506,65489,0,31014
65514,65506,65489,0,31043
65514,65506,65489,0,31071
65514,65506,65489,0,31098
65514,65506,65489,0,31127
65514,65506,65489,0,31155
65514,65506,65489,0,31183
65514,65506,65489,0,31211
65514,65506,65489,0,31240
65514,65505,65489,0,31267
65514,65505,65489,0,31295
65514,65505,65489,0,31324
65514,65505,65489,0,31351
65514,65505,65489,0,31380
65514,65505,65489,0,31408
65514,65505,65489,0,31436
65514,65504,65489,0,31464
65514,65504,65489,0,31492
65514,65504,65489,0,31520
65514,65504,65489,0,31548
65514,65504,65489,0,31577
65514,65502,65490,0,31604
65514,65502,65490,0,31632
65514,65499,65490,0,31661
65514,65499,65490,0,31688
65514,65499,65490,0,31717
65514,65495,65490,0,31745
65514,65495,65490,0,31773
65513,65489,65485,0,31801
65513,65489,65485,0,31828
65513,65489,65485,0,31857
65513,65488,65472,0,31885
65513,65488,65472,0,31913
65526,65496,65466,0,31941
65526,65496,65466,0,31970
4,65507,65466,0,31997
4,65507,65466,0,32021
4,65507,65466,0,32046
65531,65519,65474,0,32069
65531,65519,65474,0,32097
65531,65519,65474,0,32125
65516,65515,65483,0,32153
65516,65515,65483,0,32182
65513,65516,65489,0,32209
65513,65516,65489,0,32238
65513,65516,65489,0,32266
65522,65518,65492,0,32293
65522,65518,65492,0,32322
65530,65516,65496,0,32350
65530,65516,65496,0,32378
65535,65514,65498,0,32406
65535,65514,65498,0,32435
65535,65514,65498,0,32462
65535,65507,65497,0,32490
65535,65507,65497,0,32519
65533,65504,65490,0,32546
65533,65504,65490,0,32575
65533,65504,65490,0,32603
65532,65507,65490,0,32630
65532,65507,65490,0,32659
65530,65508,65494,0,32687
65530,65508,65494,0,32715
65530,65508,65494,0,32743
65524,65505,65499,0,32772
65524,65505,65499,0,32799
65517,65503,65499,0,32827
65517,65503,65499,0,32856
65510,65499,65498,0,32883
65510,65499,65498,0,32912
65510,65499,65498,0,32940
65505,65493,65491,0,32968
65505,65493,65491,0,32996
65509,65492,65483,0,33024
65509,65492,65483,0,33052
65509,65492,65483,0,33080
65515,65494,65474,0,33108
65515,65494,65474,0,33136
65519,65506,65473,0,33164
65519,65506,65473,0,33192
65519,65506,65473,0,33220
65520,65508,65484,0,33249
65520,65508,65484,0,33276
65520,65501,65486,0,33305
65520,65501,65486,0,33333
65522,65497,65482,0,33360
65522,65497,65482,0,33389
65522,65497,65482,0,33417
65525,65496,65478,0,33445
65525,65496,65478,0,33473
65525,65495,65474,0,33502
65525,65495,65474,0,33529
65525,65495,65474,0,33557
65524,65499,65469,0,33586
65524,65499,65469,0,33613
65523,65504,65467,0,33642
65523,65504,65467,0,33670
65523,65504,65467,0,33698
65522,65510,65469,0,33726
65522,65510,65469,0,33754
65522,65514,65472,0,33782
65522,65514,65472,0,33810
65521,65516,65475,0,33839
65521,65516,65475,0,33866
65521,65516,65475,0,33894
65519,65516,65479,0,33923
65519,65516,65479,0,33950
65518,65516,65482,0,33979
65518,65516,65482,0,34007
65518,65516,65482,0,34035
65518,65515,65484,0,34063
65518,65515,65484,0,34091
65517,65514,65486,0,34119
65517,65514,65486,0,34147
65517,65514,65486,0,34176
65517,65514,65487,0,34203
65517,65514,65487,0,34232
65516,65513,65487,0,34259
65516,65513,65487,0,34287
65516,65512,65488,0,34316
65516,65512,65488,0,34343
65516,65512,65488,0,34372
65516,65512,65488,0,34400
65516,65512,65488,0,34427
65516,65511,65488,0,34456
65516,65511,65488,0,34484
65516,65511,65488,0,34512
65516,65511,65488,0,34540
65516,65511,65488,0,34569
65516,65511,65489,0,34596
65516,65511,65489,0,34624
65516,65511,65489,0,34653
65516,65510,65489,0,34680
65516,65510,65489,0,34709
65515,65510,65489,0,34737
65515,65510,65489,0,34765
65515,65510,65488,0,34793
65515,65510,65488,0,34821
65515,65510,65488,0,34849
65515,65510,65489,0,34877
65515,65510,65489,0,34906
65515,65510,65489,0,34933
65515,65510,65489,0,34961
65515,65510,65489,0,34990
65515,65509,65489,0,35017
65515,65509,65489,0,35046
65515,65510,65489,0,35074
65515,65510,65489,0,35102
65515,65510,65489,0,35130
65515,65509,65489,0,35158
65515,65509,65489,0,35186
65515,65509,65489,0,35214
65515,65509,65489,0,35243
65515,65509,65489,0,35270
65515,65509,65489,0,35299
65515,65509,65489,0,35326
65515,65509,65489,0,35354
65515,65509,65489,0,35383
65514,65509,65489,0,35410
65514,65509,65489,0,35439
65514,65509,65489,0,35467
65515,65509,65489,0,35495
65515,65509,65489,0,35523
65515,65508,65489,0,35551
65515,65508,65489,0,35579
65515,65508,65489,0,35607
65514,65508,65489,0,35636
65514,65508,65489,0,35663
65515,65508,65489,0,35691
65515,65508,65489,0,35720
65514,65509,65489,0,35747
65514,65509,65489,0,35776
65514,65509,65489,0,35804
65514,65508,65489,0,35832
65514,65508,65489,0,35860
65515,65508,65489,0,35888
65515,65508,65489,0,35916
65515,65508,65489,0,35944
65514,65508,65489,0,35973
65514,65508,65489,0,36000
65514,65508,65489,0,36029
65514,65508,65489,0,36057
65514,65508,65489,0,36084
65514,65508,65489,0,36113
65514,65508,65489,0,36141
65515,65508,65489,0,36169
65515,65508,65489,0,36197
65514,65508,65489,0,36225
65514,65508,65489,0,36253
65514,65508,65489,0,36281
65514,65508,65489,0,36310
65514,65508,65489,0,36337
65514,65508,65489,0,36366
65514,65508,65489,0,36393
65514,65508,65489,0,36421
65514,65508,65489,0,36450
65514,65508,65489,0,36477
65514,65508,65489,0,36506
65514,65508,65489,0,36534
65514,65508,65489,0,36562
65514,65508,65489,0,36590
65514,65508,65489,0,36618
65515,65508,65489,0,36646
65515,65508,65489,0,36674
65515,65508,65489,0,36703
65515,65508,65489,0,36730
65515,65508,65489,0,36758
65515,65509,65489,0,36787
65515,65509,65489,0,36814
65515,65509,65489,0,36843
65515,65509,65489,0,36871
65515,65509,65489,0,36899
65515,65509,65489,0,36927
65515,65509,65489,0,36955
65515,65510,65489,0,36983
65515,65510,65489,0,37011
65515,65510,65488,0,37040
65515,65510,65488,0,37067
65515,65510,65488,0,37096
65516,65511,65488,0,37124
65516,65511,65488,0,37151
65516,65512,65487,0,37180
65516,65512,65487,0,37208
65516,65512,65487,0,37236
65517,65513,65487,0,37264
65517,65513,65487,0,37293
65517,65515,65485,0,37320
65517,65515,65485,0,37348
65517,65515,65485,0,37377
65519,65516,65481,0,37404
65519,65516,65481,0,37433
65520,65515,65476,0,37460
65520,65515,65476,0,37488
65520,65515,65476,0,37517
65520,65515,65476,0,37544
65520,65515,65476,0,37573
65523,65505,65467,0,37601
65523,65505,65467,0,37629
65524,65497,65471,0,37657
65524,65497,65471,0,37685
65524,65497,65471,0,37713
65524,65495,65478,0,37741
65524,65495,65478,0,37770
65521,65498,65483,0,37797
65521,65498,65483,0,37826
65521,65498,65483,0,37854
65520,65505,65485,0,37881
65520,65505,65485,0,37910
65519,65507,65473,0,37938
65519,65507,65473,0,37966
65513,65493,65476,0,37994
65513,65493,65476,0,38022
65513,65493,65476,0,38050
65507,65492,65486,0,38078
65507,65492,65486,0,38107
65507,65498,65498,0,38134
65507,65498,65498,0,38163
65507,65498,65498,0,38191
65516,65502,65499,0,38218
65516,65502,65499,0,38247
65523,65505,65498,0,38275
65523,65505,65498,0,38303
65523,65505,65498,0,38331
65529,65509,65494,0,38360
65529,65509,65494,0,38387
65531,65506,65490,0,38415
65531,65506,65490,0,38444
65533,65504,65490,0,38471
65533,65504,65490,0,38500
65533,65504,65490,0,38528
65535,65509,65497,0,38555
65535,65509,65497,0,38584
65534,65514,65497,0,38611
65534,65514,65497,0,38640
65534,65514,65497,0,38668
65529,65517,65495,0,38696
65529,65517,65495,0,38724
65521,65518,65492,0,38752
65521,65518,65492,0,38780
65521,65518,65492,0,38808
65513,65518,65488,0,38837
65513,65518,65488,0,38864
65517,65518,65482,0,38893
65517,65518,65482,0,38921
65534,65518,65464,0,38948
65534,65518,65464,0,38977
65534,65518,65464,0,39005
4,65501,65459,0,39033
4,65501,65459,0,39057
4,65501,65459,0,39080
65525,65491,65464,0,39105
65525,65491,65464,0,39133
65513,65488,65472,0,39161
65513,65488,65472,0,39189
65513,65488,65472,0,39217
65513,65488,65483,0,39245
65513,65488,65483,0,39273
65514,65493,65489,0,39302
65514,65493,65489,0,39329
65514,65498,65490,0,39358
65514,65498,65490,0,39386
65514,65498,65490,0,39413
65514,65500,65490,0,39442
65514,65500,65490,0,39470
65514,65502,65490,0,39498
65514,65502,65490,0,39526
65514,65502,65490,0,39554
65514,65503,65490,0,39582
65514,65503,65490,0,39610
65514,65504,65489,0,39639
65514,65504,65489,0,39666
65514,65504,65489,0,39695
65514,65505,65489,0,39723
65514,65505,65489,0,39750
65514,65505,65489,0,39779
65514,65505,65489,0,39806
65514,65505,65489,0,39835
65514,65505,65489,0,39863
65514,65505,65489,0,39891
65514,65505,65489,0,39919
65514,65505,65489,0,39947
65514,65506,65489,0,39975
65514,65506,65489,0,40003
65514,65506,65489,0,40032
65514,65506,65489,0,40059
65514,65506,65489,0,40088
65514,65506,65489,0,40116
65514,65506,65489,0,40143
65514,65506,65489,0,40172
65514,65506,65489,0,40200
65514,65506,65489,0,40228
65514,65506,65489,0,40256
65514,65506,65489,0,40284
65514,65506,65489,0,40312
65514,65506,65489,0,40340
65514,65506,65489,0,40369
65514,65506,65489,0,40396
65514,65506,65489,0,40425
65514,65506,65489,0,40453
65514,65506,65489,0,40480
65514,65506,65489,0,40509
65514,65506,65489,0,40537
65514,65506,65489,0,40565
65514,65506,65489,0,40593
65514,65506,65489,0,40622
65514,65506,65489,0,40649
65514,65506,65489,0,40677
65514,65506,65489,0,40706
65514,65506,65489,0,40733
65514,65506,65489,0,40762
65514,65506,65488,0,40790
65514,65506,65488,0,40817
65514,65506,65488,0,40846
65514,65506,65489,0,40873
65514,65506,65489,0,40902
65513,65506,65489,0,40930
65513,65506,65489,0,40958
65513,65506,65489,0,40986
65514,65506,65489,0,41014
65514,65506,65489,0,41042
65514,65506,65489,0,41070
65514,65506,65489,0,41099
65514,65506,65489,0,41126
65513,65506,65489,0,41155
65513,65506,65489,0,41183
65514,65506,65489,0,41210
65514,65506,65489,0,41239
65514,65506,65489,0,41267
65514,65506,65489,0,41295
65514,65506,65489,0,41323
65514,65506,65489,0,41351
65514,65506,65489,0,41379
65514,65506,65489,0,41407
65514,65506,65489,0,41436
65514,65506,65489,0,41463
65514,65506,65488,0,41492
65514,65506,65488,0,41520
65514,65506,65489,0,41547
65514,65506,65489,0,41576
65514,65506,65489,0,41604
65514,65506,65489,0,41632
65514,65506,65489,0,41660
65514,65506,65489,0,41689
65514,65506,65489,0,41716
65514,65506,65489,0,41744
65514,65506,65489,0,41773
65514,65506,65489,0,41800
65514,65506,65489,0,41829
65514,65506,65489,0,41857
65514,65506,65489,0,41885
65514,65506,65489,0,41913
65514,65506,65489,0,41940
65514,65506,65489,0,41969
65514,65506,65489,0,41997
65514,65506,65489,0,42025
65514,65506,65489,0,42053
65513,65506,65489,0,42081
65513,65506,65489,0,42109
65513,65506,65489,0,42137
65514,65506,65489,0,42166
65514,65506,65489,0,42193
65514,65506,65489,0,42222
65514,65506,65489,0,42250
65514,65506,65489,0,42277
65514,65506,65489,0,42306
65514,65506,65489,0,42334
65514,65506,65489,0,42362
65514,65506,65489,0,42390
65514,65506,65489,0,42419
65514,65506,65489,0,42446
65514,65506,65489,0,42474
65514,65506,65488,0,42503
65514,65506,65488,0,42530
65514,65506,65488,0,42559
65514,65506,65488,0,42587
65514,65506,65488,0,42614
65514,65505,65489,0,42643
65514,65505,65489,0,42671
65514,65505,65489,0,42699
65514,65505,65489,0,42727
65514,65505,65489,0,42756
65514,65505,65489,0,42783
65514,65505,65489,0,42811
65514,65505,65489,0,42840
65514,65505,65489,0,42867
65514,65505,65489,0,42896
65514,65505,65489,0,42924
65514,65505,65489,0,42952
65514,65504,65489,0,42980
65514,65504,65489,0,43008
65514,65504,65489,0,43036
65514,65504,65489,0,43064
65514,65504,65489,0,43092
65514,65503,65490,0,43120
65514,65503,65490,0,43148
65514,65502,65490,0,43176
65514,65502,65490,0,43204
65514,65502,65490,0,43233
65514,65500,65490,0,43260
65514,65500,65490,0,43289
65514,65497,65490,0,43317
65514,65497,65490,0,43344
65514,65497,65490,0,43373
65513,65491,65487,0,43401
65513,65491,65487,0,43429
65513,65488,65476,0,43457
65513,65488,65476,0,43486
65521,65491,65466,0,43513
65521,65491,65466,0,43541
65521,65491,65466,0,43570
1,65503,65461,0,43597
1,65503,65461,0,43622
1,65503,65461,0,43645
65529,65520,65472,0,43669
65529,65520,65472,0,43698
65515,65516,65485,0,43725
65515,65516,65485,0,43754
65515,65516,65485,0,43782
65517,65516,65490,0,43809
65517,65516,65490,0,43838
65527,65516,65493,0,43866
65527,65516,65493,0,43894
65533,65514,65495,0,43922
65533,65514,65495,0,43951
65533,65514,65495,0,43978
65534,65508,65496,0,44006
65534,65508,65496,0,44035
65532,65504,65490,0,44062
65532,65504,65490,0,44091
65532,65504,65490,0,44119
65530,65507,65489,0,44146
65530,65507,65489,0,44175
65529,65509,65494,0,44203
65529,65509,65494,0,44231
65529,65509,65494,0,44259
65522,65505,65499,0,44288
65522,65505,65499,0,44315
65514,65502,65499,0,44343
65514,65502,65499,0,44371
65506,65495,65496,0,44399
65506,65495,65496,0,44428
65506,65495,65496,0,44455
65509,65492,65484,0,44484
65509,65492,65484,0,44512
65516,65496,65472,0,44539
65516,65496,65472,0,44568
65516,65496,65472,0,44596
65520,65509,65479,0,44624
65520,65509,65479,0,44652
65520,65502,65486,0,44681
65520,65502,65486,0,44708
65520,65502,65486,0,44736
65522,65496,65481,0,44765
65522,65496,65481,0,44792
65525,65495,65475,0,44821
65525,65495,65475,0,44849
65523,65498,65469,0,44876
65523,65498,65469,0,44905
65523,65498,65469,0,44933
65523,65507,65467,0,44961
65523,65507,65467,0,44989
65522,65513,65471,0,45018
65522,65513,65471,0,45045
65522,65513,65471,0,45073
65520,65516,65476,0,45102
65520,65516,65476,0,45129
65519,65516,65480,0,45158
65519,65516,65480,0,45186
65519,65516,65480,0,45214
65518,65515,65484,0,45242
65518,65515,65484,0,45270
65517,65514,65486,0,45298
65517,65514,65486,0,45326
65516,65513,65487,0,45355
65516,65513,65487,0,45382
65516,65513,65487,0,45410
65516,65512,65488,0,45438
65516,65512,65488,0,45466
65516,65511,65488,0,45495
65516,65511,65488,0,45522
65516,65511,65488,0,45551
65516,65511,65488,0,45579
65516,65511,65488,0,45606
65515,65510,65489,0,45635
65515,65510,65489,0,45663
65515,65510,65489,0,45691
65515,65510,65489,0,45719
65515,65510,65489,0,45748
65515,65510,65489,0,45775
65515,65510,65489,0,45803
65515,65509,65489,0,45832
65515,65509,65489,0,45859
65515,65509,65489,0,45888
65515,65509,65489,0,45916
65515,65509,65489,0,45943
65515,65509,65489,0,45972
65515,65509,65489,0,46000
65515,65509,65489,0,46028
65515,65509,65489,0,46056
65515,65509,65489,0,46085
65515,65509,65489,0,46112
65515,65509,65489,0,46140
65515,65509,65489,0,46169
65515,65509,65489,0,46196
65515,65509,65489,0,46225
65515,65509,65489,0,46253
65515,65509,65489,0,46281
65515,65509,65489,0,46309
65515,65509,65489,0,46337
65515,65509,65489,0,46365
65515,65509,65489,0,46393
65515,65509,65489,0,46422
65515,65509,65489,0,46449
65515,65509,65489,0,46478
65515,65509,65489,0,46505
65515,65509,65489,0,46533
65515,65509,65489,0,46562
65515,65509,65489,0,46589
65515,65509,65489,0,46618
65515,65509,65489,0,46646
65515,65509,65489,0,46673
65515,65509,65489,0,46702
65515,65509,65489,0,46730
65515,65509,65489,0,46758
65515,65509,65489,0,46786
65515,65509,65489,0,46815
65515,65509,65489,0,46842
65515,65509,65489,0,46870
65515,65509,65489,0,46899
65515,65509,65489,0,46926
65515,65509,65489,0,46955
65515,65509,65489,0,46983
65515,65509,65489,0,47011
65515,65509,65489,0,47039
65515,65509,65489,0,47067
65515,65509,65489,0,47095
65515,65509,65488,0,47123
65515,65509,65488,0,47152
65515,65509,65488,0,47179
65515,65509,65489,0,47207
65515,65509,65489,0,47236
65515,65510,65489,0,47263
65515,65510,65489,0,47292
65515,65510,65489,0,47320
65515,65510,65489,0,47348
65515,65510,65489,0,47376
65515,65510,65488,0,47404
65515,65510,65488,0,47432
65515,65510,65488,0,47460
65515,65510,65489,0,47489
65515,65510,65489,0,47516
65516,65511,65488,0,47545
65516,65511,65488,0,47572
65515,65512,65488,0,47600
65515,65512,65488,0,47629
65515,65512,65488,0,47656
65516,65512,65487,0,47685
65516,65512,65487,0,47713
65517,65513,65486,0,47740
65517,65513,65486,0,47769
65517,65513,65486,0,47797
65517,65515,65485,0,47825
65517,65515,65485,0,47853
65519,65516,65482,0,47882
65519,65516,65482,0,47909
65519,65516,65482,0,47937
65520,65516,65478,0,47966
65520,65516,65478,0,47993
65521,65514,65473,0,48022
65521,65514,65473,0,48050
65522,65509,65469,0,48078
65522,65509,65469,0,48106
65522,65509,65469,0,48134
65523,65501,65468,0,48162
65523,65501,65468,0,48190
65524,65496,65473,0,48219
65524,65496,65473,0,48246
65524,65496,65473,0,48275
65523,65495,65478,0,48303
65523,65495,65478,0,48330
65521,65498,65484,0,48359
65521,65498,65484,0,48387
65521,65498,65484,0,48415
65520,65506,65485,0,48443
65520,65506,65485,0,48471
65519,65507,65473,0,48499
65519,65507,65473,0,48527
65514,65493,65475,0,48556
65514,65493,65475,0,48583
65514,65493,65475,0,48612
65508,65492,65486,0,48640
65508,65492,65486,0,48667
65507,65496,65497,0,48696
65507,65496,65497,0,48723
65507,65496,65497,0,48752
65514,65502,65499,0,48780
65514,65502,65499,0,48808
65521,65505,65499,0,48836
65521,65505,65499,0,48864
65521,65505,65499,0,48892
65526,65507,65497,0,48920
65526,65507,65497,0,48949
65529,65508,65491,0,48976
65529,65508,65491,0,49004
65530,65506,65490,0,49033
65530,65506,65490,0,49060
65530,65506,65490,0,49089
65532,65504,65492,0,49117
65532,65504,65492,0,49145
65533,65508,65495,0,49173
65533,65508,65495,0,49201
65533,65508,65495,0,49229
65532,65513,65495,0,49257
65532,65513,65495,0,49286
65529,65515,65493,0,49313
65529,65515,65493,0,49342
65529,65515,65493,0,49370
65522,65516,65491,0,49397
65522,65516,65491,0,49426
65515,65518,65489,0,49454
65515,65518,65489,0,49482
65515,65519,65484,0,49510
65515,65519,65484,0,49538
65515,65519,65484,0,49566
65532,65523,65464,0,49594
65532,65523,65464,0,49623
5,65500,65453,0,49650
5,65500,65453,0,49675
5,65500,65453,0,49698
65525,65485,65461,0,49722
65525,65485,65461,0,49751
65525,65485,65461,0,49778
65513,65488,65473,0,49807
65513,65488,65473,0,49835
65513,65488,65483,0,49862
65513,65488,65483,0,49891
65514,65493,65488,0,49918
65514,65493,65488,0,49947
65514,65493,65488,0,49975
65514,65498,65490,0,50002
65514,65498,65490,0,50031
65514,65500,65490,0,50059
65514,65500,65490,0,50087
65514,65500,65490,0,50115
65514,65502,65490,0,50144
65514,65502,65490,0,50171
65514,65503,65489,0,50199
65514,65503,65489,0,50228
65514,65503,65489,0,50255
65514,65504,65489,0,50284
65514,65504,65489,0,50312
65514,65504,65489,0,50340
65514,65504,65489,0,50368
65514,65505,65489,0,50396
65514,65505,65489,0,50424
65514,65505,65489,0,50452
65514,65505,65489,0,50481
65514,65505,65489,0,50508
65514,65505,65489,0,50536
65514,65505,65489,0,50565
65514,65505,65489,0,50592
65514,65505,65489,0,50621
65514,65505,65489,0,50649
65514,65506,65489,0,50677
65514,65506,65489,0,50705
65514,65506,65489,0,50733
65514,65506,65489,0,50761
65514,65506,65489,0,50789
65514,65506,65489,0,50818
65514,65506,65489,0,50845
65514,65506,65489,0,50874
65514,65506,65489,0,50902
65514,65506,65489,0,50929
65514,65506,65489,0,50958
65514,65506,65489,0,50985
65514,65506,65489,0,51014
65514,65506,65489,0,51042
65514,65506,65489,0,51070
65514,65506,65489,0,51098
65514,65506,65489,0,51126
65514,65506,65489,0,51154
65514,65506,65489,0,51182
65514,65506,65489,0,51211
65514,65506,65489,0,51238
65514,65506,65489,0,51266
65514,65506,65489,0,51295
65514,65506,65489,0,51322
65514,65506,65489,0,51351
65514,65506,65489,0,51379
65514,65506,65489,0,51407
65514,65506,65489,0,51435
65514,65506,65489,0,51463
65514,65506,65489,0,51491
65514,65506,65489,0,51519
65514,65506,65489,0,51548
65514,65506,65489,0,51575
65514,65506,65489,0,51604
65514,65506,65489,0,51632
65514,65506,65489,0,51659
65514,65506,65489,0,51688
65514,65506,65489,0,51716
65514,65506,65489,0,51744
65514,65506,65489,0,51772
65514,65506,65489,0,51800
65514,65506,65489,0,51828
65514,65506,65489,0,51856
65514,65506,65489,0,51885
65514,65506,65489,0,51912
65514,65506,65489,0,51941
65514,65506,65489,0,51969
65514,65506,65489,0,51996
65514,65506,65489,0,52025
65514,65506,65489,0,52052
65514,65506,65489,0,52081
65514,65506,65489,0,52109
65514,65506,65489,0,52137
65514,65506,65489,0,52165
65514,65506,65489,0,52193
65514,65506,65489,0,52221
65514,65506,65489,0,52249
65514,65506,65489,0,52278
65514,65506,65489,0,52305
65514,65506,65489,0,52333
65514,65506,65489,0,52362
65514,65506,65489,0,52389
65514,65506,65489,0,52418
65514,65506,65489,0,52446
65514,65506,65489,0,52474
65514,65506,65489,0,52502
65513,65505,65489,0,52530
65513,65505,65489,0,52558
65514,65506,65489,0,52586
65514,65506,65489,0,52615
65514,65506,65489,0,52642
65514,65506,65489,0,52671
65514,65506,65489,0,52699
65514,65505,65489,0,52726
65514,65505,65489,0,52755
65514,65505,65489,0,52783
65514,65505,65489,0,52811
65514,65505,65489,0,52839
65514,65505,65489,0,52868
65514,65505,65489,0,52895
65514,65505,65489,0,52923
65514,65505,65489,0,52952
65514,65505,65489,0,52979
65514,65504,65489,0,53008
65514,65504,65489,0,53036
65514,65504,65490,0,53063
65514,65504,65490,0,53092
65514,65503,65490,0,53120
65514,65503,65490,0,53148
65514,65503,65490,0,53176
65514,65503,65490,0,53204
65514,65503,65490,0,53232
65514,65501,65490,0,53260
65514,65501,65490,0,53288
65514,65501,65490,0,53316
65514,65500,65490,0,53345
65514,65500,65490,0,53372
65514,65496,65490,0,53401
65514,65496,65490,0,53429
65514,65496,65490,0,53456
65514,65492,65486,0,53485
65514,65492,65486,0,53513
65513,65488,65478,0,53541
65513,65488,65478,0,53569
65518,65490,65468,0,53597
65518,65490,65468,0,53625
65518,65490,65468,0,53653
65534,65498,65456,0,53682
65534,65498,65456,0,53709
65532,65519,65463,0,53738
65532,65519,65463,0,53766
65532,65519,65463,0,53793
65517,65518,65486,0,53822
65517,65518,65486,0,53850
65517,65516,65491,0,53878
65517,65516,65491,0,53906
65517,65516,65491,0,53935
65525,65514,65493,0,53962
65525,65514,65493,0,53990
65531,65514,65494,0,54019
65531,65514,65494,0,54046
65533,65510,65495,0,54075
65533,65510,65495,0,54103
65533,65510,65495,0,54130
65532,65505,65493,0,54159
65532,65505,65493,0,54187
65530,65506,65489,0,54215
65530,65506,65489,0,54243
65530,65506,65489,0,54272
65530,65508,65490,0,54299
65530,65508,65490,0,54327
65527,65508,65498,0,54355
65527,65508,65498,0,54383
65527,65508,65498,0,54412
65521,65505,65499,0,54439
65521,65505,65499,0,54468
65514,65502,65500,0,54496
65514,65502,65500,0,54523
65507,65495,65496,0,54552
65507,65495,65496,0,54580
65507,65495,65496,0,54608
65510,65491,65484,0,54636
65510,65491,65484,0,54665
65517,65496,65472,0,54692
65517,65496,65472,0,54720
65517,65496,65472,0,54749
65520,65508,65480,0,54776
65520,65508,65480,0,54805
65520,65502,65485,0,54833
65520,65502,65485,0,54860
65520,65502,65485,0,54889
65520,65502,65485,0,54917
65520,65502,65485,0,54945
65524,65495,65475,0,54973
65524,65495,65475,0,55002
65524,65498,65469,0,55029
65524,65498,65469,0,55057
65524,65498,65469,0,55086
65522,65506,65466,0,55113
65522,65506,65466,0,55142
65522,65513,65470,0,55170
65522,65513,65470,0,55198
65522,65513,65470,0,55226
65520,65516,65475,0,55254
65520,65516,65475,0,55282
65519,65517,65480,0,55310
65519,65517,65480,0,55339
65519,65515,65484,0,55366
65517,65515,65484,0,55394
65517,65515,65484,0,55422
65517,65514,65486,0,55450
65517,65514,65486,0,55479
65516,65512,65487,0,55506
65516,65512,65487,0,55535
65516,65512,65487,0,55563
65515,65511,65488,0,55590
65515,65511,65488,0,55619
65515,65511,65489,0,55647
65515,65511,65489,0,55675
65515,65511,65489,0,55703
65515,65510,65489,0,55732
65515,65510,65489,0,55759
65515,65509,65489,0,55787
65515,65509,65489,0,55816
65515,65509,65489,0,55843
65515,65509,65489,0,55872
65515,65509,65489,0,55900
65515,65509,65489,0,55927
65515,65509,65489,0,55956
65515,65508,65489,0,55984
65515,65508,65489,0,56012
65515,65508,65489,0,56040
65514,65508,65489,0,56069
65514,65508,65489,0,56096
65514,65508,65489,0,56124
65514,65508,65489,0,56153
65514,65508,65489,0,56180
65514,65508,65489,0,56209
65514,65508,65489,0,56237
65514,65508,65489,0,56265
65514,65508,65489,0,56293
65514,65508,65489,0,56321
65514,65508,65489,0,56349
65514,65508,65489,0,56377
65515,65508,65489,0,56406
65515,65508,65489,0,56433
65514,65508,65489,0,56462
65514,65508,65489,0,56489
65514,65508,65489,0,56517
65514,65508,65489,0,56546
65514,65508,65489,0,56573
65514,65508,65489,0,56602
65514,65508,65489,0,56630
65514,65508,65489,0,56657
65514,65508,65489,0,56686
65514,65508,65489,0,56714
65514,65508,65489,0,56742
65514,65508,65489,0,56770
65514,65508,65489,0,56799
65514,65508,65489,0,56826
65514,65508,65489,0,56854
65514,65508,65489,0,56883
65514,65508,65489,0,56910
65514,65508,65489,0,56939
65514,65508,65489,0,56967
65514,65508,65489,0,56995
65514,65508,65489,0,57023
65514,65508,65489,0,57051
65514,65508,65489,0,57079
65514,65508,65489,0,57107
65514,65508,65489,0,57136
65514,65508,65489,0,57163
65514,65508,65489,0,57191
65514,65508,65489,0,57220
65514,65508,65489,0,57247
65514,65508,65489,0,57276
65514,65508,65489,0,57304
65514,65508,65489,0,57332
65514,65508,65489,0,57360
65514,65508,65489,0,57388
65514,65508,65489,0,57416
65514,65508,65489,0,57444
65514,65508,65489,0,57473
65514,65508,65489,0,57500
65514,65508,65489,0,57529
65514,65508,65489,0,57556
65514,65508,65489,0,57584
65514,65508,65489,0,57613
65514,65508,65489,0,57640
65514,65508,65489,0,57669
65514,65508,65489,0,57697
65514,65508,65489,0,57724
65515,65508,65489,0,57753
65515,65508,65489,0,57781
65515,65508,65489,0,57809
65514,65508,65489,0,57837
65514,65508,65489,0,57866
65514,65508,65489,0,57893
65514,65508,65489,0,57921
65514,65508,65489,0,57950
65514,65508,65489,0,57977
65514,65508,65489,0,58006
65515,65508,65489,0,58034
65515,65508,65489,0,58062
65515,65508,65489,0,58090
65515,65509,65489,0,58118
65515,65509,65489,0,58146
65515,65508,65489,0,58174
65515,65508,65489,0,58203
65515,65509,65489,0,58230
65515,65509,65489,0,58259
65515,65509,65489,0,58287
65515,65509,65489,0,58314
65515,65509,65489,0,58343
65515,65509,65489,0,58371
65515,65509,65489,0,58399
65515,65509,65489,0,58427
65515,65510,65489,0,58455
65515,65510,65489,0,58483
65515,65510,65489,0,58511
65515,65510,65489,0,58540
65515,65510,65489,0,58567
65515,65511,65488,0,58596
65515,65511,65488,0,58624
65516,65512,65488,0,58651
65516,65512,65488,0,58680
65517,65513,65487,0,58707
65517,65513,65487,0,58736
65517,65513,65487,0,58764
65517,65515,65485,0,58792
65517,65515,65485,0,58820
65518,65516,65482,0,58848
65518,65516,65482,0,58876
65518,65516,65482,0,58904
65519,65517,65478,0,58933
65519,65517,65478,0,58960
65521,65515,65473,0,58988
65521,65515,65473,0,59017
65521,65515,65473,0,59044
65521,65515,65473,0,59073
65521,65515,65473,0,59101
65523,65504,65467,0,59129
65523,65504,65467,0,59157
65524,65497,65470,0,59185
65524,65497,65470,0,59213
65524,65497,65470,0,59241
65524,65495,65474,0,59270
65524,65495,65474,0,59297
65522,65495,65479,0,59326
65522,65495,65479,0,59354
65522,65495,65479,0,59381
65520,65499,65484,0,59410
65520,65499,65484,0,59438
65519,65506,65484,0,59466
65519,65506,65484,0,59494
65520,65508,65475,0,59522
65520,65508,65475,0,59550
65520,65508,65475,0,59578
65516,65494,65473,0,59607
65516,65494,65473,0,59634
65510,65491,65483,0,59663
65510,65491,65483,0,59691
65510,65491,65483,0,59718
65508,65493,65492,0,59747
65508,65493,65492,0,59774
65510,65500,65500,0,59803
65510,65500,65500,0,59831
65510,65500,65500,0,59859
65516,65503,65499,0,59887
65516,65503,65499,0,59915
65521,65505,65499,0,59943
65521,65505,65499,0,59971
65525,65507,65497,0,60000
65525,65507,65497,0,60027
65525,65507,65497,0,60056
65529,65509,65495,0,60084
65529,65509,65495,0,60111
65529,65508,65492,0,60140
65529,65508,65492,0,60168
65529,65508,65492,0,60196
65530,65507,65491,0,60224
65530,65507,65491,0,60252
65531,65505,65492,0,60280
65531,65505,65492,0,60308
65531,65505,65492,0,60337
65532,65507,65495,0,60364
65532,65507,65495,0,60393
65533,65511,65496,0,60421
65533,65511,65496,0,60448
65533,65514,65495,0,60477
65533,65514,65495,0,60505
65533,65514,65495,0,60533
65531,65515,65493,0,60561
65531,65515,65493,0,60590
65526,65515,65492,0,60617
65526,65515,65492,0,60645
65526,65515,65492,0,60674
65521,65516,65492,0,60701
65521,65516,65492,0,60730
65518,65518,65490,0,60758
65518,65518,65490,0,60785
65518,65518,65490,0,60814
65516,65519,65488,0,60841
65516,65519,65488,0,60870
65519,65525,65483,0,60898
65519,65525,65483,0,60926
65532,65524,65460,0,60954
65532,65524,65460,0,60982
65532,65524,65460,0,61010
1,65505,65446,0,61038
1,65505,65446,0,61063
1,65505,65446,0,61086
65533,65493,65449,0,61110
65533,65493,65449,0,61138
65525,65485,65456,0,61166
65525,65485,65456,0,61195
65525,65485,65456,0,61222
65517,65487,65468,0,61250
65517,65487,65468,0,61279
65514,65488,65473,0,61306
65514,65488,65473,0,61335
65513,65488,65476,0,61363
65513,65488,65476,0,61391
65513,65488,65476,0,61419
65513,65488,65480,0,61447
65513,65488,65480,0,61475
65513,65489,65483,0,61503
65513,65489,65483,0,61532
65513,65489,65483,0,61559
65513,65490,65486,0,61588
65513,65490,65486,0,61616
65514,65491,65487,0,61643
65514,65491,65487,0,61672
65514,65491,65487,0,61700
65513,65492,65488,0,61728
65513,65492,65488,0,61756
65514,65493,65488,0,61784
65514,65493,65488,0,61812
65514,65494,65489,0,61840
65514,65494,65489,0,61869
65514,65494,65489,0,61896
65514,65495,65489,0,61925
65514,65495,65489,0,61953
65514,65495,65489,0,61980
65514,65495,65489,0,62009
65514,65495,65489,0,62036
65514,65496,65490,0,62065
65514,65496,65490,0,62093
65514,65496,65490,0,62121
65514,65496,65490,0,62149
65514,65496,65490,0,62177
65514,65497,65490,0,62205
65514,65497,65490,0,62233
65514,65497,65490,0,62262
65514,65497,65490,0,62289
65514,65497,65490,0,62317
65514,65497,65490,0,62346
65514,65497,65490,0,62373
65514,65498,65490,0,62402
65514,65498,65490,0,62430
65514,65498,65490,0,62458
65514,65498,65490,0,62486
65514,65498,65490,0,62514
65514,65498,65490,0,62542
65514,65498,65490,0,62570
65514,65498,65490,0,62599
65514,65498,65490,0,62626
65514,65498,65490,0,62655
65514,65499,65490,0,62683
65514,65499,65490,0,62710
65514,65498,65490,0,62739
65514,65498,65490,0,62767
65514,65499,65490,0,62795
65514,65499,65490,0,62823
65514,65499,65490,0,62852
65514,65499,65490,0,62879
65514,65499,65490,0,62907
65514,65499,65490,0,62936
65514,65499,65490,0,62963
65514,65499,65490,0,62992
65514,65499,65490,0,63020
65514,65499,65490,0,63047
65514,65498,65490,0,63076
65514,65498,65490,0,63104
65514,65498,65490,0,63132
65514,65498,65490,0,63160
65514,65498,65490,0,63188
65514,65498,65490,0,63216
65514,65498,65490,0,63244
65514,65497,65490,0,63272
65514,65497,65490,0,63300
65514,65497,65490,0,63329
65514,65497,65490,0,63356
65514,65497,65490,0,63385
65514,65496,65490,0,63413
65514,65496,65490,0,63440
65514,65496,65490,0,63469
65514,65495,65489,0,63497
65514,65495,65489,0,63525
65514,65494,65489,0,63553
65514,65494,65489,0,63581
65514,65494,65489,0,63609
65514,65492,65488,0,63637
65514,65492,65488,0,63666
65513,65491,65487,0,63693
65513,65491,65487,0,63722
65513,65489,65484,0,63750
65513,65489,65484,0,63777
65513,65489,65484,0,63806
65513,65488,65482,0,63834
65513,65488,65482,0,63862
65513,65488,65477,0,63890
65513,65488,65477,0,63919
65513,65488,65477,0,63946
65514,65489,65474,0,63974
65514,65489,65474,0,64003
65516,65488,65470,0,64030
65516,65488,65470,0,64059
65516,65488,65470,0,64087
65522,65488,65461,0,64114
65522,65488,65461,0,64143
65530,65494,65454,0,64171
65530,65494,65454,0,64199
0,65504,65450,0,64227
0,65504,65450,0,64251
0,65504,65450,0,64275
65534,65519,65458,0,64299
65534,65519,65458,0,64327
65534,65519,65458,0,64355
65523,65526,65480,0,64384
65523,65526,65480,0,64411
65518,65519,65490,0,64439
65518,65519,65490,0,64467
65518,65519,65490,0,64495
65518,65516,65491,0,64524
65518,65516,65491,0,64551
65521,65514,65492,0,64579
65521,65514,65492,0,64608
65526,65513,65493,0,64635
65526,65513,65493,0,64664
65526,65513,65493,0,64692
65530,65513,65492,0,64720
65530,65513,65492,0,64748
65533,65513,65494,0,64776
65533,65513,65494,0,64804
65533,65513,65494,0,64832
65533,65510,65495,0,64861
65533,65510,65495,0,64888
65532,65505,65494,0,64917
65532,65505,65494,0,64945
65532,65505,65494,0,64972
65532,65505,65494,0,65001
65532,65505,65494,0,65029
65529,65507,65490,0,65057
65529,65507,65490,0,65085
65529,65509,65492,0,65113
65529,65509,65492,0,65141
65529,65509,65492,0,65169
65526,65507,65496,0,65198
65526,65507,65496,0,65225
65521,65505,65498,0,65254
65521,65505,65498,0,65282
65521,65505,65498,0,65309
65516,65503,65499,0,65338
65516,65503,65499,0,65366
65510,65498,65501,0,65394
65510,65498,65501,0,65422
65508,65492,65490,0,65451
65508,65492,65490,0,65478
65508,65492,65490,0,65506
65513,65491,65479,0,65534
65513,65491,65479,0,26
65518,65500,65471,0,52
65518,65500,65471,0,76
65518,65500,65471,0,101
65520,65508,65481,0,128
65520,65508,65481,0,153
65520,65508,65481,0,180
65520,65502,65485,0,205
65520,65502,65485,0,231
65521,65497,65483,0,258
65521,65497,65483,0,283
65521,65497,65483,0,309
65523,65495,65477,0,335
65523,65495,65477,0,361
65523,65495,65477,0,388
65524,65495,65473,0,413
65524,65495,65473,0,439
65523,65499,65468,0,465
65523,65499,65468,0,491
65523,65499,65468,0,518
65523,65506,65467,0,543
65523,65506,65467,0,569
65523,65511,65469,0,595
65522,65511,65469,0,621
65522,65511,65469,0,648
65521,65515,65472,0,673
65521,65515,65472,0,699
65521,65515,65472,0,726
65520,65517,65476,0,751
65520,65517,65476,0,778
65519,65517,65479,0,803
65519,65517,65479,0,829
65519,65517,65479,0,856
65518,65517,65482,0,881
65518,65517,65482,0,907
65518,65517,65482,0,933
65517,65516,65484,0,959
65517,65516,65484,0,986
65517,65515,65485,0,1011
65517,65515,65485,0,1038
65517,65515,65485,0,1065
65517,65515,65486,0,1092
65517,65515,65486,0,1120
65517,65514,65486,0,1146
65517,65514,65486,0,1173
65517,65514,65486,0,1201
65516,65514,65487,0,1227
65516,65514,65487,0,1255
65516,65513,65487,0,1282
65516,65513,65487,0,1309
65516,65513,65487,0,1336
65516,65513,65487,0,1362
65516,65513,65487,0,1390
65516,65513,65487,0,1417
65516,65513,65487,0,1444
65516,65513,65487,0,1471
65516,65513,65487,0,1498
65516,65513,65487,0,1525
65516,65513,65487,0,1552
65516,65513,65487,0,1580
65516,65513,65487,0,1606
65516,65513,65487,0,1633
65516,65513,65487,0,1660
65516,65513,65487,0,1687
65516,65513,65487,0,1715
65516,65513,65487,0,1741
65516,65514,65487,0,1768
65516,65514,65487,0,1796
65516,65514,65487,0,1822
65516,65514,65487,0,1850
65516,65514,65487,0,1876
65516,65513,65487,0,1903
65516,65513,65487,0,1931
65516,65513,65487,0,1957
65516,65513,65487,0,1985
65516,65513,65487,0,2012
65516,65513,65487,0,2038
65516,65513,65487,0,2066
65516,65513,65487,0,2093
65516,65513,65487,0,2120
65516,65513,65487,0,2147
65516,65514,65487,0,2174
65516,65514,65487,0,2201
65516,65514,65487,0,2228
65516,65513,65487,0,2255
65516,65513,65487,0,2282
65516,65513,65487,0,2310
65516,65513,65487,0,2336
65516,65513,65487,0,2363
65517,65513,65487,0,2391
65517,65513,65487,0,2417
65516,65513,65487,0,2445
65516,65513,65487,0,2471
65516,65513,65487,0,2498
65516,65513,65487,0,2526
65516,65513,65487,0,2552
65516,65513,65487,0,2580
65516,65513,65487,0,2607
65516,65513,65487,0,2633
65516,65513,65487,0,2661
65516,65513,65487,0,2688
65516,65513,65487,0,2715
65516,65513,65487,0,2742
65516,65513,65487,0,2768
65516,65513,65487,0,2796
65516,65513,65487,0,2823
65516,65513,65487,0,2850
65516,65513,65487,0,2877
65516,65513,65487,0,2904
65516,65513,65487,0,2931
65516,65513,65487,0,2958
65516,65513,65487,0,2985
65516,65513,65487,0,3012
65516,65513,65487,0,3040
65516,65513,65487,0,3066
65516,65513,65487,0,3093
65516,65513,65487,0,3121
65516,65513,65487,0,3147
65516,65513,65487,0,3175
65516,65513,65487,0,3202
65516,65513,65487,0,3228
65516,65513,65487,0,3256
65516,65513,65487,0,3282
65516,65513,65487,0,3310
65516,65513,65487,0,3337
65516,65513,65487,0,3363
65517,65513,65487,0,3391
65517,65513,65487,0,3418
65517,65513,65487,0,3445
65516,65513,65487,0,3472
65516,65513,65487,0,3499
65516,65514,65486,0,3526
65516,65514,65486,0,3553
65516,65514,65486,0,3580
65516,65514,65486,0,3607
65516,65514,65486,0,3634
65516,65514,65486,0,3661
65516,65514,65486,0,3688
65516,65514,65486,0,3716
65517,65514,65485,0,3742
65517,65514,65485,0,3769
65517,65514,65485,0,3796
65517,65515,65485,0,3823
65517,65515,65485,0,3851
65517,65515,65484,0,3877
65517,65515,65484,0,3905
65517,65515,65484,0,3932
65518,65516,65483,0,3958
65518,65516,65483,0,3986
65518,65516,65482,0,4013
65518,65516,65482,0,4040
65518,65516,65482,0,4067
65518,65517,65480,0,4093
65518,65517,65480,0,4121
65519,65517,65478,0,4148
65519,65517,65478,0,4175
65519,65517,65478,0,4202
65520,65516,65476,0,4229
65520,65516,65476,0,4256
65521,65515,65473,0,4283
65521,65515,65473,0,4311
65521,65515,65473,0,4337
65522,65513,65471,0,4364
65522,65513,65471,0,4391
65522,65510,65468,0,4418
65522,65510,65468,0,4446
65522,65510,65468,0,4472
65523,65505,65467,0,4499
65523,65505,65467,0,4527
65523,65500,65468,0,4553
65523,65500,65468,0,4581
65523,65500,65468,0,4608
65523,65497,65471,0,4634
65523,65497,65471,0,4662
65523,65495,65475,0,4688
65523,65495,65475,0,4716
65523,65495,65475,0,4743
65521,65496,65480,0,4770
65521,65496,65480,0,4797
65520,65499,65484,0,4824
65520,65499,65484,0,4851
65520,65499,65484,0,4878
65519,65505,65484,0,4905
65519,65505,65484,0,4932
65519,65507,65476,0,4959
65519,65507,65476,0,4986
65519,65507,65476,0,5013
65516,65494,65474,0,5041
65516,65494,65474,0,5067
65510,65491,65486,0,5094
65510,65491,65486,0,5122
65510,65491,65486,0,5148
65509,65495,65497,0,5176
65509,65495,65497,0,5202
65515,65503,65499,0,5229
65515,65503,65499,0,5257
65515,65503,65499,0,5283
65521,65505,65498,0,5311
65521,65505,65498,0,5338
65527,65508,65496,0,5364
65527,65508,65496,0,5392
65527,65508,65496,0,5419
65529,65508,65491,0,5446
65529,65508,65491,0,5473
65529,65508,65491,0,5499
65531,65507,65490,0,5527
65531,65507,65490,0,5554
65532,65506,65494,0,5581
65532,65506,65494,0,5608
65532,65506,65494,0,5636
65533,65511,65495,0,5662
65533,65511,65495,0,5689
65532,65514,65492,0,5716
65532,65514,65492,0,5743
65532,65514,65492,0,5771
65523,65514,65492,0,5797
65523,65514,65492,0,5824
65519,65517,65494,0,5852
65519,65517,65494,0,5878
65519,65517,65494,0,5906
65524,65531,65479,0,5933
65524,65531,65479,0,5959
65533,65497,65445,0,5987
65533,65497,65445,0,6013
65533,65497,65445,0,6041
65516,65486,65469,0,6068
65516,65486,65469,0,6094
65513,65488,65480,0,6122
65513,65488,65480,0,6149
65513,65488,65480,0,6176
65514,65494,65489,0,6203
65514,65494,65489,0,6230
65514,65499,65490,0,6257
65514,65499,65490,0,6284
65514,65499,65490,0,6311
65514,65502,65490,0,6338
65514,65502,65490,0,6365
65514,65504,65490,0,6392
65514,65504,65490,0,6419
65514,65504,65490,0,6447
65514,65504,65489,0,6473
65514,65504,65489,0,6501
65514,65505,65489,0,6528
65514,65505,65489,0,6554
65514,65505,65489,0,6582
65513,65506,65489,0,6608
65513,65506,65489,0,6636
65514,65506,65489,0,6663
65514,65506,65489,0,6689
65514,65506,65489,0,6717
65514,65506,65489,0,6744
65514,65506,65489,0,6771
65514,65506,65489,0,6798
65514,65506,65489,0,6824
65514,65506,65489,0,6852
65514,65506,65489,0,6879
65514,65506,65489,0,6906
65514,65506,65489,0,6933
65514,65506,65489,0,6960
65514,65506,65489,0,6987
65514,65506,65489,0,7014
65514,65506,65489,0,7042
65514,65506,65489,0,7068
65514,65506,65489,0,7095
65514,65506,65489,0,7122
65514,65506,65489,0,7149
65514,65506,65489,0,7177
65514,65506,65489,0,7203
65514,65506,65489,0,7230
65514,65506,65489,0,7258
65514,65506,65489,0,7284
65514,65506,65489,0,7312
65514,65506,65489,0,7339
65513,65506,65489,0,7366
65513,65506,65489,0,7393
65514,65507,65489,0,7419
65514,65507,65489,0,7447
65514,65507,65489,0,7474
65514,65506,65489,0,7501
65514,65506,65489,0,7528
65514,65506,65489,0,7555
65514,65506,65489,0,7582
65514,65506,65489,0,7609
65514,65507,65488,0,7636
65514,65507,65488,0,7663
65514,65506,65488,0,7690
65514,65506,65488,0,7717
65514,65506,65488,0,7744
65514,65507,65488,0,7772
65514,65507,65488,0,7798
65514,65507,65488,0,7825
65514,65507,65488,0,7853
65514,65507,65488,0,7879
65513,65507,65488,0,7907
65513,65507,65488,0,7933
65514,65507,65489,0,7960
65514,65507,65489,0,7988
65514,65507,65489,0,8014
65514,65507,65489,0,8042
65514,65507,65489,0,8069
65514,65507,65488,0,8095
65514,65507,65488,0,8123
65514,65507,65488,0,8150
65514,65506,65488,0,8177
65514,65506,65488,0,8204
65514,65507,65489,0,8231
65514,65507,65489,0,8258
65514,65507,65489,0,8285
65514,65507,65488,0,8312
65514,65507,65488,0,8339
65514,65507,65488,0,8367
65514,65507,65488,0,8393
65514,65507,65488,0,8420
65514,65507,65489,0,8448
65514,65507,65489,0,8474
65514,65507,65488,0,8502
65514,65507,65488,0,8528
65514,65507,65488,0,8555
65514,65507,65488,0,8583
65514,65507,65488,0,8609
65514,65507,65489,0,8637
65514,65507,65489,0,8664
65514,65507,65489,0,8690
65514,65507,65488,0,8718
65514,65507,65488,0,8744
65514,65507,65489,0,8772
65514,65507,65489,0,8799
65514,65507,65489,0,8825
65514,65507,65489,0,8853
65514,65507,65489,0,8880
65514,65507,65488,0,8907
65514,65507,65488,0,8934
65514,65507,65488,0,8961
65513,65507,65489,0,8988
65513,65507,65489,0,9015
65513,65507,65489,0,9042
65514,65507,65488,0,9069
65514,65507,65488,0,9097
65514,65506,65488,0,9123
65514,65506,65488,0,9150
65514,65506,65488,0,9178
65514,65507,65489,0,9204
65514,65507,65489,0,9232
65514,65506,65489,0,9259
65514,65506,65489,0,9285
65514,65506,65489,0,9313
65514,65507,65488,0,9339
65514,65507,65488,0,9367
65514,65507,65489,0,9394
65514,65507,65489,0,9420
65514,65507,65489,0,9448
65514,65507,65488,0,9475
65514,65507,65488,0,9502
65514,65507,65488,0,9529
65514,65507,65488,0,9555
65514,65507,65488,0,9583
65514,65507,65488,0,9610
65514,65507,65488,0,9637
65514,65507,65488,0,9664
65514,65507,65488,0,9691
65514,65507,65488,0,9718
65514,65507,65488,0,9745
65514,65507,65488,0,9773
65514,65507,65489,0,9799
65514,65507,65489,0,9826
65514,65507,65489,0,9853
65514,65507,65489,0,9880
65514,65507,65489,0,9908
65514,65507,65488,0,9934
65514,65507,65488,0,9962
65514,65507,65488,0,9989
65514,65507,65489,0,10015
65514,65507,65489,0,10044
65514,65507,65489,0,10072
65514,65507,65489,0,10100
65514,65507,65489,0,10128
65514,65507,65489,0,10156
65514,65507,65489,0,10184
65514,65507,65489,0,10212
65514,65507,65489,0,10241
65514,65507,65489,0,10268
65514,65507,65489,0,10297
65514,65507,65489,0,10324
65514,65507,65488,0,10352
65514,65507,65488,0,10381
65514,65507,65489,0,10408
65514,65507,65489,0,10437
65514,65507,65489,0,10465
65514,65507,65489,0,10492
65514,65507,65489,0,10521
65514,65506,65489,0,10549
65514,65506,65489,0,10577
65514,65506,65489,0,10605
65514,65507,65489,0,10634
65514,65507,65489,0,10661
65514,65507,65489,0,10689
65514,65507,65489,0,10718
65514,65507,65489,0,10745
65514,65507,65488,0,10774
65514,65507,65488,0,10802
65514,65507,65489,0,10830
65514,65507,65489,0,10858
65514,65507,65488,0,10886
65514,65507,65488,0,10914
65514,65507,65488,0,10942
65514,65507,65489,0,10971
65514,65507,65489,0,10998
65514,65507,65488,0,11027
65514,65507,65488,0,11055
65514,65507,65488,0,11082
65514,65507,65488,0,11111
65514,65507,65488,0,11139
65514,65507,65488,0,11167
65514,65507,65488,0,11195
65514,65507,65488,0,11223
65514,65507,65488,0,11251
65514,65507,65488,0,11279
65513,65507,65489,0,11308
65513,65507,65489,0,11335
65514,65506,65488,0,11364
65514,65506,65488,0,11392
65514,65506,65488,0,11419
65514,65507,65488,0,11448
65514,65507,65488,0,11475
65513,65506,65489,0,11504
65513,65506,65489,0,11532
65513,65506,65489,0,11560
65514,65507,65488,0,11588
65514,65507,65488,0,11616
65513,65507,65489,0,11644
65513,65507,65489,0,11672
65514,65506,65489,0,11701
65514,65506,65489,0,11728
65514,65506,65489,0,11756
65514,65507,65488,0,11785
65514,65507,65488,0,11812
65514,65507,65488,0,11841
65514,65507,65488,0,11869
65514,65507,65488,0,11897
65514,65507,65488,0,11925
65514,65507,65488,0,11953
65514,65507,65489,0,11981
65514,65507,65489,0,12009
65514,65507,65489,0,12038
65514,65507,65489,0,12065
65514,65507,65489,0,12094
65514,65507,65489,0,12122
65514,65507,65489,0,12149
65514,65507,65489,0,12178
65514,65507,65489,0,12206
65514,65507,65489,0,12234
65514,65507,65488,0,12262
65514,65507,65488,0,12290
65514,65507,65489,0,12318
65514,65507,65489,0,12346
65514,65507,65489,0,12375
65514,65507,65489,0,12402
65514,65507,65489,0,12431
65514,65507,65488,0,12459
65514,65507,65488,0,12486
65514,65507,65488,0,12515
65514,65507,65489,0,12542
65514,65507,65489,0,12571
65514,65507,65489,0,12599
65514,65507,65489,0,12627
65514,65507,65488,0,12655
65514,65507,65488,0,12683
65514,65507,65488,0,12711
65514,65507,65489,0,12739
65514,65507,65489,0,12768
65514,65507,65488,0,12795
65514,65507,65488,0,12824
65514,65507,65488,0,12852
65514,65507,65489,0,12879
65514,65507,65489,0,12908
65514,65507,65488,0,12936
65514,65507,65488,0,12964
65514,65507,65488,0,12992
65514,65507,65489,0,13020
65514,65507,65489,0,13048
65514,65507,65489,0,13076
65514,65507,65489,0,13105
65514,65507,65489,0,13132
65514,65507,65489,0,13161
65514,65507,65489,0,13189
65514,65507,65488,0,13216
65514,65507,65488,0,13245
65514,65507,65488,0,13273
65514,65507,65488,0,13301
65514,65507,65488,0,13329
65514,65507,65488,0,13358
65514,65507,65488,0,13385
65514,65507,65489,0,13413
65514,65507,65489,0,13442
65514,65507,65489,0,13469
65514,65507,65489,0,13498
65514,65507,65489,0,13526
65514,65507,65488,0,13553
65514,65507,65488,0,13582
65514,65507,65488,0,13609
65514,65507,65488,0,13638
65514,65507,65488,0,13666
65514,65507,65489,0,13694
65514,65507,65489,0,13722
65514,65507,65489,0,13750
65514,65507,65489,0,13778
65514,65507,65489,0,13806
65514,65507,65488,0,13835
65514,65507,65488,0,13862
65514,65507,65489,0,13891
65514,65507,65489,0,13919
65514,65507,65489,0,13946
65514,65507,65489,0,13975
65514,65507,65489,0,14003
65514,65507,65489,0,14031
65514,65507,65489,0,14059
65514,65507,65489,0,14087
65514,65507,65489,0,14115
65514,65507,65489,0,14143
65514,65507,65489,0,14172
65514,65507,65489,0,14199
65514,65506,65489,0,14228
65514,65506,65489,0,14256
65514,65506,65489,0,14283
65514,65507,65488,0,14312
65514,65507,65488,0,14340
65514,65507,65489,0,14368
65514,65507,65489,0,14396
65514,65507,65489,0,14425
65513,65507,65488,0,14452
65513,65507,65488,0,14480
65514,65507,65489,0,14509
65514,65507,65489,0,14536
65514,65507,65488,0,14565
65514,65507,65488,0,14593
65514,65507,65488,0,14621
65514,65507,65488,0,14649
65514,65507,65488,0,14676
65514,65507,65489,0,14705
65514,65507,65489,0,14733
65514,65507,65489,0,14761
65514,65507,65489,0,14789
65514,65507,65489,0,14817
65514,65507,65488,0,14845
65514,65507,65488,0,14873
65514,65507,65488,0,14902
65514,65507,65488,0,14929
65514,65507,65488,0,14958
65514,65507,65488,0,14986
65514,65507,65488,0,15013
65514,65507,65488,0,15042
65514,65507,65488,0,15070
65514,65507,65488,0,15098
65514,65507,65489,0,15126
65514,65507,65489,0,15155
65514,65507,65489,0,15182
65514,65507,65489,0,15210
65514,65507,65489,0,15239
65514,65507,65489,0,15266
65514,65507,65489,0,15295
65514,65507,65489,0,15323
65514,65507,65489,0,15350
65514,65507,65488,0,15379
65514,65507,65488,0,15407
65514,65507,65488,0,15435
65514,65507,65489,0,15463
65514,65507,65489,0,15492
65514,65507,65489,0,15519
65514,65507,65489,0,15547
65514,65507,65489,0,15576
65514,65507,65489,0,15603
65514,65507,65489,0,15632
65514,65507,65489,0,15660
65514,65507,65489,0,15688
65514,65507,65489,0,15716
65514,65507,65488,0,15744
65514,65507,65488,0,15772
65514,65507,65489,0,15800
65514,65507,65489,0,15828
65514,65507,65488,0,15856
65514,65507,65488,0,15884
65514,65507,65488,0,15912
65514,65507,65489,0,15940
65514,65507,65489,0,15969
65514,65507,65489,0,15996
65514,65507,65489,0,16025
65514,65507,65489,0,16053
65514,65507,65488,0,16080
65514,65507,65488,0,16109
65514,65507,65489,0,16137
65514,65507,65489,0,16165
65514,65507,65489,0,16193
65514,65507,65489,0,16222
65514,65507,65489,0,16249
65514,65507,65489,0,16277
65514,65507,65489,0,16306
65514,65507,65489,0,16333
65514,65507,65489,0,16362
65514,65507,65489,0,16390
65514,65507,65489,0,16418
65514,65507,65489,0,16446
65514,65507,65489,0,16474
65514,65507,65489,0,16502
65514,65507,65489,0,16530
65514,65507,65489,0,16559
65514,65507,65489,0,16586
65514,65507,65488,0,16614
65514,65507,65488,0,16643
65514,65507,65488,0,16670
65514,65507,65489,0,16699
65514,65507,65489,0,16727
65514,65507,65489,0,16755
65514,65507,65489,0,16783
65514,65507,65489,0,16811
65514,65507,65489,0,16839
65514,65507,65489,0,16867
65514,65507,65489,0,16896
65514,65507,65489,0,16923
65514,65507,65489,0,16952
65514,65507,65489,0,16979
65514,65507,65489,0,17007
65514,65507,65489,0,17036
65514,65507,65489,0,17063
65513,65506,65488,0,17092
65513,65506,65488,0,17120
65513,65506,65488,0,17147
65514,65507,65489,0,17176
65514,65507,65489,0,17204
65514,65507,65488,0,17232
65514,65507,65488,0,17260
65514,65507,65488,0,17289
65514,65507,65488,0,17316
65514,65507,65488,0,17344
65514,65507,65489,0,17373
65514,65507,65489,0,17400
65514,65507,65489,0,17429
65514,65507,65489,0,17457