27,65523,65493,0,63998
27,65523,65493,0,64023
27,65523,65493,0,64048
27,65523,65493,0,64073
27,65523,65493,0,64098
27,65523,65493,0,64122
27,65523,65493,0,64148
27,65523,65493,0,64173
27,65523,65493,0,64197
27,65523,65493,0,64223
27,65523,65493,0,64247
27,65523,65493,0,64273
27,65523,65493,0,64297
27,65523,65493,0,64322
27,65523,65493,0,64348
27,65523,65493,0,64372
27,65523,65493,0,64397
27,65523,65493,0,64422
28,65523,65493,0,64447
28,65523,65493,0,64473
27,65523,65493,0,64497
27,65523,65493,0,64522
27,65523,65493,0,64547
27,65523,65493,0,64572
27,65523,65493,0,64596
27,65523,65493,0,64622
27,65523,65493,0,64647
27,65523,65493,0,64672
27,65523,65493,0,64697
27,65523,65493,0,64721
27,65523,65493,0,64747
27,65523,65493,0,64772
27,65523,65493,0,64796
27,65523,65493,0,64822
27,65523,65493,0,64846
27,65523,65493,0,64872
27,65523,65493,0,64897
28,65523,65493,0,64921
28,65523,65493,0,64947
28,65523,65493,0,64971
28,65523,65493,0,64996
28,65523,65493,0,65021
27,65523,65493,0,65046
27,65523,65493,0,65072
27,65523,65493,0,65096
27,65523,65493,0,65121
27,65523,65493,0,65146
27,65523,65493,0,65171
27,65523,65493,0,65196
27,65523,65493,0,65221
27,65523,65493,0,65246
27,65523,65493,0,65271
27,65523,65493,0,65296
27,65523,65493,0,65320
27,65523,65493,0,65346
27,65523,65493,0,65371
27,65523,65493,0,65395
27,65523,65493,0,65421
27,65523,65493,0,65445
27,65523,65493,0,65471
27,65523,65493,0,65496
27,65523,65493,0,65520
27,65523,65493,0,10
27,65523,65493,0,31
27,65523,65493,0,53
27,65523,65493,0,75
27,65523,65493,0,97
27,65523,65493,0,118
27,65523,65493,0,142
27,65523,65493,0,164
27,65523,65493,0,187
27,65523,65493,0,210
27,65523,65493,0,233
27,65523,65493,0,256
27,65523,65493,0,279
27,65523,65493,0,302
27,65523,65493,0,324
27,65523,65493,0,348
27,65523,65493,0,370
27,65523,65493,0,394
27,65523,65493,0,416
27,65523,65493,0,439
28,65523,65493,0,462
28,65523,65493,0,485
28,65523,65493,0,507
27,65523,65493,0,531
27,65523,65493,0,553
27,65523,65493,0,576
28,65523,65493,0,600
28,65523,65493,0,622
28,65523,65493,0,645
27,65523,65493,0,668
27,65523,65493,0,691
27,65523,65493,0,713
27,65523,65493,0,737
27,65523,65493,0,759
27,65523,65493,0,782
27,65523,65493,0,805
27,65523,65493,0,828
27,65523,65493,0,850
27,65523,65493,0,874
27,65523,65493,0,897
27,65523,65493,0,919
27,65523,65493,0,943
27,65523,65493,0,965
27,65523,65493,0,988
27,65523,65493,0,1011
27,65523,65493,0,1035
27,65523,65493,0,1059
27,65523,65493,0,1083
27,65523,65493,0,1106
27,65523,65493,0,1131
27,65523,65493,0,1155
27,65523,65493,0,1178
27,65523,65493,0,1203
27,65523,65493,0,1226
27,65523,65493,0,1250
27,65522,65493,0,1274
27,65522,65493,0,1298
27,65522,65493,0,1321
27,65523,65493,0,1346
27,65523,65493,0,1370
27,65523,65493,0,1394
27,65523,65493,0,1418
27,65523,65493,0,1441
27,65523,65493,0,1466
27,65523,65493,0,1489
27,65523,65493,0,1513
27,65523,65493,0,1538
27,65523,65493,0,1561
27,65523,65493,0,1585
27,65523,65493,0,1609
27,65522,65493,0,1633
27,65522,65493,0,1656
27,65522,65493,0,1681
27,65522,65493,0,1704
27,65522,65493,0,1729
27,65523,65493,0,1753
27,65523,65493,0,1776
27,65523,65493,0,1801
27,65522,65493,0,1824
27,65522,65493,0,1848
27,65522,65493,0,1872
27,65522,65493,0,1896
27,65522,65493,0,1920
27,65522,65493,0,1944
27,65522,65493,0,1968
27,65522,65493,0,1992
27,65522,65493,0,2016
27,65522,65493,0,2039
27,65522,65493,0,2064
27,65522,65493,0,2087
27,65522,65494,0,2111
27,65522,65494,0,2136
27,65522,65493,0,2159
27,65522,65493,0,2183
27,65522,65493,0,2207
27,65521,65493,0,2231
27,65521,65493,0,2254
27,65521,65493,0,2279
27,65521,65493,0,2302
27,65521,65493,0,2327
27,65521,65493,0,2351
26,65521,65493,0,2374
26,65521,65493,0,2399
26,65521,65493,0,2422
26,65521,65494,0,2446
26,65521,65494,0,2470
26,65521,65494,0,2494
26,65520,65493,0,2518
26,65520,65493,0,2542
26,65520,65493,0,2566
26,65520,65493,0,2590
26,65520,65493,0,2614
26,65520,65493,0,2637
26,65520,65493,0,2662
26,65520,65493,0,2685
26,65519,65493,0,2709
26,65519,65493,0,2734
26,65519,65493,0,2757
25,65518,65493,0,2781
25,65518,65493,0,2805
25,65518,65493,0,2829
25,65518,65493,0,2852
25,65518,65493,0,2877
25,65518,65493,0,2900
25,65517,65493,0,2925
25,65517,65493,0,2949
25,65517,65493,0,2972
25,65516,65492,0,2997
25,65516,65492,0,3020
24,65514,65491,0,3044
24,65514,65491,0,3068
24,65514,65491,0,3092
24,65514,65490,0,3116
24,65514,65490,0,3140
24,65514,65490,0,3164
24,65513,65489,0,3188
24,65513,65489,0,3212
24,65513,65489,0,3235
24,65511,65487,0,3260
24,65511,65487,0,3283
24,65511,65487,0,3307
23,65511,65485,0,3332
23,65511,65485,0,3355
23,65511,65485,0,3379
23,65510,65483,0,3403
23,65510,65483,0,3427
23,65511,65480,0,3450
23,65511,65480,0,3475
23,65511,65480,0,3499
23,65512,65477,0,3523
23,65512,65477,0,3547
23,65512,65477,0,3570
23,65513,65474,0,3595
23,65513,65474,0,3618
23,65513,65474,0,3642
23,65517,65471,0,3666
23,65517,65471,0,3690
23,65517,65471,0,3714
23,65522,65471,0,3738
23,65522,65471,0,3762
23,65522,65471,0,3785
22,65525,65472,0,3810
22,65525,65472,0,3833
22,65525,65472,0,3858
20,65528,65476,0,3881
20,65528,65476,0,3905
20,65529,65479,0,3930
20,65529,65479,0,3953
20,65529,65479,0,3977
20,65528,65481,0,4001
20,65528,65481,0,4025
20,65528,65481,0,4048
22,65528,65483,0,4073
22,65528,65483,0,4097
22,65528,65483,0,4121
23,65527,65486,0,4145
23,65527,65486,0,4168
23,65527,65486,0,4193
23,65524,65488,0,4216
23,65524,65488,0,4240
23,65524,65488,0,4264
24,65519,65486,0,4288
24,65519,65486,0,4312
26,65516,65479,0,4336
26,65516,65479,0,4360
26,65516,65479,0,4383
29,65523,65473,0,4408
29,65523,65473,0,4431
29,65523,65473,0,4456
32,65529,65475,0,4480
32,65529,65475,0,4503
32,65529,65475,0,4528
35,65532,65480,0,4551
35,65532,65480,0,4575
35,65532,65480,0,4599
37,65534,65483,0,4623
37,65534,65483,0,4646
37,65534,65483,0,4671
37,0,65489,0,4695
37,0,65489,0,4714
37,0,65489,0,4734
33,65535,65494,0,4754
33,65535,65494,0,4777
33,65535,65494,0,4802
28,65534,65496,0,4826
28,65534,65496,0,4849
28,65534,65496,0,4874
22,65532,65497,0,4897
22,65532,65497,0,4922
22,65532,65497,0,4945
17,65531,65498,0,4969
17,65531,65498,0,4994
12,65527,65498,0,5017
12,65527,65498,0,5041
12,65527,65498,0,5065
9,65525,65493,0,5089
9,65525,65493,0,5111
9,65525,65493,0,5135
8,65525,65490,0,5157
8,65525,65490,0,5180
8,65525,65490,0,5203
7,65527,65490,0,5226
7,65527,65490,0,5249
7,65527,65490,0,5272
5,65529,65494,0,5295
5,65529,65494,0,5317
5,65529,65494,0,5341
4,65526,65500,0,5363
4,65526,65500,0,5387
4,65526,65500,0,5409
5,65522,65502,0,5432
5,65522,65502,0,5455
5,65522,65502,0,5478
9,65518,65502,0,5500
9,65518,65502,0,5524
9,65518,65502,0,5547
14,65515,65501,0,5569
14,65515,65501,0,5594
14,65515,65501,0,5617
22,65513,65499,0,5641
22,65513,65499,0,5665
22,65513,65499,0,5689
30,65513,65495,0,5712
30,65513,65495,0,5737
30,65513,65495,0,5761
32,65514,65491,0,5785
32,65514,65491,0,5809
32,65514,65486,0,5832
25,65514,65486,0,5857
25,65514,65486,0,5880
14,65509,65482,0,5904
14,65509,65482,0,5928
14,65509,65482,0,5952
7,65512,65473,0,5976
7,65512,65473,0,5999
7,65512,65473,0,6022
9,65517,65471,0,6044
9,65517,65471,0,6068
9,65517,65471,0,6090
21,65522,65469,0,6113
21,65522,65469,0,6137
21,65522,65469,0,6161
32,65529,65468,0,6185
32,65529,65468,0,6209
32,65529,65468,0,6233
33,0,65474,0,6257
33,0,65474,0,6277
33,0,65474,0,6296
31,1,65483,0,6316
31,1,65483,0,6336
31,1,65483,0,6355
31,1,65483,0,6375
29,65535,65488,0,6395
29,65535,65488,0,6419
29,65535,65488,0,6443
28,65533,65490,0,6467
28,65533,65490,0,6491
28,65531,65491,0,6514
28,65531,65491,0,6539
28,65531,65491,0,6562
28,65529,65492,0,6587
28,65529,65492,0,6610
28,65529,65492,0,6634
28,65528,65491,0,6659
28,65528,65491,0,6682
28,65528,65491,0,6706
28,65527,65492,0,6730
28,65527,65492,0,6754
28,65527,65492,0,6777
28,65527,65492,0,6802
28,65527,65492,0,6825
28,65527,65492,0,6850
28,65526,65492,0,6874
28,65526,65492,0,6897
28,65526,65492,0,6922
28,65526,65492,0,6945
28,65526,65492,0,6969
28,65526,65492,0,6993
28,65526,65492,0,7017
28,65526,65492,0,7041
28,65525,65492,0,7065
28,65525,65492,0,7089
28,65525,65492,0,7112
28,65525,65492,0,7137
28,65525,65492,0,7160
28,65525,65492,0,7185
28,65525,65492,0,7208
28,65525,65492,0,7232
28,65525,65492,0,7257
28,65525,65492,0,7280
28,65525,65492,0,7304
28,65525,65492,0,7328
28,65525,65492,0,7352
28,65525,65492,0,7375
28,65525,65492,0,7400
28,65525,65492,0,7424
28,65525,65492,0,7447
28,65524,65492,0,7472
28,65524,65492,0,7495
28,65524,65492,0,7520
28,65525,65492,0,7543
28,65525,65492,0,7567
28,65525,65492,0,7591
28,65524,65492,0,7615
28,65524,65492,0,7639
28,65524,65492,0,7663
28,65524,65492,0,7687
28,65524,65492,0,7710
28,65524,65492,0,7735
28,65524,65492,0,7758
28,65524,65492,0,7783
28,65524,65492,0,7806
28,65524,65492,0,7830
28,65524,65492,0,7855
28,65524,65492,0,7878
28,65524,65492,0,7902
28,65524,65492,0,7926
28,65524,65492,0,7950
28,65524,65492,0,7973
28,65524,65492,0,7998
28,65524,65492,0,8022
28,65524,65492,0,8045
28,65524,65492,0,8070
28,65524,65492,0,8093
28,65524,65492,0,8118
28,65524,65492,0,8141
28,65524,65492,0,8165
28,65524,65492,0,8189
28,65524,65492,0,8213
28,65524,65492,0,8237
28,65524,65492,0,8261
29,65524,65492,0,8285
29,65524,65492,0,8308
29,65524,65492,0,8333
28,65524,65492,0,8356
28,65524,65492,0,8381
28,65524,65492,0,8404
28,65524,65492,0,8428
28,65524,65492,0,8453
28,65524,65492,0,8476
28,65524,65492,0,8500
28,65524,65492,0,8524
28,65524,65492,0,8548
28,65524,65492,0,8571
28,65524,65492,0,8596
28,65524,65492,0,8620
28,65524,65492,0,8643
28,65524,65492,0,8668
28,65524,65492,0,8691
28,65524,65492,0,8716
28,65524,65492,0,8739
28,65524,65492,0,8763
28,65524,65492,0,8787
28,65524,65492,0,8811
28,65524,65492,0,8835
28,65524,65492,0,8859
28,65524,65492,0,8883
28,65524,65492,0,8906
28,65524,65492,0,8931
28,65524,65492,0,8954
28,65524,65492,0,8978
28,65524,65492,0,9003
28,65524,65492,0,9026
28,65524,65492,0,9051
28,65524,65492,0,9074
28,65524,65492,0,9098
28,65524,65492,0,9122
28,65524,65492,0,9146
28,65524,65492,0,9169
28,65524,65492,0,9194
28,65524,65492,0,9218
28,65524,65493,0,9241
28,65524,65493,0,9266
28,65524,65493,0,9289
28,65524,65492,0,9314
28,65524,65492,0,9337
28,65524,65492,0,9361
28,65524,65492,0,9385
28,65524,65492,0,9409
28,65524,65492,0,9433
28,65524,65492,0,9457
28,65524,65492,0,9481
28,65524,65492,0,9504
28,65524,65492,0,9529
28,65524,65492,0,9552
28,65524,65492,0,9576
28,65524,65492,0,9601
28,65524,65492,0,9624
28,65524,65492,0,9649
28,65524,65492,0,9672
28,65524,65492,0,9696
29,65524,65492,0,9720
29,65524,65492,0,9744
29,65524,65492,0,9767
28,65524,65492,0,9792
28,65524,65492,0,9816
28,65524,65492,0,9839
28,65524,65492,0,9864
28,65524,65492,0,9887
28,65524,65492,0,9912
28,65524,65492,0,9935
28,65524,65492,0,9959
28,65524,65492,0,9984
28,65524,65492,0,10007
28,65524,65492,0,10032
28,65524,65493,0,10057
28,65524,65493,0,10082
28,65524,65493,0,10106
28,65524,65492,0,10132
28,65524,65492,0,10157
28,65524,65492,0,10182
28,65524,65492,0,10207
28,65524,65492,0,10231
28,65524,65492,0,10257
28,65524,65492,0,10281
28,65524,65492,0,10306
28,65524,65492,0,10332
28,65524,65492,0,10356
28,65524,65492,0,10382
28,65524,65492,0,10406
28,65524,65492,0,10431
28,65524,65492,0,10457
28,65524,65492,0,10481
28,65524,65492,0,10506
28,65524,65492,0,10531
28,65524,65492,0,10556
28,65524,65492,0,10582
28,65524,65492,0,10606
28,65524,65492,0,10631
28,65524,65492,0,10656
28,65524,65492,0,10681
28,65524,65492,0,10705
28,65524,65492,0,10731
28,65524,65492,0,10756
28,65524,65492,0,10781
28,65524,65492,0,10806
28,65524,65492,0,10830
28,65524,65492,0,10856
28,65524,65492,0,10881
28,65524,65492,0,10905
28,65524,65492,0,10931
28,65524,65492,0,10955
28,65524,65492,0,10981
28,65524,65492,0,11005
28,65524,65492,0,11030
28,65524,65492,0,11056
28,65524,65492,0,11080
28,65524,65492,0,11105
28,65524,65492,0,11130
28,65524,65492,0,11155
28,65524,65492,0,11181
28,65524,65492,0,11205
29,65524,65492,0,11230
29,65524,65492,0,11255
28,65524,65492,0,11280
28,65524,65492,0,11304
28,65524,65492,0,11330
28,65524,65492,0,11355
28,65524,65492,0,11380
28,65524,65492,0,11405
28,65524,65492,0,11429
28,65524,65492,0,11455
28,65524,65492,0,11480
28,65524,65492,0,11504
28,65524,65492,0,11530
28,65524,65492,0,11554
28,65524,65492,0,11580
28,65524,65492,0,11604
28,65524,65492,0,11629
28,65524,65492,0,11655
28,65524,65492,0,11679
28,65524,65492,0,11704
28,65524,65492,0,11729
28,65524,65492,0,11754
28,65524,65492,0,11780
28,65524,65492,0,11804
28,65524,65492,0,11829
28,65524,65492,0,11854
28,65524,65492,0,11879
28,65524,65492,0,11904
28,65524,65492,0,11929
28,65524,65492,0,11954