14,65489,65493,0,25153
15,65489,65493,0,25179
15,65489,65493,0,25203
15,65489,65493,0,25228
14,65489,65493,0,25253
14,65489,65493,0,25278
14,65489,65493,0,25304
15,65489,65494,0,25328
15,65489,65494,0,25353
15,65489,65494,0,25378
14,65489,65493,0,25403
14,65489,65493,0,25427
15,65489,65493,0,25453
15,65489,65493,0,25478
15,65489,65493,0,25503
15,65489,65493,0,25528
15,65489,65493,0,25552
15,65489,65493,0,25578
15,65489,65493,0,25603
15,65489,65493,0,25627
15,65489,65493,0,25653
15,65489,65493,0,25677
15,65489,65493,0,25703
14,65489,65494,0,25728
14,65489,65494,0,25752
14,65489,65494,0,25778
14,65489,65493,0,25802
14,65489,65493,0,25827
14,65489,65493,0,25852
15,65489,65493,0,25877
15,65489,65493,0,25903
15,65489,65494,0,25927
15,65489,65494,0,25952
15,65489,65494,0,25977
15,65489,65494,0,26002
15,65489,65494,0,26027
15,65489,65494,0,26052
15,65489,65493,0,26077
15,65489,65493,0,26102
15,65489,65493,0,26127
15,65489,65493,0,26151
15,65489,65493,0,26177
15,65489,65493,0,26202
15,65489,65493,0,26226
15,65489,65493,0,26252
15,65489,65493,0,26276
15,65489,65493,0,26302
15,65489,65493,0,26327
15,65489,65493,0,26351
15,65489,65493,0,26377
15,65489,65493,0,26401
15,65489,65493,0,26426
15,65489,65493,0,26451
14,65489,65493,0,26476
14,65489,65493,0,26502
14,65489,65493,0,26526
15,65489,65494,0,26551
15,65489,65494,0,26576
15,65489,65494,0,26601
14,65489,65493,0,26626
14,65489,65493,0,26651
14,65489,65493,0,26676
14,65489,65493,0,26701
14,65489,65493,0,26726
15,65489,65494,0,26750
15,65489,65494,0,26776
15,65489,65494,0,26801
15,65489,65493,0,26825
15,65489,65493,0,26851
15,65489,65493,0,26875
14,65489,65493,0,26901
14,65489,65493,0,26926
15,65489,65493,0,26950
15,65489,65493,0,26976
15,65489,65493,0,27000
15,65489,65493,0,27025
15,65489,65493,0,27051
15,65489,65493,0,27075
15,65489,65493,0,27101
15,65489,65493,0,27125
15,65489,65493,0,27150
15,65489,65493,0,27175
15,65489,65493,0,27200
15,65489,65493,0,27225
15,65489,65493,0,27250
15,65489,65493,0,27275
15,65489,65493,0,27300
15,65489,65493,0,27325
15,65489,65493,0,27350
15,65489,65494,0,27375
15,65489,65494,0,27400
15,65489,65494,0,27424
14,65489,65493,0,27450
14,65489,65493,0,27474
15,65489,65493,0,27500
15,65489,65493,0,27525
15,65489,65493,0,27549
15,65489,65493,0,27575
15,65489,65493,0,27599
15,65489,65493,0,27624
15,65489,65493,0,27650
15,65489,65493,0,27674
14,65489,65493,0,27700
14,65489,65493,0,27724
14,65489,65493,0,27749
15,65489,65493,0,27774
15,65489,65493,0,27799
15,65489,65493,0,27824
15,65489,65493,0,27849
15,65489,65493,0,27874
15,65489,65493,0,27899
15,65489,65493,0,27924
15,65489,65493,0,27949
14,65489,65493,0,27974
14,65489,65493,0,27999
14,65489,65493,0,28023
15,65489,65493,0,28049
15,65489,65493,0,28073
15,65489,65493,0,28099
14,65489,65493,0,28124
14,65489,65493,0,28148
14,65489,65493,0,28174
14,65489,65493,0,28198
14,65489,65493,0,28223
15,65489,65494,0,28249
15,65489,65494,0,28273
15,65489,65494,0,28299
15,65489,65494,0,28323
15,65489,65494,0,28348
15,65489,65494,0,28374
15,65489,65493,0,28398
15,65489,65493,0,28423
15,65489,65493,0,28448
14,65489,65493,0,28473
14,65489,65493,0,28498
14,65489,65493,0,28523
14,65489,65493,0,28548
14,65489,65493,0,28573
15,65489,65493,0,28598
15,65489,65493,0,28622
15,65489,65493,0,28648
15,65489,65493,0,28673
15,65489,65493,0,28698
15,65489,65493,0,28723
15,65489,65493,0,28747
15,65489,65493,0,28773
15,65489,65494,0,28797
15,65489,65494,0,28822
15,65489,65494,0,28848
15,65489,65493,0,28872
15,65489,65493,0,28898
15,65489,65493,0,28922
14,65489,65494,0,28947
14,65489,65494,0,28973
15,65489,65494,0,28997
15,65489,65494,0,29022
15,65489,65494,0,29047
14,65489,65493,0,29072
14,65489,65493,0,29097
14,65489,65493,0,29122
15,65489,65493,0,29147
15,65489,65493,0,29172
15,65489,65493,0,29197
14,65489,65494,0,29221
14,65489,65494,0,29247
15,65489,65493,0,29272
15,65489,65493,0,29297
15,65489,65493,0,29322
15,65489,65493,0,29346
15,65489,65493,0,29372
15,65489,65493,0,29396
15,65489,65494,0,29421
15,65489,65494,0,29447
14,65489,65494,0,29471
14,65489,65494,0,29497
14,65489,65494,0,29521
15,65489,65493,0,29546
15,65489,65493,0,29572
15,65489,65493,0,29596
15,65489,65493,0,29621
15,65489,65493,0,29646
15,65489,65493,0,29671
14,65489,65493,0,29697
14,65489,65493,0,29721
15,65489,65493,0,29746
15,65489,65493,0,29771
15,65489,65493,0,29796
14,65489,65494,0,29820
14,65489,65494,0,29846
14,65489,65494,0,29871
15,65489,65494,0,29896
15,65489,65494,0,29921
15,65489,65494,0,29945
15,65489,65493,0,29971
15,65489,65493,0,29996
15,65489,65493,0,30020
15,65489,65493,0,30046
15,65489,65493,0,30070
14,65489,65493,0,30096
14,65489,65493,0,30120
14,65489,65493,0,30145
15,65489,65493,0,30171
15,65489,65493,0,30195
15,65489,65493,0,30220
14,65489,65493,0,30245
14,65489,65493,0,30270
15,65489,65493,0,30296
15,65489,65493,0,30320
15,65489,65493,0,30345
14,65489,65493,0,30370
14,65489,65493,0,30395
14,65489,65493,0,30419
15,65489,65493,0,30445
15,65489,65493,0,30470
15,65489,65493,0,30495
15,65489,65493,0,30520
15,65489,65493,0,30544
15,65489,65493,0,30570
15,65489,65493,0,30595
15,65489,65493,0,30619
14,65489,65493,0,30645
14,65489,65493,0,30669
14,65489,65493,0,30695
15,65489,65493,0,30720
15,65489,65493,0,30744
14,65489,65493,0,30770
14,65489,65493,0,30794
14,65489,65493,0,30819
15,65489,65494,0,30844
15,65489,65494,0,30869
15,65489,65494,0,30895
15,65489,65493,0,30919
15,65489,65493,0,30944
15,65489,65493,0,30969
15,65489,65493,0,30994
15,65489,65493,0,31019
15,65489,65493,0,31044
15,65489,65493,0,31069
15,65489,65493,0,31094
15,65489,65493,0,31119
15,65489,65493,0,31143
15,65489,65493,0,31169
15,65489,65493,0,31194
15,65489,65493,0,31218
15,65489,65493,0,31244
14,65489,65494,0,31268
14,65489,65494,0,31294
15,65489,65494,0,31319
15,65489,65494,0,31343
15,65489,65494,0,31369
15,65489,65493,0,31393
15,65489,65493,0,31418
15,65489,65493,0,31443
14,65489,65493,0,31468
14,65489,65493,0,31494
14,65489,65493,0,31518
14,65489,65493,0,31543
14,65489,65493,0,31568
15,65489,65493,0,31593
15,65489,65493,0,31618
15,65489,65493,0,31643
15,65489,65493,0,31668
15,65489,65493,0,31693
15,65489,65493,0,31718
15,65489,65493,0,31742
15,65489,65493,0,31768
15,65489,65493,0,31793
15,65489,65493,0,31817
15,65489,65493,0,31843
15,65489,65493,0,31867
15,65489,65493,0,31893
15,65489,65493,0,31918
15,65489,65493,0,31942
15,65489,65493,0,31968
15,65489,65493,0,31992
14,65489,65493,0,32017
14,65489,65493,0,32043
15,65489,65493,0,32067
15,65489,65493,0,32093
15,65489,65493,0,32117
15,65489,65493,0,32142
15,65489,65493,0,32167
15,65489,65493,0,32192
15,65489,65493,0,32217
15,65489,65493,0,32242
15,65489,65494,0,32267
15,65489,65494,0,32292
15,65489,65494,0,32317
14,65489,65493,0,32342
14,65489,65493,0,32367
14,65489,65493,0,32392
14,65489,65493,0,32416
14,65489,65493,0,32442
14,65489,65493,0,32466
15,65489,65493,0,32492
15,65489,65493,0,32517
14,65489,65494,0,32541
14,65489,65494,0,32567
14,65489,65494,0,32591
14,65489,65493,0,32616
14,65489,65493,0,32642
14,65489,65493,0,32666
15,65489,65494,0,32692
15,65489,65494,0,32716
15,65489,65494,0,32741
15,65489,65494,0,32766
15,65489,65494,0,32791
14,65489,65493,0,32816
14,65489,65493,0,32841
14,65489,65493,0,32866
15,65489,65493,0,32891
15,65489,65493,0,32916
15,65489,65493,0,32941
15,65489,65494,0,32966
15,65489,65494,0,32991
15,65489,65494,0,33015
15,65489,65493,0,33041
15,65489,65493,0,33065
15,65489,65493,0,33091
15,65489,65493,0,33116
15,65489,65493,0,33140
15,65489,65493,0,33166
15,65489,65493,0,33190
15,65489,65493,0,33215
15,65489,65494,0,33241
15,65489,65494,0,33265
15,65489,65494,0,33291
15,65489,65494,0,33315
15,65489,65494,0,33340
14,65489,65493,0,33366
14,65489,65493,0,33390
14,65489,65493,0,33415
15,65489,65493,0,33440
15,65489,65493,0,33465
15,65489,65493,0,33490
15,65489,65493,0,33515
15,65489,65493,0,33540
14,65489,65493,0,33565
14,65489,65493,0,33590
14,65489,65493,0,33614
15,65489,65493,0,33640
15,65489,65493,0,33665
15,65489,65493,0,33690
15,65489,65493,0,33715
15,65489,65493,0,33739
15,65489,65493,0,33765
15,65489,65493,0,33789
15,65489,65493,0,33814
15,65489,65493,0,33840
15,65489,65493,0,33864
15,65489,65493,0,33890
15,65489,65493,0,33914
15,65489,65493,0,33939
15,65489,65493,0,33965
14,65489,65494,0,33989
14,65489,65494,0,34014
14,65489,65494,0,34039
15,65489,65493,0,34064
15,65489,65493,0,34089
15,65489,65493,0,34114
15,65489,65493,0,34139
15,65489,65493,0,34164
15,65489,65493,0,34189
15,65489,65493,0,34213
15,65489,65493,0,34239
14,65489,65494,0,34264
14,65489,65494,0,34289
15,65489,65493,0,34314
15,65489,65493,0,34338
15,65489,65493,0,34364
15,65489,65493,0,34388
15,65489,65493,0,34413
15,65489,65493,0,34439
15,65489,65493,0,34463
15,65489,65493,0,34489
15,65489,65493,0,34513
14,65489,65493,0,34538
14,65489,65493,0,34564
15,65489,65494,0,34588
15,65489,65494,0,34613
15,65489,65494,0,34638
15,65489,65493,0,34663
15,65489,65493,0,34689
15,65489,65493,0,34713
15,65489,65493,0,34738
15,65489,65493,0,34763
15,65489,65493,0,34788
15,65489,65493,0,34812
15,65489,65493,0,34838
15,65489,65493,0,34863
15,65489,65493,0,34888
15,65489,65493,0,34913
14,65489,65493,0,34937
14,65489,65493,0,34963
14,65489,65493,0,34988
15,65489,65494,0,35012
15,65489,65494,0,35038
15,65489,65494,0,35062
15,65489,65494,0,35088
15,65489,65494,0,35112
14,65489,65494,0,35137
14,65489,65494,0,35163
14,65489,65494,0,35187
15,65489,65493,0,35212
15,65489,65493,0,35237
15,65489,65493,0,35262
14,65489,65494,0,35288
14,65489,65494,0,35312
15,65489,65493,0,35337
15,65489,65493,0,35362
15,65489,65493,0,35387
15,65489,65493,0,35411
15,65489,65493,0,35437
15,65489,65493,0,35462
14,65489,65494,0,35487
14,65489,65494,0,35512
14,65489,65494,0,35536
15,65489,65494,0,35562
15,65489,65494,0,35587
15,65489,65493,0,35611
15,65489,65493,0,35637
15,65489,65493,0,35661
15,65489,65493,0,35687
15,65489,65493,0,35712
15,65489,65493,0,35736
15,65489,65494,0,35762
15,65489,65494,0,35786
15,65489,65494,0,35811
14,65489,65494,0,35836
14,65489,65494,0,35861
14,65489,65493,0,35887
14,65489,65493,0,35911
14,65489,65493,0,35936
15,65489,65493,0,35961
15,65489,65493,0,35986
15,65489,65493,0,36011
15,65489,65493,0,36036
15,65489,65493,0,36061
15,65489,65493,0,36086
15,65489,65493,0,36111
15,65489,65493,0,36135
14,65489,65494,0,36161
14,65489,65494,0,36186
14,65489,65494,0,36210
14,65489,65494,0,36236
14,65489,65494,0,36260
14,65489,65494,0,36286
15,65489,65493,0,36311
15,65489,65493,0,36335
15,65489,65493,0,36361
15,65489,65493,0,36385
15,65489,65493,0,36410
14,65489,65494,0,36435
14,65489,65494,0,36460
14,65489,65494,0,36486
15,65489,65493,0,36510
15,65489,65493,0,36535
15,65489,65493,0,36560
14,65489,65493,0,36585
14,65489,65493,0,36610
14,65489,65493,0,36635
14,65489,65493,0,36660
14,65489,65493,0,36685
15,65489,65493,0,36710
15,65489,65493,0,36734
15,65489,65493,0,36760
15,65489,65493,0,36785
15,65489,65493,0,36809
15,65489,65493,0,36835
15,65489,65493,0,36859
15,65489,65493,0,36885
15,65489,65493,0,36910
15,65489,65493,0,36934
15,65489,65493,0,36960
15,65489,65493,0,36984
15,65489,65493,0,37009
15,65489,65493,0,37035
14,65489,65493,0,37059
14,65489,65493,0,37085
15,65489,65494,0,37109
15,65489,65494,0,37134
15,65489,65494,0,37159
15,65489,65494,0,37184
15,65489,65494,0,37209
15,65489,65494,0,37234
15,65489,65494,0,37259
15,65489,65494,0,37284
15,65489,65494,0,37309
15,65489,65493,0,37334
15,65489,65493,0,37359
15,65489,65494,0,37384
15,65489,65494,0,37408
15,65489,65494,0,37434
15,65489,65493,0,37458
15,65489,65493,0,37484
15,65489,65493,0,37509
15,65489,65493,0,37533
15,65489,65493,0,37559
15,65489,65493,0,37583
15,65489,65494,0,37608
15,65489,65494,0,37634
15,65489,65493,0,37658
15,65489,65493,0,37684
15,65489,65493,0,37708
15,65489,65493,0,37733
15,65489,65493,0,37758
15,65489,65493,0,37783
15,65489,65493,0,37808
15,65489,65493,0,37833
15,65489,65493,0,37858
15,65489,65493,0,37883
15,65489,65493,0,37908
15,65489,65493,0,37933
15,65489,65493,0,37958
15,65489,65493,0,37983
15,65489,65493,0,38007
15,65489,65493,0,38033
15,65489,65493,0,38057
15,65489,65493,0,38083
15,65489,65493,0,38108
15,65489,65493,0,38132
15,65489,65493,0,38158
15,65489,65493,0,38182
15,65489,65493,0,38207
15,65489,65493,0,38233
15,65489,65493,0,38257
15,65489,65493,0,38283
15,65489,65493,0,38307
15,65489,65493,0,38332
15,65489,65493,0,38358
15,65489,65493,0,38382
15,65489,65493,0,38407
15,65489,65493,0,38432
15,65489,65493,0,38457
15,65489,65494,0,38482
15,65489,65494,0,38507
15,65489,65494,0,38532
15,65489,65494,0,38557
15,65489,65494,0,38582
15,65489,65494,0,38606
15,65489,65493,0,38632
15,65489,65493,0,38657
15,65489,65494,0,38682
15,65489,65494,0,38707
15,65489,65494,0,38731
15,65489,65494,0,38757
15,65489,65494,0,38781
15,65489,65494,0,38806
15,65489,65494,0,38832
15,65489,65494,0,38856
15,65489,65493,0,38882
15,65489,65493,0,38906
15,65489,65493,0,38931
15,65489,65493,0,38957
15,65489,65493,0,38981
15,65489,65493,0,39006
15,65489,65493,0,39031
15,65489,65493,0,39056
15,65489,65493,0,39081
15,65489,65493,0,39106
15,65489,65493,0,39131
15,65489,65493,0,39156
15,65489,65493,0,39181
15,65489,65493,0,39205
14,65489,65494,0,39231
14,65489,65494,0,39256
14,65489,65494,0,39281
14,65489,65493,0,39306
14,65489,65493,0,39330
14,65489,65493,0,39356
14,65489,65493,0,39380
14,65489,65493,0,39405
14,65489,65493,0,39431
14,65489,65493,0,39455
14,65489,65493,0,39481
15,65489,65493,0,39505
15,65489,65493,0,39530
15,65489,65493,0,39556
15,65489,65494,0,39580
15,65489,65494,0,39605
15,65489,65494,0,39630
15,65489,65494,0,39655
15,65489,65494,0,39681
15,65489,65493,0,39705
15,65489,65493,0,39730
15,65489,65493,0,39755
15,65489,65493,0,39780
15,65489,65493,0,39804
15,65489,65493,0,39830
14,65489,65493,0,39855
14,65489,65493,0,39880
15,65489,65493,0,39905
15,65489,65493,0,39929
15,65489,65493,0,39955
15,65489,65494,0,39980
15,65489,65494,0,40004
15,65489,65494,0,40030
14,65489,65493,0,40054
14,65489,65493,0,40080
14,65489,65493,0,40104
15,65489,65493,0,40129
15,65489,65493,0,40155
14,65489,65494,0,40179
14,65489,65494,0,40204
14,65489,65494,0,40229
15,65489,65494,0,40254
15,65489,65494,0,40280
15,65489,65494,0,40304
15,65489,65493,0,40329
15,65489,65493,0,40354
15,65489,65493,0,40379
15,65489,65493,0,40403
15,65489,65493,0,40429
14,65489,65493,0,40454
14,65489,65493,0,40479
14,65489,65493,0,40504
14,65489,65493,0,40528
14,65489,65493,0,40554
14,65489,65493,0,40579
14,65489,65493,0,40603
14,65489,65493,0,40629
15,65489,65493,0,40653
15,65489,65493,0,40679
15,65489,65493,0,40704
15,65489,65493,0,40728
15,65489,65493,0,40754
15,65489,65493,0,40778
15,65489,65493,0,40803
15,65489,65493,0,40828
15,65489,65493,0,40853
15,65489,65494,0,40879
15,65489,65494,0,40903
15,65489,65493,0,40928
15,65489,65493,0,40953
15,65489,65493,0,40978
15,65489,65493,0,41003
15,65489,65493,0,41028
15,65489,65493,0,41053
15,65489,65493,0,41078
15,65489,65493,0,41103
15,65489,65493,0,41127
15,65489,65493,0,41153
15,65489,65493,0,41178
15,65489,65494,0,41202
15,65489,65494,0,41228
15,65489,65494,0,41252
15,65489,65493,0,41278
15,65489,65493,0,41303
15,65489,65493,0,41327
14,65489,65493,0,41353
14,65489,65493,0,41377
14,65489,65493,0,41402
14,65489,65493,0,41427
14,65489,65493,0,41452
14,65489,65493,0,41478
14,65489,65493,0,41502
14,65489,65493,0,41527
15,65489,65493,0,41552
15,65489,65493,0,41577
15,65489,65493,0,41602
14,65489,65493,0,41627
14,65489,65493,0,41652
15,65489,65494,0,41677
15,65489,65494,0,41702
15,65489,65494,0,41726
15,65489,65493,0,41752
15,65489,65493,0,41777
15,65489,65493,0,41801
15,65489,65493,0,41827
15,65489,65493,0,41851
15,65489,65493,0,41877
15,65489,65494,0,41902
15,65489,65494,0,41926
15,65489,65493,0,41952
15,65489,65493,0,41976
15,65489,65493,0,42001
15,65489,65493,0,42027
15,65489,65493,0,42051
15,65489,65493,0,42077
15,65489,65493,0,42101
15,65489,65493,0,42126
15,65489,65493,0,42151
15,65489,65494,0,42176
15,65489,65494,0,42201
14,65489,65494,0,42226
14,65489,65494,0,42251
14,65489,65494,0,42276
14,65489,65493,0,42301
14,65489,65493,0,42326
14,65489,65493,0,42351
15,65489,65494,0,42376
15,65489,65494,0,42400
15,65489,65494,0,42426
15,65489,65494,0,42450
15,65489,65494,0,42476
14,65489,65494,0,42501
14,65489,65494,0,42525
14,65489,65494,0,42551
14,65489,65493,0,42575
14,65489,65493,0,42600
14,65489,65493,0,42626
15,65489,65494,0,42650
15,65489,65494,0,42676
15,65489,65494,0,42700
15,65489,65494,0,42725
15,65489,65494,0,42750
15,65489,65493,0,42775
15,65489,65493,0,42800
15,65489,65493,0,42825
14,65489,65493,0,42850
14,65489,65493,0,42875
14,65489,65493,0,42900
14,65489,65494,0,42925
14,65489,65494,0,42950
15,65489,65493,0,42975
15,65489,65493,0,42999
15,65489,65493,0,43025
15,65489,65494,0,43049
15,65489,65494,0,43075
15,65489,65494,0,43100
14,65489,65493,0,43124
14,65489,65493,0,43150
14,65489,65493,0,43174
15,65489,65494,0,43199
15,65489,65494,0,43225
14,65489,65493,0,43249
14,65489,65493,0,43275
14,65489,65493,0,43299
14,65489,65493,0,43324
14,65489,65493,0,43350
14,65489,65493,0,43374
15,65489,65493,0,43399
15,65489,65493,0,43424
15,65489,65493,0,43449
15,65489,65493,0,43474
15,65489,65493,0,43499
15,65489,65494,0,43524
15,65489,65494,0,43549
15,65489,65494,0,43574
15,65489,65493,0,43598
15,65489,65493,0,43624
15,65489,65493,0,43649
15,65489,65493,0,43674
15,65489,65493,0,43699
14,65489,65493,0,43723
14,65489,65493,0,43749
14,65489,65493,0,43773
15,65489,65493,0,43798
15,65489,65493,0,43824
15,65489,65493,0,43848
14,65489,65493,0,43874
14,65489,65493,0,43898
14,65489,65493,0,43923
15,65489,65493,0,43949
15,65489,65493,0,43973
15,65489,65493,0,43998
15,65489,65493,0,44023
15,65489,65493,0,44048
15,65489,65494,0,44073
15,65489,65494,0,44098
15,65489,65494,0,44123
14,65489,65494,0,44148
14,65489,65494,0,44173
14,65489,65494,0,44197
15,65489,65493,0,44223
15,65489,65493,0,44248
15,65489,65494,0,44273
15,65489,65494,0,44298
15,65489,65494,0,44322
15,65489,65494,0,44348
15,65489,65494,0,44372
15,65489,65494,0,44397
14,65489,65493,0,44423
14,65489,65493,0,44447
14,65489,65494,0,44473
14,65489,65494,0,44497
14,65489,65494,0,44522
15,65489,65494,0,44548
15,65489,65494,0,44572
15,65489,65494,0,44597
14,65489,65494,0,44622
14,65489,65494,0,44647
14,65489,65494,0,44673
14,65489,65493,0,44697
14,65489,65493,0,44722
15,65489,65494,0,44747
15,65489,65494,0,44772
15,65489,65494,0,44796
14,65489,65493,0,44822
14,65489,65493,0,44847
14,65489,65493,0,44872
14,65489,65494,0,44897
14,65489,65494,0,44921
14,65489,65494,0,44947
15,65489,65493,0,44972
15,65489,65493,0,44996
14,65489,65493,0,45022
14,65489,65493,0,45046
14,65489,65493,0,45072
15,65489,65494,0,45096
15,65489,65494,0,45121
15,65489,65494,0,45147
14,65489,65494,0,45171
14,65489,65494,0,45196
14,65489,65494,0,45221
14,65489,65494,0,45246
14,65489,65494,0,45272
15,65489,65493,0,45296
15,65489,65493,0,45321
15,65489,65493,0,45346
14,65489,65494,0,45371
14,65489,65494,0,45395
14,65489,65494,0,45421
14,65489,65493,0,45446
14,65489,65493,0,45471
14,65489,65494,0,45496
14,65489,65494,0,45520
14,65489,65494,0,45546
15,65489,65493,0,45571
15,65489,65493,0,45595
15,65489,65493,0,45621
14,65489,65493,0,45645
14,65489,65493,0,45671
14,65489,65493,0,45696
15,65489,65493,0,45720
15,65489,65493,0,45746
15,65489,65493,0,45770
15,65489,65493,0,45795
15,65489,65493,0,45820
14,65489,65493,0,45845
14,65489,65493,0,45871
14,65489,65493,0,45895
15,65489,65494,0,45920
15,65489,65494,0,45945
15,65489,65494,0,45970
15,65489,65493,0,45995
15,65489,65493,0,46020
14,65489,65493,0,46045
14,65489,65493,0,46070
14,65489,65493,0,46095
14,65489,65494,0,46119
14,65489,65494,0,46145
14,65489,65494,0,46170
14,65489,65493,0,46194
14,65489,65493,0,46220
14,65489,65493,0,46244
14,65489,65493,0,46270
14,65489,65493,0,46295
14,65489,65493,0,46319
14,65489,65493,0,46345
14,65489,65493,0,46369
14,65489,65494,0,46394
14,65489,65494,0,46419
14,65489,65494,0,46444
15,65490,65493,0,46470
15,65490,65493,0,46494
15,65489,65494,0,46519
15,65489,65494,0,46544
15,65489,65494,0,46569
15,65489,65494,0,46594
15,65489,65494,0,46619
15,65489,65494,0,46644
15,65489,65494,0,46669
15,65489,65494,0,46694
15,65489,65494,0,46718
14,65489,65494,0,46744
14,65489,65494,0,46769
15,65489,65493,0,46793
15,65489,65493,0,46819
15,65489,65493,0,46843
14,65489,65494,0,46869
14,65489,65494,0,46894
14,65489,65494,0,46918
15,65489,65494,0,46944
15,65489,65494,0,46968
15,65489,65494,0,46993
14,65489,65494,0,47019
14,65489,65494,0,47043
14,65489,65494,0,47069
14,65489,65494,0,47093
14,65489,65494,0,47118
15,65489,65494,0,47143
15,65489,65494,0,47168
15,65489,65494,0,47193
15,65489,65494,0,47218
15,65489,65494,0,47243
15,65489,65494,0,47268
15,65489,65494,0,47293
15,65489,65494,0,47318
15,65489,65494,0,47343
15,65489,65494,0,47368
15,65489,65494,0,47392
15,65489,65494,0,47418
15,65489,65494,0,47442
15,65489,65494,0,47468
14,65489,65494,0,47493
14,65489,65494,0,47517
14,65489,65494,0,47543
14,65489,65494,0,47567
14,65489,65494,0,47592
14,65490,65494,0,47618
14,65490,65494,0,47642
14,65490,65494,0,47668
15,65489,65494,0,47692
15,65489,65494,0,47717
15,65489,65494,0,47742
15,65489,65494,0,47767
15,65489,65494,0,47792
15,65489,65494,0,47817
15,65489,65494,0,47842
15,65489,65494,0,47867
15,65489,65494,0,47892
15,65489,65494,0,47917
15,65489,65494,0,47942
15,65489,65494,0,47967
15,65489,65494,0,47991
15,65489,65494,0,48017
15,65490,65494,0,48041
15,65490,65494,0,48067
15,65489,65494,0,48092
15,65489,65494,0,48116
15,65489,65494,0,48142
15,65489,65494,0,48166
15,65489,65494,0,48191
15,65489,65494,0,48217
14,65490,65494,0,48241
14,65490,65494,0,48267
15,65490,65494,0,48291
15,65490,65494,0,48316
15,65490,65494,0,48342
15,65490,65494,0,48366
15,65490,65494,0,48391
15,65490,65494,0,48416
15,65490,65494,0,48441
15,65490,65494,0,48466
15,65490,65494,0,48491
14,65489,65494,0,48516
14,65489,65494,0,48541
15,65489,65494,0,48566
15,65489,65494,0,48590
15,65489,65494,0,48616
14,65489,65494,0,48641
14,65489,65494,0,48666
14,65489,65494,0,48691
14,65489,65494,0,48715
14,65489,65494,0,48741
14,65489,65494,0,48765
15,65489,65494,0,48790
15,65489,65494,0,48816
15,65490,65494,0,48840
15,65490,65494,0,48866
15,65490,65494,0,48890
15,65490,65494,0,48915
15,65490,65494,0,48941
15,65490,65494,0,48965
15,65489,65494,0,48990
15,65489,65494,0,49015
15,65490,65494,0,49040
15,65490,65494,0,49065
15,65490,65494,0,49090
15,65489,65494,0,49115
15,65489,65494,0,49140
15,65489,65494,0,49165
15,65489,65494,0,49189
15,65489,65494,0,49215
15,65489,65494,0,49240
15,65490,65494,0,49265
15,65490,65494,0,49290
15,65490,65494,0,49314
15,65490,65494,0,49340
15,65490,65494,0,49364
15,65490,65494,0,49389
15,65490,65494,0,49415
15,65490,65494,0,49439
15,65489,65494,0,49465
15,65489,65494,0,49489
15,65489,65494,0,49514
15,65490,65494,0,49540
15,65490,65494,0,49564
15,65490,65494,0,49589
15,65490,65494,0,49614
15,65490,65494,0,49639
15,65490,65494,0,49665
15,65490,65494,0,49689
15,65490,65494,0,49714
15,65490,65494,0,49739
15,65490,65494,0,49764
15,65490,65494,0,49788
15,65489,65494,0,49814
15,65489,65494,0,49839
15,65489,65494,0,49864
15,65489,65494,0,49889
15,65489,65494,0,49913
14,65489,65494,0,49939
14,65489,65494,0,49964
14,65489,65494,0,49988
15,65490,65494,0,50014
15,65490,65494,0,50038
15,65490,65494,0,50064
15,65490,65494,0,50088
15,65490,65494,0,50113
15,65490,65494,0,50139
15,65490,65494,0,50163
15,65490,65494,0,50188
15,65490,65495,0,50213
15,65490,65495,0,50238
15,65490,65495,0,50264
15,65490,65495,0,50288
15,65490,65495,0,50313
15,65489,65495,0,50338
15,65489,65495,0,50363
15,65489,65495,0,50387
15,65490,65494,0,50413
15,65490,65494,0,50438
15,65490,65494,0,50463
15,65490,65495,0,50488
15,65490,65495,0,50512
15,65490,65495,0,50538
15,65490,65495,0,50563
15,65490,65495,0,50587
15,65490,65494,0,50613
15,65490,65494,0,50637
15,65490,65494,0,50663
14,65490,65494,0,50688
14,65490,65494,0,50712
14,65490,65494,0,50738
15,65490,65495,0,50762
15,65490,65495,0,50787
15,65490,65495,0,50812
15,65490,65495,0,50837
15,65490,65495,0,50863
15,65490,65495,0,50887
15,65490,65495,0,50912
15,65490,65495,0,50937
15,65490,65495,0,50962
15,65490,65495,0,50987
15,65490,65495,0,51012
15,65490,65495,0,51037
15,65490,65495,0,51062
15,65490,65495,0,51087
15,65490,65495,0,51111
15,65490,65495,0,51137
15,65490,65495,0,51162
15,65490,65495,0,51186
15,65490,65495,0,51212
15,65490,65495,0,51236
15,65490,65495,0,51262
15,65490,65495,0,51287
15,65490,65495,0,51311
15,65490,65495,0,51337
15,65490,65495,0,51361
15,65490,65495,0,51386
15,65490,65495,0,51411
15,65490,65495,0,51436
15,65490,65495,0,51462
15,65490,65495,0,51486
15,65490,65495,0,51511
15,65490,65495,0,51536
15,65490,65495,0,51561
15,65490,65495,0,51586
15,65490,65495,0,51611
15,65490,65495,0,51636
15,65490,65495,0,51661
15,65490,65495,0,51686
15,65490,65495,0,51710
15,65490,65495,0,51736
15,65490,65495,0,51761
15,65490,65495,0,51785
15,65490,65495,0,51811
15,65490,65495,0,51835
15,65490,65495,0,51861
15,65490,65495,0,51886
15,65490,65495,0,51910
15,65490,65495,0,51936
15,65490,65495,0,51960
15,65490,65495,0,51985
15,65490,65495,0,52011
15,65490,65495,0,52035
15,65490,65495,0,52061
15,65490,65495,0,52085
15,65490,65496,0,52110
15,65490,65496,0,52135
15,65490,65496,0,52160
14,65490,65495,0,52185
14,65490,65495,0,52210
14,65490,65495,0,52235
15,65490,65496,0,52260
15,65490,65496,0,52285
15,65490,65496,0,52310
15,65490,65495,0,52335
15,65490,65495,0,52360
14,65490,65495,0,52384
14,65490,65495,0,52410
14,65490,65495,0,52434
14,65490,65496,0,52460
14,65490,65496,0,52485
14,65490,65496,0,52509
15,65491,65496,0,52535
15,65491,65496,0,52559
15,65491,65496,0,52584
14,65490,65496,0,52610
14,65490,65496,0,52634
14,65490,65496,0,52660
14,65490,65496,0,52684
14,65490,65496,0,52709
14,65490,65496,0,52734
14,65490,65496,0,52759
14,65490,65496,0,52784
14,65491,65496,0,52809
14,65491,65496,0,52834
14,65491,65496,0,52859
14,65491,65496,0,52884
14,65491,65496,0,52909
14,65490,65496,0,52934
14,65490,65496,0,52959
14,65490,65496,0,52983
14,65491,65497,0,53009
14,65491,65497,0,53033
14,65491,65497,0,53059
14,65491,65497,0,53084
14,65491,65497,0,53108
14,65491,65497,0,53134
14,65491,65497,0,53158
14,65491,65497,0,53183
13,65491,65497,0,53209
13,65491,65497,0,53233
13,65491,65497,0,53259
13,65491,65497,0,53283
13,65491,65497,0,53308
13,65491,65497,0,53334
13,65491,65497,0,53358
13,65491,65497,0,53383
13,65492,65497,0,53408
13,65492,65497,0,53433
13,65492,65497,0,53458
13,65492,65497,0,53483
13,65492,65497,0,53508
13,65492,65497,0,53533
13,65492,65497,0,53558
13,65492,65497,0,53582
13,65492,65497,0,53608
12,65492,65496,0,53633
12,65492,65496,0,53658
13,65492,65496,0,53683
13,65492,65496,0,53707
13,65492,65496,0,53733
13,65493,65495,0,53757
13,65493,65495,0,53782
13,65493,65495,0,53808
13,65493,65496,0,53832
13,65493,65496,0,53858
13,65493,65496,0,53882
13,65493,65496,0,53907
13,65493,65496,0,53933
13,65492,65496,0,53957
13,65492,65496,0,53982
13,65492,65496,0,54007
13,65492,65495,0,54032
13,65492,65495,0,54057
13,65492,65495,0,54082
13,65492,65495,0,54107
13,65492,65495,0,54132
14,65492,65496,0,54157
14,65492,65496,0,54181
14,65492,65496,0,54207
13,65492,65495,0,54232
13,65492,65495,0,54257
13,65492,65495,0,54282
14,65492,65495,0,54306
14,65492,65495,0,54332
14,65492,65495,0,54356
13,65492,65496,0,54381
13,65492,65496,0,54407
13,65492,65496,0,54431
13,65492,65496,0,54457
13,65492,65496,0,54481
13,65492,65495,0,54506
13,65492,65495,0,54532
13,65492,65495,0,54556
13,65492,65495,0,54581
13,65492,65495,0,54606
13,65492,65495,0,54631
13,65492,65495,0,54657
13,65492,65495,0,54681
13,65492,65494,0,54706
13,65492,65494,0,54731
13,65492,65494,0,54756
13,65493,65494,0,54780
13,65493,65494,0,54806
13,65493,65494,0,54831
13,65493,65494,0,54856
13,65493,65494,0,54881
13,65493,65493,0,54905
13,65493,65493,0,54931
13,65493,65493,0,54956
14,65493,65493,0,54980
14,65493,65493,0,55006
14,65493,65493,0,55030
15,65493,65493,0,55056
15,65493,65493,0,55080
15,65493,65493,0,55105
15,65493,65493,0,55131
15,65493,65493,0,55155
15,65493,65493,0,55180
15,65493,65493,0,55205
15,65493,65493,0,55230
15,65492,65494,0,55256
15,65492,65494,0,55280
15,65492,65494,0,55305
16,65491,65494,0,55330
16,65491,65494,0,55355
16,65491,65494,0,55379
15,65491,65494,0,55405
15,65491,65494,0,55430
15,65491,65494,0,55455
15,65491,65494,0,55480
15,65491,65494,0,55504
16,65490,65494,0,55530
16,65490,65494,0,55555
16,65490,65494,0,55579
15,65490,65494,0,55605
15,65490,65494,0,55629
15,65490,65494,0,55655
15,65490,65494,0,55680
15,65490,65494,0,55704
15,65490,65494,0,55730
15,65490,65494,0,55754
15,65490,65494,0,55779
15,65490,65494,0,55804
15,65490,65494,0,55829
15,65490,65494,0,55855
15,65489,65494,0,55879
15,65489,65494,0,55904
15,65489,65494,0,55929
15,65489,65494,0,55954
15,65489,65494,0,55979
15,65489,65494,0,56004
15,65489,65494,0,56029
15,65489,65494,0,56054
15,65490,65493,0,56079
15,65490,65493,0,56103
15,65490,65493,0,56129
15,65489,65494,0,56154
15,65489,65494,0,56178
15,65489,65494,0,56204
15,65489,65494,0,56228
15,65489,65494,0,56254
15,65489,65494,0,56279
15,65489,65494,0,56303
15,65489,65494,0,56329
15,65489,65494,0,56353
15,65489,65494,0,56378
15,65489,65494,0,56403
15,65489,65493,0,56428
15,65489,65493,0,56454
15,65489,65494,0,56478
15,65489,65494,0,56503
15,65489,65494,0,56528
15,65489,65493,0,56553
15,65489,65493,0,56578
15,65489,65493,0,56603
15,65489,65493,0,56628
15,65489,65493,0,56653
15,65489,65493,0,56678
15,65489,65493,0,56702
15,65489,65493,0,56728
15,65489,65494,0,56753
15,65489,65494,0,56777
15,65489,65494,0,56803
15,65489,65493,0,56827
15,65489,65493,0,56853
15,65489,65493,0,56878
15,65489,65494,0,56902
15,65489,65494,0,56928
15,65489,65493,0,56952
15,65489,65493,0,56977
15,65489,65493,0,57003
15,65489,65493,0,57027
15,65489,65493,0,57053
15,65489,65493,0,57077
15,65489,65493,0,57102
15,65489,65493,0,57127
15,65489,65493,0,57152
14,65489,65494,0,57177
14,65489,65494,0,57202
15,65489,65494,0,57227
15,65489,65494,0,57252
15,65489,65494,0,57277
15,65489,65493,0,57302
15,65489,65493,0,57327
15,65489,65493,0,57352
15,65489,65494,0,57376
15,65489,65494,0,57402
15,65489,65494,0,57426
15,65489,65494,0,57452
15,65489,65494,0,57477
15,65489,65493,0,57501
15,65489,65493,0,57527
15,65489,65493,0,57551
14,65489,65494,0,57576
14,65489,65494,0,57602
14,65489,65494,0,57626
15,65489,65494,0,57652