65533,0,65481,0,3794
65533,0,65481,0,3818
65533,0,65481,0,3841
65533,0,65481,0,3864
65534,0,65482,0,3887
65534,0,65482,0,3909
65534,0,65482,0,3933
65533,0,65482,0,3955
65533,0,65482,0,3978
65533,0,65482,0,4001
65534,0,65482,0,4024
65534,0,65482,0,4046
65534,0,65482,0,4070
65533,0,65482,0,4092
65533,0,65482,0,4115
65533,0,65482,0,4139
65533,0,65482,0,4161
65533,0,65482,0,4184
65533,0,65482,0,4207
65533,0,65482,0,4230
65533,0,65482,0,4252
65533,1,65481,0,4276
65533,1,65481,0,4298
65533,1,65481,0,4321
65533,1,65481,0,4344
65533,1,65481,0,4367
65533,1,65481,0,4389
65533,0,65481,0,4413
65533,0,65481,0,4435
65533,0,65481,0,4458
65534,0,65481,0,4482
65534,0,65481,0,4504
65534,0,65481,0,4527
65534,0,65482,0,4550
65534,0,65482,0,4573
65534,0,65482,0,4596
65534,0,65482,0,4619
65534,0,65482,0,4641
65534,0,65482,0,4665
65533,0,65482,0,4687
65533,0,65482,0,4710
65533,0,65482,0,4733
65533,0,65482,0,4756
65533,0,65482,0,4779
65533,0,65482,0,4802
65533,0,65482,0,4825
65533,0,65482,0,4847
65533,0,65482,0,4871
65533,0,65482,0,4893
65533,0,65482,0,4916
65533,0,65482,0,4939
65533,0,65482,0,4962
65533,0,65482,0,4984
65533,0,65482,0,5008
65533,0,65482,0,5030
65533,0,65482,0,5053
65533,0,65482,0,5076
65533,0,65482,0,5099
65533,0,65482,0,5122
65533,0,65482,0,5145
65533,1,65481,0,5168
65533,1,65481,0,5190
65533,1,65481,0,5214
65533,0,65482,0,5236
65533,0,65482,0,5259
65533,0,65482,0,5282
65533,0,65482,0,5305
65533,0,65482,0,5328
65533,0,65482,0,5351
65533,1,65482,0,5373
65533,1,65482,0,5397
65533,1,65482,0,5420
65533,0,65482,0,5442
65533,0,65482,0,5466
65533,0,65482,0,5488
65533,0,65482,0,5511
65533,0,65482,0,5534
65533,0,65482,0,5557
65533,0,65482,0,5579
65533,0,65482,0,5603
65533,0,65482,0,5625
65533,0,65482,0,5648
65533,0,65482,0,5671
65533,0,65482,0,5694
65533,0,65482,0,5716
65533,0,65482,0,5740
65533,0,65482,0,5763
65533,0,65482,0,5785
65533,0,65482,0,5809
65533,0,65482,0,5831
65533,0,65481,0,5854
65533,0,65481,0,5877
65533,0,65481,0,5900
65533,0,65482,0,5922
65533,0,65482,0,5946
65533,0,65482,0,5968
65533,0,65482,0,5991
65533,0,65482,0,6014
65533,0,65482,0,6037
65533,0,65482,0,6061
65533,0,65482,0,6083
65533,0,65482,0,6106
65533,0,65482,0,6129
65533,0,65482,0,6152
65533,0,65482,0,6174
65534,1,65482,0,6198
65534,1,65482,0,6220
65534,1,65482,0,6243
65533,0,65482,0,6266
65533,0,65482,0,6289
65533,0,65482,0,6311
65533,1,65482,0,6335
65533,1,65482,0,6358
65533,1,65482,0,6380
65533,0,65482,0,6404
65533,0,65482,0,6426
65533,0,65482,0,6449
65533,0,65481,0,6472
65533,0,65481,0,6495
65533,0,65481,0,6517
65533,0,65482,0,6541
65533,0,65482,0,6563
65533,0,65482,0,6586
65533,0,65482,0,6609
65533,0,65482,0,6632
65533,0,65482,0,6654
65534,0,65482,0,6678
65534,0,65482,0,6701
65534,0,65482,0,6723
65534,0,65482,0,6747
65534,0,65482,0,6769
65534,0,65482,0,6793
65533,0,65482,0,6815
65533,0,65482,0,6838
65533,0,65482,0,6861
65534,0,65482,0,6884
65534,0,65482,0,6906
65534,0,65482,0,6930
65533,0,65482,0,6952
65533,0,65482,0,6975
65533,0,65482,0,6999
65534,0,65482,0,7021
65534,0,65482,0,7044
65534,0,65482,0,7067
65533,0,65481,0,7090
65533,0,65481,0,7112
65533,0,65481,0,7136
65534,0,65482,0,7158
65534,0,65482,0,7181
65534,0,65482,0,7204
65533,0,65482,0,7227
65533,0,65482,0,7249
65533,0,65482,0,7273
65534,0,65482,0,7296
65534,0,65482,0,7318
65534,0,65482,0,7342
65533,0,65482,0,7364
65533,0,65482,0,7387
65533,0,65482,0,7410
65534,0,65482,0,7433
65534,0,65482,0,7455
65534,0,65482,0,7479
65533,0,65481,0,7501
65533,0,65481,0,7525
65533,0,65481,0,7547
65533,0,65481,0,7570
65533,0,65481,0,7593
65534,0,65482,0,7616
65534,0,65482,0,7639
65534,0,65482,0,7662
65534,0,65481,0,7685
65534,0,65481,0,7707
65534,0,65481,0,7731
65533,0,65482,0,7753
65533,0,65482,0,7776
65533,0,65482,0,7799
65533,0,65481,0,7822
65533,0,65481,0,7844
65533,0,65481,0,7868
65533,0,65482,0,7890
65533,0,65482,0,7913
65533,0,65482,0,7937
65533,0,65482,0,7959
65533,0,65482,0,7982
65533,0,65482,0,8005
65533,0,65481,0,8028
65533,0,65481,0,8050
65533,0,65481,0,8074
65533,0,65482,0,8096
65533,0,65482,0,8119
65533,0,65482,0,8142
65533,0,65482,0,8165
65533,0,65482,0,8187
65533,0,65482,0,8211
65534,0,65481,0,8233
65534,0,65481,0,8257
65534,0,65481,0,8280
65534,0,65482,0,8302
65534,0,65482,0,8326
65534,0,65482,0,8348
65533,0,65482,0,8371
65533,0,65482,0,8394
65533,0,65482,0,8417
65533,1,65482,0,8439
65533,1,65482,0,8463
65533,1,65482,0,8485
65534,0,65482,0,8508
65534,0,65482,0,8531
65534,0,65482,0,8554
65533,0,65482,0,8577
65533,0,65482,0,8600
65533,0,65482,0,8623
65533,0,65482,0,8645
65533,0,65482,0,8669
65533,0,65482,0,8691
65533,0,65481,0,8714
65533,0,65481,0,8737
65533,0,65481,0,8760
65533,0,65482,0,8782
65533,0,65482,0,8806
65533,0,65482,0,8828
65533,0,65482,0,8851
65533,0,65482,0,8875
65533,0,65482,0,8897
65533,0,65482,0,8920
65533,0,65482,0,8943
65533,0,65482,0,8966
65534,0,65482,0,8989
65534,0,65482,0,9012
65534,0,65482,0,9034
65533,0,65482,0,9058
65533,0,65482,0,9080
65533,0,65482,0,9103
65533,0,65482,0,9126
65533,0,65482,0,9149
65533,0,65482,0,9171
65533,0,65481,0,9195
65533,0,65481,0,9218
65533,0,65481,0,9240
65533,0,65481,0,9264
65533,0,65481,0,9286
65533,0,65481,0,9309
65534,0,65482,0,9332
65534,0,65482,0,9355
65534,0,65482,0,9377
65533,0,65482,0,9401
65533,0,65482,0,9423
65533,0,65482,0,9446
65534,0,65482,0,9469
65534,0,65482,0,9492
65534,0,65482,0,9515
65534,0,65482,0,9538
65534,0,65482,0,9561
65534,0,65482,0,9583
65533,0,65482,0,9607
65533,0,65482,0,9629
65533,0,65482,0,9652
65534,0,65482,0,9675
65534,0,65482,0,9698
65534,0,65482,0,9721
65533,0,65482,0,9744
65533,0,65482,0,9766
65533,0,65482,0,9790
65534,0,65482,0,9812
65534,0,65482,0,9835
65534,0,65482,0,9859
65533,0,65482,0,9881
65533,0,65482,0,9904
65533,0,65482,0,9927
65533,0,65481,0,9950
65533,0,65481,0,9972
65533,0,65481,0,9996
65533,0,65482,0,10018
65533,0,65482,0,10042
65533,0,65482,0,10066
65534,0,65482,0,10090
65534,0,65482,0,10114
65534,0,65482,0,10138
65534,0,65481,0,10162
65534,0,65481,0,10185
65533,0,65482,0,10210
65533,0,65482,0,10233
65533,0,65482,0,10258
65534,0,65482,0,10281
65534,0,65482,0,10305
65534,0,65482,0,10330
65534,0,65482,0,10353
65534,0,65482,0,10377
65534,0,65482,0,10401
65533,0,65482,0,10425
65533,0,65482,0,10448
65533,0,65482,0,10473
65533,0,65482,0,10497
65533,0,65482,0,10521
65533,0,65482,0,10545
65534,0,65482,0,10568
65534,0,65482,0,10593
65533,0,65481,0,10616
65533,0,65481,0,10640
65533,0,65481,0,10664
65534,0,65482,0,10688
65534,0,65482,0,10712
65534,0,65482,0,10736
65534,0,65482,0,10760
65534,0,65482,0,10783
65534,0,65482,0,10808
65534,0,65482,0,10831
65534,0,65482,0,10856
65534,0,65482,0,10880
65534,0,65482,0,10903
65534,0,65482,0,10928
65534,0,65482,0,10951
65534,0,65482,0,10975
65534,0,65482,0,10999
65534,0,65482,0,11023
65534,0,65482,0,11046
65534,0,65482,0,11071
65535,0,65483,0,11095
65535,0,65483,0,11119
65535,0,65483,0,11143
0,0,65483,0,11166
0,0,65483,0,11187
0,0,65483,0,11206
0,0,65483,0,11226
1,0,65484,0,11245
1,0,65484,0,11266
1,0,65484,0,11285
8,65532,65483,0,11304
8,65532,65483,0,11329
8,65532,65483,0,11353
10,65524,65466,0,11376
10,65524,65466,0,11402
10,65524,65466,0,11426
65527,65535,65472,0,11452
65527,65535,65472,0,11480
3,65527,65476,0,11507
3,65527,65476,0,11532
3,65527,65476,0,11555
65514,65521,65472,0,11579
65514,65521,65472,0,11608
65514,65521,65472,0,11635
65519,9,65499,0,11664
65519,9,65499,0,11687
0,20,65498,0,11711
0,20,65498,0,11732
0,20,65498,0,11753
0,20,65498,0,11773
0,19,65486,0,11795
0,19,65486,0,11815
0,19,65486,0,11836
8,3,65486,0,11857
8,3,65486,0,11877
8,3,65486,0,11896
12,65525,65476,0,11916
12,65525,65476,0,11941
12,65525,65476,0,11966
8,65522,65465,0,11992
8,65522,65465,0,12015
8,65522,65465,0,12039
65528,65531,65468,0,12063
65528,65531,65468,0,12091
2,0,65475,0,12120
2,0,65475,0,12139
2,0,65475,0,12158
2,0,65475,0,12178
8,65535,65466,0,12198
8,65535,65466,0,12222
8,65535,65466,0,12246
65529,65532,65455,0,12270
65529,65532,65455,0,12298
65521,65535,65467,0,12326
65521,65535,65467,0,12354
65521,65535,65467,0,12382
65523,0,65477,0,12410
65523,0,65477,0,12434
65527,1,65480,0,12459
65527,1,65480,0,12482
65527,1,65480,0,12506
65530,1,65482,0,12530
65530,1,65482,0,12554
65530,1,65482,0,12577
65531,1,65482,0,12602
65531,1,65482,0,12625
65531,1,65482,0,12650
65532,1,65482,0,12674
65532,1,65482,0,12697
65532,1,65482,0,12722
65532,0,65482,0,12745
65532,0,65482,0,12769
65532,0,65482,0,12793
65533,1,65482,0,12817
65533,1,65482,0,12840
65533,1,65482,0,12865
65533,0,65483,0,12889
65533,0,65483,0,12912
65533,1,65482,0,12937
65533,1,65482,0,12960
65533,1,65482,0,12985
65533,1,65482,0,13008
65533,1,65482,0,13032
65533,1,65482,0,13057
65533,0,65482,0,13080
65533,0,65482,0,13104
65533,0,65482,0,13128
65533,1,65482,0,13152
65533,1,65482,0,13175
65533,1,65482,0,13200
65533,1,65482,0,13223
65533,1,65482,0,13247
65533,1,65482,0,13272
65533,0,65482,0,13295
65533,0,65482,0,13320
65533,1,65482,0,13343
65533,1,65482,0,13367
65533,1,65482,0,13391
65533,1,65482,0,13415
65533,1,65482,0,13438
65533,1,65482,0,13463
65534,1,65481,0,13487
65534,1,65481,0,13510
65534,1,65481,0,13535
65533,1,65482,0,13558
65533,1,65482,0,13583
65533,1,65482,0,13606
65534,1,65482,0,13630
65534,1,65482,0,13655
65534,1,65482,0,13678
65533,1,65482,0,13702
65533,1,65482,0,13726
65533,1,65482,0,13750
65533,0,65482,0,13773
65533,0,65482,0,13798
65533,0,65482,0,13821
65533,0,65482,0,13845
65533,0,65482,0,13870
65533,1,65482,0,13893
65533,1,65482,0,13918
65533,1,65482,0,13941
65534,1,65481,0,13965
65534,1,65481,0,13989
65534,1,65481,0,14013
65533,0,65482,0,14036
65533,0,65482,0,14061
65533,0,65482,0,14085
65534,0,65481,0,14108
65534,0,65481,0,14133
65534,0,65481,0,14156
65533,0,65482,0,14181
65533,0,65482,0,14204
65533,0,65482,0,14228
65533,0,65482,0,14253
65533,0,65482,0,14276
65533,1,65482,0,14300
65533,1,65482,0,14324
65533,1,65482,0,14348
65534,1,65482,0,14371
65534,1,65482,0,14396
65534,1,65482,0,14419
65533,0,65482,0,14443
65533,0,65482,0,14468
65533,0,65482,0,14491
65533,0,65482,0,14516
65533,0,65482,0,14539
65533,0,65482,0,14563
65533,0,65482,0,14587
65533,0,65482,0,14611
65533,0,65482,0,14635
65533,1,65482,0,14659
65533,1,65482,0,14683
65533,1,65482,0,14706
65533,0,65482,0,14731
65533,0,65482,0,14754
65533,0,65482,0,14778
65533,0,65482,0,14802
65533,0,65482,0,14826
65533,1,65482,0,14851
65533,1,65482,0,14874
65533,1,65482,0,14898
65533,0,65482,0,14922
65533,0,65482,0,14946
65533,0,65482,0,14969
65534,0,65482,0,14994
65534,0,65482,0,15017
65534,0,65482,0,15041
65534,1,65482,0,15066
65534,1,65482,0,15089
65534,1,65482,0,15114
65533,0,65482,0,15137
65533,0,65482,0,15161
65534,0,65481,0,15185
65534,0,65481,0,15209
65534,0,65481,0,15233
65533,1,65482,0,15257
65533,1,65482,0,15281
65533,1,65482,0,15304
65534,1,65482,0,15329
65534,1,65482,0,15352
65534,1,65482,0,15376