5,9,65486,0,28865
5,9,65486,0,28884
5,9,65486,0,28905
5,9,65486,0,28924
5,9,65486,0,28944
5,10,65486,0,28964
5,10,65486,0,28985
5,10,65486,0,29005
5,9,65485,0,29026
5,9,65485,0,29046
5,9,65485,0,29066
5,9,65485,0,29085
5,10,65486,0,29106
5,10,65486,0,29126
5,10,65486,0,29147
6,9,65486,0,29168
6,9,65486,0,29188
6,9,65486,0,29207
6,9,65486,0,29227
5,9,65486,0,29247
5,9,65486,0,29266
5,9,65486,0,29286
6,9,65486,0,29306
6,9,65486,0,29326
6,9,65486,0,29345
6,9,65486,0,29366
5,9,65486,0,29385
5,9,65486,0,29405
5,9,65486,0,29424
5,9,65486,0,29445
5,9,65486,0,29464
5,9,65486,0,29484
5,9,65486,0,29504
5,9,65486,0,29523
5,9,65486,0,29543
5,9,65486,0,29563
5,10,65486,0,29583
5,10,65486,0,29603
5,10,65486,0,29624
5,9,65486,0,29645
5,9,65486,0,29665
5,9,65486,0,29684
5,9,65486,0,29705
5,9,65486,0,29724
5,9,65486,0,29744
5,9,65486,0,29764
5,9,65486,0,29784
5,9,65486,0,29803
5,9,65486,0,29822
5,9,65486,0,29843
5,9,65486,0,29862
5,9,65486,0,29882
5,9,65486,0,29902
5,9,65486,0,29922
5,9,65486,0,29941
5,9,65486,0,29962
5,10,65486,0,29981
5,10,65486,0,30002
5,10,65486,0,30022
5,10,65486,0,30044
5,10,65486,0,30064
5,10,65486,0,30085
5,10,65486,0,30106
6,10,65486,0,30127
6,10,65486,0,30147
6,10,65486,0,30169
5,10,65485,0,30189
5,10,65485,0,30210
5,10,65485,0,30231
5,9,65486,0,30252
5,9,65486,0,30271
5,9,65486,0,30290
5,9,65486,0,30311
5,10,65486,0,30330
5,10,65486,0,30351
5,10,65486,0,30372
5,9,65486,0,30393
5,9,65486,0,30412
5,9,65486,0,30433
5,9,65486,0,30452
5,9,65486,0,30472
5,9,65486,0,30491
5,9,65486,0,30512
5,9,65486,0,30531
5,9,65486,0,30551
5,9,65486,0,30571
5,9,65486,0,30590
5,10,65486,0,30610
5,10,65486,0,30631
5,10,65486,0,30652
5,10,65486,0,30672
5,10,65486,0,30694
5,10,65486,0,30714
5,9,65486,0,30735
5,9,65486,0,30754
5,9,65486,0,30775
5,9,65486,0,30794
5,9,65485,0,30814
5,9,65485,0,30834
5,9,65485,0,30854
5,9,65486,0,30873
5,9,65486,0,30894
5,9,65486,0,30913
5,9,65486,0,30932
5,9,65486,0,30952
5,9,65486,0,30972
5,9,65486,0,30992
5,10,65486,0,31011
5,10,65486,0,31033
5,10,65486,0,31053
6,9,65486,0,31074
6,9,65486,0,31094
6,9,65486,0,31114
6,9,65486,0,31133
5,9,65486,0,31153
5,9,65486,0,31173
5,9,65486,0,31193
5,10,65486,0,31212
5,10,65486,0,31234
5,10,65486,0,31254
6,9,65485,0,31275
6,9,65485,0,31295
6,9,65485,0,31314
6,9,65485,0,31334
5,9,65486,0,31353
5,9,65486,0,31374
5,9,65486,0,31393
5,10,65485,0,31413
5,10,65485,0,31434
5,10,65485,0,31455
5,10,65485,0,31475
6,9,65486,0,31497
6,9,65486,0,31516
6,9,65486,0,31536
5,10,65486,0,31555
5,10,65486,0,31577
5,10,65486,0,31597
6,9,65486,0,31618
6,9,65486,0,31638
6,9,65486,0,31657
6,9,65486,0,31677
5,10,65486,0,31697
5,10,65486,0,31718
5,10,65486,0,31738
6,10,65485,0,31760
6,10,65485,0,31780
6,10,65485,0,31801
6,9,65486,0,31821
6,9,65486,0,31842
6,9,65486,0,31861
6,9,65486,0,31881
6,9,65486,0,31901
6,9,65486,0,31921
6,9,65486,0,31940
5,9,65486,0,31961
5,9,65486,0,31980
5,9,65486,0,32000
5,9,65486,0,32019
5,9,65486,0,32039
5,9,65486,0,32059
5,9,65486,0,32078
5,9,65486,0,32099
5,9,65486,0,32118
5,9,65486,0,32138
5,9,65486,0,32158
5,9,65486,0,32178
5,9,65486,0,32197
5,9,65486,0,32217
5,9,65485,0,32237
5,9,65485,0,32257
5,9,65485,0,32276
6,9,65486,0,32296
6,9,65486,0,32316
6,9,65486,0,32335
6,9,65486,0,32355
5,10,65486,0,32375
5,10,65486,0,32396
5,10,65486,0,32416
5,9,65486,0,32438
5,9,65486,0,32457
5,9,65486,0,32477
5,9,65486,0,32497
6,9,65486,0,32517
6,9,65486,0,32536
6,9,65486,0,32556
5,9,65486,0,32576
5,9,65486,0,32595
5,9,65486,0,32615
6,9,65485,0,32635
6,9,65485,0,32655
6,9,65485,0,32674
6,9,65485,0,32695
5,9,65486,0,32714
5,9,65486,0,32734
5,9,65486,0,32753
5,10,65486,0,32774
5,10,65486,0,32794
5,10,65486,0,32815
5,10,65486,0,32836
5,9,65486,0,32857
5,9,65486,0,32876
5,9,65486,0,32897
5,10,65486,0,32916
5,10,65486,0,32936
5,10,65486,0,32958
5,10,65486,0,32978
5,10,65486,0,32999
5,10,65486,0,33019
5,10,65486,0,33041
5,9,65486,0,33061
5,9,65486,0,33081
5,9,65486,0,33101
5,9,65486,0,33121
5,9,65486,0,33140
5,9,65486,0,33161
5,9,65485,0,33180
5,9,65485,0,33200
5,9,65485,0,33219
5,9,65485,0,33240
5,10,65486,0,33259
5,10,65486,0,33280
5,10,65486,0,33301
5,9,65486,0,33321
5,9,65486,0,33341
5,9,65486,0,33361
5,9,65486,0,33381
5,10,65486,0,33400
5,10,65486,0,33421
5,10,65486,0,33442
5,10,65486,0,33463
5,10,65486,0,33483
5,10,65486,0,33505
6,10,65486,0,33525
6,10,65486,0,33546
6,10,65486,0,33567
6,10,65486,0,33588
5,9,65485,0,33608
5,9,65485,0,33629
5,9,65485,0,33648
5,9,65486,0,33668
5,9,65486,0,33687
5,9,65486,0,33708
5,10,65486,0,33727
5,10,65486,0,33747
5,10,65486,0,33769
5,10,65486,0,33789
5,9,65486,0,33810
5,9,65486,0,33830
5,9,65486,0,33850
5,9,65486,0,33869
5,9,65486,0,33890
5,9,65486,0,33909
5,9,65486,0,33929
5,9,65486,0,33948
5,9,65486,0,33969
5,9,65486,0,33988
5,9,65486,0,34008
5,9,65486,0,34028
5,9,65486,0,34048
5,10,65486,0,34067
5,10,65486,0,34088
5,10,65486,0,34109
5,10,65486,0,34129
5,9,65486,0,34150
5,9,65486,0,34170
5,9,65486,0,34190
5,9,65486,0,34209
5,9,65486,0,34230
5,9,65486,0,34249
5,9,65486,0,34269
5,9,65486,0,34289
5,9,65486,0,34309
5,9,65486,0,34328
5,10,65486,0,34348
5,10,65486,0,34369
5,10,65486,0,34390
5,9,65486,0,34410
5,9,65486,0,34430
5,9,65486,0,34450
5,9,65486,0,34469
5,9,65485,0,34490
5,9,65485,0,34509
5,9,65485,0,34529
5,9,65486,0,34548
5,9,65486,0,34569
5,9,65486,0,34588
5,9,65486,0,34608
5,9,65486,0,34628
5,9,65486,0,34648
5,9,65486,0,34667
5,10,65486,0,34688
5,10,65486,0,34708
5,10,65486,0,34728
5,9,65486,0,34749
5,9,65486,0,34769
5,9,65486,0,34789
5,9,65486,0,34808
5,9,65486,0,34829
5,9,65486,0,34848
5,9,65486,0,34868
5,9,65486,0,34888
5,9,65486,0,34908
5,9,65486,0,34927
5,9,65486,0,34947
5,9,65486,0,34967
5,9,65486,0,34987
5,9,65486,0,35006
5,9,65486,0,35026
5,9,65486,0,35046
5,9,65486,0,35065
5,9,65486,0,35085
5,10,65486,0,35105
5,10,65486,0,35126
5,10,65486,0,35146
5,10,65486,0,35168
5,10,65486,0,35188
5,10,65486,0,35209
5,9,65486,0,35230
5,9,65486,0,35250
5,9,65486,0,35269
5,9,65486,0,35290
5,10,65486,0,35309
5,10,65486,0,35330
5,10,65486,0,35350
5,10,65486,0,35372
5,10,65486,0,35392
5,10,65486,0,35412
5,10,65486,0,35434
5,10,65486,0,35454
5,10,65486,0,35475
5,10,65486,0,35496
5,10,65486,0,35517
5,10,65486,0,35537
5,10,65486,0,35559
5,10,65486,0,35579
5,10,65486,0,35600
5,10,65486,0,35621
5,10,65486,0,35642
5,10,65486,0,35662
5,10,65486,0,35683
5,10,65486,0,35704
5,10,65486,0,35725
5,10,65486,0,35745
5,10,65486,0,35767
5,9,65486,0,35787
5,9,65486,0,35807
5,9,65486,0,35827
5,9,65486,0,35847
5,9,65486,0,35866
5,9,65486,0,35887
5,9,65486,0,35906
5,9,65486,0,35926
5,9,65486,0,35945
5,9,65486,0,35965
5,10,65486,0,35985
5,10,65486,0,36005
5,10,65486,0,36027
5,10,65486,0,36047
5,10,65486,0,36068
5,10,65486,0,36089
5,10,65485,0,36110
5,10,65485,0,36130
5,10,65485,0,36152
5,10,65485,0,36172
5,10,65486,0,36193
5,10,65486,0,36213
5,10,65486,0,36235
5,10,65486,0,36255
5,10,65486,0,36276
5,10,65486,0,36297
5,9,65486,0,36318
5,9,65486,0,36337
5,9,65486,0,36358
5,9,65486,0,36377
5,10,65486,0,36397
5,10,65486,0,36418
5,10,65486,0,36439
5,10,65486,0,36459
5,10,65486,0,36480
5,10,65486,0,36501
5,9,65486,0,36521
5,9,65486,0,36541
5,9,65486,0,36561
5,9,65486,0,36581
5,10,65486,0,36600
5,10,65486,0,36622
5,10,65486,0,36642
5,10,65486,0,36663
5,10,65486,0,36684
5,10,65486,0,36705
4,10,65486,0,36725
4,10,65486,0,36746
4,10,65486,0,36767
4,10,65486,0,36788
5,10,65486,0,36808
5,10,65486,0,36830
5,10,65486,0,36850
5,10,65486,0,36871
5,10,65486,0,36892
5,10,65486,0,36913
4,10,65486,0,36933
4,10,65486,0,36955
4,10,65486,0,36975
4,10,65486,0,36996
4,10,65486,0,37017
4,10,65486,0,37038
4,10,65486,0,37058
4,10,65486,0,37079
4,10,65486,0,37100
4,10,65486,0,37121
4,10,65486,0,37141
4,10,65486,0,37163
4,10,65486,0,37183
4,10,65486,0,37203
4,10,65486,0,37225
4,10,65486,0,37245
4,10,65486,0,37266
4,10,65486,0,37287
4,10,65486,0,37308
4,10,65486,0,37328
4,10,65486,0,37350
4,10,65486,0,37370
4,10,65486,0,37391
3,10,65486,0,37411
3,10,65486,0,37433
3,10,65486,0,37453
3,10,65486,0,37474
3,10,65486,0,37495
3,10,65486,0,37516
3,10,65486,0,37536
3,10,65486,0,37558
3,10,65486,0,37578
3,10,65486,0,37599
3,10,65486,0,37620
3,10,65486,0,37641
3,10,65486,0,37661
3,10,65486,0,37683
3,10,65486,0,37703
3,10,65486,0,37724
2,10,65486,0,37744
2,10,65486,0,37766
2,10,65486,0,37786
2,10,65486,0,37807
2,10,65486,0,37828
2,10,65486,0,37849
2,10,65486,0,37869
2,10,65486,0,37891
2,10,65486,0,37911
2,10,65486,0,37932
1,10,65485,0,37953
1,10,65485,0,37974
1,10,65485,0,37994
1,10,65485,0,38016
1,10,65485,0,38036
1,10,65485,0,38056
1,10,65485,0,38077
1,10,65485,0,38098
1,10,65485,0,38119
1,10,65485,0,38139
0,10,65485,0,38161
0,10,65485,0,38181
0,10,65485,0,38202
0,10,65485,0,38223
0,10,65485,0,38244
0,10,65485,0,38264
0,10,65485,0,38286
0,10,65484,0,38306
0,10,65484,0,38327
0,10,65484,0,38348
65535,10,65484,0,38369
65535,10,65484,0,38393
65535,10,65484,0,38419
65534,11,65483,0,38444
65534,11,65483,0,38468
65534,11,65483,0,38494
65534,11,65483,0,38518
65534,11,65483,0,38543
65533,11,65481,0,38568
65533,11,65481,0,38593
65533,11,65481,0,38619
65532,11,65480,0,38643
65532,11,65480,0,38668
65532,11,65480,0,38693
65531,11,65479,0,38718
65531,11,65479,0,38743
65530,11,65477,0,38768
65530,11,65477,0,38793
65530,11,65477,0,38818
65530,11,65475,0,38843
65530,11,65475,0,38867
65530,11,65475,0,38893
65530,11,65472,0,38918
65530,11,65472,0,38942
65530,11,65472,0,38968
65530,11,65469,0,38992
65530,11,65469,0,39018
65531,11,65466,0,39043
65531,11,65466,0,39067
65531,11,65466,0,39093
65533,11,65463,0,39117
65533,11,65463,0,39142
65533,11,65463,0,39168
0,10,65461,0,39192
0,10,65461,0,39214
0,10,65461,0,39234
3,9,65459,0,39255
3,9,65459,0,39274
3,9,65459,0,39294
6,8,65459,0,39314
6,8,65459,0,39333
6,8,65459,0,39354
6,8,65459,0,39373
10,7,65459,0,39393
10,7,65459,0,39414
10,7,65459,0,39435
13,6,65461,0,39455
13,6,65461,0,39476
13,6,65461,0,39497
15,5,65463,0,39518
15,5,65463,0,39538
15,5,65463,0,39560
15,5,65463,0,39580
17,4,65466,0,39601
17,4,65466,0,39622
17,4,65466,0,39643
17,4,65469,0,39663
17,4,65469,0,39685
17,4,65469,0,39705
18,3,65472,0,39726
18,3,65472,0,39747
18,3,65472,0,39768
17,3,65476,0,39788
17,3,65476,0,39809
17,3,65476,0,39830
17,3,65476,0,39851
15,3,65479,0,39871
15,3,65479,0,39892
15,3,65479,0,39913
14,4,65480,0,39933
14,4,65480,0,39955
14,4,65480,0,39975
11,4,65482,0,39996
11,4,65482,0,40017
11,4,65482,0,40038
11,4,65482,0,40058
11,4,65482,0,40080
11,4,65482,0,40100
11,4,65482,0,40121
8,5,65482,0,40141
8,5,65482,0,40162
8,5,65482,0,40181
6,5,65480,0,40201
6,5,65480,0,40221
6,5,65480,0,40241
6,5,65480,0,40260
7,3,65476,0,40281
7,3,65476,0,40300
7,3,65476,0,40320
12,0,65475,0,40339
12,0,65475,0,40360
12,0,65475,0,40381
17,65533,65479,0,40401
17,65533,65479,0,40427
17,65533,65479,0,40452
19,65531,65486,0,40476
19,65531,65486,0,40502
19,65531,65486,0,40526
16,65531,65494,0,40552
16,65531,65494,0,40577
16,65531,65494,0,40601
12,65533,65499,0,40627
12,65533,65499,0,40651
8,0,65501,0,40676
8,0,65501,0,40696
8,0,65501,0,40716
8,0,65501,0,40735
6,2,65501,0,40756
6,2,65501,0,40775
6,2,65501,0,40795
4,5,65500,0,40815
4,5,65500,0,40835
4,5,65500,0,40854
4,5,65500,0,40873
2,8,65499,0,40894
2,8,65499,0,40913
2,8,65499,0,40933
2,11,65495,0,40953
2,11,65495,0,40974
2,11,65495,0,40994
3,14,65493,0,41016
3,14,65493,0,41036
3,14,65493,0,41057
3,14,65493,0,41078
4,16,65491,0,41099
4,16,65491,0,41119
4,16,65491,0,41140
5,18,65489,0,41161
5,18,65489,0,41182
5,18,65489,0,41202
6,20,65487,0,41224
6,20,65487,0,41244
6,20,65487,0,41265
6,20,65487,0,41286
6,20,65487,0,41307
6,20,65487,0,41327
6,20,65487,0,41349
8,21,65484,0,41369
8,21,65484,0,41390
8,21,65484,0,41411
9,21,65483,0,41432
9,21,65483,0,41452
9,21,65483,0,41473
10,21,65483,0,41494
10,21,65483,0,41516
10,21,65483,0,41537
10,21,65482,0,41560
10,21,65482,0,41581
10,21,65482,0,41603
10,21,65482,0,41625
10,20,65482,0,41647
10,20,65482,0,41668
10,20,65482,0,41691
11,20,65483,0,41712
11,20,65483,0,41734
11,20,65483,0,41756
11,20,65485,0,41778
11,20,65485,0,41799
11,20,65485,0,41822
10,21,65485,0,41843
10,21,65485,0,41865
10,21,65485,0,41887
8,22,65485,0,41909
8,22,65485,0,41929
8,22,65485,0,41951
7,23,65484,0,41971
7,23,65484,0,41992
7,23,65484,0,42013
7,23,65484,0,42034
7,23,65483,0,42054
7,23,65483,0,42076
7,23,65483,0,42096
7,24,65481,0,42117
7,24,65481,0,42137
7,24,65481,0,42159
7,23,65478,0,42179
7,23,65478,0,42200
7,23,65478,0,42221
8,22,65478,0,42242
8,22,65478,0,42262
8,22,65478,0,42284
8,22,65478,0,42304
11,19,65479,0,42324
11,19,65479,0,42347
11,19,65479,0,42369
12,18,65484,0,42390
12,18,65484,0,42413
12,18,65484,0,42434
8,17,65489,0,42456
8,17,65489,0,42477
8,17,65489,0,42498
5,18,65489,0,42518
5,18,65489,0,42539
5,18,65489,0,42560
3,17,65488,0,42580
3,17,65488,0,42601
3,17,65488,0,42622
3,17,65488,0,42643
2,17,65488,0,42663
2,17,65488,0,42685
2,17,65488,0,42705
0,18,65489,0,42726
0,18,65489,0,42747
0,18,65489,0,42768
65534,19,65486,0,42788
65534,19,65486,0,42814
65534,19,65486,0,42839
65534,21,65486,0,42863
65534,21,65486,0,42889
65534,21,65486,0,42913
65532,21,65483,0,42938
65532,21,65483,0,42963
65532,21,65483,0,42988
65532,21,65483,0,43014
65532,21,65483,0,43038
65533,22,65483,0,43063
65533,22,65483,0,43088
65533,22,65483,0,43113
65533,22,65484,0,43138
65533,22,65484,0,43163
65533,22,65484,0,43188
65533,22,65484,0,43213
65533,22,65484,0,43238
65532,23,65484,0,43262
65532,23,65484,0,43288
65532,23,65484,0,43313
65532,22,65484,0,43337
65532,22,65484,0,43363
65532,22,65484,0,43387
65532,23,65484,0,43413
65532,23,65484,0,43438
65532,23,65484,0,43462
65532,22,65483,0,43488
65532,22,65483,0,43512
65532,22,65483,0,43537
65532,22,65483,0,43563
65532,22,65483,0,43587
65533,23,65484,0,43613
65533,23,65484,0,43637
65533,23,65484,0,43662
65532,22,65484,0,43687
65532,22,65484,0,43712
65533,23,65484,0,43737
65533,23,65484,0,43762
65533,23,65484,0,43787
65532,22,65483,0,43812
65532,22,65483,0,43837
65532,22,65483,0,43862
65533,23,65484,0,43887
65533,23,65484,0,43912
65533,23,65484,0,43936
65532,22,65483,0,43962
65532,22,65483,0,43986
65533,23,65484,0,44012
65533,23,65484,0,44037
65533,23,65484,0,44061
65532,22,65484,0,44087
65532,22,65484,0,44111
65532,22,65484,0,44136
65532,22,65483,0,44162
65532,22,65483,0,44186
65532,22,65483,0,44212
65532,23,65484,0,44236
65532,23,65484,0,44261
65532,22,65483,0,44286
65532,22,65483,0,44311
65532,22,65483,0,44336
65533,23,65485,0,44361
65533,23,65485,0,44386
65533,23,65485,0,44411
65531,21,65483,0,44436
65531,21,65483,0,44461
65531,22,65483,0,44486
65532,22,65483,0,44511
65532,22,65483,0,44535
65533,23,65484,0,44561
65533,23,65484,0,44585
65533,23,65484,0,44611
65531,22,65483,0,44636
65531,22,65483,0,44660
65531,22,65483,0,44686
65532,22,65484,0,44710
65532,22,65484,0,44735
65531,21,65483,0,44761
65531,21,65483,0,44785
65531,21,65483,0,44811
65532,23,65484,0,44835
65532,23,65484,0,44860
65532,23,65484,0,44886
65531,22,65483,0,44910
65531,22,65483,0,44935
65531,22,65483,0,44960
65532,22,65484,0,44985
65532,22,65484,0,45010
65531,22,65483,0,45035
65531,22,65483,0,45060
65531,22,65483,0,45085
65531,21,65483,0,45110
65531,21,65483,0,45134
65531,21,65483,0,45160
65531,21,65483,0,45185
65531,21,65483,0,45210
65531,21,65483,0,45235
65532,22,65484,0,45259
65532,22,65484,0,45285
65532,22,65483,0,45309
65532,22,65483,0,45334
65532,22,65483,0,45360
65531,22,65483,0,45384
65531,22,65483,0,45410
65531,22,65483,0,45434
65531,21,65483,0,45459
65531,21,65483,0,45485
65531,21,65482,0,45509
65531,21,65482,0,45534
65531,21,65482,0,45559
65531,21,65483,0,45584
65531,21,65483,0,45609
65531,21,65483,0,45634
65531,21,65483,0,45659
65531,21,65483,0,45684
65531,21,65483,0,45709
65531,21,65483,0,45733
65531,21,65483,0,45759
65531,20,65482,0,45784
65531,20,65482,0,45809
65531,20,65482,0,45834
65531,21,65483,0,45858
65531,21,65483,0,45884
65531,21,65483,0,45908
65532,22,65484,0,45933
65532,22,65484,0,45959
65532,22,65484,0,45983
65532,22,65483,0,46009
65532,22,65483,0,46033
65531,22,65483,0,46058
65531,22,65483,0,46084
65531,22,65483,0,46108
65532,22,65484,0,46133
65532,22,65484,0,46158
65532,22,65484,0,46183
65531,21,65483,0,46209
65531,21,65483,0,46233
65532,22,65483,0,46258
65532,22,65483,0,46283
65532,22,65483,0,46308
65531,21,65483,0,46332
65531,21,65483,0,46358
65531,21,65483,0,46383
65531,21,65483,0,46408
65531,21,65483,0,46433
65531,21,65483,0,46457
65532,22,65483,0,46483
65532,22,65483,0,46508
65531,21,65483,0,46532
65531,21,65483,0,46558
65531,21,65483,0,46582
65531,21,65483,0,46608
65531,21,65483,0,46632
65531,21,65483,0,46657
65532,22,65483,0,46683
65532,22,65483,0,46707
65532,22,65483,0,46732
65532,21,65484,0,46757
65532,21,65484,0,46782
65532,22,65484,0,46808
65532,22,65484,0,46832
65532,22,65484,0,46857
65532,22,65484,0,46882
65532,22,65484,0,46907
65532,22,65484,0,46931
65531,22,65483,0,46957
65531,22,65483,0,46982
65531,22,65483,0,47007
65531,22,65483,0,47032
65531,22,65483,0,47056
65531,21,65483,0,47082
65531,21,65483,0,47107
65531,21,65483,0,47131
65532,21,65483,0,47157
65532,21,65483,0,47181
65532,21,65483,0,47207
65531,21,65483,0,47232
65531,21,65483,0,47256
65532,21,65483,0,47282
65532,21,65483,0,47306
65532,21,65483,0,47331
65531,21,65483,0,47356
65531,21,65483,0,47381
65531,21,65483,0,47407
65532,22,65484,0,47431
65532,22,65484,0,47456
65532,22,65484,0,47481
65531,21,65483,0,47506
65531,21,65483,0,47531
65531,21,65483,0,47556
65531,21,65483,0,47581
65531,21,65483,0,47606
65532,22,65483,0,47631
65532,22,65483,0,47655
65532,22,65483,0,47681
65531,21,65483,0,47706
65531,21,65483,0,47730
65531,22,65483,0,47756
65531,22,65483,0,47780
65531,22,65483,0,47806
65532,21,65484,0,47831
65532,21,65484,0,47855
65532,21,65484,0,47881
65531,21,65483,0,47905
65531,21,65483,0,47930
65531,21,65483,0,47955
65532,22,65484,0,47980
65532,22,65484,0,48006
65530,21,65483,0,48030
65530,21,65483,0,48055
65530,21,65483,0,48080
65532,22,65484,0,48105
65532,22,65484,0,48130
65532,22,65484,0,48155
65531,21,65483,0,48180
65531,21,65483,0,48205
65531,21,65483,0,48230
65531,21,65483,0,48254
65531,21,65483,0,48280
65530,21,65483,0,48305
65530,21,65483,0,48329
65530,21,65483,0,48355
65531,21,65483,0,48379
65531,21,65483,0,48405
65531,21,65483,0,48430
65532,22,65484,0,48454
65532,22,65484,0,48480
65532,21,65482,0,48504
65531,21,65482,0,48529
65531,21,65482,0,48555
65532,22,65484,0,48579
65532,22,65484,0,48605
65532,22,65484,0,48629
65530,20,65482,0,48654
65530,20,65482,0,48679
65530,20,65482,0,48704
65531,21,65483,0,48729
65531,21,65483,0,48754
65532,21,65484,0,48779
65532,21,65484,0,48804
65532,21,65484,0,48829
65530,20,65482,0,48854
65530,20,65482,0,48879
65530,20,65482,0,48904
65531,21,65483,0,48928
65531,21,65483,0,48954
65531,21,65483,0,48978
65532,22,65484,0,49004
65532,22,65484,0,49029
65530,21,65482,0,49053
65530,21,65482,0,49079
65530,21,65482,0,49103
65532,21,65484,0,49128
65532,21,65484,0,49154
65532,21,65484,0,49178
65531,21,65483,0,49204
65531,21,65483,0,49228
65531,21,65483,0,49253
65531,21,65483,0,49278
65531,21,65483,0,49303
65532,22,65484,0,49328
65532,22,65484,0,49353
65532,22,65484,0,49378
65531,21,65483,0,49403
65531,21,65483,0,49428
65531,21,65483,0,49453
65531,21,65483,0,49478
65531,21,65483,0,49503
65532,22,65484,0,49527
65532,22,65484,0,49553
65532,22,65484,0,49577
65531,21,65483,0,49603
65531,21,65483,0,49628
65531,21,65483,0,49652
65531,21,65482,0,49678
65531,21,65482,0,49702
65531,21,65482,0,49727
65531,22,65484,0,49753
65531,22,65484,0,49777
65531,21,65483,0,49803
65531,21,65483,0,49827
65531,21,65483,0,49852
65531,20,65483,0,49878
65531,20,65483,0,49902
65531,20,65483,0,49927
65531,22,65484,0,49952
65531,22,65484,0,49977
65531,22,65484,0,50002
65531,20,65482,0,50027
65531,20,65482,0,50052
65531,20,65483,0,50077
65531,20,65483,0,50102
65531,20,65483,0,50126
65532,22,65484,0,50152
65532,22,65484,0,50177
65532,22,65484,0,50202
65532,22,65483,0,50227
65532,22,65483,0,50251
65533,23,65484,0,50277
65533,23,65484,0,50301
65533,23,65484,0,50326
65532,22,65484,0,50352
65532,22,65484,0,50376
65532,22,65484,0,50402
65533,24,65485,0,50426
65533,24,65485,0,50451
65533,24,65485,0,50477
65534,23,65485,0,50501
65534,23,65485,0,50526
65532,22,65484,0,50551
65532,22,65484,0,50576
65532,22,65484,0,50601
65533,23,65484,0,50626
65533,23,65484,0,50651
65533,23,65484,0,50676
65532,22,65483,0,50701
65532,22,65483,0,50725
65532,22,65483,0,50751
65533,22,65484,0,50776
65533,22,65484,0,50801
65533,21,65484,0,50826
65533,21,65484,0,50850
65533,21,65484,0,50876
65532,22,65483,0,50900
65532,22,65483,0,50925
65532,22,65483,0,50951
65533,23,65485,0,50975
65533,23,65485,0,51001
65532,22,65484,0,51025
65532,22,65484,0,51050
65532,22,65484,0,51076
65533,23,65484,0,51100
65533,23,65484,0,51125
65533,23,65484,0,51150
65534,25,65486,0,51175
65534,25,65486,0,51201
65534,25,65486,0,51225
65533,22,65484,0,51250
65533,22,65484,0,51275
65534,25,65486,0,51300
65534,25,65486,0,51324
65534,25,65486,0,51350
65533,23,65484,0,51375
65533,23,65484,0,51400
65533,23,65484,0,51425
65534,23,65484,0,51449
65534,23,65484,0,51475
65534,23,65484,0,51500
65535,25,65485,0,51524
65535,25,65485,0,51550
65534,24,65485,0,51574
65534,24,65485,0,51600
65534,24,65485,0,51624
65534,24,65484,0,51649
65534,24,65484,0,51675
65534,24,65484,0,51699
65534,25,65485,0,51724
65534,25,65485,0,51749
65534,25,65486,0,51774
65535,25,65486,0,51800
65535,25,65486,0,51824
65533,25,65484,0,51849
65533,25,65484,0,51874
65533,25,65484,0,51899
65534,26,65484,0,51923
65534,26,65484,0,51949
65534,26,65484,0,51974
65534,27,65484,0,51999
65534,27,65484,0,52024
65532,26,65481,0,52048
65532,26,65481,0,52074
65532,26,65481,0,52099
65532,27,65480,0,52123
65532,27,65480,0,52149
65532,27,65480,0,52173
65531,28,65478,0,52199
65531,28,65478,0,52224
65531,28,65478,0,52248
65531,28,65477,0,52274
65531,28,65477,0,52298
65531,28,65473,0,52323
65531,28,65473,0,52348
65531,28,65473,0,52373
65531,25,65469,0,52399
65531,25,65469,0,52423
65531,25,65469,0,52448
65532,22,65464,0,52473
65532,22,65464,0,52498
65532,22,65464,0,52523
65533,17,65461,0,52548
65533,17,65461,0,52573
0,13,65460,0,52598
0,13,65460,0,52619
0,13,65460,0,52639
3,7,65459,0,52661
3,7,65459,0,52680
3,7,65459,0,52700
3,7,65459,0,52719
7,2,65461,0,52740
7,2,65461,0,52759
7,2,65461,0,52779
10,65535,65462,0,52799
10,65535,65462,0,52824
10,65535,65462,0,52848
13,65533,65466,0,52874
13,65533,65466,0,52898
13,65533,65466,0,52923
16,65530,65469,0,52948
16,65530,65469,0,52973
16,65530,65469,0,52999
18,65528,65473,0,53023
18,65528,65473,0,53048
18,65526,65478,0,53073
18,65526,65478,0,53098
18,65526,65478,0,53123
16,65527,65483,0,53148
16,65527,65483,0,53173
16,65527,65483,0,53198
13,65529,65484,0,53223
13,65529,65484,0,53248
13,65531,65484,0,53273
11,65531,65484,0,53298
11,65531,65484,0,53322
11,65533,65484,0,53348
11,65533,65484,0,53372
11,65533,65484,0,53398
12,65534,65485,0,53423
12,65534,65485,0,53447
12,65534,65485,0,53473
12,0,65486,0,53497
12,0,65486,0,53518
12,0,65486,0,53539
11,0,65488,0,53560
11,0,65488,0,53580
11,0,65488,0,53602
10,2,65489,0,53622
10,2,65489,0,53643
10,2,65489,0,53664
9,3,65489,0,53685
9,3,65489,0,53704
9,3,65489,0,53725
9,3,65489,0,53744
8,4,65489,0,53764
8,4,65489,0,53783
8,4,65489,0,53804
8,5,65489,0,53823
8,5,65489,0,53842
8,5,65489,0,53863
8,5,65489,0,53882
7,6,65488,0,53902
7,6,65488,0,53921
7,6,65488,0,53942
7,6,65488,0,53961
7,6,65488,0,53981
7,6,65488,0,54001
7,6,65488,0,54021
7,7,65488,0,54040
7,7,65488,0,54061
7,7,65488,0,54080
6,7,65488,0,54099
6,7,65488,0,54119
6,7,65488,0,54139
6,7,65487,0,54159
6,7,65487,0,54178
6,7,65487,0,54199
6,7,65487,0,54218
6,8,65487,0,54238
6,8,65487,0,54258
6,8,65487,0,54278
6,8,65487,0,54297
6,8,65487,0,54317
6,8,65487,0,54337
6,8,65487,0,54356
6,8,65487,0,54376
6,8,65487,0,54396
6,8,65487,0,54416
6,9,65486,0,54435
6,9,65486,0,54456
6,9,65486,0,54475
6,9,65486,0,54495
6,8,65486,0,54514
6,8,65486,0,54535
6,8,65486,0,54554
6,9,65486,0,54574
6,9,65486,0,54594
6,9,65486,0,54614
6,9,65486,0,54633
6,9,65486,0,54652
6,9,65486,0,54673
6,9,65486,0,54692
5,9,65486,0,54712
5,9,65486,0,54732
5,9,65486,0,54752
5,9,65487,0,54771
5,9,65487,0,54792
5,9,65487,0,54811
5,9,65487,0,54831
6,9,65486,0,54850
6,9,65486,0,54871
6,9,65486,0,54890
6,9,65486,0,54909
6,9,65486,0,54930
6,9,65486,0,54949
6,9,65486,0,54969
6,9,65486,0,54989
6,9,65486,0,55009
6,9,65486,0,55028
5,9,65486,0,55048
5,9,65486,0,55068
5,9,65486,0,55088
5,9,65486,0,55107
5,9,65486,0,55128
5,9,65486,0,55147
5,9,65486,0,55166
5,9,65486,0,55186
5,9,65486,0,55206
5,9,65486,0,55226
5,9,65486,0,55245
5,9,65486,0,55266
5,9,65486,0,55285
5,9,65486,0,55305
6,9,65486,0,55325
6,9,65486,0,55345
6,9,65486,0,55364
6,9,65486,0,55384
5,9,65486,0,55404
5,9,65486,0,55424
5,9,65486,0,55443
5,9,65486,0,55463
5,9,65486,0,55483
5,9,65486,0,55502
5,9,65486,0,55523
5,9,65486,0,55542
5,9,65486,0,55562
5,9,65486,0,55581
5,9,65486,0,55602
5,9,65486,0,55621
5,9,65486,0,55641
5,9,65486,0,55661
5,9,65486,0,55681
5,9,65486,0,55700
5,9,65486,0,55720
5,9,65486,0,55740
5,9,65486,0,55759
5,9,65486,0,55779
5,9,65486,0,55799
5,9,65486,0,55819
5,9,65486,0,55838
5,9,65486,0,55859
5,9,65486,0,55878
5,9,65486,0,55898
5,9,65486,0,55917
5,9,65486,0,55938
5,9,65486,0,55957
5,9,65486,0,55976
5,9,65486,0,55997
6,9,65486,0,56016
6,9,65486,0,56036
6,9,65486,0,56056
5,10,65486,0,56076
5,10,65486,0,56096
5,10,65486,0,56117
6,9,65486,0,56138
6,9,65486,0,56158
6,9,65486,0,56177
6,9,65486,0,56198
5,9,65486,0,56217
5,9,65486,0,56237
5,9,65486,0,56257
5,9,65485,0,56276
5,9,65485,0,56296
5,9,65485,0,56315
5,9,65485,0,56336
5,9,65486,0,56355
5,9,65486,0,56375
5,9,65486,0,56395
5,9,65486,0,56415
5,9,65486,0,56434
5,9,65486,0,56455
5,9,65486,0,56474
5,9,65486,0,56494
5,9,65486,0,56513
5,9,65486,0,56534
5,9,65486,0,56553
5,9,65486,0,56572
5,9,65486,0,56593
5,10,65486,0,56612
5,10,65486,0,56633
5,10,65486,0,56654
5,10,65486,0,56675
5,9,65486,0,56695
5,9,65486,0,56715
5,9,65486,0,56735
5,10,65486,0,56755
5,10,65486,0,56775
5,10,65486,0,56797
6,9,65486,0,56817
6,9,65486,0,56837
6,9,65486,0,56857
6,9,65486,0,56877
5,9,65486,0,56896
5,9,65486,0,56915
5,9,65486,0,56936
5,10,65486,0,56955
5,10,65486,0,56976
5,10,65486,0,56997
5,10,65486,0,57018
6,9,65485,0,57038
6,9,65485,0,57059
6,9,65485,0,57078
5,9,65486,0,57098
5,9,65486,0,57118
5,9,65486,0,57138
5,9,65486,0,57157
5,9,65486,0,57177
5,9,65486,0,57197
5,9,65486,0,57217
5,9,65486,0,57236
5,9,65486,0,57256
5,9,65486,0,57276
5,9,65486,0,57295
5,9,65486,0,57315
5,9,65486,0,57335
5,9,65486,0,57355
6,9,65486,0,57374
6,9,65486,0,57395
6,9,65486,0,57414
5,9,65486,0,57434
5,9,65486,0,57454
5,9,65486,0,57474
5,9,65486,0,57493
6,9,65486,0,57512
6,9,65486,0,57533
6,9,65486,0,57552
5,9,65486,0,57572
5,9,65486,0,57592
5,9,65486,0,57612
5,9,65486,0,57631
5,9,65486,0,57652
5,9,65486,0,57671
5,9,65486,0,57691
6,9,65486,0,57710
6,9,65486,0,57731
6,9,65486,0,57750
5,9,65486,0,57769
5,9,65486,0,57790
5,9,65486,0,57809
5,9,65486,0,57829
5,9,65486,0,57848
5,9,65486,0,57869
5,9,65486,0,57888
5,10,65486,0,57908
5,10,65486,0,57929
5,10,65486,0,57950
5,10,65486,0,57970
6,9,65486,0,57992
6,9,65486,0,58011
6,9,65486,0,58031
5,10,65486,0,58051
5,10,65486,0,58072
5,10,65486,0,58092
5,9,65485,0,58113
5,9,65485,0,58133
5,9,65485,0,58152
5,9,65485,0,58172
5,10,65486,0,58192
5,10,65486,0,58213
5,10,65486,0,58233
5,9,65486,0,58255
5,9,65486,0,58274
5,9,65486,0,58294
6,10,65486,0,58313
6,10,65486,0,58335
6,10,65486,0,58355
6,10,65486,0,58376
5,10,65486,0,58397
5,10,65486,0,58418
5,10,65486,0,58438
5,9,65486,0,58460
5,9,65486,0,58479
5,9,65486,0,58499
5,9,65486,0,58519
5,9,65486,0,58539
5,9,65486,0,58558
5,9,65486,0,58577
5,9,65486,0,58598
5,9,65486,0,58617
5,9,65486,0,58637
5,9,65486,0,58657
5,9,65486,0,58677
5,9,65486,0,58696
5,9,65486,0,58717
5,10,65486,0,58736
5,10,65486,0,58757
5,10,65486,0,58777
5,9,65486,0,58799
5,9,65486,0,58818
5,9,65486,0,58838
5,9,65486,0,58858
6,9,65486,0,58877
6,9,65486,0,58897
6,9,65486,0,58917
5,10,65486,0,58937
5,10,65486,0,58957
5,10,65486,0,58978
6,9,65486,0,58999
6,9,65486,0,59019
6,9,65486,0,59038
6,9,65486,0,59059
5,9,65486,0,59078
5,9,65486,0,59098
5,9,65486,0,59118
5,10,65486,0,59138
5,10,65486,0,59158
5,10,65486,0,59179
5,10,65486,0,59200
5,10,65486,0,59220
5,10,65486,0,59241
5,10,65486,0,59262
5,10,65486,0,59283
5,10,65486,0,59303
5,10,65486,0,59325
5,9,65486,0,59345
5,9,65486,0,59365
5,9,65486,0,59385
6,9,65486,0,59405
6,9,65486,0,59424
6,9,65486,0,59444
6,9,65486,0,59464
6,9,65486,0,59484
6,9,65486,0,59503
6,9,65486,0,59524
5,9,65486,0,59543
5,9,65486,0,59563
5,9,65486,0,59583
5,9,65486,0,59602
6,9,65486,0,59622
6,9,65486,0,59641
6,9,65486,0,59662
5,9,65485,0,59681
5,9,65485,0,59701
5,9,65485,0,59721
5,9,65485,0,59741
5,9,65486,0,59760
5,9,65486,0,59781
5,9,65486,0,59800
5,9,65486,0,59820
5,9,65486,0,59839
5,9,65486,0,59859
5,9,65486,0,59879
5,9,65486,0,59898
5,9,65486,0,59919
5,9,65486,0,59938
6,9,65486,0,59958
6,9,65486,0,59977
6,9,65486,0,59998
6,9,65486,0,60017
6,9,65486,0,60037
6,9,65486,0,60057
6,9,65486,0,60077
5,10,65486,0,60096
5,10,65486,0,60118
5,10,65486,0,60138
6,9,65486,0,60158
6,9,65486,0,60178
6,9,65486,0,60198
6,9,65486,0,60218
6,9,65486,0,60237
6,9,65486,0,60258
6,9,65486,0,60277
5,9,65486,0,60297
5,9,65486,0,60317
5,9,65486,0,60337
5,9,65486,0,60356
5,9,65486,0,60376
5,9,65486,0,60396
5,9,65486,0,60416
5,10,65486,0,60435
5,10,65486,0,60456
5,10,65486,0,60477
6,9,65486,0,60497
6,9,65486,0,60518
6,9,65486,0,60537
6,9,65486,0,60557
5,10,65486,0,60576
5,10,65486,0,60598
5,10,65486,0,60618
5,10,65486,0,60639
5,10,65486,0,60660
5,10,65486,0,60681
5,9,65486,0,60701
5,9,65486,0,60722
5,9,65486,0,60741
5,9,65486,0,60761
5,9,65485,0,60781
5,9,65485,0,60801
5,9,65485,0,60820
5,9,65486,0,60839
5,9,65486,0,60860
5,9,65486,0,60879
5,9,65486,0,60899
5,9,65486,0,60919
5,9,65486,0,60939
5,9,65486,0,60958
5,9,65486,0,60979
5,9,65486,0,60998
5,9,65486,0,61018
5,9,65486,0,61037
5,9,65485,0,61058
5,9,65485,0,61077
5,9,65485,0,61096
5,9,65486,0,61117
5,9,65486,0,61136
5,9,65486,0,61156
5,9,65485,0,61175
5,9,65485,0,61196
5,9,65485,0,61215
5,9,65485,0,61235
5,10,65485,0,61255
5,10,65485,0,61276
5,10,65485,0,61296
5,9,65486,0,61318
5,9,65486,0,61337
5,9,65486,0,61357
5,9,65486,0,61377
5,9,65486,0,61396
5,9,65486,0,61416
5,9,65486,0,61435
5,9,65486,0,61456
5,9,65486,0,61475
5,9,65486,0,61495
6,9,65486,0,61515
6,9,65486,0,61535
6,9,65486,0,61554
6,9,65486,0,61574
5,9,65486,0,61594
5,9,65486,0,61614
5,9,65486,0,61633
6,10,65486,0,61654
6,10,65486,0,61674
6,10,65486,0,61694
6,10,65486,0,61716
5,9,65485,0,61736
5,9,65485,0,61756
5,9,65485,0,61775
5,9,65486,0,61796
5,9,65486,0,61815
5,9,65486,0,61835
5,9,65486,0,61855
5,9,65486,0,61875
5,9,65486,0,61894
5,9,65486,0,61915
5,9,65486,0,61934
5,9,65486,0,61954
5,9,65486,0,61973
5,9,65486,0,61993
5,9,65486,0,62013
5,9,65486,0,62032
5,9,65486,0,62053
5,9,65486,0,62072
5,9,65486,0,62092
5,9,65486,0,62112
5,10,65486,0,62132
5,10,65486,0,62152
5,10,65486,0,62173
5,10,65486,0,62194
5,9,65486,0,62215
5,9,65486,0,62234
5,9,65486,0,62255
5,9,65486,0,62274
5,9,65486,0,62294
5,9,65486,0,62314
5,9,65486,0,62333
5,9,65486,0,62353
5,9,65486,0,62372
5,9,65486,0,62393
5,10,65486,0,62412
5,10,65486,0,62433
5,10,65486,0,62454
5,9,65486,0,62475
5,9,65486,0,62494
5,9,65486,0,62515
5,9,65486,0,62534
5,9,65486,0,62554
5,9,65486,0,62573
5,9,65486,0,62594
5,9,65486,0,62613
5,9,65486,0,62632
5,9,65486,0,62653
5,9,65486,0,62672
5,9,65486,0,62692
5,9,65486,0,62712
5,9,65486,0,62732
6,9,65486,0,62751
6,9,65486,0,62771
6,9,65486,0,62791
5,9,65486,0,62811
5,9,65486,0,62830