65532,1,65482,0,12025
65532,1,65482,0,12049
65532,1,65482,0,12072
65532,1,65482,0,12097
65532,1,65482,0,12121
65532,1,65482,0,12144
65532,1,65482,0,12169
65532,1,65482,0,12192
65532,1,65482,0,12216
65532,1,65482,0,12240
65532,1,65482,0,12264
65532,1,65482,0,12289
65532,1,65482,0,12312
65532,1,65482,0,12336
65532,1,65482,0,12360
65532,1,65482,0,12384
65532,1,65482,0,12407
65532,1,65482,0,12432
65532,1,65482,0,12455
65532,1,65482,0,12479
65532,1,65482,0,12504
65532,1,65482,0,12527
65532,1,65482,0,12551
65532,1,65482,0,12575
65532,1,65482,0,12599
65532,1,65482,0,12623
65532,1,65482,0,12647
65532,1,65482,0,12670
65532,1,65482,0,12695
65532,1,65482,0,12719
65532,1,65482,0,12742
65532,1,65482,0,12767
65532,1,65482,0,12790
65532,1,65482,0,12814
65532,1,65482,0,12838
65532,1,65482,0,12862
65532,1,65482,0,12887
65532,1,65482,0,12910
65532,1,65482,0,12934
65532,1,65482,0,12958
65532,1,65482,0,12982
65532,1,65482,0,13005
65532,1,65482,0,13030
65532,1,65482,0,13053
65532,1,65482,0,13077
65532,1,65482,0,13102
65532,1,65482,0,13125
65532,1,65482,0,13149
65532,1,65482,0,13173
65532,1,65482,0,13197
65532,0,65482,0,13221
65532,0,65482,0,13245
65532,0,65482,0,13268
65532,1,65482,0,13293
65532,1,65482,0,13317
65532,1,65482,0,13340
65532,1,65482,0,13365
65532,1,65482,0,13388
65532,1,65482,0,13412
65532,0,65482,0,13436
65532,0,65482,0,13460
65532,0,65482,0,13485
65532,1,65482,0,13508
65532,1,65482,0,13532
65532,1,65482,0,13556
65532,1,65482,0,13580
65532,1,65482,0,13603
65532,1,65482,0,13628
65532,1,65482,0,13651
65532,1,65482,0,13675
65532,1,65482,0,13700
65532,1,65482,0,13723
65532,1,65482,0,13747
65532,1,65482,0,13771
65532,1,65482,0,13795
65532,1,65482,0,13819
65532,1,65482,0,13843
65532,1,65482,0,13867
65532,1,65482,0,13891
65532,1,65482,0,13915
65532,1,65482,0,13938
65532,1,65482,0,13963
65532,1,65482,0,13986
65532,1,65482,0,14010
65532,0,65482,0,14034
65532,0,65482,0,14058
65532,0,65482,0,14082
65532,1,65482,0,14106
65532,1,65482,0,14130
65532,1,65482,0,14154
65532,1,65482,0,14178
65532,1,65482,0,14201
65532,1,65482,0,14226
65532,1,65482,0,14249
65532,1,65482,0,14273
65532,1,65482,0,14298
65532,1,65482,0,14321
65532,1,65482,0,14345
65532,1,65482,0,14369
65532,1,65482,0,14393
65532,1,65482,0,14417
65532,1,65482,0,14441
65532,1,65482,0,14465
65532,1,65482,0,14489
65532,1,65482,0,14513
65532,1,65482,0,14536
65532,1,65482,0,14561
65532,1,65482,0,14584
65532,1,65482,0,14608
65532,1,65482,0,14632
65532,1,65482,0,14656
65532,1,65482,0,14680
65532,1,65482,0,14704
65532,1,65482,0,14728
65532,1,65482,0,14752
65532,1,65482,0,14776
65532,1,65482,0,14799
65532,1,65482,0,14824
65532,1,65482,0,14848
65532,1,65482,0,14871
65532,1,65482,0,14896
65532,1,65482,0,14919
65532,1,65482,0,14943
65532,1,65482,0,14967
65532,0,65482,0,14991
65532,0,65482,0,15015
65532,0,65482,0,15039
65532,1,65482,0,15063
65532,1,65482,0,15087
65532,1,65482,0,15111
65532,1,65482,0,15134
65532,1,65482,0,15159
65532,1,65482,0,15182
65532,1,65482,0,15206
65532,1,65482,0,15230
65532,1,65482,0,15254
65532,1,65482,0,15278
65532,1,65482,0,15302
65532,1,65482,0,15326
65532,1,65482,0,15350
65532,1,65482,0,15374
65532,1,65482,0,15397
65532,1,65482,0,15422
65532,1,65482,0,15446
65532,1,65482,0,15469
65532,1,65482,0,15494
65532,1,65482,0,15517
65532,1,65482,0,15541
65532,1,65482,0,15565
65532,1,65482,0,15589
65532,0,65482,0,15612
65532,0,65482,0,15637
65532,0,65482,0,15661
65532,1,65482,0,15685
65532,1,65482,0,15709
65532,1,65482,0,15732
65532,1,65482,0,15757
65532,1,65482,0,15780
65532,1,65482,0,15804
65532,1,65482,0,15828
65532,1,65482,0,15852
65532,1,65482,0,15876
65532,1,65482,0,15900
65532,1,65482,0,15924
65532,1,65482,0,15948
65532,1,65482,0,15972
65532,1,65482,0,15995
65532,1,65482,0,16020
65532,1,65482,0,16044
65532,1,65482,0,16067
65532,1,65482,0,16092
65532,1,65482,0,16115
65532,1,65482,0,16139
65532,1,65482,0,16163
65532,1,65482,0,16187
65532,1,65482,0,16210
65531,1,65482,0,16235
65531,1,65482,0,16259
65531,1,65482,0,16283
65531,1,65482,0,16307
65531,1,65482,0,16330
65531,1,65482,0,16355
65531,1,65482,0,16378
65531,1,65482,0,16402
65531,1,65482,0,16427
65531,1,65482,0,16450
65531,1,65482,0,16474
65531,1,65482,0,16498
65531,1,65482,0,16522
65531,1,65482,0,16546
65531,1,65482,0,16570
65531,1,65482,0,16593
65531,1,65482,0,16618
65530,1,65482,0,16642
65530,1,65482,0,16665
65530,1,65482,0,16690
65530,1,65482,0,16713
65530,1,65482,0,16737
65530,1,65482,0,16761
65530,1,65482,0,16785
65530,1,65482,0,16808
65530,1,65482,0,16833
65530,1,65482,0,16857
65530,1,65482,0,16881
65529,1,65481,0,16905
65529,1,65481,0,16928
65529,1,65481,0,16953
65529,1,65481,0,16976
65529,1,65481,0,17000
65529,1,65481,0,17025
65528,1,65481,0,17048
65528,1,65481,0,17072
65528,1,65481,0,17096
65528,1,65481,0,17120
65528,1,65481,0,17143
65528,1,65481,0,17168
65527,1,65481,0,17191
65527,1,65481,0,17216
65526,0,65480,0,17240
65526,0,65480,0,17263
65526,0,65480,0,17288
65525,0,65479,0,17311
65525,0,65479,0,17335
65525,0,65479,0,17359
65524,0,65478,0,17383
65524,0,65478,0,17406
65524,0,65478,0,17431
65523,0,65476,0,17455
65523,0,65476,0,17478
65523,0,65476,0,17503
65522,0,65475,0,17526
65522,0,65475,0,17551
65522,0,65475,0,17574
65521,0,65472,0,17598
65521,0,65472,0,17623
65521,0,65472,0,17646
65521,65535,65469,0,17670
65521,65535,65469,0,17698
65521,65534,65466,0,17726
65521,65534,65466,0,17755
65521,65534,65466,0,17782
65523,65534,65463,0,17811
65523,65534,65463,0,17839
65525,65533,65460,0,17866
65525,65533,65460,0,17895
65528,65532,65457,0,17923
65528,65532,65457,0,17951
65528,65532,65457,0,17979
65534,65531,65456,0,18007
65534,65531,65456,0,18035
3,65531,65458,0,18063
3,65531,65458,0,18087
3,65531,65458,0,18111
7,65533,65462,0,18135
7,65533,65462,0,18159
7,65533,65462,0,18183
8,0,65468,0,18206
8,0,65468,0,18227
8,0,65468,0,18246
6,1,65471,0,18266
6,1,65471,0,18286
6,1,65471,0,18306
6,1,65471,0,18325
4,0,65473,0,18345
4,0,65473,0,18365
4,0,65473,0,18384
3,0,65475,0,18404
3,0,65475,0,18424
3,0,65475,0,18444
3,0,65475,0,18463
0,65535,65477,0,18484
0,65535,65477,0,18507
0,65535,65477,0,18531
65533,65534,65476,0,18555
65533,65534,65476,0,18583
65529,65532,65471,0,18612
65529,65532,65471,0,18639
65529,65532,65471,0,18667
65533,65527,65464,0,18696
65533,65527,65464,0,18723
4,65525,65464,0,18752
4,65525,65464,0,18776
4,65525,65464,0,18799
8,65522,65468,0,18824
8,65522,65468,0,18847
8,65522,65468,0,18871
9,65521,65472,0,18895
9,65521,65472,0,18919
9,65521,65472,0,18944
10,65520,65475,0,18967
10,65520,65475,0,18992
11,65522,65478,0,19017
11,65522,65478,0,19042
11,65522,65478,0,19066
10,65526,65482,0,19092
10,65526,65482,0,19117
10,65526,65482,0,19142
8,65530,65484,0,19167
8,65530,65484,0,19190
8,65530,65484,0,19215
6,65535,65487,0,19238
6,65535,65487,0,19262
5,3,65487,0,19287
5,3,65487,0,19306
5,3,65487,0,19325
5,3,65487,0,19346
2,8,65488,0,19365
2,8,65488,0,19385
2,8,65488,0,19404
65535,13,65485,0,19425
65535,13,65485,0,19449
65535,13,65485,0,19475
65534,15,65481,0,19500
65534,15,65481,0,19524
65534,15,65481,0,19550
65535,16,65479,0,19574
65535,16,65479,0,19599
65535,16,65479,0,19624
0,17,65479,0,19649
0,17,65479,0,19670
0,17,65479,0,19691
1,18,65480,0,19712
1,18,65480,0,19732
1,18,65480,0,19753
2,19,65483,0,19774
2,19,65483,0,19794
2,19,65483,0,19816
1,21,65488,0,19836
1,21,65488,0,19857
1,21,65488,0,19878
1,22,65493,0,19899
65535,22,65493,0,19919
65535,22,65493,0,19945
65531,22,65495,0,19970
65531,22,65495,0,19994
65531,22,65495,0,20020
65528,22,65496,0,20044
65528,22,65496,0,20069
65528,22,65496,0,20094
65526,21,65496,0,20119
65526,21,65496,0,20145
65526,21,65496,0,20169
65523,19,65495,0,20194
65523,19,65495,0,20219
65523,17,65495,0,20244
65523,17,65495,0,20269
65523,17,65495,0,20294
65521,16,65494,0,20319
65521,16,65494,0,20344
65521,16,65494,0,20369
65521,14,65494,0,20393
65521,14,65494,0,20419
65521,14,65494,0,20444
65520,13,65493,0,20468
65520,13,65493,0,20494
65520,13,65493,0,20518
65520,13,65493,0,20544
65520,13,65493,0,20569
65520,13,65493,0,20593
65520,13,65493,0,20619
65520,13,65493,0,20643
65520,13,65494,0,20668
65520,13,65494,0,20694
65520,13,65493,0,20718
65520,13,65493,0,20744
65520,13,65493,0,20768
65519,13,65494,0,20793
65519,13,65494,0,20818
65519,13,65494,0,20843
65520,13,65494,0,20868
65520,13,65494,0,20893
65520,13,65494,0,20918
65520,13,65494,0,20943
65520,13,65494,0,20968
65520,13,65493,0,20993
65520,13,65493,0,21018
65520,13,65493,0,21043
65519,13,65494,0,21067
65519,13,65494,0,21093
65519,13,65494,0,21117
65519,13,65494,0,21143
65519,13,65494,0,21168
65519,13,65494,0,21192
65520,13,65494,0,21218
65520,13,65494,0,21242
65519,13,65494,0,21267
65519,13,65494,0,21293
65519,13,65494,0,21317
65519,13,65493,0,21343
65519,13,65493,0,21367
65519,13,65493,0,21392
65519,14,65494,0,21417
65519,14,65494,0,21442
65519,14,65494,0,21467
65519,14,65494,0,21492
65519,14,65494,0,21517
65520,13,65493,0,21542
65520,13,65493,0,21567
65520,13,65493,0,21592
65520,13,65493,0,21617
65520,13,65493,0,21642
65520,13,65493,0,21666
65520,13,65493,0,21692
65520,13,65493,0,21716
65520,13,65493,0,21742
65520,13,65493,0,21767
65520,13,65493,0,21791
65518,11,65492,0,21817
65518,11,65492,0,21841
65518,11,65492,0,21866
65519,10,65492,0,21892
65519,10,65492,0,21916
65519,10,65492,0,21942
65519,11,65492,0,21966
65519,11,65492,0,21991
65519,11,65492,0,22017
65519,11,65492,0,22041
65519,11,65492,0,22066
65520,12,65493,0,22091
65520,12,65493,0,22116
65520,12,65493,0,22141
65521,13,65493,0,22166
65521,13,65493,0,22191
65521,13,65493,0,22216
65521,13,65494,0,22241
65521,13,65494,0,22265
65522,14,65494,0,22291
65522,14,65494,0,22316
65522,14,65494,0,22341
65523,14,65494,0,22366
65523,14,65494,0,22390
65523,14,65494,0,22416
65523,14,65494,0,22440
65523,14,65494,0,22465
65523,14,65494,0,22491
65523,14,65494,0,22515
65523,14,65494,0,22541
65523,14,65493,0,22565
65523,14,65493,0,22590
65523,14,65493,0,22616
65523,14,65493,0,22640
65523,14,65493,0,22665
65523,14,65493,0,22690
65523,14,65493,0,22715
65523,14,65493,0,22740
65523,14,65493,0,22765
65523,14,65493,0,22790
65523,14,65493,0,22815
65523,14,65493,0,22840
65523,14,65493,0,22864
65523,14,65493,0,22890
65523,14,65493,0,22915
65523,14,65493,0,22940
65523,14,65493,0,22965
65523,14,65493,0,22989
65523,14,65493,0,23015
65523,14,65493,0,23040
65523,14,65493,0,23064
65523,14,65493,0,23090
65523,14,65493,0,23114
65523,14,65493,0,23140
65523,14,65493,0,23164
65523,14,65493,0,23189
65523,14,65493,0,23215
65523,14,65493,0,23239
65523,14,65493,0,23264
65523,14,65493,0,23289
65523,14,65493,0,23314
65523,14,65493,0,23340
65523,14,65493,0,23364
65523,14,65493,0,23389
65523,14,65493,0,23414
65523,14,65493,0,23439
65522,14,65494,0,23463
65522,14,65494,0,23489
65522,14,65494,0,23514
65522,14,65494,0,23539
65522,14,65494,0,23564
65523,14,65494,0,23588
65523,14,65494,0,23614
65523,14,65494,0,23639
65523,14,65494,0,23663
65523,14,65494,0,23689
65523,14,65494,0,23713
65523,14,65494,0,23739
65523,14,65494,0,23763
65523,14,65494,0,23788
65523,14,65494,0,23814
65523,14,65494,0,23838
65523,14,65494,0,23863
65523,14,65494,0,23888
65523,14,65494,0,23913
65523,14,65494,0,23939
65523,14,65494,0,23963
65523,14,65494,0,23988
65523,14,65494,0,24013
65523,14,65494,0,24038
65523,14,65494,0,24062
65523,14,65494,0,24088
65523,14,65494,0,24113
65523,14,65494,0,24138
65523,14,65494,0,24163
65523,14,65494,0,24187
65523,14,65494,0,24213
65523,14,65494,0,24238
65523,14,65494,0,24262
65523,14,65494,0,24288
65523,14,65494,0,24312
65523,14,65494,0,24338
65523,14,65494,0,24363
65523,14,65494,0,24387
65523,14,65494,0,24413
65523,14,65494,0,24437
65523,14,65494,0,24462
65523,14,65494,0,24487
65523,14,65494,0,24512
65523,14,65494,0,24538
65523,14,65494,0,24562
65523,14,65494,0,24587
65523,14,65494,0,24612
65523,14,65494,0,24637
65523,14,65494,0,24662
65523,14,65494,0,24687
65523,14,65494,0,24712
65523,14,65494,0,24737
65523,14,65494,0,24762
65523,14,65494,0,24786
65523,14,65494,0,24812
65523,14,65494,0,24837
65523,14,65494,0,24861
65523,14,65494,0,24887
65523,14,65494,0,24911
65523,14,65494,0,24937
65523,14,65494,0,24962
65523,14,65494,0,24986
65523,14,65494,0,25012
65523,14,65494,0,25036
65523,14,65494,0,25061
65523,14,65494,0,25086
65523,14,65494,0,25111
65523,14,65494,0,25137
65523,14,65494,0,25161
65523,14,65494,0,25186
65523,14,65494,0,25211
65523,14,65494,0,25236
65523,14,65494,0,25261
65523,14,65494,0,25286
65523,14,65494,0,25311
65523,14,65494,0,25336
65523,14,65494,0,25361
65523,14,65494,0,25385
65523,14,65494,0,25411
65523,14,65494,0,25436
65523,14,65494,0,25460
65523,14,65494,0,25486
65523,14,65494,0,25510
65523,14,65494,0,25536
65523,14,65494,0,25561
65523,14,65494,0,25585
65523,14,65494,0,25611
65523,14,65494,0,25635
65523,14,65494,0,25660
65523,14,65494,0,25686
65523,14,65494,0,25710
65523,14,65494,0,25736
65523,14,65494,0,25760
65523,14,65494,0,25785
65523,14,65494,0,25810
65523,14,65494,0,25835
65523,14,65494,0,25860
65523,14,65494,0,25885
65523,14,65494,0,25910
65523,14,65494,0,25935
65523,14,65494,0,25960
65523,14,65494,0,25985
65523,14,65494,0,26010
65523,14,65494,0,26035
65523,14,65493,0,26059
65523,14,65493,0,26085
65523,14,65494,0,26109
65523,14,65494,0,26135
65523,14,65494,0,26160
65523,14,65494,0,26184
65523,14,65494,0,26210
65523,14,65494,0,26234
65523,14,65494,0,26259
65523,14,65494,0,26285
65523,14,65494,0,26309
65523,14,65494,0,26335
65523,14,65494,0,26359
65523,14,65494,0,26384
65523,14,65494,0,26409
65523,14,65494,0,26434
65523,14,65494,0,26459
65523,14,65494,0,26484
65523,14,65494,0,26509
65523,14,65494,0,26534
65523,14,65494,0,26559
65523,14,65494,0,26584
65523,14,65494,0,26609
65523,14,65494,0,26634
65523,14,65494,0,26658
65523,14,65494,0,26684
65523,14,65494,0,26708
65523,14,65494,0,26734
65523,14,65494,0,26759
65523,14,65494,0,26783
65523,14,65494,0,26809
65523,14,65494,0,26833
65523,14,65494,0,26858
65523,14,65494,0,26884
65523,14,65494,0,26908
65523,14,65494,0,26934
65523,14,65494,0,26958
65523,14,65494,0,26983
65523,14,65494,0,27009
65523,14,65494,0,27033
65523,14,65494,0,27058
65523,14,65494,0,27083
65523,14,65494,0,27108
65523,14,65494,0,27133
65523,14,65494,0,27158
65523,14,65494,0,27183
65523,14,65494,0,27208
65523,14,65494,0,27233
65523,14,65494,0,27257
65523,14,65494,0,27283
65523,14,65494,0,27308
65523,14,65494,0,27333
65523,14,65494,0,27358
65523,14,65494,0,27382
65523,14,65494,0,27408
65523,14,65494,0,27432
65523,14,65494,0,27457
65523,14,65494,0,27483
65523,14,65494,0,27507
65523,14,65494,0,27533
65523,14,65494,0,27557
65523,14,65494,0,27582
65523,14,65494,0,27608
65523,14,65494,0,27632
65523,14,65494,0,27657
65523,14,65494,0,27682
65523,14,65494,0,27707
65523,14,65494,0,27732
65523,14,65494,0,27757
65523,14,65494,0,27782
65523,14,65494,0,27807
65523,14,65494,0,27832
65523,14,65494,0,27856
65523,14,65494,0,27882
65523,14,65494,0,27907
65523,14,65494,0,27932
65523,14,65494,0,27957
65523,14,65494,0,27981
65523,14,65494,0,28007
65523,14,65494,0,28032
65523,14,65494,0,28056
65523,14,65494,0,28082
65523,14,65494,0,28106
65523,14,65494,0,28132
65523,14,65494,0,28156
65523,14,65494,0,28181
65523,14,65494,0,28207
65523,14,65494,0,28231
65523,14,65494,0,28256
65523,14,65494,0,28281
65523,14,65494,0,28306
65523,14,65494,0,28332
65523,14,65494,0,28356
65523,14,65494,0,28381
65523,14,65494,0,28406
65523,14,65494,0,28431
65523,14,65494,0,28455
65523,14,65494,0,28481
65523,14,65494,0,28506
65523,14,65494,0,28531
65523,14,65494,0,28556
65523,14,65494,0,28580
65523,14,65494,0,28606
65523,14,65494,0,28631
65523,14,65494,0,28655
65523,14,65494,0,28681
65523,14,65494,0,28705
65523,14,65494,0,28731
65523,14,65494,0,28755
65523,14,65494,0,28780
65523,14,65494,0,28806
65523,14,65494,0,28830
65523,14,65493,0,28855
65523,14,65493,0,28880
65523,14,65494,0,28905
65523,14,65494,0,28931
65523,14,65494,0,28955
65523,14,65494,0,28980
65523,14,65494,0,29005
65523,14,65494,0,29030
65523,14,65494,0,29054
65523,14,65494,0,29080
65523,14,65494,0,29105
65523,14,65494,0,29130
65523,14,65494,0,29155
65523,14,65494,0,29179
65523,14,65494,0,29205
65523,14,65494,0,29230
65523,14,65494,0,29254
65523,14,65494,0,29280
65523,14,65494,0,29304
65523,14,65494,0,29330
65523,14,65494,0,29355
65523,14,65494,0,29379
65523,14,65494,0,29405
65523,14,65494,0,29429
65523,14,65494,0,29454
65523,14,65494,0,29479
65523,14,65494,0,29504
65523,14,65494,0,29530
65523,14,65494,0,29554
65523,14,65494,0,29579
65523,14,65494,0,29604
65523,14,65494,0,29629
65523,14,65494,0,29654
65523,14,65494,0,29679
65523,14,65494,0,29704
65523,14,65494,0,29729
65523,14,65494,0,29754
65523,14,65494,0,29778
65523,14,65494,0,29804
65523,14,65494,0,29829
65523,14,65494,0,29853
65523,14,65494,0,29879
65523,14,65494,0,29903
65523,14,65494,0,29929
65523,14,65494,0,29954
65523,14,65494,0,29978
65523,14,65494,0,30004
65523,14,65494,0,30028
65523,14,65494,0,30053
65523,14,65494,0,30078
65523,14,65494,0,30103
65523,14,65494,0,30129
65523,14,65494,0,30153
65523,14,65494,0,30178
65523,14,65494,0,30203
65523,14,65494,0,30228
65523,14,65494,0,30253
65523,14,65494,0,30278
65523,14,65494,0,30303
65523,14,65494,0,30328
65523,14,65494,0,30353
65523,14,65494,0,30377
65523,14,65494,0,30403
65523,14,65494,0,30428
65523,14,65494,0,30452
65523,14,65494,0,30478
65523,14,65494,0,30502
65523,14,65494,0,30528
65523,14,65494,0,30553
65523,14,65494,0,30577
65523,14,65494,0,30603
65523,14,65494,0,30627
65523,14,65494,0,30652
65523,14,65494,0,30678
65523,14,65494,0,30702
65523,14,65494,0,30728
65523,14,65494,0,30752
65523,14,65494,0,30777
65523,14,65494,0,30802
65523,14,65494,0,30827
65523,14,65494,0,30852
65523,14,65494,0,30877
65523,14,65494,0,30902
65523,14,65494,0,30927
65523,14,65494,0,30952
65523,14,65494,0,30977
65523,14,65494,0,31002
65523,14,65494,0,31027
65523,14,65494,0,31051
65523,14,65494,0,31077
65523,14,65494,0,31101
65523,14,65494,0,31127
65523,14,65494,0,31152
65523,14,65494,0,31176
65523,14,65494,0,31202
65523,14,65494,0,31226
65523,14,65494,0,31251
65523,14,65494,0,31277
65523,14,65494,0,31301
65523,14,65494,0,31327
65523,14,65494,0,31351
65523,14,65494,0,31376
65523,14,65494,0,31401
65523,14,65494,0,31426
65523,14,65494,0,31451
65523,14,65494,0,31476
65523,14,65494,0,31501
65523,14,65494,0,31526
65523,14,65494,0,31551
65523,14,65494,0,31576
65523,14,65494,0,31601
65523,14,65494,0,31626
65523,14,65494,0,31650
65523,14,65494,0,31676
65523,14,65494,0,31700
65523,14,65494,0,31726
65523,14,65494,0,31751
65523,14,65494,0,31775
65523,14,65494,0,31801
65523,14,65494,0,31825
65523,14,65494,0,31850
65523,14,65494,0,31876
65523,14,65493,0,31900
65523,14,65493,0,31926
65523,14,65493,0,31950
65523,14,65494,0,31975
65523,14,65494,0,32001
65523,14,65494,0,32025
65523,14,65494,0,32050
65523,14,65494,0,32075
65523,14,65494,0,32100
65523,14,65494,0,32125
65523,14,65494,0,32150
65523,14,65494,0,32175
65523,14,65494,0,32200
65523,14,65494,0,32225
65523,14,65494,0,32249
65523,14,65494,0,32275
65523,14,65494,0,32300
65523,14,65494,0,32325
65523,14,65494,0,32350
65523,14,65494,0,32374
65523,14,65494,0,32400
65523,14,65494,0,32424
65523,14,65494,0,32449
65523,14,65494,0,32475
65523,14,65494,0,32499
65523,14,65494,0,32525
65523,14,65494,0,32549
65523,14,65494,0,32574
65523,14,65494,0,32600
65523,14,65494,0,32624
65523,14,65494,0,32649
65523,14,65494,0,32674
65523,14,65494,0,32699
65523,14,65494,0,32724
65523,14,65494,0,32749
65523,14,65494,0,32774
65523,14,65494,0,32799
65523,14,65494,0,32824
65523,14,65494,0,32848
65523,14,65494,0,32874
65523,14,65494,0,32899
65523,14,65494,0,32924
65523,14,65494,0,32949
65523,14,65494,0,32973
65523,14,65494,0,32999
65523,14,65494,0,33024
65523,14,65494,0,33048
65523,14,65494,0,33074
65523,14,65494,0,33098
65523,14,65494,0,33124
65523,14,65494,0,33148
65523,14,65494,0,33173
65523,14,65494,0,33199
65523,14,65494,0,33223
65523,14,65494,0,33248
65523,14,65494,0,33273
65523,14,65494,0,33298
65523,14,65494,0,33324
65523,14,65494,0,33348
65523,14,65494,0,33373
65523,14,65494,0,33398
65523,14,65494,0,33423
65523,14,65494,0,33447
65523,14,65494,0,33473
65523,14,65494,0,33498
65523,14,65494,0,33523
65523,14,65494,0,33548
65523,14,65494,0,33572
65523,14,65494,0,33598
65523,14,65494,0,33623
65523,14,65494,0,33647
65523,14,65493,0,33673
65523,14,65493,0,33697
65523,14,65493,0,33723
65523,14,65493,0,33747
65523,14,65493,0,33772
65523,14,65493,0,33798
65523,14,65494,0,33822
65523,14,65494,0,33847
65523,14,65494,0,33872
65523,14,65493,0,33897
65523,14,65493,0,33923
65524,14,65493,0,33947
65524,14,65493,0,33972
65524,14,65493,0,33997
65524,14,65494,0,34022
65524,14,65494,0,34046
65524,14,65494,0,34072
65522,14,65494,0,34097
65522,14,65494,0,34122
65522,14,65494,0,34147
65522,14,65494,0,34171
65522,14,65494,0,34197
65522,14,65494,0,34222
65522,14,65494,0,34246
65522,14,65494,0,34272
65522,14,65494,0,34296
65522,14,65494,0,34322
65522,14,65494,0,34347
65522,14,65494,0,34371
65522,14,65494,0,34397
65522,14,65494,0,34421
65522,14,65493,0,34446
65522,14,65493,0,34471
65522,14,65494,0,34496
65522,14,65494,0,34522
65522,14,65494,0,34546
65523,14,65494,0,34571
65523,14,65494,0,34596
65523,14,65494,0,34621
65522,14,65493,0,34646
65522,14,65493,0,34671
65523,17,65492,0,34696
65523,17,65492,0,34721
65523,17,65492,0,34746
65523,17,65493,0,34770
65523,17,65493,0,34796
65523,17,65493,0,34821
65524,17,65493,0,34845
65524,17,65493,0,34871
65524,17,65493,0,34895
65523,16,65494,0,34921
65523,16,65494,0,34946
65524,17,65494,0,34970
65524,17,65494,0,34996
65524,17,65494,0,35020
65523,16,65493,0,35045
65523,16,65493,0,35070
65523,16,65493,0,35095
65523,16,65494,0,35121
65523,16,65494,0,35145
65523,16,65494,0,35170
65523,15,65493,0,35195
65523,15,65493,0,35220
65519,12,65491,0,35245
65519,12,65491,0,35270
65519,12,65491,0,35295
65517,10,65490,0,35320
65517,10,65490,0,35345
65517,10,65490,0,35369
65517,10,65491,0,35395
65517,10,65491,0,35420
65517,10,65492,0,35444
65518,10,65492,0,35470
65518,10,65492,0,35494
65518,11,65491,0,35520
65518,11,65491,0,35545
65518,11,65491,0,35569
65518,11,65492,0,35595
65518,11,65492,0,35619
65518,11,65492,0,35644
65518,11,65492,0,35670
65518,11,65492,0,35694
65518,11,65492,0,35720
65518,11,65492,0,35744
65518,11,65492,0,35769
65519,11,65492,0,35794
65519,11,65492,0,35819
65519,11,65492,0,35844
65519,11,65492,0,35869
65519,11,65492,0,35894
65519,11,65492,0,35919
65519,11,65492,0,35944
65519,11,65492,0,35969
65519,11,65492,0,35994
65519,11,65492,0,36019
65519,11,65492,0,36043
65519,11,65492,0,36069
65519,11,65492,0,36093
65519,11,65492,0,36119
65519,12,65492,0,36144
65519,12,65492,0,36168
65519,12,65492,0,36194
65519,11,65492,0,36218
65519,11,65492,0,36243
65519,11,65491,0,36269
65519,11,65491,0,36293
65519,11,65491,0,36319
65519,11,65491,0,36343
65519,11,65491,0,36368
65519,11,65491,0,36393
65519,12,65492,0,36418
65519,12,65492,0,36443
65519,11,65491,0,36468
65519,11,65491,0,36493
65519,11,65491,0,36518
65520,12,65492,0,36543
65520,12,65492,0,36568
65520,12,65492,0,36593
65520,12,65492,0,36618
65520,12,65492,0,36642
65520,12,65492,0,36668
65520,12,65492,0,36692
65520,12,65492,0,36718
65519,12,65492,0,36743
65519,12,65492,0,36767
65519,12,65492,0,36793
65520,12,65492,0,36817
65520,12,65492,0,36842
65520,12,65492,0,36868
65520,12,65492,0,36892
65520,12,65492,0,36918
65520,12,65492,0,36942
65520,12,65492,0,36967
65520,12,65492,0,36993
65520,12,65492,0,37017
65520,12,65492,0,37042
65520,12,65492,0,37067
65520,12,65492,0,37092
65520,12,65492,0,37117
65520,12,65492,0,37142
65520,12,65492,0,37167
65520,12,65492,0,37192
65520,12,65492,0,37217
65521,12,65492,0,37241
65521,12,65492,0,37267
65520,12,65492,0,37292
65520,12,65492,0,37317
65520,12,65492,0,37342
65520,12,65492,0,37366
65520,12,65492,0,37392
65520,12,65492,0,37416
65521,13,65492,0,37441
65521,13,65492,0,37467
65521,13,65492,0,37491
65521,13,65492,0,37517
65521,13,65492,0,37541
65521,13,65492,0,37566
65521,13,65492,0,37592
65521,13,65492,0,37616
65521,13,65493,0,37641
65521,13,65493,0,37666
65521,13,65493,0,37691
65521,14,65493,0,37716
65521,14,65493,0,37741
65521,15,65493,0,37766
65521,15,65493,0,37791
65521,15,65493,0,37816
65522,15,65493,0,37840
65522,15,65493,0,37866
65522,15,65493,0,37891
65522,16,65493,0,37916
65522,16,65493,0,37941
65522,16,65493,0,37965
65523,16,65494,0,37991
65523,16,65494,0,38016
65523,17,65494,0,38040
65523,17,65494,0,38066
65523,17,65494,0,38090
65523,17,65494,0,38116
65523,17,65494,0,38140
65523,17,65494,0,38165
65524,18,65494,0,38191
65524,18,65494,0,38215
65524,18,65494,0,38240
65525,19,65494,0,38265
65525,19,65494,0,38290
65525,20,65494,0,38316
65525,20,65494,0,38340
65525,20,65494,0,38365
65527,20,65494,0,38390
65527,20,65494,0,38415
65527,20,65494,0,38439
65528,21,65494,0,38465
65528,21,65494,0,38490
65530,22,65495,0,38515
65530,22,65495,0,38540
65530,22,65495,0,38564
65532,22,65494,0,38590
65532,22,65494,0,38615
65532,22,65494,0,38639
65534,22,65493,0,38665
65534,22,65493,0,38689
65534,22,65493,0,38715
0,21,65491,0,38739
0,21,65491,0,38760
0,21,65491,0,38781
2,20,65487,0,38802
2,20,65487,0,38822
2,20,65487,0,38844
2,20,65483,0,38864
2,20,65483,0,38885
2,20,65483,0,38905
2,19,65481,0,38927
2,19,65481,0,38947
2,19,65481,0,38968
2,19,65481,0,38989
1,17,65479,0,39010
1,17,65479,0,39030
1,17,65479,0,39052
0,17,65477,0,39072
0,17,65477,0,39093
0,17,65477,0,39114
0,16,65477,0,39135
0,16,65477,0,39155
0,16,65477,0,39177
65535,16,65477,0,39197
65535,16,65477,0,39222
65535,16,65477,0,39247
65535,15,65479,0,39272
65535,15,65479,0,39297
65535,15,65479,0,39322
65534,14,65482,0,39347
65534,14,65482,0,39371
65534,14,65482,0,39397
0,11,65485,0,39421
0,11,65485,0,39443
0,11,65485,0,39463
2,8,65486,0,39484
2,8,65486,0,39503
2,8,65486,0,39524
4,4,65486,0,39543
4,4,65486,0,39563
4,4,65486,0,39583
4,4,65486,0,39603
6,0,65485,0,39622
6,0,65485,0,39643
6,0,65485,0,39662
7,65533,65484,0,39682
7,65533,65484,0,39705
7,65533,65484,0,39730
8,65529,65483,0,39753
8,65529,65483,0,39778
8,65529,65483,0,39801
10,65525,65482,0,39825
10,65525,65482,0,39851
10,65525,65482,0,39875
11,65521,65478,0,39900
11,65521,65478,0,39925
10,65520,65474,0,39950
10,65520,65474,0,39975
10,65520,65474,0,40000
9,65520,65472,0,40025
9,65520,65472,0,40049
9,65520,65472,0,40073
9,65522,65469,0,40096
9,65522,65469,0,40121
9,65522,65469,0,40144
6,65524,65465,0,40168
6,65524,65465,0,40193
6,65524,65465,0,40216
1,65526,65462,0,40240
1,65526,65462,0,40264
65530,65529,65466,0,40288
65530,65529,65466,0,40316
65530,65529,65466,0,40344
65529,65533,65473,0,40372
65529,65533,65473,0,40400
65534,65534,65477,0,40428
65534,65534,65477,0,40457
65534,65534,65477,0,40484
1,65535,65477,0,40513
1,65535,65477,0,40537
3,0,65474,0,40560
3,0,65474,0,40581
3,0,65474,0,40600
3,0,65474,0,40620
4,1,65473,0,40639
4,1,65473,0,40659
4,1,65473,0,40679
7,0,65470,0,40698
7,0,65470,0,40719
7,0,65470,0,40738
7,0,65470,0,40758
8,65535,65465,0,40778
8,65535,65465,0,40802
8,65535,65465,0,40825
5,65532,65459,0,40850
5,65532,65459,0,40873
5,65532,65459,0,40897
0,65531,65455,0,40922
0,65531,65455,0,40945
65529,65531,65457,0,40969
65529,65531,65457,0,40997
65529,65531,65457,0,41025
65524,65533,65460,0,41054
65524,65533,65460,0,41081
65522,65534,65464,0,41110
65522,65534,65464,0,41138
65522,65534,65464,0,41165
65521,65535,65468,0,41194
65521,65535,65468,0,41222
65521,65535,65472,0,41250
65521,65535,65472,0,41278
65521,65535,65472,0,41307
65522,0,65475,0,41334
65522,0,65475,0,41358
65523,0,65477,0,41382
65523,0,65477,0,41406
65523,0,65477,0,41430
65525,0,65479,0,41454
65525,0,65479,0,41478
65525,0,65479,0,41501
65526,1,65480,0,41526
65526,1,65480,0,41549
65526,1,65480,0,41574
65527,1,65481,0,41597
65527,1,65481,0,41621
65527,1,65481,0,41646
65528,1,65481,0,41669
65528,1,65481,0,41693
65528,1,65481,0,41717
65529,1,65481,0,41741
65529,1,65481,0,41764
65530,1,65482,0,41789
65530,1,65482,0,41812
65530,1,65482,0,41836
65530,1,65482,0,41861
65530,1,65482,0,41884
65530,1,65482,0,41909
65531,1,65482,0,41932
65531,1,65482,0,41956
65531,1,65482,0,41980
65531,1,65482,0,42004
65531,1,65482,0,42028
65531,1,65482,0,42052
65531,1,65482,0,42076
65531,1,65482,0,42099
65531,1,65482,0,42124
65532,1,65482,0,42147
65532,1,65482,0,42172
65532,1,65482,0,42195
65532,1,65482,0,42219
65532,1,65482,0,42244
65532,1,65482,0,42267
65532,1,65482,0,42291
65532,1,65482,0,42315
65533,1,65482,0,42339
65533,1,65482,0,42362
65533,1,65482,0,42387
65532,0,65482,0,42411
65532,0,65482,0,42434
65532,0,65482,0,42459
65532,1,65482,0,42482
65532,1,65482,0,42507
65532,1,65482,0,42530
65533,1,65482,0,42554
65533,1,65482,0,42578
65533,1,65482,0,42602
65533,1,65482,0,42626
65533,1,65482,0,42650
65533,1,65482,0,42674
65533,1,65482,0,42697
65533,1,65482,0,42722
65533,1,65482,0,42745
65533,1,65482,0,42769
65533,1,65482,0,42793
65533,1,65482,0,42817
65533,1,65482,0,42842
65533,1,65482,0,42865
65533,1,65482,0,42889
65533,1,65482,0,42913
65533,1,65482,0,42937
65533,1,65482,0,42960
65533,1,65482,0,42985
65533,1,65482,0,43009
65533,1,65482,0,43032
65533,1,65482,0,43057
65533,1,65482,0,43080
65533,0,65482,0,43105
65533,0,65482,0,43128
65533,1,65482,0,43152
65533,1,65482,0,43176
65533,1,65482,0,43200
65533,1,65482,0,43224
65533,1,65482,0,43248
65533,1,65482,0,43272
65533,1,65482,0,43295
65533,1,65482,0,43320
65533,1,65482,0,43343
65533,1,65482,0,43367
65533,1,65482,0,43392
65533,1,65482,0,43415
65533,1,65482,0,43440
65533,1,65482,0,43463
65533,1,65482,0,43487
65533,1,65482,0,43511
65533,1,65482,0,43535
65533,1,65482,0,43558
65533,1,65482,0,43583
65533,1,65482,0,43607
65533,1,65482,0,43630
65533,1,65482,0,43655
65533,1,65482,0,43678
65533,1,65482,0,43703
65533,1,65482,0,43726
65533,1,65482,0,43750
65533,1,65482,0,43774
65533,1,65482,0,43798
65533,1,65482,0,43822
65533,0,65482,0,43846
65533,0,65482,0,43870
65533,0,65482,0,43893
65533,1,65482,0,43918
65533,1,65482,0,43941
65533,1,65482,0,43965
65533,1,65481,0,43990
65533,1,65481,0,44013
65533,0,65482,0,44038
65533,0,65482,0,44061
65533,0,65482,0,44085
65533,0,65482,0,44109
65533,0,65482,0,44133
65533,0,65482,0,44156
65533,1,65482,0,44181
65533,1,65482,0,44205
65533,1,65482,0,44228
65533,0,65482,0,44253
65533,0,65482,0,44276
65533,0,65482,0,44300
65533,0,65482,0,44324
65533,0,65482,0,44348
65533,0,65482,0,44372
65533,1,65482,0,44396
65533,1,65482,0,44420
65533,1,65482,0,44444
65533,0,65482,0,44468
65533,0,65482,0,44491
65533,1,65482,0,44516
65533,1,65482,0,44539
65533,1,65482,0,44563
65533,1,65482,0,44588
65533,1,65482,0,44611
65533,1,65482,0,44636
65533,1,65482,0,44659
65533,1,65482,0,44683
65533,1,65482,0,44707
65533,1,65482,0,44731
65533,1,65482,0,44754
65533,1,65482,0,44779
65533,0,65482,0,44803
65533,0,65482,0,44826
65533,0,65482,0,44851
65533,0,65482,0,44874
65533,0,65482,0,44898
65533,0,65482,0,44922
65533,0,65482,0,44946
65533,0,65482,0,44971
65533,0,65482,0,44994
65533,0,65482,0,45018
65533,0,65482,0,45042
65533,0,65482,0,45066
65533,0,65482,0,45089
65533,0,65482,0,45114
65533,1,65482,0,45137
65533,1,65482,0,45161
65533,1,65482,0,45186
65533,1,65482,0,45209
65533,1,65482,0,45234
65533,1,65482,0,45257
65533,1,65482,0,45281
65533,1,65482,0,45305
65533,1,65482,0,45329
65533,0,65482,0,45352
65533,0,65482,0,45377
65533,1,65482,0,45401
65533,1,65482,0,45424
65533,1,65482,0,45449
65533,0,65482,0,45472
65533,0,65482,0,45496
65533,0,65482,0,45520
65533,0,65482,0,45544
65533,0,65482,0,45569
65533,0,65482,0,45592
65534,1,65482,0,45616
65534,1,65482,0,45640
65534,1,65482,0,45664
65534,1,65482,0,45687
65534,1,65482,0,45712
65534,1,65482,0,45735
65533,0,65482,0,45759
65533,0,65482,0,45784
65533,0,65482,0,45807
65533,1,65482,0,45831
65533,1,65482,0,45855
65533,0,65482,0,45879
65533,0,65482,0,45903
65533,0,65482,0,45927
65533,0,65482,0,45950
65533,0,65482,0,45975
65533,0,65482,0,45999
65533,0,65482,0,46022
65533,0,65482,0,46047
65533,0,65482,0,46070
65533,0,65482,0,46094
65533,0,65482,0,46118
65533,0,65482,0,46142
65533,0,65482,0,46167
65533,0,65482,0,46190
65533,0,65482,0,46214
65533,1,65482,0,46238
65533,1,65482,0,46262
65533,1,65482,0,46285
65533,1,65482,0,46310
65533,1,65482,0,46333
65533,1,65482,0,46357
65533,1,65482,0,46382
65533,1,65482,0,46405
65533,1,65482,0,46429
65533,1,65482,0,46453
65533,1,65482,0,46477
65533,0,65482,0,46501
65533,0,65482,0,46525
65533,0,65482,0,46548
65533,0,65482,0,46573
65533,0,65482,0,46597
65533,0,65482,0,46620
65533,0,65482,0,46645
65533,0,65482,0,46668
65533,0,65482,0,46692
65533,1,65482,0,46716
65533,1,65482,0,46740
65533,1,65482,0,46765
65533,1,65482,0,46788
65533,1,65482,0,46812
65533,1,65482,0,46836
65533,1,65482,0,46860
65533,1,65482,0,46883
65533,0,65482,0,46908
65533,0,65482,0,46931
65533,0,65482,0,46955
65533,1,65482,0,46980
65533,1,65482,0,47003
65533,1,65482,0,47027
65533,1,65482,0,47051
65533,1,65482,0,47075
65533,1,65482,0,47099
65533,0,65482,0,47123
65533,0,65482,0,47147
65533,0,65482,0,47171
65533,0,65482,0,47195
65533,0,65482,0,47218
65533,0,65482,0,47243
65533,0,65482,0,47266
65533,0,65482,0,47290
65533,1,65482,0,47314
65533,1,65482,0,47338
65533,1,65482,0,47362
65533,1,65482,0,47386
65533,1,65482,0,47410
65533,1,65482,0,47434
65533,1,65482,0,47458
65533,1,65482,0,47481
65533,1,65482,0,47506
65533,1,65482,0,47529
65533,1,65482,0,47553
65533,1,65482,0,47578
65533,1,65482,0,47601
65533,1,65482,0,47625
65533,1,65482,0,47649
65533,1,65482,0,47673
65533,1,65482,0,47697
65533,1,65482,0,47721
65533,1,65482,0,47745
65533,1,65482,0,47769
65533,1,65482,0,47793
65533,1,65482,0,47816
65533,1,65482,0,47841
65533,0,65482,0,47864
65533,0,65482,0,47888
65533,0,65482,0,47912
65533,1,65482,0,47936
65533,1,65482,0,47960
65533,1,65482,0,47984
65533,1,65482,0,48008
65533,1,65482,0,48032
65533,1,65482,0,48056
65533,0,65482,0,48079
65533,0,65482,0,48104