65533,0,65481,0,60224
65533,0,65481,0,60249
65533,0,65481,0,60272
65533,0,65481,0,60296
65533,0,65481,0,60320
65533,0,65481,0,60344
65533,0,65481,0,60368
65533,0,65481,0,60392
65533,0,65481,0,60416
65533,0,65481,0,60440
65533,0,65481,0,60464
65533,0,65481,0,60487
65533,0,65481,0,60512
65533,0,65481,0,60535
65533,0,65481,0,60559
65533,0,65481,0,60583
65533,0,65481,0,60607
65533,0,65481,0,60632
65533,0,65481,0,60655
65533,0,65481,0,60679
65533,0,65481,0,60703
65533,0,65481,0,60727
65533,0,65481,0,60750
65533,0,65481,0,60775
65533,0,65481,0,60798
65533,0,65481,0,60822
65533,0,65481,0,60847
65533,0,65481,0,60870
65533,0,65481,0,60894
65533,0,65481,0,60918
65533,0,65481,0,60942
65533,0,65481,0,60966
65533,0,65481,0,60990
65533,0,65481,0,61014
65533,0,65481,0,61038
65533,0,65481,0,61062
65533,0,65481,0,61085
65533,0,65481,0,61110
65532,0,65481,0,61133
65532,0,65481,0,61157
65533,0,65481,0,61181
65533,0,65481,0,61205
65533,0,65481,0,61230
65533,0,65481,0,61253
65533,0,65481,0,61277
65533,0,65481,0,61301
65533,0,65481,0,61325
65533,0,65481,0,61348
65533,0,65481,0,61373
65533,0,65481,0,61396
65533,0,65481,0,61420
65533,0,65481,0,61445
65533,0,65481,0,61468
65533,0,65481,0,61492
65533,0,65481,0,61516
65533,0,65481,0,61540
65533,0,65481,0,61564
65533,0,65481,0,61588
65533,0,65481,0,61612
65533,0,65481,0,61636
65533,0,65481,0,61660
65533,0,65481,0,61683
65533,0,65481,0,61708
65533,0,65481,0,61731
65533,0,65481,0,61755
65533,0,65481,0,61779
65533,0,65481,0,61803
65533,0,65481,0,61827
65533,0,65481,0,61851
65533,0,65481,0,61875
65533,0,65481,0,61899
65533,0,65481,0,61923
65533,0,65481,0,61946
65533,0,65481,0,61971
65533,0,65481,0,61995
65533,0,65481,0,62018
65533,0,65481,0,62043
65533,0,65481,0,62066
65533,0,65481,0,62090
65533,0,65481,0,62114
65533,0,65481,0,62138
65533,0,65481,0,62162
65533,0,65481,0,62186
65533,0,65481,0,62210
65533,0,65481,0,62234
65533,0,65481,0,62258
65533,0,65481,0,62281
65533,0,65481,0,62306
65533,0,65481,0,62329
65533,0,65481,0,62353
65533,0,65481,0,62377
65533,0,65481,0,62401
65533,0,65481,0,62425
65533,0,65481,0,62449
65533,0,65481,0,62473
65533,0,65481,0,62497
65533,0,65481,0,62521
65533,0,65481,0,62544
65533,0,65481,0,62569
65533,0,65481,0,62593
65533,0,65481,0,62616
65533,0,65481,0,62641
65533,0,65481,0,62664
65533,0,65481,0,62688
65533,0,65481,0,62712
65533,0,65481,0,62736
65533,0,65481,0,62760
65533,0,65481,0,62784
65533,0,65481,0,62808
65533,0,65481,0,62832
65533,0,65481,0,62856
65533,0,65481,0,62879
65533,0,65481,0,62904
65533,0,65481,0,62927
65533,0,65481,0,62951
65533,0,65481,0,62976
65533,0,65481,0,62999
65533,0,65481,0,63023
65533,0,65481,0,63047
65533,0,65481,0,63071
65533,0,65481,0,63095
65533,0,65481,0,63119
65533,0,65481,0,63142
65533,0,65481,0,63167
65533,0,65481,0,63191
65533,0,65481,0,63214
65533,0,65481,0,63239
65533,0,65481,0,63262
65533,0,65481,0,63286
65533,0,65481,0,63310
65533,0,65481,0,63334
65533,0,65481,0,63357
65533,0,65481,0,63382
65533,0,65481,0,63406
65533,0,65481,0,63430
65533,0,65481,0,63454
65533,0,65481,0,63477
65533,0,65481,0,63502
65533,0,65481,0,63525
65533,0,65481,0,63549
65533,0,65481,0,63574
65533,0,65481,0,63597
65533,0,65481,0,63621
65533,0,65481,0,63645
65533,0,65481,0,63669
65533,0,65481,0,63693
65533,0,65481,0,63717
65533,0,65481,0,63740
65533,0,65481,0,63765
65533,0,65481,0,63789
65533,0,65481,0,63812
65533,0,65481,0,63837
65532,0,65481,0,63860
65532,0,65481,0,63884
65532,0,65481,0,63908
65532,0,65481,0,63932
65532,0,65481,0,63955
65533,0,65481,0,63980
65533,0,65481,0,64004
65533,0,65481,0,64028
65533,0,65481,0,64052
65533,0,65481,0,64075
65533,0,65481,0,64100
65532,0,65481,0,64123
65532,0,65481,0,64147
65532,0,65481,0,64172
65533,0,65481,0,64195
65533,0,65481,0,64219
65533,0,65481,0,64243
65533,0,65481,0,64267
65533,0,65481,0,64291
65533,0,65481,0,64315
65533,0,65481,0,64338
65533,0,65481,0,64363
65533,0,65481,0,64387
65533,0,65481,0,64410
65533,0,65481,0,64435
65533,0,65481,0,64458
65533,0,65481,0,64482
65533,0,65481,0,64506
65533,0,65481,0,64530
65533,0,65481,0,64553
65533,0,65481,0,64578
65533,0,65481,0,64602
65533,0,65481,0,64626
65533,0,65481,0,64650
65533,0,65481,0,64673
65533,0,65481,0,64698
65533,0,65481,0,64721
65533,0,65481,0,64745
65533,0,65481,0,64770
65533,0,65481,0,64793
65532,0,65481,0,64817
65532,0,65481,0,64841
65533,0,65481,0,64865
65533,0,65481,0,64888
65533,0,65481,0,64913
65533,0,65481,0,64936
65533,0,65481,0,64961
65533,0,65481,0,64985
65533,0,65481,0,65008
65533,0,65481,0,65033
65533,0,65481,0,65056
65533,0,65481,0,65080
65533,0,65481,0,65104
65533,0,65481,0,65128
65533,0,65481,0,65152
65533,0,65481,0,65176
65533,0,65481,0,65200
65533,0,65481,0,65224
65533,0,65481,0,65248
65533,0,65481,0,65271
65533,0,65481,0,65296
65533,0,65481,0,65319
65533,0,65481,0,65343
65533,0,65481,0,65368
65533,0,65481,0,65391
65533,0,65481,0,65415
65533,0,65481,0,65439
65533,0,65481,0,65463
65533,0,65481,0,65486
65533,0,65481,0,65511
65533,0,65481,0,65534
65533,0,65481,0,23
65533,0,65481,0,44
65533,0,65481,0,64
65533,0,65481,0,86
65533,0,65481,0,106
65533,0,65481,0,128
65533,0,65481,0,149
65533,0,65481,0,172
65533,0,65481,0,193
65533,0,65481,0,215
65533,0,65481,0,237
65533,0,65481,0,259
65533,0,65481,0,280
65533,0,65481,0,303
65533,0,65481,0,324
65533,0,65481,0,346
65533,0,65481,0,368
65533,0,65481,0,390
65533,0,65481,0,411
65533,0,65481,0,434
65533,0,65481,0,455
65533,0,65481,0,477
65533,0,65481,0,499
65533,0,65481,0,521
65533,0,65481,0,542
65533,0,65481,0,565
65533,0,65481,0,586
65533,0,65481,0,608
65533,0,65481,0,630
65533,0,65481,0,652
65533,0,65481,0,673
65533,0,65481,0,696
65533,0,65481,0,717
65533,0,65481,0,739
65533,0,65481,0,761
65533,0,65481,0,783
65533,0,65481,0,804
65533,0,65481,0,827
65533,0,65481,0,848
65533,0,65481,0,870
65533,0,65481,0,892
65533,0,65481,0,914
65533,0,65481,0,935
65533,0,65481,0,958
65533,0,65481,0,979
65533,0,65481,0,1001
65533,0,65481,0,1025
65533,0,65481,0,1047
65533,0,65481,0,1070
65533,0,65481,0,1093
65533,0,65481,0,1116
65533,0,65481,0,1138
65533,0,65481,0,1162
65533,0,65481,0,1184
65533,0,65481,0,1207
65533,0,65481,0,1230
65533,0,65481,0,1253
65533,0,65481,0,1275
65533,0,65481,0,1299
65533,0,65481,0,1321
65533,0,65481,0,1344
65533,0,65481,0,1368
65533,0,65481,0,1390
65533,0,65481,0,1413
65533,0,65481,0,1436
65533,0,65481,0,1459
65533,0,65481,0,1481
65533,0,65481,0,1505
65533,0,65481,0,1527
65533,0,65481,0,1551
65533,0,65481,0,1573
65533,0,65481,0,1596
65533,0,65481,0,1619
65533,0,65481,0,1642
65533,0,65481,0,1665
65533,0,65481,0,1688
65533,0,65481,0,1711
65533,0,65481,0,1733
65533,0,65481,0,1757
65533,0,65481,0,1779
65533,0,65481,0,1802
65533,0,65481,0,1825
65533,0,65481,0,1848
65533,0,65481,0,1870
65533,0,65481,0,1894
65533,0,65481,0,1916
65533,0,65481,0,1939
65533,0,65481,0,1963
65533,0,65481,0,1985
65533,0,65481,0,2008
65533,0,65481,0,2031
65533,0,65481,0,2054
65533,0,65481,0,2076
65533,0,65481,0,2100
65533,0,65481,0,2122
65533,0,65481,0,2145
65533,0,65481,0,2168
65533,0,65481,0,2191
65533,0,65481,0,2213
65533,0,65481,0,2237
65533,0,65481,0,2259
65533,0,65481,0,2283
65533,0,65481,0,2306
65533,0,65481,0,2328
65533,0,65481,0,2352
65533,0,65481,0,2374
65533,0,65481,0,2397
65533,0,65481,0,2420
65533,0,65481,0,2443
65533,0,65481,0,2465
65533,0,65481,0,2489
65533,0,65481,0,2511
65533,0,65481,0,2534
65533,0,65481,0,2557
65533,0,65481,0,2580
65533,0,65481,0,2603
65533,0,65481,0,2626
65533,0,65481,0,2649
65533,0,65481,0,2671
65533,0,65481,0,2695
65533,0,65481,0,2717
65533,0,65481,0,2740
65533,0,65481,0,2763
65533,0,65481,0,2786
65533,0,65481,0,2808
65533,0,65481,0,2832
65533,0,65481,0,2854
65533,0,65481,0,2877
65533,0,65481,0,2900
65533,0,65481,0,2923
65533,0,65481,0,2946
65533,0,65481,0,2969
65533,0,65481,0,2992
65533,0,65481,0,3015
65533,0,65481,0,3038
65533,0,65481,0,3060
65533,0,65481,0,3084
65533,0,65481,0,3106
65533,0,65481,0,3129
65533,0,65481,0,3152
65533,0,65481,0,3175
65533,0,65481,0,3197
65533,0,65481,0,3221
65533,0,65481,0,3244
65533,0,65481,0,3266
65533,0,65481,0,3290
65533,0,65481,0,3312
65533,0,65481,0,3335
65533,0,65481,0,3358
65533,0,65481,0,3381
65533,0,65481,0,3403
65533,0,65481,0,3427
65533,0,65481,0,3449
65533,0,65481,0,3472
65533,0,65481,0,3495
65533,0,65481,0,3518
65533,0,65481,0,3540
65533,0,65481,0,3564
65533,0,65481,0,3587
65533,0,65481,0,3609
65533,0,65481,0,3633
65533,0,65481,0,3655
65533,0,65481,0,3678
65533,0,65481,0,3701
65533,0,65481,0,3724
65533,0,65481,0,3747
65533,0,65481,0,3770
65533,0,65481,0,3792
65533,0,65481,0,3816
65533,0,65481,0,3838
65533,0,65481,0,3861
65533,0,65481,0,3885
65533,0,65481,0,3907
65533,0,65481,0,3930
65533,0,65481,0,3953
65533,0,65481,0,3976
65533,0,65481,0,3998
65533,0,65481,0,4022
65533,0,65481,0,4044
65533,0,65481,0,4067
65533,0,65481,0,4090
65533,0,65481,0,4113
65533,0,65481,0,4135
65533,0,65481,0,4159
65533,0,65481,0,4182
65533,0,65481,0,4204
65533,0,65481,0,4228
65533,0,65481,0,4250
65533,0,65481,0,4273
65533,0,65481,0,4296
65533,0,65481,0,4319
65533,0,65481,0,4341
65533,0,65481,0,4365
65533,0,65481,0,4387
65533,0,65481,0,4410
65533,0,65481,0,4433
65533,0,65481,0,4456
65533,0,65481,0,4480
65533,0,65481,0,4502
65533,0,65481,0,4525
65533,0,65481,0,4548
65533,0,65481,0,4571
65533,0,65481,0,4593
65533,0,65481,0,4617
65533,0,65481,0,4639
65533,0,65481,0,4662
65533,0,65481,0,4685
65533,0,65481,0,4708
65533,0,65481,0,4730
65533,0,65481,0,4754
65533,0,65481,0,4776
65533,0,65481,0,4799
65533,0,65481,0,4823
65533,0,65481,0,4845
65533,0,65481,0,4868
65533,0,65481,0,4891
65533,0,65481,0,4914
65533,0,65481,0,4936
65533,0,65481,0,4960
65533,0,65481,0,4982
65533,0,65481,0,5005
65533,0,65481,0,5028
65533,0,65481,0,5051
65533,0,65481,0,5073
65533,0,65481,0,5097
65533,0,65481,0,5120
65533,0,65480,0,5142
65533,0,65480,0,5166
65533,0,65480,0,5188
65533,0,65481,0,5212
65533,0,65481,0,5234
65533,0,65481,0,5257
65533,0,65481,0,5280
65533,0,65481,0,5303
65533,0,65481,0,5325
65533,0,65481,0,5349
65533,0,65481,0,5371
65533,0,65481,0,5394
65533,0,65481,0,5417
65533,0,65481,0,5440
65533,0,65481,0,5463
65533,0,65481,0,5486
65533,0,65481,0,5509
65533,0,65481,0,5531
65533,0,65481,0,5555
65533,0,65481,0,5577
65533,0,65481,0,5600
65533,0,65481,0,5623
65533,0,65481,0,5646
65533,0,65481,0,5668
65533,0,65481,0,5692
65533,0,65481,0,5714
65533,0,65481,0,5737
65533,0,65481,0,5761
65533,0,65481,0,5783
65533,0,65481,0,5806
65533,0,65481,0,5829
65533,0,65481,0,5852
65533,0,65481,0,5874
65533,0,65481,0,5898
65533,0,65481,0,5920
65533,0,65481,0,5943
65533,0,65481,0,5966
65533,0,65481,0,5989
65533,0,65481,0,6012
65533,0,65481,0,6035
65533,0,65481,0,6057
65533,0,65481,0,6081
65533,0,65481,0,6104
65533,0,65481,0,6126
65533,0,65481,0,6150
65533,0,65481,0,6172
65533,0,65481,0,6195
65533,0,65481,0,6218
65533,0,65481,0,6241
65533,0,65481,0,6263
65533,0,65481,0,6287
65533,0,65481,0,6309
65533,0,65481,0,6332
65533,0,65481,0,6355
65533,0,65481,0,6378
65533,0,65481,0,6401
65533,0,65481,0,6424
65533,0,65481,0,6447
65533,0,65481,0,6469
65533,0,65481,0,6493
65533,0,65481,0,6515
65533,0,65481,0,6538
65533,0,65481,0,6561
65533,0,65481,0,6584
65533,0,65481,0,6606
65533,0,65481,0,6630
65533,0,65481,0,6652
65533,0,65481,0,6676
65533,0,65481,0,6699
65533,0,65481,0,6721
65533,0,65481,0,6745
65533,0,65481,0,6767
65533,0,65481,0,6790
65533,0,65481,0,6813
65533,0,65481,0,6836
65533,0,65481,0,6858
65533,0,65481,0,6882
65533,0,65481,0,6904
65533,0,65481,0,6927
65533,0,65481,0,6950
65533,0,65481,0,6973
65533,0,65481,0,6995
65533,0,65481,0,7019
65533,0,65481,0,7042
65533,0,65481,0,7064
65533,0,65481,0,7088
65533,0,65481,0,7110
65533,0,65481,0,7133
65533,0,65481,0,7156
65533,0,65481,0,7179
65533,0,65481,0,7201
65533,0,65481,0,7225
65533,0,65481,0,7247
65533,0,65481,0,7270
65533,0,65481,0,7293
65533,0,65481,0,7316
65533,0,65481,0,7339
65533,0,65481,0,7362
65533,0,65481,0,7385
65533,0,65481,0,7408
65533,0,65481,0,7431
65533,0,65482,0,7453
65533,0,65482,0,7477
65533,0,65482,0,7499
65533,0,65481,0,7522
65533,0,65481,0,7545
65533,0,65481,0,7568
65533,0,65482,0,7590
65533,0,65482,0,7614
65533,0,65482,0,7636
65533,0,65482,0,7659
65533,0,65482,0,7683
65533,0,65482,0,7705
65533,0,65482,0,7728
65533,0,65482,0,7751
65533,0,65482,0,7774
65533,0,65482,0,7796
65533,0,65482,0,7820
65533,0,65482,0,7842
65534,0,65482,0,7865
65534,0,65482,0,7888
65534,0,65482,0,7911
65534,65535,65482,0,7933
65534,65535,65482,0,7961
65534,65535,65482,0,7988
65534,65535,65482,0,8015
65534,65535,65482,0,8042
65534,65535,65483,0,8069
65534,65535,65483,0,8096
65534,65535,65483,0,8123
65535,65535,65483,0,8151
65535,65535,65483,0,8177
0,65535,65484,0,8204
0,65535,65484,0,8227
0,65535,65484,0,8250
1,65534,65484,0,8273
1,65534,65484,0,8296
1,65534,65484,0,8318
4,65533,65484,0,8342
4,65533,65484,0,8365
4,65533,65484,0,8387
7,65530,65483,0,8411
7,65530,65483,0,8433
7,65530,65483,0,8456
9,65527,65479,0,8479
9,65527,65479,0,8502
9,65527,65479,0,8524
9,65524,65475,0,8548
9,65524,65475,0,8570
9,65524,65475,0,8593
11,65523,65461,0,8616
11,65523,65461,0,8640
11,65523,65461,0,8664
0,65524,65448,0,8688
0,65524,65448,0,8711
0,65524,65448,0,8733
65512,65529,65457,0,8757
65512,65529,65457,0,8783
65515,0,65496,0,8811
65515,0,65496,0,8834
65515,0,65496,0,8856
65527,1,65496,0,8880
65527,1,65496,0,8902
65527,1,65496,0,8925
65530,4,65492,0,8948
65530,4,65492,0,8971
65530,4,65492,0,8993
65530,5,65487,0,9017
65530,5,65487,0,9039
65530,5,65487,0,9062
65530,10,65482,0,9085
65530,10,65482,0,9109
65530,10,65482,0,9133
65528,13,65480,0,9157
65528,13,65480,0,9181
65528,13,65480,0,9205
65529,14,65481,0,9229
65529,14,65481,0,9252
65529,14,65481,0,9277
65531,13,65481,0,9300
65531,13,65481,0,9324
65531,13,65481,0,9349
65533,13,65482,0,9372
65533,13,65482,0,9396
65533,13,65482,0,9420
65533,13,65482,0,9444
65533,13,65482,0,9467
65533,10,65483,0,9492
65533,10,65483,0,9516
65533,10,65483,0,9540
65533,8,65483,0,9564
65533,8,65483,0,9586
65533,8,65483,0,9610
65532,7,65483,0,9632
65532,7,65483,0,9655
65532,7,65483,0,9678
65533,5,65485,0,9701
65533,5,65485,0,9723
65533,5,65485,0,9747
65534,2,65487,0,9769
65534,2,65487,0,9792
65534,2,65487,0,9816
65535,65535,65489,0,9838
65535,65535,65489,0,9865
65535,65535,65489,0,9892
0,65530,65491,0,9919
0,65530,65491,0,9943
0,65530,65491,0,9965
4,65527,65491,0,9988
4,65527,65491,0,10011
8,65524,65489,0,10035
8,65524,65489,0,10058
8,65524,65489,0,10083
11,65523,65484,0,10106
11,65523,65484,0,10131
11,65523,65484,0,10157
12,65524,65477,0,10181
12,65524,65477,0,10207
12,65524,65477,0,10231
9,65525,65470,0,10256
9,65525,65470,0,10280
9,65525,65470,0,10304
2,65526,65467,0,10328
2,65526,65467,0,10352
65534,65528,65469,0,10376
65534,65528,65469,0,10404
65534,65528,65469,0,10432
65532,65530,65473,0,10460
65532,65530,65473,0,10488
65533,65531,65475,0,10516
65533,65531,65475,0,10545
65533,65531,65475,0,10572
65534,65532,65476,0,10600
65534,65532,65476,0,10629
65535,65532,65477,0,10656
65535,65532,65477,0,10685
65535,65532,65477,0,10713
0,65533,65477,0,10741
0,65533,65477,0,10765
0,65533,65477,0,10788
0,65533,65477,0,10813
0,65533,65477,0,10836
0,65533,65477,0,10860
0,65533,65477,0,10885
0,65533,65477,0,10908
1,65533,65477,0,10932
1,65533,65477,0,10956
1,65533,65477,0,10980
1,65533,65477,0,11004
1,65533,65477,0,11028
1,65533,65477,0,11052
2,65533,65476,0,11076
2,65533,65476,0,11100
2,65533,65476,0,11123
2,65533,65476,0,11148
2,65533,65476,0,11171
2,65534,65476,0,11195
2,65534,65476,0,11219
2,65534,65476,0,11243
3,65534,65476,0,11267
3,65534,65476,0,11291
3,65534,65476,0,11315
3,65534,65476,0,11339
3,65534,65476,0,11363
3,65534,65476,0,11386
3,65534,65476,0,11411
3,65534,65476,0,11435
3,65534,65476,0,11458
4,65533,65476,0,11483
4,65533,65476,0,11506
4,65533,65476,0,11530
4,65534,65475,0,11554
4,65534,65475,0,11578
4,65534,65475,0,11602
4,65533,65475,0,11626
4,65533,65475,0,11650
4,65534,65475,0,11674
4,65534,65475,0,11698
4,65534,65475,0,11721
4,65534,65475,0,11746
4,65534,65475,0,11769
4,65534,65475,0,11793
4,65533,65475,0,11817
4,65533,65475,0,11841
4,65533,65475,0,11865
4,65533,65475,0,11889
4,65533,65475,0,11913
4,65533,65475,0,11937
4,65534,65475,0,11961
4,65534,65475,0,11984
4,65534,65475,0,12009
5,65533,65475,0,12033
5,65533,65475,0,12056
5,65533,65475,0,12081
5,65533,65475,0,12104
5,65533,65475,0,12128
4,65534,65475,0,12152
4,65534,65475,0,12176
4,65534,65475,0,12200
4,65533,65475,0,12224
4,65533,65475,0,12248
4,65533,65475,0,12272
4,65533,65475,0,12296
4,65533,65475,0,12319
4,65533,65475,0,12344
4,65534,65475,0,12367
4,65534,65475,0,12391
4,65534,65475,0,12416
5,65534,65475,0,12439
5,65534,65475,0,12463
5,65534,65475,0,12487
4,65534,65475,0,12511
4,65534,65475,0,12535
4,65534,65475,0,12559
4,65534,65475,0,12582
4,65534,65475,0,12607
4,65534,65475,0,12631
4,65534,65475,0,12654
4,65534,65475,0,12679
4,65533,65475,0,12702
4,65533,65475,0,12726
4,65533,65475,0,12750
4,65534,65475,0,12774
4,65534,65475,0,12797
4,65534,65475,0,12822
4,65533,65475,0,12846
4,65533,65475,0,12870
4,65533,65475,0,12894
4,65534,65475,0,12917
4,65534,65475,0,12942
4,65534,65475,0,12965
4,65534,65475,0,12989
4,65534,65475,0,13014
4,65534,65475,0,13037
4,65534,65475,0,13061
4,65534,65475,0,13085
4,65534,65475,0,13109
4,65534,65475,0,13133
4,65534,65475,0,13157
5,65533,65475,0,13180
5,65533,65475,0,13205
5,65533,65475,0,13229
5,65534,65475,0,13252
5,65534,65475,0,13277
5,65534,65475,0,13300
6,65533,65474,0,13324
6,65533,65474,0,13348
6,65533,65474,0,13372
6,65533,65473,0,13395
6,65533,65473,0,13420
6,65533,65473,0,13444
7,65533,65473,0,13468
7,65533,65473,0,13492
7,65533,65471,0,13515
7,65533,65471,0,13540
7,65533,65471,0,13563
8,65534,65469,0,13587
8,65534,65469,0,13612
8,65534,65469,0,13635
8,65534,65468,0,13659
8,65534,65468,0,13683
8,65534,65468,0,13707
8,65533,65466,0,13731
8,65533,65466,0,13755
8,65533,65466,0,13778
7,65533,65464,0,13803
7,65533,65464,0,13827
7,65533,65464,0,13850
6,65533,65462,0,13875
6,65533,65462,0,13898
6,65533,65462,0,13922
5,65532,65460,0,13946
5,65532,65460,0,13970
3,65531,65459,0,13993
3,65531,65459,0,14018
3,65531,65459,0,14042
0,65531,65458,0,14066
0,65531,65458,0,14090
0,65531,65458,0,14113
65533,65530,65457,0,14138
65533,65530,65457,0,14166
65533,65530,65457,0,14193
65529,65530,65458,0,14222
65529,65530,65458,0,14249
65526,65530,65459,0,14278
65526,65530,65459,0,14306
65523,65530,65461,0,14334
65523,65530,65461,0,14362
65523,65530,65461,0,14390
65522,65531,65463,0,14418
65522,65531,65463,0,14446
65520,65531,65466,0,14475
65520,65531,65466,0,14502
65520,65531,65466,0,14531
65520,65531,65468,0,14559
65520,65531,65468,0,14586
65520,65532,65471,0,14615
65520,65532,65471,0,14643
65520,65532,65471,0,14671
65520,65532,65473,0,14699
65520,65532,65473,0,14727
65520,65533,65475,0,14755
65520,65533,65475,0,14783
65521,65534,65476,0,14812
65521,65534,65476,0,14839
65521,65534,65476,0,14868
65522,65534,65477,0,14896
65522,65534,65477,0,14923
65523,65534,65478,0,14952
65523,65534,65478,0,14980
65523,65534,65478,0,15008
65524,65535,65479,0,15036
65524,65535,65479,0,15065
65525,65535,65479,0,15092
65525,65535,65479,0,15120
65525,65535,65479,0,15149
65525,65535,65480,0,15176
65525,65535,65480,0,15205
65526,65535,65480,0,15233
65526,65535,65480,0,15260
65526,65535,65480,0,15289
65526,65535,65480,0,15316
65526,65535,65480,0,15345
65527,65535,65480,0,15373
65527,65535,65480,0,15401
65527,65535,65481,0,15429
65527,65535,65481,0,15457
65527,65535,65481,0,15485
65527,0,65481,0,15513
65527,0,65481,0,15538
65527,0,65481,0,15561
65527,0,65481,0,15585
65527,0,65481,0,15609
65528,0,65481,0,15633
65528,0,65481,0,15656
65528,0,65481,0,15681
65528,0,65481,0,15705
65528,0,65481,0,15729
65528,0,65481,0,15753
65528,0,65481,0,15776
65528,0,65481,0,15801
65528,0,65481,0,15824
65528,0,65481,0,15848
65528,0,65481,0,15873
65528,0,65481,0,15896
65529,0,65481,0,15920
65529,0,65481,0,15944
65529,0,65481,0,15968
65528,0,65481,0,15991
65528,0,65481,0,16016
65528,0,65481,0,16039
65528,0,65481,0,16064
65528,0,65481,0,16088
65529,0,65481,0,16111
65529,0,65481,0,16136
65529,0,65481,0,16159
65529,0,65481,0,16183
65529,0,65481,0,16207
65529,0,65481,0,16231
65529,0,65481,0,16254
65529,0,65481,0,16279
65529,0,65481,0,16303
65529,0,65481,0,16327
65529,0,65481,0,16351
65529,0,65481,0,16374
65529,0,65481,0,16399
65529,0,65481,0,16422
65529,0,65481,0,16446
65529,0,65481,0,16471
65529,0,65481,0,16494
65529,0,65481,0,16518
65529,0,65481,0,16542
65529,0,65481,0,16566
65529,0,65481,0,16589
65529,0,65481,0,16614
65529,0,65481,0,16637
65529,0,65481,0,16662
65529,0,65481,0,16686
65529,0,65481,0,16709
65529,0,65481,0,16734
65529,0,65481,0,16757
65529,0,65481,0,16781
65529,0,65481,0,16805
65529,0,65481,0,16829
65529,0,65481,0,16852
65529,0,65481,0,16877
65529,0,65481,0,16901
65529,0,65481,0,16924
65529,0,65481,0,16949
65529,0,65481,0,16972
65529,0,65481,0,16997
65529,0,65481,0,17020
65529,0,65481,0,17044
65529,0,65481,0,17069
65529,0,65481,0,17092
65529,0,65481,0,17116
65529,0,65481,0,17140
65529,0,65481,0,17164
65529,0,65481,0,17187
65528,0,65481,0,17212
65528,0,65481,0,17235
65528,0,65481,0,17260
65528,0,65481,0,17284
65528,0,65481,0,17307
65528,0,65481,0,17332
65528,0,65481,0,17355
65528,0,65481,0,17379
65528,0,65481,0,17403
65528,0,65481,0,17427
65528,0,65481,0,17451
65527,0,65481,0,17475
65527,0,65481,0,17499
65527,0,65481,0,17522
65527,65535,65480,0,17547
65527,65535,65480,0,17574
65527,65535,65480,0,17603
65526,65535,65480,0,17631
65526,65535,65480,0,17659
65526,65535,65480,0,17687
65526,65535,65480,0,17715
65525,65535,65480,0,17743
65525,65535,65480,0,17771
65525,65535,65480,0,17800
65524,65535,65479,0,17827
65524,65535,65479,0,17855
65523,65535,65478,0,17884
65523,65535,65478,0,17911
65523,65535,65478,0,17940
65522,65534,65477,0,17968
65522,65534,65477,0,17996
65522,65533,65476,0,18024
65522,65533,65476,0,18052
65522,65533,65476,0,18080
65521,65533,65474,0,18108
65521,65533,65474,0,18137
65520,65532,65472,0,18164
65520,65532,65472,0,18193
65520,65532,65468,0,18221
65520,65532,65468,0,18248
65520,65532,65468,0,18277
65521,65531,65465,0,18305
65521,65531,65465,0,18333
65524,65531,65461,0,18361
65524,65531,65461,0,18388
65524,65531,65461,0,18417
65528,65530,65459,0,18445
65528,65530,65459,0,18473
65533,65530,65458,0,18501
65533,65530,65458,0,18530
65533,65530,65458,0,18557
1,65531,65459,0,18585
1,65531,65459,0,18610
5,65532,65462,0,18633
5,65532,65462,0,18658
5,65532,65462,0,18681
7,65533,65465,0,18705
7,65533,65465,0,18729
7,65533,65465,0,18753
7,65534,65469,0,18777
7,65534,65469,0,18801
7,65534,65469,0,18825
5,65534,65475,0,18848
5,65534,65475,0,18873
5,65534,65475,0,18896
1,65533,65477,0,18920
1,65533,65477,0,18945
1,65533,65477,0,18968
65533,65531,65476,0,18993
65533,65531,65476,0,19020
65534,65528,65470,0,19048
65534,65528,65470,0,19077
65534,65528,65470,0,19104
7,65525,65469,0,19133
7,65525,65469,0,19156
12,65523,65479,0,19180
12,65523,65479,0,19206
12,65523,65479,0,19230
9,65523,65487,0,19256
9,65523,65487,0,19279
9,65523,65487,0,19303
5,65526,65491,0,19328
5,65526,65491,0,19351
5,65526,65491,0,19375
1,65530,65491,0,19399
1,65530,65491,0,19423
1,65530,65491,0,19446
0,65535,65489,0,19471
0,65535,65489,0,19494
65534,2,65487,0,19518
65534,2,65487,0,19543
65534,2,65487,0,19566
65533,5,65486,0,19591
65533,5,65486,0,19614
65533,5,65486,0,19638
65532,7,65484,0,19662
65532,7,65484,0,19686
65532,7,65484,0,19709
65533,8,65483,0,19734
65533,8,65483,0,19758
65533,8,65483,0,19781
65533,10,65483,0,19806
65533,10,65483,0,19830
65533,10,65483,0,19856
65534,12,65482,0,19880
65534,12,65482,0,19905
65534,13,65482,0,19931
65534,13,65482,0,19955
65534,13,65482,0,19980
65532,14,65482,0,20005
65532,14,65482,0,20030
65532,14,65482,0,20056
65530,14,65482,0,20080
65530,14,65482,0,20105
65530,14,65481,0,20130
65528,14,65481,0,20155
65528,14,65481,0,20179
65529,14,65481,0,20205
65529,14,65481,0,20230
65529,14,65481,0,20255
65530,10,65483,0,20280
65530,10,65483,0,20304
65530,10,65483,0,20330
65531,6,65488,0,20355
65531,6,65488,0,20378
65531,6,65488,0,20403
65531,6,65488,0,20426
65531,6,65488,0,20450
65528,3,65496,0,20474
65528,3,65496,0,20498
65528,3,65496,0,20523
65522,0,65498,0,20546
65522,0,65498,0,20570
65522,0,65498,0,20594
65507,65533,65485,0,20618
65507,65533,65485,0,20645
65507,65533,65485,0,20674
65516,65527,65451,0,20702
65516,65527,65451,0,20730
1,65522,65444,0,20758
1,65522,65444,0,20782
1,65522,65444,0,20806
12,65521,65455,0,20830
12,65521,65455,0,20855
12,65521,65455,0,20880
12,65521,65455,0,20904
12,65521,65455,0,20930
9,65524,65476,0,20955
9,65524,65476,0,20978
9,65524,65476,0,21003
8,65526,65479,0,21026
8,65526,65479,0,21050
8,65526,65479,0,21074
9,65528,65481,0,21098
9,65528,65481,0,21123
9,65528,65481,0,21146
7,65529,65484,0,21170
7,65529,65484,0,21194
7,65529,65484,0,21218
5,65531,65484,0,21241
5,65531,65484,0,21266
3,65532,65484,0,21289
3,65532,65484,0,21313
3,65532,65484,0,21338
2,65533,65484,0,21361
2,65533,65484,0,21386
2,65533,65484,0,21409
1,65534,65484,0,21433
1,65534,65484,0,21457
1,65534,65484,0,21481
0,65534,65484,0,21505
0,65534,65484,0,21529
0,65534,65484,0,21553
0,65534,65484,0,21576
0,65534,65484,0,21601
0,65534,65484,0,21624
0,65535,65483,0,21648
0,65535,65483,0,21672
0,65535,65483,0,21696
0,65535,65483,0,21721
0,65535,65483,0,21744
65535,65535,65483,0,21768
65535,65535,65483,0,21796
65535,65535,65483,0,21824
65535,65535,65483,0,21853
65535,65535,65483,0,21880
65535,65535,65483,0,21908
65535,65535,65483,0,21937
65535,65535,65483,0,21964
65535,65535,65483,0,21993
65535,65535,65483,0,22021
65535,65535,65483,0,22048
65535,65535,65483,0,22077
65535,65535,65483,0,22105
65535,65535,65483,0,22133
65535,65535,65483,0,22161
65535,65535,65483,0,22190
65535,65535,65483,0,22217
65535,65535,65483,0,22245
65535,65535,65483,0,22274
65535,65535,65483,0,22301
65534,65535,65483,0,22330
65534,65535,65483,0,22358
65534,65535,65483,0,22386
65534,65535,65483,0,22414
65534,65535,65483,0,22441
65534,65535,65483,0,22470
65534,65535,65483,0,22498
65534,65535,65482,0,22526
65534,65535,65482,0,22554
65534,65535,65482,0,22583
65534,65535,65483,0,22610
65534,65535,65483,0,22638
65534,65535,65483,0,22667
65534,65535,65483,0,22694
65534,65535,65483,0,22723
65534,65535,65483,0,22751
65534,65535,65483,0,22778
65534,65535,65483,0,22807
65534,65535,65483,0,22835
65534,65535,65482,0,22863
65534,65535,65482,0,22891
65534,65535,65482,0,22920
65534,65535,65482,0,22947
65534,65535,65482,0,22975
65534,0,65482,0,23004
65534,0,65482,0,23027
65534,0,65482,0,23052
65534,0,65482,0,23075
65534,0,65482,0,23099
65534,0,65482,0,23123
65534,0,65482,0,23147
65534,0,65482,0,23171
65534,0,65482,0,23195
65534,0,65483,0,23219
65534,0,65483,0,23242
65534,0,65483,0,23267
65534,65535,65482,0,23290
65534,65535,65482,0,23319
65534,65535,65482,0,23347
65534,65535,65482,0,23374
65534,65535,65482,0,23403
65534,65535,65482,0,23431
65534,65535,65482,0,23459
65534,65535,65482,0,23487
65534,65535,65482,0,23516
65534,65535,65483,0,23543
65534,65535,65483,0,23571
65534,65535,65483,0,23600
65534,65535,65482,0,23627
65534,65535,65482,0,23656
65535,65535,65483,0,23684
65535,65535,65483,0,23711
65535,65535,65483,0,23740
65535,65535,65483,0,23768
65535,65535,65483,0,23796
65535,65535,65483,0,23824
65535,65535,65483,0,23853
65535,65535,65483,0,23880
65535,65535,65483,0,23908
65535,65535,65483,0,23937
0,65535,65484,0,23964
0,65535,65484,0,23989
0,65535,65484,0,24012
0,65534,65484,0,24036
0,65534,65484,0,24060
0,65534,65484,0,24084
1,65534,65484,0,24108
1,65534,65484,0,24132
2,65533,65484,0,24156
2,65533,65484,0,24179
2,65533,65484,0,24204
5,65531,65484,0,24227
5,65531,65484,0,24252
5,65531,65484,0,24275
7,65530,65483,0,24299
7,65530,65483,0,24324
7,65530,65483,0,24347
9,65527,65480,0,24371
9,65527,65480,0,24395
9,65527,65480,0,24419
10,65524,65477,0,24442
10,65524,65477,0,24468
10,65524,65477,0,24493
13,65523,65470,0,24518
13,65523,65470,0,24543
11,65522,65453,0,24567
11,65522,65453,0,24593
11,65522,65453,0,24617
65533,65525,65444,0,24642
65533,65525,65444,0,24671
65533,65525,65444,0,24698
65509,65529,65465,0,24727
65509,65529,65465,0,24755
65519,65534,65494,0,24783
65519,65534,65494,0,24811
65527,65535,65492,0,24839
65527,65535,65492,0,24867
65527,65535,65492,0,24895
65529,1,65489,0,24924
65529,1,65489,0,24947
65529,1,65489,0,24971
65530,4,65485,0,24995
65530,4,65485,0,25019
65529,9,65482,0,25042
65529,9,65482,0,25067
65529,9,65482,0,25091
65527,12,65481,0,25115
65527,12,65481,0,25140
65527,12,65481,0,25164
65529,13,65481,0,25190
65529,13,65481,0,25214
65529,13,65481,0,25239
65531,13,65482,0,25265
65531,13,65482,0,25289
65534,12,65482,0,25315
65534,12,65482,0,25339
65534,12,65482,0,25364
65534,10,65482,0,25390
65534,10,65482,0,25414
65534,10,65482,0,25439
65533,8,65482,0,25464
65533,8,65482,0,25488
65533,8,65482,0,25512
65533,7,65482,0,25536
65533,7,65482,0,25560
65533,7,65482,0,25584
65532,6,65484,0,25608
65532,6,65484,0,25631
65533,3,65486,0,25656
65533,3,65486,0,25679
65533,3,65486,0,25703
65535,0,65488,0,25728
65535,0,65488,0,25751
65535,0,65488,0,25775
0,65531,65489,0,25799
0,65531,65489,0,25823
0,65531,65489,0,25847
4,65526,65490,0,25871
4,65526,65490,0,25894
4,65526,65490,0,25919
9,65523,65487,0,25943
9,65523,65487,0,25966
9,65523,65487,0,25991
12,65523,65478,0,26014
12,65523,65478,0,26039
12,65523,65478,0,26064
12,65523,65478,0,26089
12,65523,65478,0,26115
65532,65528,65471,0,26139
65532,65528,65471,0,26167
65532,65528,65471,0,26195
65535,65532,65477,0,26223
65535,65532,65477,0,26252
3,65533,65476,0,26279
3,65533,65476,0,26303
3,65533,65476,0,26328
6,65534,65471,0,26351
6,65534,65471,0,26375
6,65534,65471,0,26399
7,65533,65466,0,26423
7,65533,65466,0,26447
7,65533,65466,0,26471
5,65532,65461,0,26494
5,65532,65461,0,26519
0,65531,65458,0,26543
0,65531,65458,0,26566
0,65531,65458,0,26591
65530,65530,65458,0,26614
65530,65530,65458,0,26642
65530,65530,65458,0,26671
65524,65530,65461,0,26698
65524,65530,65461,0,26727
65520,65531,65466,0,26755
65520,65531,65466,0,26783
65520,65531,65466,0,26811
65520,65532,65471,0,26839
65520,65532,65471,0,26867
65521,65533,65474,0,26895
65521,65533,65474,0,26924
65522,65534,65477,0,26951
65522,65534,65477,0,26980
65522,65534,65477,0,27008
65524,65535,65479,0,27035
65524,65535,65479,0,27064
65525,65535,65480,0,27091
65525,65535,65480,0,27120
65525,65535,65480,0,27148
65527,0,65481,0,27176
65527,0,65481,0,27200
65527,0,65481,0,27224
65527,0,65481,0,27248
65527,0,65481,0,27272
65528,0,65481,0,27295
65528,0,65481,0,27320
65528,0,65481,0,27343
65529,0,65481,0,27367
65529,0,65481,0,27392
65529,0,65481,0,27415
65530,0,65481,0,27439
65530,0,65481,0,27463
65530,0,65481,0,27487
65530,0,65481,0,27511
65530,0,65481,0,27535
65530,0,65481,0,27558
65530,0,65481,0,27583
65530,0,65481,0,27607
65530,0,65481,0,27630
65530,0,65481,0,27655
65530,0,65481,0,27678
65530,0,65481,0,27702
65530,0,65481,0,27726
65530,0,65481,0,27750
65530,0,65481,0,27773
65530,0,65481,0,27798
65530,0,65481,0,27822
65530,0,65481,0,27846
65530,0,65481,0,27870
65530,0,65481,0,27893
65530,0,65481,0,27918
65530,0,65481,0,27941
65530,0,65481,0,27965
65530,0,65482,0,27990
65530,0,65482,0,28013
65530,0,65482,0,28037
65530,0,65481,0,28061
65530,0,65481,0,28085
65530,0,65481,0,28109
65530,0,65481,0,28133
65530,0,65481,0,28156
65531,0,65481,0,28181
65531,0,65481,0,28205
65531,0,65481,0,28228
65531,0,65481,0,28253
65531,0,65481,0,28276
65531,0,65481,0,28300
65531,0,65481,0,28324
65531,0,65481,0,28348
65531,0,65481,0,28371
65530,0,65481,0,28396
65530,0,65481,0,28420
65530,0,65481,0,28444
65531,0,65481,0,28468
65531,0,65481,0,28491
65531,0,65481,0,28516
65530,0,65482,0,28539
65530,0,65482,0,28563
65530,0,65481,0,28588
65530,0,65481,0,28611
65530,0,65481,0,28635
65531,0,65481,0,28659
65531,0,65481,0,28683
65531,0,65481,0,28707
65531,0,65481,0,28731
65531,0,65481,0,28754
65531,0,65481,0,28779
65530,0,65481,0,28803
65530,0,65481,0,28826
65530,0,65481,0,28851
65531,0,65482,0,28874
65531,0,65482,0,28898
65531,0,65482,0,28922
65530,0,65481,0,28946
65530,0,65481,0,28969
65530,0,65481,0,28994
65531,0,65481,0,29018
65531,0,65481,0,29042
65530,0,65481,0,29066
65530,0,65481,0,29089
65530,0,65481,0,29114
65530,0,65481,0,29137
65530,0,65481,0,29161
65530,0,65481,0,29186
65530,0,65481,0,29209
65530,0,65481,0,29233
65530,0,65481,0,29257
65530,0,65481,0,29281
65530,0,65481,0,29304
65530,0,65481,0,29329
65530,0,65481,0,29352
65530,0,65481,0,29377
65530,0,65481,0,29401
65529,0,65481,0,29424
65529,0,65481,0,29449
65529,0,65481,0,29472
65529,0,65481,0,29496
65529,0,65481,0,29520
65528,0,65481,0,29544
65528,0,65481,0,29568
65528,0,65481,0,29592
65527,0,65481,0,29616
65527,0,65481,0,29640
65527,0,65481,0,29664
65527,65535,65480,0,29687
65527,65535,65480,0,29716
65527,65535,65480,0,29744
65525,65535,65479,0,29772
65525,65535,65479,0,29800
65524,65535,65479,0,29828
65524,65535,65479,0,29856
65522,65534,65477,0,29884
65522,65534,65477,0,29913
65522,65534,65477,0,29940
65521,65533,65474,0,29968
65521,65533,65474,0,29997
65520,65532,65470,0,30024
65520,65532,65470,0,30053
65520,65532,65470,0,30081
65521,65531,65466,0,30109
65521,65531,65466,0,30137
65524,65531,65461,0,30164
65524,65531,65461,0,30193
65524,65531,65461,0,30221
65530,65530,65458,0,30249
65530,65530,65458,0,30277
0,65531,65458,0,30306
0,65531,65458,0,30329
0,65531,65458,0,30353
4,65532,65461,0,30377
4,65532,65461,0,30401
4,65532,65461,0,30425
7,65533,65466,0,30449
7,65533,65466,0,30473
7,65534,65471,0,30496
7,65534,65471,0,30521
7,65534,65471,0,30544
4,65534,65476,0,30568
4,65534,65476,0,30593
4,65534,65476,0,30616
0,65532,65477,0,30641
0,65532,65477,0,30664
0,65532,65477,0,30688
65532,65529,65473,0,30712
65532,65529,65473,0,30740
65532,65529,65473,0,30768
3,65526,65467,0,30796
3,65526,65467,0,30820
11,65524,65475,0,30844
11,65524,65475,0,30869
11,65524,65475,0,30894
10,65523,65485,0,30919
10,65523,65485,0,30944
10,65523,65485,0,30968
6,65525,65490,0,30994
6,65525,65490,0,31017
6,65525,65490,0,31042
1,65529,65491,0,31066
1,65529,65491,0,31089
0,65535,65490,0,31114
0,65535,65490,0,31137
0,65535,65490,0,31161
65534,2,65488,0,31185
65534,2,65488,0,31209
65534,2,65488,0,31233
65533,5,65486,0,31257
65533,5,65486,0,31281
65533,5,65486,0,31305
65532,7,65484,0,31329
65532,7,65484,0,31352
65532,7,65484,0,31377
65533,8,65484,0,31400
65533,8,65484,0,31424
65533,8,65484,0,31449
65533,9,65484,0,31472
65533,9,65484,0,31496
65534,11,65482,0,31520
65534,11,65482,0,31545
65534,11,65482,0,31570
65533,13,65483,0,31595
65533,13,65483,0,31620
65533,13,65483,0,31645
65531,13,65483,0,31670
65531,13,65483,0,31694
65531,13,65483,0,31720
65528,13,65483,0,31745
65528,13,65483,0,31770
65527,13,65482,0,31795
65527,13,65482,0,31819
65527,13,65482,0,31845
65527,10,65482,0,31869
65527,10,65482,0,31894
65527,10,65482,0,31920
65528,6,65484,0,31944
65528,6,65484,0,31969
65528,6,65484,0,31992
65527,0,65487,0,32016
65527,0,65487,0,32040
65527,0,65487,0,32064
65526,65535,65489,0,32088
65526,65535,65489,0,32116
65525,65533,65491,0,32144
65525,65533,65491,0,32173
65525,65533,65491,0,32200
65521,65532,65495,0,32228
65521,65532,65495,0,32257
65510,65531,65488,0,32284
65510,65531,65488,0,32313
65511,65526,65451,0,32340
65511,65526,65451,0,32369
65511,65526,65451,0,32397
65532,65523,65438,0,32424
65532,65523,65438,0,32453
11,65521,65444,0,32481
11,65521,65444,0,32506
11,65521,65444,0,32531
18,65520,65459,0,32556
18,65520,65459,0,32581
18,65520,65459,0,32606
13,65522,65473,0,32630
13,65522,65473,0,32656
11,65524,65477,0,32680
11,65524,65477,0,32706
11,65524,65477,0,32731
10,65527,65480,0,32755
10,65527,65480,0,32781
10,65527,65480,0,32805
8,65529,65483,0,32830
8,65529,65483,0,32855
8,65529,65483,0,32878
6,65531,65484,0,32903
6,65531,65484,0,32926
6,65531,65484,0,32950
3,65533,65484,0,32974
3,65533,65484,0,32998
2,65533,65484,0,33021
2,65533,65484,0,33046
2,65533,65484,0,33070
1,65534,65484,0,33093
1,65534,65484,0,33118
1,65534,65484,0,33141
0,65534,65484,0,33165
0,65534,65484,0,33189
0,65534,65484,0,33213
0,65534,65484,0,33238
0,65534,65484,0,33261
0,65534,65484,0,33285
0,65535,65484,0,33309
0,65535,65484,0,33333
0,65535,65484,0,33356
0,65534,65484,0,33381
0,65534,65484,0,33404
0,65534,65484,0,33428
0,65534,65483,0,33453
0,65534,65483,0,33476
0,65535,65484,0,33501
0,65535,65484,0,33524
0,65535,65484,0,33548
0,65535,65483,0,33572
0,65535,65483,0,33596
0,65535,65483,0,33619
65535,65535,65483,0,33644
65535,65535,65483,0,33672
65535,65535,65483,0,33700
65535,65535,65483,0,33728
65535,65535,65483,0,33756
65535,65535,65483,0,33784
65535,65535,65483,0,33812
65535,65535,65483,0,33841
65535,65535,65483,0,33868
65535,65535,65483,0,33896
65535,65535,65483,0,33925
65535,65535,65483,0,33952
65535,65535,65483,0,33981
65535,65535,65483,0,34009
65535,65535,65483,0,34037
65535,65535,65483,0,34065
65535,65535,65483,0,34093
65535,65535,65483,0,34121
65535,65535,65483,0,34149
65535,65535,65483,0,34178
65535,65535,65483,0,34205
65535,65535,65483,0,34234
65535,65535,65483,0,34262
65535,65535,65483,0,34289
65535,65535,65483,0,34318
65535,65535,65483,0,34345
65535,65535,65483,0,34374
65535,65535,65483,0,34402
65535,65535,65483,0,34430
65535,65535,65483,0,34458
65535,65535,65483,0,34486
65535,65535,65483,0,34514
65535,65535,65483,0,34542
65535,65535,65483,0,34571
65535,65535,65483,0,34598
65535,65535,65483,0,34626
65535,65535,65483,0,34655
65535,65535,65483,0,34682
65535,65535,65483,0,34711
65535,65535,65483,0,34739
65535,65535,65483,0,34767
65535,65535,65483,0,34795
65535,65535,65483,0,34823
65535,65535,65483,0,34851
65535,65535,65483,0,34879
65535,65535,65483,0,34908
65535,65535,65483,0,34935
65535,65535,65483,0,34964
65535,65535,65483,0,34992
65535,65535,65484,0,35019
65535,65535,65484,0,35048
0,65535,65484,0,35076
0,65535,65484,0,35100
0,65535,65484,0,35124
0,65534,65484,0,35147
0,65534,65484,0,35172
0,65534,65484,0,35195
0,65534,65484,0,35219
0,65534,65484,0,35244
0,65534,65484,0,35267
1,65534,65484,0,35291
1,65534,65484,0,35315
3,65533,65484,0,35339
3,65533,65484,0,35363
3,65533,65484,0,35387
5,65531,65484,0,35410
5,65531,65484,0,35435
5,65531,65484,0,35459
7,65530,65483,0,35482
7,65530,65483,0,35507
7,65530,65483,0,35530
9,65527,65480,0,35554
9,65527,65480,0,35578
9,65527,65480,0,35602
9,65525,65476,0,35625
9,65525,65476,0,35650
9,65525,65476,0,35674
13,65524,65467,0,35698
13,65524,65467,0,35723
13,65525,65478,0,35747
6,65525,65451,0,35773
6,65525,65451,0,35796
65523,65529,65452,0,35820
65523,65529,65452,0,35849
65523,65529,65452,0,35876
65516,65532,65485,0,35905
65516,65532,65485,0,35933
65526,65533,65490,0,35960
65526,65533,65490,0,35989
65526,65533,65490,0,36017
65529,0,65488,0,36045
65529,0,65488,0,36069
65529,6,65483,0,36092
65529,6,65483,0,36117
65529,6,65483,0,36141
65527,11,65481,0,36165
65527,11,65481,0,36190
65527,11,65481,0,36214
65530,12,65482,0,36240
65530,12,65482,0,36264
65530,12,65482,0,36289
65534,11,65483,0,36315
65534,11,65483,0,36339
65534,8,65482,0,36365
65534,8,65482,0,36388
65534,8,65482,0,36412
65533,6,65483,0,36436
65533,6,65483,0,36460
65533,6,65483,0,36484
65533,4,65485,0,36508
65533,4,65485,0,36532
65533,4,65485,0,36555
65535,0,65488,0,36580
65535,0,65488,0,36603
65535,0,65488,0,36628
2,65528,65490,0,36652
2,65528,65490,0,36675
2,65528,65490,0,36700
8,65523,65487,0,36723
8,65523,65487,0,36747
11,65523,65475,0,36771
11,65523,65475,0,36796
11,65523,65475,0,36820
65534,65527,65468,0,36846
65534,65527,65468,0,36874
65534,65527,65468,0,36902
65535,65532,65477,0,36930
65535,65532,65477,0,36958
5,65534,65474,0,36986
5,65534,65474,0,37010
5,65534,65474,0,37035
7,65534,65467,0,37058
7,65534,65467,0,37082
7,65534,65467,0,37106
4,65531,65460,0,37130
4,65531,65460,0,37153
4,65531,65460,0,37178
65532,65530,65458,0,37201
65532,65530,65458,0,37230
65523,65531,65462,0,37258
65523,65531,65462,0,37285
65523,65531,65462,0,37314
65520,65532,65469,0,37342
65520,65532,65469,0,37370
65521,65533,65475,0,37398
65521,65533,65475,0,37427
65523,65534,65479,0,37454
65523,65534,65479,0,37482
65523,65534,65479,0,37511
65526,65535,65480,0,37538
65526,65535,65480,0,37567
65528,0,65481,0,37595
65528,0,65481,0,37618
65528,0,65481,0,37643
65529,0,65481,0,37666
65529,0,65481,0,37690
65529,0,65481,0,37714
65530,0,65482,0,37738
65530,0,65482,0,37763
65530,0,65482,0,37786
65531,0,65482,0,37810
65531,0,65482,0,37834
65531,0,65482,0,37858
65531,0,65481,0,37881
65531,0,65481,0,37906
65531,0,65481,0,37929
65531,0,65481,0,37953
65531,0,65481,0,37978
65532,0,65482,0,38001
65532,0,65482,0,38026
65532,0,65482,0,38049
65532,0,65481,0,38073
65532,0,65481,0,38097
65532,0,65481,0,38121
65532,0,65481,0,38145
65532,0,65481,0,38169
65532,0,65481,0,38193
65532,0,65482,0,38216
65532,0,65482,0,38241
65532,0,65482,0,38264
65532,0,65481,0,38288
65532,0,65481,0,38312
65532,0,65481,0,38336
65532,0,65481,0,38361
65532,0,65481,0,38384
65532,0,65481,0,38408
65532,0,65481,0,38432
65532,0,65481,0,38456
65532,0,65481,0,38479
65532,0,65481,0,38504
65532,0,65481,0,38528
65532,0,65482,0,38551
65532,0,65482,0,38576
65532,0,65482,0,38599
65533,0,65481,0,38623
65533,0,65481,0,38647
65533,0,65481,0,38671
65533,0,65481,0,38695
65533,0,65481,0,38719
65533,0,65481,0,38743
65533,0,65481,0,38767
65533,0,65481,0,38791
65533,0,65481,0,38814
65533,0,65481,0,38839
65533,0,65481,0,38862
65533,0,65481,0,38886
65533,0,65481,0,38910
65533,0,65481,0,38934
65533,0,65481,0,38959
65533,0,65481,0,38982
65533,0,65481,0,39006
65533,0,65481,0,39030
65533,0,65481,0,39054
65533,0,65481,0,39077
65533,0,65481,0,39102
65533,0,65481,0,39126
65533,0,65481,0,39149
65533,0,65481,0,39174
65533,0,65481,0,39197
65533,0,65481,0,39221
65533,0,65481,0,39245
65533,0,65481,0,39269
65533,0,65481,0,39293
65532,0,65481,0,39317
65532,0,65481,0,39341
65533,0,65481,0,39365
65533,0,65481,0,39389
65533,0,65481,0,39412
65533,0,65481,0,39437
65533,0,65481,0,39460
65533,0,65481,0,39484
65532,0,65481,0,39508
65532,0,65481,0,39532
65532,0,65481,0,39557
65533,0,65481,0,39580
65533,0,65481,0,39604
65533,0,65481,0,39628
65533,0,65481,0,39652
65533,0,65481,0,39675
65533,0,65481,0,39700
65532,0,65481,0,39724
65532,0,65481,0,39747
65532,0,65481,0,39772
65532,0,65481,0,39795
65532,0,65481,0,39819
65533,0,65481,0,39843
65533,0,65481,0,39867
65533,0,65481,0,39891
65533,0,65481,0,39915
65533,0,65481,0,39939
65533,0,65481,0,39963
65533,0,65481,0,39987
65533,0,65481,0,40010
65533,0,65481,0,40035
65532,0,65481,0,40058
65532,0,65481,0,40082
65532,0,65481,0,40107
65533,0,65481,0,40130
65533,0,65481,0,40155
65533,0,65481,0,40178
65533,0,65481,0,40202
65533,0,65481,0,40226
65533,0,65481,0,40250
65533,0,65481,0,40273
65533,0,65481,0,40298
65533,0,65481,0,40322
65533,0,65481,0,40345
65533,0,65481,0,40370
65533,0,65481,0,40393
65533,0,65481,0,40417
65533,0,65481,0,40441
65532,0,65481,0,40465
65532,0,65481,0,40489
65532,0,65481,0,40513
65532,0,65481,0,40537
65532,0,65481,0,40561
65532,0,65481,0,40585
65532,0,65481,0,40608
65532,0,65481,0,40633
65532,0,65481,0,40656
65533,0,65481,0,40680
65533,0,65481,0,40705
65533,0,65481,0,40728
65533,0,65481,0,40752
65533,0,65481,0,40776
65532,0,65481,0,40800
65532,0,65481,0,40824
65532,0,65481,0,40848
65532,0,65481,0,40871
65532,0,65481,0,40896
65532,0,65481,0,40920
65533,0,65481,0,40943
65533,0,65481,0,40968
65533,0,65481,0,40991
65533,0,65481,0,41015
65533,0,65481,0,41039
65533,0,65481,0,41063
65533,0,65481,0,41088
65533,0,65481,0,41111
65533,0,65481,0,41135
65533,0,65481,0,41159
65533,0,65481,0,41183
65533,0,65481,0,41206
65533,0,65481,0,41231
65533,0,65481,0,41254
65533,0,65481,0,41278
65533,0,65481,0,41303
65533,0,65481,0,41326
65532,0,65481,0,41350
65532,0,65481,0,41374
65532,0,65481,0,41398
65533,0,65481,0,41422
65533,0,65481,0,41446
65533,0,65481,0,41469
65533,0,65481,0,41494
65533,0,65481,0,41518
65533,0,65481,0,41541
65533,0,65481,0,41566
65533,0,65481,0,41589
65533,0,65482,0,41613
65533,0,65482,0,41637
65533,0,65482,0,41661
65533,0,65481,0,41684
65533,0,65481,0,41709
65533,0,65481,0,41733
65532,0,65481,0,41757
65532,0,65481,0,41781
65532,0,65481,0,41804
65533,0,65481,0,41829
65533,0,65481,0,41852
65533,0,65481,0,41876
65533,0,65481,0,41901
65533,0,65481,0,41924
65533,0,65481,0,41948
65533,0,65481,0,41972
65533,0,65481,0,41996
65533,0,65481,0,42020
65533,0,65481,0,42044
65533,0,65481,0,42067
65533,0,65481,0,42092
65533,0,65481,0,42116
65533,0,65481,0,42139
65533,0,65481,0,42164
65533,0,65481,0,42187
65533,0,65481,0,42211
65533,0,65481,0,42235
65533,0,65481,0,42259
65533,0,65481,0,42283
65533,0,65481,0,42307
65533,0,65481,0,42331
65533,0,65481,0,42355
65533,0,65481,0,42379
65533,0,65481,0,42402
65533,0,65481,0,42427
65532,0,65481,0,42450
65532,0,65481,0,42474
65532,0,65481,0,42499
65533,0,65481,0,42522
65533,0,65481,0,42546
65533,0,65481,0,42570
65533,0,65481,0,42594
65533,0,65481,0,42618
65533,0,65481,0,42642
65533,0,65481,0,42665