65534,0,65482,0,2751
65534,0,65482,0,2774
65534,0,65482,0,2796
65534,0,65482,0,2820
65534,0,65482,0,2842
65534,0,65482,0,2865
65534,0,65482,0,2888
65534,0,65482,0,2911
65534,0,65482,0,2933
65533,0,65482,0,2957
65533,0,65482,0,2979
65533,0,65482,0,3002
65534,0,65482,0,3025
65534,0,65482,0,3048
65534,0,65482,0,3072
65533,0,65482,0,3094
65533,0,65482,0,3117
65533,0,65482,0,3140
65533,0,65482,0,3163
65533,0,65482,0,3185
65533,0,65482,0,3209
65533,0,65482,0,3231
65533,0,65482,0,3254
65533,0,65482,0,3277
65534,0,65482,0,3300
65534,0,65482,0,3322
65534,0,65482,0,3346
65533,0,65482,0,3368
65533,0,65482,0,3391
65533,0,65482,0,3415
65534,0,65482,0,3437
65534,0,65482,0,3460
65534,0,65482,0,3483
65533,0,65482,0,3506
65533,0,65482,0,3528
65533,0,65482,0,3552
65533,0,65482,0,3574
65533,0,65482,0,3597
65533,0,65482,0,3620
65534,0,65482,0,3643
65534,0,65482,0,3665
65534,0,65482,0,3689
65533,0,65482,0,3712
65533,0,65482,0,3734
65533,0,65482,0,3758
65533,0,65482,0,3780
65533,0,65482,0,3804
65533,0,65482,0,3826
65533,1,65482,0,3849
65533,1,65482,0,3872
65533,1,65482,0,3895
65533,0,65483,0,3917
65533,0,65483,0,3941
65533,0,65483,0,3963
65533,0,65483,0,3986
65533,0,65483,0,4009
65533,0,65483,0,4032
65533,0,65482,0,4055
65533,0,65482,0,4078
65533,0,65482,0,4101
65533,0,65482,0,4123
65533,0,65482,0,4147
65533,0,65482,0,4169
65534,0,65482,0,4192
65534,0,65482,0,4215
65534,0,65482,0,4238
65534,0,65482,0,4260
65534,0,65482,0,4284
65534,0,65482,0,4306
65534,1,65482,0,4329
65534,1,65482,0,4353
65534,1,65482,0,4375
65534,0,65483,0,4398
65534,0,65483,0,4421
65534,0,65483,0,4444
65534,0,65482,0,4466
65534,0,65482,0,4490
65534,0,65482,0,4512
65533,0,65482,0,4536
65533,0,65482,0,4558
65533,0,65482,0,4581
65533,0,65482,0,4604
65533,0,65482,0,4627
65533,0,65482,0,4649
65533,0,65482,0,4673
65533,0,65482,0,4696
65533,0,65482,0,4718
65533,0,65482,0,4742
65533,0,65482,0,4764
65533,0,65482,0,4787
65533,0,65482,0,4810
65533,0,65482,0,4833
65533,0,65482,0,4855
65533,0,65482,0,4879
65533,0,65482,0,4901
65533,0,65482,0,4924
65533,0,65482,0,4947
65533,0,65482,0,4970
65534,1,65482,0,4993
65534,1,65482,0,5016
65534,1,65482,0,5039
65534,0,65482,0,5061
65534,0,65482,0,5085
65534,0,65482,0,5107
65533,0,65483,0,5130
65533,0,65483,0,5153
65533,0,65483,0,5176
65534,0,65483,0,5198
65534,0,65483,0,5222
65534,0,65483,0,5244
65533,0,65482,0,5268
65533,0,65482,0,5291
65533,0,65482,0,5313
65533,0,65482,0,5337
65533,0,65482,0,5359
65533,0,65482,0,5382
65534,0,65482,0,5405
65534,0,65482,0,5428
65534,0,65482,0,5450
65534,0,65482,0,5474
65534,0,65482,0,5496
65534,0,65482,0,5519
65533,0,65482,0,5542
65533,0,65482,0,5565
65533,0,65482,0,5587
65533,0,65483,0,5611
65533,0,65483,0,5634
65533,0,65483,0,5656
65533,0,65482,0,5680
65533,0,65482,0,5702
65533,0,65482,0,5725
65533,0,65483,0,5748
65533,0,65483,0,5771
65533,0,65483,0,5793
65533,0,65482,0,5817
65533,0,65482,0,5839
65533,0,65482,0,5862
65533,1,65482,0,5885
65533,1,65482,0,5908
65533,1,65482,0,5931
65533,0,65483,0,5954
65533,0,65483,0,5977
65533,0,65483,0,6000
65533,0,65482,0,6023
65533,0,65482,0,6045
65533,0,65482,0,6069
65533,0,65482,0,6091
65533,0,65482,0,6114
65533,0,65482,0,6137
65533,0,65482,0,6160
65533,0,65482,0,6182
65533,0,65482,0,6206
65534,0,65482,0,6228
65534,0,65482,0,6251
65534,0,65482,0,6275
65534,1,65482,0,6297
65534,1,65482,0,6320
65534,1,65482,0,6343
65533,0,65482,0,6366
65533,0,65482,0,6388
65533,0,65482,0,6412
65533,1,65482,0,6434
65533,1,65482,0,6457
65533,1,65482,0,6480
65533,0,65482,0,6503
65533,0,65482,0,6525
65533,0,65482,0,6549
65533,0,65482,0,6572
65533,0,65482,0,6594
65533,0,65482,0,6618
65533,0,65482,0,6640
65533,0,65482,0,6663
65533,0,65482,0,6686
65534,0,65482,0,6709
65534,0,65482,0,6732
65534,0,65482,0,6755
65533,0,65482,0,6777
65533,0,65482,0,6801
65533,0,65482,0,6823
65533,0,65483,0,6846
65533,0,65483,0,6870
65533,0,65483,0,6892
65533,0,65482,0,6915
65533,0,65482,0,6938
65533,0,65482,0,6961
65533,1,65483,0,6983
65533,1,65483,0,7007
65533,1,65483,0,7029
65534,0,65483,0,7052
65534,0,65483,0,7075
65534,0,65483,0,7098
65533,0,65482,0,7120
65533,0,65482,0,7144
65533,0,65482,0,7166
65534,0,65482,0,7189
65534,0,65482,0,7213
65534,0,65482,0,7235
65533,0,65483,0,7258
65533,0,65483,0,7281
65533,0,65483,0,7304
65533,0,65482,0,7326
65533,0,65482,0,7350
65533,0,65482,0,7372
65533,0,65482,0,7395
65533,0,65482,0,7418
65533,0,65482,0,7441
65534,0,65482,0,7464
65534,0,65482,0,7487
65534,0,65482,0,7510
65533,0,65482,0,7533
65533,0,65482,0,7556
65533,0,65482,0,7578
65534,0,65483,0,7602
65534,0,65483,0,7624
65534,0,65483,0,7647
65533,0,65483,0,7670
65533,0,65483,0,7693
65533,0,65483,0,7715
65534,1,65482,0,7739
65534,1,65482,0,7761
65534,1,65482,0,7784
65534,1,65482,0,7808
65534,1,65482,0,7830
65533,0,65482,0,7853
65533,0,65482,0,7876
65533,0,65482,0,7899
65533,0,65483,0,7921
65533,0,65483,0,7945
65533,0,65483,0,7967
65533,0,65482,0,7990
65533,0,65482,0,8013
65533,0,65482,0,8036
65533,1,65482,0,8058
65533,1,65482,0,8082
65533,1,65482,0,8104
65534,0,65482,0,8127
65534,0,65482,0,8151
65534,0,65482,0,8173
65533,0,65482,0,8197
65533,0,65482,0,8219
65533,0,65482,0,8242
65534,0,65482,0,8265
65534,0,65482,0,8288
65534,0,65482,0,8310
65533,0,65482,0,8334
65533,0,65482,0,8356
65533,0,65482,0,8379
65533,0,65483,0,8402
65533,0,65483,0,8425
65533,0,65483,0,8448
65534,0,65482,0,8471
65534,0,65482,0,8494
65534,0,65482,0,8516
65533,0,65482,0,8540
65533,0,65482,0,8562
65533,0,65482,0,8585
65533,1,65482,0,8608
65533,1,65482,0,8631
65533,1,65482,0,8653
65534,0,65482,0,8677
65534,0,65482,0,8699
65534,0,65482,0,8722
65534,0,65482,0,8745
65534,0,65482,0,8768
65534,0,65482,0,8791
65533,0,65483,0,8814
65533,0,65483,0,8837
65533,0,65483,0,8859
65533,0,65482,0,8883
65533,0,65482,0,8905
65533,0,65482,0,8929
65533,0,65482,0,8951
65533,0,65482,0,8974
65533,0,65482,0,8997
65534,0,65482,0,9020
65534,0,65482,0,9042
65534,0,65482,0,9066
65533,0,65482,0,9089
65533,0,65482,0,9111
65533,0,65482,0,9135
65534,0,65482,0,9157
65534,0,65482,0,9180
65534,0,65482,0,9203
65533,0,65482,0,9226
65533,0,65482,0,9248
65533,0,65482,0,9272
65533,0,65482,0,9294
65533,0,65482,0,9317
65533,0,65482,0,9340
65534,0,65483,0,9363
65534,0,65483,0,9385
65534,0,65483,0,9409
65533,0,65482,0,9432
65533,0,65482,0,9454
65533,0,65482,0,9478
65534,0,65482,0,9500
65534,0,65482,0,9523
65534,0,65482,0,9546
65534,0,65483,0,9569
65534,0,65483,0,9591
65534,0,65483,0,9615
65533,0,65482,0,9637
65533,0,65482,0,9661
65533,0,65482,0,9683
65533,0,65482,0,9706
65533,0,65482,0,9730
65533,0,65482,0,9752
65533,1,65482,0,9775
65533,1,65482,0,9798
65533,1,65482,0,9821
65534,1,65482,0,9843
65534,1,65482,0,9867
65534,1,65482,0,9889
65534,0,65482,0,9912
65534,0,65482,0,9935
65534,0,65482,0,9958
65533,0,65482,0,9980
65533,0,65482,0,10004
65533,0,65482,0,10028
65534,0,65482,0,10051
65534,0,65482,0,10076
65534,0,65482,0,10099
65533,0,65482,0,10123
65533,0,65482,0,10147
65533,0,65482,0,10171
65533,0,65482,0,10195
65533,0,65482,0,10219
65534,0,65482,0,10243
65534,0,65482,0,10267
65534,0,65482,0,10291
65533,0,65483,0,10314
65533,0,65483,0,10339
65533,0,65483,0,10362
65534,0,65482,0,10386
65534,0,65482,0,10411
65534,0,65482,0,10434
65534,0,65482,0,10459
65534,0,65482,0,10482
65534,0,65482,0,10506
65533,0,65483,0,10530
65533,0,65483,0,10554
65533,0,65483,0,10577
65533,0,65482,0,10602
65533,0,65482,0,10626
65533,0,65483,0,10649
65533,0,65483,0,10674
65533,0,65483,0,10697
65533,0,65482,0,10721
65533,0,65482,0,10745
65533,0,65482,0,10769
65533,0,65482,0,10793
65533,0,65482,0,10817
65533,0,65482,0,10841
65534,0,65482,0,10865
65534,0,65482,0,10889
65534,0,65482,0,10912
65534,0,65483,0,10937
65534,0,65483,0,10960
65534,0,65483,0,10984
65533,0,65483,0,11009
65533,0,65483,0,11032
65533,0,65482,0,11056
65533,0,65482,0,11080
65533,0,65482,0,11104
65534,0,65483,0,11128
65534,0,65483,0,11152
65534,0,65483,0,11175
65533,0,65482,0,11200
65533,0,65482,0,11224
65533,0,65482,0,11247
65533,0,65482,0,11272
65533,0,65482,0,11295
65533,0,65482,0,11319
65533,0,65482,0,11343
65533,0,65482,0,11367
65533,0,65482,0,11392
65533,0,65483,0,11415
65533,0,65483,0,11439
65533,0,65483,0,11463
65534,0,65482,0,11487
65534,0,65482,0,11510
65534,0,65482,0,11535
65534,0,65482,0,11558
65534,0,65482,0,11582
65533,0,65482,0,11607
65533,0,65482,0,11630
65533,0,65482,0,11654
65534,0,65482,0,11678
65534,0,65482,0,11702
65534,0,65482,0,11726
65533,0,65482,0,11750
65533,0,65482,0,11773
65533,0,65482,0,11798
65533,0,65482,0,11822
65533,0,65482,0,11845
65533,0,65482,0,11870
65534,0,65482,0,11893
65534,0,65482,0,11917
65534,0,65482,0,11941
65534,0,65482,0,11965
65534,0,65482,0,11990
65534,0,65483,0,12013
65534,0,65483,0,12037
65534,0,65483,0,12061
65533,0,65483,0,12085
65533,0,65483,0,12108
65533,0,65483,0,12133
65533,0,65482,0,12156
65533,0,65482,0,12180
65533,0,65482,0,12205
65533,0,65482,0,12228
65533,0,65482,0,12252
65533,0,65482,0,12276
65533,0,65482,0,12300
65533,0,65482,0,12324
65533,0,65482,0,12348
65534,0,65483,0,12371
65534,0,65483,0,12396
65534,0,65482,0,12420
65534,0,65482,0,12443
65534,0,65482,0,12468
65534,1,65482,0,12491
65534,1,65482,0,12515
65534,1,65482,0,12539
65534,0,65482,0,12563
65534,0,65482,0,12587
65534,0,65482,0,12611
65533,0,65482,0,12635
65533,0,65482,0,12659
65533,0,65482,0,12683
65534,0,65482,0,12706
65534,0,65482,0,12731
65534,0,65482,0,12754
65533,0,65482,0,12778
65533,0,65482,0,12803
65533,0,65482,0,12826
65533,0,65482,0,12850
65533,0,65482,0,12874
65534,0,65482,0,12898
65534,0,65482,0,12922
65534,0,65482,0,12946
65533,0,65482,0,12969
65533,0,65482,0,12994
65533,0,65482,0,13018
65533,0,65483,0,13041
65533,0,65483,0,13066
65533,0,65483,0,13089
65534,0,65482,0,13113
65534,0,65482,0,13137
65534,0,65482,0,13161
65534,0,65483,0,13185
65534,0,65483,0,13209
65534,0,65483,0,13233
65534,0,65483,0,13257
65534,0,65483,0,13281
65534,0,65483,0,13304
65534,0,65483,0,13329
65534,0,65483,0,13352
65534,0,65482,0,13376
65534,0,65482,0,13401
65534,0,65482,0,13424
65533,0,65483,0,13448
65533,0,65483,0,13472
65533,0,65483,0,13496
65534,0,65483,0,13520
65534,0,65483,0,13544
65534,0,65483,0,13568
65534,1,65483,0,13592
65534,1,65483,0,13616
65534,1,65483,0,13639
65534,0,65483,0,13664
65534,0,65483,0,13687
65534,0,65483,0,13711
65534,0,65483,0,13735
65534,0,65483,0,13759
65534,0,65482,0,13783
65534,0,65482,0,13807
65534,0,65482,0,13831
65534,0,65483,0,13855
65534,0,65483,0,13879
65534,0,65483,0,13902
65534,0,65483,0,13927
65534,0,65483,0,13950
65534,0,65483,0,13974
65534,0,65483,0,13999
65534,0,65483,0,14022
65534,0,65483,0,14046
65534,0,65483,0,14070
65534,0,65483,0,14094
65534,0,65483,0,14117
65534,0,65483,0,14142
65534,0,65483,0,14166
65534,0,65483,0,14190
65534,0,65483,0,14214
65534,0,65483,0,14237
65534,0,65483,0,14262
65534,0,65483,0,14285
65534,0,65483,0,14309
65534,0,65483,0,14333
65534,0,65483,0,14357
65534,0,65483,0,14381
65534,0,65483,0,14405
65534,0,65483,0,14429
65534,0,65483,0,14453
65534,0,65483,0,14477
65534,0,65483,0,14500
65534,0,65483,0,14525
65535,0,65483,0,14548
65535,0,65483,0,14572
65535,0,65483,0,14597
65535,0,65483,0,14620
65535,0,65483,0,14644
65535,0,65483,0,14668
65535,0,65483,0,14692
65535,0,65483,0,14715
65535,0,65484,0,14740
65535,0,65484,0,14764
65535,0,65484,0,14788
65535,0,65484,0,14812
65535,0,65484,0,14835
65535,0,65484,0,14860
0,0,65484,0,14883
0,0,65484,0,14903
0,0,65484,0,14923
0,0,65484,0,14943
0,0,65484,0,14962
0,0,65484,0,14982
0,0,65484,0,15002
0,0,65485,0,15022
0,0,65485,0,15041
0,0,65485,0,15062
1,65535,65485,0,15081
1,65535,65485,0,15105
1,65535,65485,0,15129
2,65535,65485,0,15153
2,65535,65485,0,15176
2,65535,65485,0,15201
3,65534,65485,0,15224
3,65534,65485,0,15248
3,65534,65485,0,15272
5,65533,65485,0,15296
5,65533,65485,0,15321
5,65533,65485,0,15344
7,65532,65485,0,15368
7,65532,65485,0,15392
7,65532,65485,0,15416
9,65532,65484,0,15439
9,65532,65484,0,15464
10,65530,65483,0,15488
10,65530,65483,0,15512
10,65530,65483,0,15538
12,65528,65480,0,15562
12,65528,65480,0,15588
12,65528,65480,0,15612
13,65526,65478,0,15637
13,65526,65478,0,15663
13,65526,65478,0,15687
13,65525,65475,0,15712
13,65525,65475,0,15737
12,65523,65472,0,15762
12,65523,65472,0,15788
12,65523,65472,0,15812
11,65523,65471,0,15837
11,65523,65471,0,15862
11,65523,65471,0,15887
10,65524,65469,0,15911
10,65524,65469,0,15937
10,65524,65469,0,15962
10,65525,65467,0,15987
10,65525,65467,0,16012
9,65528,65465,0,16036
9,65528,65465,0,16061
9,65528,65465,0,16084
8,65531,65462,0,16108
8,65531,65462,0,16133
8,65531,65462,0,16156
6,65534,65460,0,16180
6,65534,65460,0,16204
6,65534,65460,0,16228
5,0,65458,0,16252
5,0,65458,0,16272
5,0,65458,0,16291
3,3,65457,0,16311
3,3,65457,0,16331
3,3,65457,0,16351
3,3,65457,0,16370
1,5,65455,0,16391
1,5,65455,0,16410
1,5,65455,0,16430
0,7,65455,0,16450
0,7,65455,0,16470
0,7,65455,0,16489
65535,8,65454,0,16508
65535,8,65454,0,16533
65535,8,65454,0,16557
65534,8,65453,0,16580
65534,8,65453,0,16605
65534,8,65453,0,16628
65531,8,65454,0,16653
65531,8,65454,0,16676
65531,8,65454,0,16700
65529,8,65454,0,16724
65529,8,65454,0,16748
65529,8,65454,0,16772
65527,7,65454,0,16796
65527,7,65454,0,16820
65527,7,65454,0,16843
65526,6,65454,0,16868
65526,6,65454,0,16891
65526,6,65454,0,16916
65524,5,65456,0,16940
65524,5,65456,0,16963
65521,4,65458,0,16988
65521,4,65458,0,17011
65521,4,65458,0,17035
65520,2,65459,0,17059
65520,2,65459,0,17083
65520,2,65459,0,17106
65520,2,65460,0,17131
65520,2,65460,0,17155
65520,2,65460,0,17178
65519,1,65463,0,17203
65519,1,65463,0,17226
65519,1,65463,0,17251
65519,0,65464,0,17274
65519,0,65464,0,17298
65519,0,65464,0,17323
65519,0,65463,0,17346
65519,0,65463,0,17370
65519,0,65463,0,17394
65519,0,65465,0,17418
65519,0,65465,0,17441
65518,0,65465,0,17466
65518,0,65465,0,17489
65518,0,65465,0,17514
65519,0,65464,0,17538
65519,0,65464,0,17561
65519,0,65464,0,17586
65519,0,65465,0,17609
65519,0,65465,0,17633
65519,0,65465,0,17657
65519,0,65464,0,17681
65519,0,65464,0,17704
65519,0,65464,0,17729
65519,0,65464,0,17753
65519,0,65464,0,17776
65519,0,65464,0,17801
65519,0,65464,0,17824
65519,0,65464,0,17849
65518,0,65466,0,17872
65518,0,65466,0,17896
65518,0,65466,0,17921
65519,0,65464,0,17944
65519,0,65464,0,17968
65519,0,65464,0,17992
65519,0,65464,0,18016
65519,0,65464,0,18039
65519,0,65464,0,18064
65519,0,65465,0,18087
65519,0,65465,0,18111
65519,0,65465,0,18136
65519,0,65464,0,18159
65519,0,65464,0,18184
65519,0,65464,0,18207
65519,0,65463,0,18231
65519,0,65463,0,18255
65519,0,65463,0,18279
65519,0,65465,0,18302
65519,0,65465,0,18327
65519,0,65463,0,18351
65519,0,65463,0,18374
65519,0,65463,0,18399
65519,0,65464,0,18422
65519,0,65464,0,18447
65519,0,65464,0,18470
65519,0,65465,0,18494
65519,0,65465,0,18519
65519,0,65465,0,18542
65519,0,65462,0,18566
65519,0,65462,0,18590
65519,0,65462,0,18614
65519,0,65463,0,18637
65519,0,65463,0,18662
65519,0,65463,0,18685
65519,0,65465,0,18709
65519,0,65465,0,18734
65519,0,65465,0,18757
65519,0,65465,0,18782
65519,0,65465,0,18805
65519,0,65464,0,18829
65519,0,65464,0,18853
65519,0,65464,0,18877
65519,0,65463,0,18900
65519,0,65463,0,18925
65519,0,65463,0,18949
65519,0,65464,0,18972
65519,0,65464,0,18997
65519,0,65464,0,19020
65518,0,65465,0,19045
65518,0,65465,0,19068
65518,0,65465,0,19092
65518,0,65465,0,19117
65518,0,65465,0,19140
65518,0,65465,0,19164
65519,0,65464,0,19188
65519,0,65464,0,19212
65518,0,65465,0,19235
65518,0,65465,0,19260
65518,0,65465,0,19283
65519,0,65463,0,19307
65519,0,65463,0,19332
65519,0,65463,0,19355
65518,0,65465,0,19380
65518,0,65465,0,19403
65518,0,65465,0,19427
65518,0,65465,0,19451
65518,0,65465,0,19475
65518,0,65465,0,19499
65518,0,65466,0,19523
65518,0,65466,0,19547
65518,0,65466,0,19570
65519,0,65465,0,19595
65519,0,65465,0,19618
65519,0,65465,0,19642
65519,0,65465,0,19666
65519,0,65465,0,19690
65519,0,65463,0,19715
65519,0,65463,0,19738
65519,0,65463,0,19762
65519,0,65463,0,19786
65519,0,65463,0,19810
65519,0,65463,0,19833
65519,0,65464,0,19858
65519,0,65464,0,19881
65519,0,65464,0,19905
65519,0,65464,0,19930
65519,0,65464,0,19953
65519,0,65464,0,19978
65519,0,65463,0,20001
65519,0,65463,0,20025
65519,0,65463,0,20049
65519,0,65462,0,20073
65519,0,65462,0,20097
65519,0,65464,0,20121
65519,0,65464,0,20145
65519,0,65464,0,20168
65519,0,65466,0,20193
65519,0,65466,0,20216
65519,0,65466,0,20240
65519,0,65464,0,20264
65519,0,65464,0,20288
65519,0,65464,0,20313
65519,0,65464,0,20336
65519,0,65464,0,20360
65519,0,65464,0,20384
65519,0,65465,0,20408
65519,0,65465,0,20431
65519,0,65465,0,20456
65518,0,65465,0,20480
65518,0,65465,0,20503
65518,0,65465,0,20528
65519,0,65464,0,20551
65519,0,65464,0,20576
65519,0,65463,0,20599
65519,0,65463,0,20623
65519,0,65463,0,20647
65519,0,65464,0,20671
65519,0,65464,0,20695
65519,0,65464,0,20719
65519,0,65463,0,20743
65519,0,65463,0,20766
65519,0,65463,0,20791
65519,0,65463,0,20814
65519,0,65463,0,20838
65519,0,65463,0,20862
65519,0,65464,0,20886
65519,0,65464,0,20911
65519,0,65464,0,20934
65519,0,65464,0,20958
65519,0,65464,0,20982
65519,0,65464,0,21006
65519,0,65463,0,21029
65519,0,65463,0,21054
65519,0,65463,0,21078
65519,0,65463,0,21101
65519,0,65463,0,21126
65519,0,65464,0,21149
65519,0,65464,0,21173
65519,0,65464,0,21197
65519,0,65463,0,21221
65519,0,65463,0,21245
65519,0,65463,0,21269
65519,0,65464,0,21293
65519,0,65464,0,21317
65519,0,65464,0,21341
65519,0,65463,0,21364
65519,0,65463,0,21389
65519,0,65463,0,21412
65519,0,65463,0,21436
65519,0,65463,0,21460
65519,0,65464,0,21484
65519,0,65464,0,21509
65519,0,65464,0,21532
65519,0,65463,0,21556
65519,0,65463,0,21580
65519,0,65463,0,21604
65519,0,65463,0,21627
65519,0,65463,0,21652
65519,0,65463,0,21676
65519,0,65465,0,21699
65519,0,65465,0,21724
65519,0,65465,0,21747
65519,0,65463,0,21771
65519,0,65463,0,21795
65519,0,65463,0,21819
65519,0,65463,0,21843
65519,0,65463,0,21867
65519,0,65463,0,21891
65519,0,65463,0,21915
65519,0,65463,0,21939
65519,0,65462,0,21962
65519,0,65462,0,21987
65519,0,65462,0,22010
65519,0,65463,0,22034
65519,0,65463,0,22059
65519,0,65463,0,22082
65519,0,65463,0,22107
65519,0,65463,0,22130
65519,0,65463,0,22154
65519,0,65463,0,22178
65519,0,65463,0,22202
65519,0,65463,0,22225
65519,0,65463,0,22250
65519,0,65463,0,22274
65519,0,65463,0,22297
65519,0,65462,0,22322
65519,0,65462,0,22345
65519,0,65462,0,22369
65519,0,65462,0,22393
65519,0,65462,0,22417
65519,0,65462,0,22441
65519,0,65462,0,22465
65519,0,65462,0,22489
65519,0,65463,0,22513
65519,0,65463,0,22537
65519,0,65463,0,22560
65519,0,65463,0,22585
65519,0,65463,0,22608
65519,0,65463,0,22632
65519,0,65463,0,22657
65519,0,65463,0,22680
65519,0,65463,0,22704
65519,0,65463,0,22728
65519,0,65463,0,22752
65519,0,65463,0,22776
65518,0,65465,0,22800
65518,0,65465,0,22823
65519,0,65463,0,22848
65519,0,65463,0,22872
65519,0,65463,0,22895
65519,0,65464,0,22920
65519,0,65464,0,22943
65519,0,65464,0,22967
65519,0,65463,0,22991
65519,0,65463,0,23015
65519,0,65463,0,23040
65519,0,65463,0,23063
65519,0,65463,0,23087
65519,0,65463,0,23111
65519,0,65463,0,23135
65519,0,65463,0,23158
65519,0,65463,0,23183
65519,0,65464,0,23206
65519,0,65464,0,23230
65519,0,65464,0,23255
65519,0,65463,0,23278
65519,0,65463,0,23302
65519,0,65463,0,23326
65519,0,65463,0,23350
65519,0,65463,0,23374
65519,0,65465,0,23398
65519,0,65465,0,23421
65519,0,65465,0,23446
65519,0,65464,0,23470
65519,0,65464,0,23493
65519,0,65464,0,23518
65519,0,65464,0,23541
65519,0,65464,0,23565
65519,0,65464,0,23589
65519,0,65463,0,23613
65519,0,65463,0,23638
65519,0,65463,0,23661
65519,0,65464,0,23685
65519,0,65464,0,23709
65519,0,65464,0,23733
65519,0,65464,0,23756
65519,0,65464,0,23781
65518,0,65465,0,23804
65518,0,65465,0,23828
65518,0,65465,0,23853
65519,0,65464,0,23876
65519,0,65464,0,23900
65519,0,65464,0,23924
65518,0,65465,0,23948
65518,0,65465,0,23972
65518,0,65465,0,23996
65519,0,65464,0,24019
65519,0,65464,0,24044
65519,0,65464,0,24068
65519,0,65464,0,24091
65519,0,65464,0,24116
65519,0,65464,0,24139
65519,0,65463,0,24163
65519,0,65463,0,24187
65519,0,65463,0,24211
65519,0,65463,0,24235
65519,0,65463,0,24259
65519,0,65463,0,24283
65519,0,65463,0,24307
65519,0,65463,0,24331
65519,0,65462,0,24354
65519,0,65462,0,24379
65519,0,65462,0,24402
65519,0,65463,0,24426
65519,0,65463,0,24451
65519,0,65463,0,24474
65519,0,65462,0,24498
65519,0,65462,0,24522
65519,0,65462,0,24546
65519,0,65463,0,24570
65519,0,65463,0,24594
65519,0,65463,0,24617
65519,0,65464,0,24642
65519,0,65464,0,24666
65518,0,65464,0,24689
65518,0,65464,0,24714
65518,0,65464,0,24737
65519,0,65462,0,24761
65519,0,65462,0,24785
65519,0,65462,0,24809
65520,0,65463,0,24833
65520,0,65463,0,24857
65520,0,65463,0,24881
65519,0,65464,0,24905
65519,0,65464,0,24929
65519,0,65464,0,24952
65519,0,65464,0,24977
65519,0,65464,0,25000
65519,0,65464,0,25024
65519,0,65465,0,25049
65519,0,65465,0,25072
65519,0,65465,0,25096
65519,0,65465,0,25120
65519,0,65465,0,25144
65519,0,65464,0,25168
65519,0,65464,0,25192
65519,0,65464,0,25216
65519,0,65465,0,25240
65519,0,65465,0,25264
65519,0,65465,0,25287
65519,0,65465,0,25312
65519,0,65465,0,25335
65519,0,65465,0,25359
65519,0,65464,0,25383
65519,0,65464,0,25407
65519,0,65464,0,25431
65519,0,65465,0,25455
65519,0,65465,0,25479
65519,0,65465,0,25503
65519,0,65464,0,25527
65519,0,65464,0,25550
65519,0,65463,0,25575
65519,0,65463,0,25598
65519,0,65463,0,25622
65519,0,65464,0,25647
65519,0,65464,0,25670
65519,0,65464,0,25694
65519,0,65464,0,25718
65519,0,65464,0,25742
65519,0,65464,0,25765
65519,0,65463,0,25790
65519,0,65463,0,25814
65519,0,65463,0,25838
65519,0,65464,0,25862
65519,0,65464,0,25885
65519,0,65464,0,25910
65519,0,65464,0,25933
65519,0,65464,0,25957
65519,0,65463,0,25981
65519,0,65463,0,26005
65519,0,65463,0,26029
65519,0,65465,0,26053
65519,0,65465,0,26077
65519,0,65465,0,26101
65519,0,65464,0,26125
65519,0,65464,0,26148
65519,0,65464,0,26173
65518,0,65465,0,26196
65518,0,65465,0,26220
65518,0,65465,0,26245
65519,0,65464,0,26268
65519,0,65464,0,26292
65519,0,65464,0,26316
65519,0,65464,0,26340
65519,0,65464,0,26363
65519,0,65464,0,26388
65519,0,65463,0,26412
65519,0,65463,0,26436
65519,0,65463,0,26460
65519,0,65463,0,26483
65519,0,65463,0,26508
65519,0,65464,0,26531
65519,0,65464,0,26555
65519,0,65464,0,26579
65519,0,65463,0,26603
65519,0,65463,0,26627
65519,0,65463,0,26651
65519,0,65463,0,26675
65519,0,65463,0,26699
65519,0,65463,0,26723
65519,0,65464,0,26746
65519,0,65464,0,26771
65519,0,65464,0,26795
65519,0,65463,0,26818
65519,0,65463,0,26843
65519,0,65463,0,26866
65519,0,65463,0,26890
65519,0,65463,0,26914
65519,0,65463,0,26938
65519,0,65463,0,26961
65519,0,65463,0,26986
65519,0,65463,0,27010
65519,0,65463,0,27034
65519,0,65463,0,27058
65519,0,65463,0,27081
65519,0,65463,0,27106
65519,0,65463,0,27129
65519,0,65463,0,27153
65519,0,65463,0,27177
65519,0,65463,0,27201
65519,0,65462,0,27225
65519,0,65462,0,27249
65519,0,65462,0,27273
65519,0,65463,0,27296
65519,0,65463,0,27321
65519,0,65463,0,27344
65519,0,65463,0,27369
65519,0,65463,0,27393
65519,0,65463,0,27416
65519,0,65463,0,27441
65519,0,65463,0,27464
65519,0,65463,0,27488
65519,0,65463,0,27512
65519,0,65463,0,27536
65519,0,65462,0,27559
65519,0,65462,0,27584
65519,0,65462,0,27608
65519,0,65464,0,27632
65519,0,65464,0,27656
65519,0,65464,0,27679
65519,0,65463,0,27704
65519,0,65463,0,27727
65519,0,65463,0,27751
65519,0,65462,0,27776
65519,0,65462,0,27799
65518,0,65466,0,27823
65518,0,65466,0,27847
65518,0,65466,0,27871
65518,0,65466,0,27894
65518,0,65466,0,27919
65518,0,65466,0,27942
65519,0,65465,0,27967
65519,0,65465,0,27991
65519,0,65465,0,28014
65518,0,65466,0,28039
65518,0,65466,0,28062
65518,0,65466,0,28086
65518,0,65466,0,28110
65518,0,65466,0,28134
65518,0,65466,0,28157
65519,0,65464,0,28182
65519,0,65464,0,28206
65519,0,65465,0,28230
65518,0,65465,0,28254
65518,0,65465,0,28277
65519,0,65464,0,28302
65519,0,65464,0,28325
65519,0,65464,0,28349
65519,0,65464,0,28374
65519,0,65464,0,28397
65519,0,65464,0,28421
65518,0,65466,0,28445
65518,0,65466,0,28469
65518,0,65466,0,28492
65519,0,65464,0,28517
65519,0,65464,0,28540
65519,0,65464,0,28565
65518,0,65465,0,28589
65518,0,65465,0,28612
65518,0,65465,0,28637
65518,0,65465,0,28660
65518,0,65465,0,28684
65518,0,65467,0,28708
65518,0,65467,0,28732
65518,0,65467,0,28755
65519,0,65464,0,28780
65519,0,65464,0,28804
65519,0,65464,0,28827
65518,0,65466,0,28852
65518,0,65466,0,28875
65518,0,65466,0,28900
65519,0,65465,0,28923
65519,0,65465,0,28947
65519,0,65465,0,28972
65519,1,65466,0,28995
65519,1,65466,0,29019
65519,1,65466,0,29043
65519,0,65466,0,29067
65519,0,65466,0,29090
65519,0,65466,0,29115
65519,0,65466,0,29138
65519,0,65466,0,29163
65519,0,65466,0,29187
65519,0,65466,0,29210
65519,0,65466,0,29235
65519,0,65468,0,29258
65519,0,65468,0,29282
65519,0,65468,0,29306
65519,0,65470,0,29330
65519,0,65470,0,29353
65519,0,65470,0,29378
65519,65535,65471,0,29402
65519,65535,65471,0,29430
65520,65534,65473,0,29458
65520,65534,65473,0,29486
65520,65534,65473,0,29514
65520,65533,65474,0,29542
65520,65533,65474,0,29571
65521,65532,65475,0,29598
65521,65532,65475,0,29626
65521,65532,65475,0,29655
65522,65531,65477,0,29682
65522,65531,65477,0,29711
65523,65530,65480,0,29739
65523,65530,65480,0,29767
65523,65530,65480,0,29795
65525,65528,65482,0,29822
65525,65528,65482,0,29851
65526,65527,65483,0,29879
65526,65527,65483,0,29907
65527,65526,65485,0,29935
65527,65526,65485,0,29964
65527,65526,65485,0,29991
65527,65525,65485,0,30019
65527,65525,65485,0,30048
65527,65525,65485,0,30075
65527,65525,65485,0,30104
65527,65525,65485,0,30132
65526,65525,65485,0,30160
65526,65525,65485,0,30188
65527,65527,65487,0,30216
65527,65527,65487,0,30244
65527,65527,65487,0,30272
65526,65528,65487,0,30301
65526,65528,65487,0,30328
65525,65531,65486,0,30356
65525,65531,65486,0,30385
65524,65535,65486,0,30412
65524,65535,65486,0,30441
65524,65535,65486,0,30469
65524,2,65486,0,30497
65524,2,65486,0,30521
65524,2,65486,0,30544
65524,6,65486,0,30569
65524,6,65486,0,30593
65525,10,65486,0,30616
65525,10,65486,0,30642
65525,10,65486,0,30666
65526,13,65486,0,30691
65526,13,65486,0,30716
65526,13,65486,0,30741
65527,15,65486,0,30767
65527,15,65486,0,30791
65527,15,65486,0,30816
65529,16,65486,0,30841
65529,16,65486,0,30866
65532,17,65486,0,30891
65532,17,65486,0,30916
65532,17,65486,0,30941
65535,15,65484,0,30966
65535,15,65484,0,30991
65535,15,65484,0,31015
0,11,65482,0,31041
0,11,65482,0,31062
0,11,65482,0,31082
0,8,65479,0,31104
0,8,65479,0,31123
0,8,65479,0,31142
0,6,65478,0,31163
0,6,65478,0,31182
0,6,65478,0,31202
0,6,65478,0,31221
65535,5,65478,0,31242
65535,5,65478,0,31265
65535,5,65478,0,31289
65533,6,65479,0,31313
65533,6,65479,0,31337
65533,6,65479,0,31362
65533,6,65483,0,31385
65533,6,65483,0,31409
65533,6,65483,0,31433
65533,6,65483,0,31457
65533,6,65483,0,31480
1,1,65487,0,31505
1,1,65487,0,31524
1,1,65487,0,31544
1,1,65487,0,31564
2,65534,65488,0,31584
2,65534,65488,0,31607
2,65534,65488,0,31632
4,65531,65488,0,31655
4,65531,65488,0,31679
4,65531,65488,0,31704
6,65526,65488,0,31727
6,65526,65488,0,31751
8,65523,65485,0,31775
8,65523,65485,0,31799
8,65523,65485,0,31822
9,65521,65482,0,31847
9,65521,65482,0,31870
9,65521,65482,0,31895
10,65522,65478,0,31919
10,65522,65478,0,31943
10,65522,65478,0,31969
9,65523,65472,0,31993
9,65523,65472,0,32017
9,65523,65472,0,32041
5,65525,65468,0,32065
5,65525,65468,0,32089
5,65525,65468,0,32113
5,65525,65468,0,32137
5,65525,65468,0,32161
65531,65530,65472,0,32185
65531,65530,65472,0,32212
65531,65530,65472,0,32241
65533,65533,65477,0,32269
65533,65533,65477,0,32297
0,65535,65478,0,32325
0,65535,65478,0,32349
0,65535,65478,0,32373
3,65535,65477,0,32397
3,65535,65477,0,32420
3,65535,65477,0,32445
5,0,65474,0,32468
5,0,65474,0,32488
5,0,65474,0,32508
6,0,65472,0,32528
6,0,65472,0,32547
6,0,65472,0,32568
6,0,65472,0,32587
7,0,65469,0,32607
7,0,65469,0,32627
7,0,65469,0,32647
7,65535,65466,0,32666
7,65535,65466,0,32691
7,65535,65466,0,32714
4,65533,65462,0,32738
4,65533,65462,0,32762
4,65533,65462,0,32786
1,65531,65459,0,32809
1,65531,65459,0,32834
1,65531,65459,0,32858
65532,65531,65459,0,32881
65532,65531,65459,0,32910
65528,65531,65460,0,32937
65528,65531,65460,0,32966
65528,65531,65460,0,32994
65525,65532,65463,0,33022
65525,65532,65463,0,33050
65522,65533,65465,0,33078
65522,65533,65465,0,33106
65522,65533,65465,0,33134
65521,65533,65468,0,33163
65521,65533,65468,0,33190
65521,65534,65471,0,33218
65521,65534,65471,0,33247
65521,65535,65474,0,33274
65521,65535,65474,0,33303
65521,65535,65474,0,33331
65522,65535,65476,0,33359
65522,65535,65476,0,33387
65523,0,65478,0,33415
65523,0,65478,0,33439
65523,0,65478,0,33463
65524,0,65479,0,33486
65524,0,65479,0,33511
65524,0,65479,0,33534
65525,0,65480,0,33559
65525,0,65480,0,33583
65525,0,65480,0,33606
65526,0,65481,0,33631
65526,0,65481,0,33654
65526,0,65481,0,33678
65527,0,65481,0,33702
65527,0,65481,0,33726
65528,0,65482,0,33750
65528,0,65482,0,33774
65528,0,65482,0,33798
65529,0,65482,0,33822
65529,0,65482,0,33846
65529,0,65482,0,33869
65529,0,65482,0,33894
65529,0,65482,0,33917
65529,0,65482,0,33941
65530,0,65483,0,33966
65530,0,65483,0,33989
65530,0,65483,0,34013
65530,0,65483,0,34037
65530,0,65483,0,34061
65530,0,65483,0,34084
65531,1,65483,0,34109
65531,1,65483,0,34132
65531,1,65483,0,34157
65531,0,65483,0,34181
65531,0,65483,0,34204
65531,0,65483,0,34229
65531,0,65483,0,34252
65531,0,65483,0,34276
65531,1,65483,0,34300
65531,1,65483,0,34324
65531,1,65483,0,34348
65531,0,65483,0,34372
65531,0,65483,0,34396
65531,0,65483,0,34420
65531,0,65483,0,34444
65531,0,65483,0,34467
65531,0,65483,0,34492
65532,1,65483,0,34515
65532,1,65483,0,34539
65532,1,65483,0,34564
65532,0,65483,0,34587
65532,0,65483,0,34611
65532,1,65483,0,34635
65532,1,65483,0,34659
65532,1,65483,0,34682
65532,1,65483,0,34707
65532,1,65483,0,34731
65532,1,65483,0,34755
65532,0,65483,0,34779
65532,0,65483,0,34802
65532,0,65483,0,34827
65532,0,65483,0,34850
65532,0,65483,0,34874
65532,0,65483,0,34898
65532,1,65483,0,34922
65532,1,65483,0,34946
65532,1,65483,0,34970
65532,0,65483,0,34994
65532,0,65483,0,35017
65532,0,65483,0,35042
65532,1,65483,0,35065
65532,1,65483,0,35090
65533,1,65483,0,35113
65533,1,65483,0,35137
65533,1,65483,0,35162
65533,0,65483,0,35185
65533,0,65483,0,35209
65533,0,65483,0,35233
65533,1,65483,0,35257
65533,1,65483,0,35280
65533,1,65483,0,35305
65533,0,65483,0,35329
65533,0,65483,0,35353
65533,0,65483,0,35377
65533,1,65483,0,35400
65533,1,65483,0,35425
65533,1,65483,0,35448
65533,1,65483,0,35472
65533,1,65483,0,35496
65533,1,65483,0,35520
65532,1,65483,0,35544
65532,1,65483,0,35568
65533,0,65483,0,35592
65533,0,65483,0,35615
65533,0,65483,0,35640
65533,0,65483,0,35663
65533,0,65483,0,35688
65533,0,65483,0,35712
65533,0,65483,0,35735
65533,0,65483,0,35760
65533,0,65483,0,35783
65533,0,65483,0,35807
65533,0,65483,0,35831
65533,0,65483,0,35855
65533,0,65483,0,35878
65533,0,65483,0,35903
65533,0,65483,0,35927
65533,1,65483,0,35951
65533,1,65483,0,35975
65533,1,65483,0,35998
65533,1,65483,0,36023
65533,1,65483,0,36046
65533,1,65483,0,36070
65533,1,65483,0,36094
65533,1,65483,0,36118
65533,0,65483,0,36142
65533,0,65483,0,36166
65533,0,65483,0,36190
65533,0,65483,0,36213
65533,0,65483,0,36238
65533,0,65483,0,36261
65533,0,65483,0,36286
65533,0,65483,0,36310
65533,0,65483,0,36333
65533,0,65483,0,36358
65533,0,65483,0,36381
65533,0,65483,0,36405
65533,1,65483,0,36429
65533,1,65483,0,36453
65533,0,65483,0,36476
65533,0,65483,0,36501
65533,0,65483,0,36525
65533,0,65483,0,36548
65533,0,65483,0,36573
65533,0,65483,0,36596
65533,0,65483,0,36621
65533,0,65483,0,36644
65533,0,65483,0,36668
65533,0,65483,0,36692
65533,0,65483,0,36716
65533,0,65483,0,36740
65533,0,65483,0,36764
65533,0,65483,0,36788
65533,0,65483,0,36811
65533,0,65483,0,36836
65533,0,65483,0,36859
65533,0,65483,0,36884
65533,0,65483,0,36908
65533,0,65483,0,36931
65533,0,65483,0,36956
65533,0,65483,0,36979
65533,0,65483,0,37003
65533,0,65483,0,37027
65533,0,65483,0,37051
65533,0,65483,0,37074
65533,0,65483,0,37099
65533,0,65483,0,37123
65533,0,65483,0,37146
65533,1,65483,0,37171
65533,1,65483,0,37194
65533,1,65483,0,37219
65533,0,65483,0,37242
65533,0,65483,0,37266
65533,0,65483,0,37291
65533,1,65483,0,37314
65533,1,65483,0,37338
65533,0,65483,0,37362
65533,0,65483,0,37386
65533,0,65483,0,37409
65533,0,65483,0,37434
65533,0,65483,0,37457
65533,0,65483,0,37482
65533,1,65483,0,37506
65533,1,65483,0,37529
65533,1,65483,0,37554
65533,1,65483,0,37577
65533,1,65483,0,37601
65533,1,65483,0,37625
65533,0,65483,0,37649
65533,0,65483,0,37672
65533,0,65483,0,37697
65533,0,65483,0,37721
65533,0,65483,0,37744
65533,0,65483,0,37769
65533,0,65482,0,37792
65533,0,65482,0,37817
65533,1,65483,0,37840
65533,1,65483,0,37864
65533,1,65483,0,37889
65533,0,65483,0,37912
65533,0,65483,0,37936
65533,0,65483,0,37960
65533,0,65483,0,37984
65533,0,65483,0,38007
65533,0,65483,0,38032
65533,0,65483,0,38055
65533,0,65483,0,38079
65533,0,65483,0,38104
65533,1,65483,0,38127
65533,1,65483,0,38152
65533,1,65483,0,38175
65533,0,65483,0,38199
65533,0,65483,0,38223
65533,1,65483,0,38247
65533,1,65483,0,38270