0,7,65485,0,6232
0,7,65485,0,6250
0,7,65485,0,6268
0,7,65485,0,6288
0,7,65485,0,6306
0,7,65484,0,6325
0,7,65484,0,6344
0,7,65484,0,6363
0,7,65484,0,6381
0,7,65485,0,6400
0,7,65485,0,6419
0,7,65485,0,6437
0,7,65485,0,6456
0,7,65485,0,6475
0,7,65485,0,6494
0,7,65485,0,6512
0,7,65485,0,6531
0,7,65485,0,6550
0,7,65485,0,6568
0,7,65485,0,6587
0,7,65485,0,6605
0,7,65485,0,6625
0,7,65485,0,6643
0,7,65485,0,6662
0,7,65485,0,6681
0,7,65485,0,6700
0,7,65485,0,6718
0,7,65485,0,6736
0,7,65485,0,6756
0,7,65485,0,6774
0,7,65485,0,6793
0,7,65485,0,6812
0,7,65485,0,6831
0,7,65485,0,6849
0,7,65485,0,6867
0,7,65485,0,6887
0,7,65485,0,6905
0,7,65485,0,6924
0,7,65484,0,6943
0,7,65484,0,6962
0,7,65484,0,6980
0,7,65484,0,6999
0,7,65485,0,7018
0,7,65485,0,7036
0,7,65485,0,7055
0,7,65485,0,7074
0,7,65485,0,7093
0,7,65485,0,7111
0,7,65485,0,7130
0,7,65485,0,7149
0,7,65485,0,7168
0,7,65485,0,7186
0,7,65485,0,7204
0,7,65485,0,7224
0,7,65485,0,7242
0,7,65485,0,7261
0,7,65484,0,7280
0,7,65484,0,7299
0,7,65484,0,7317
0,7,65484,0,7335
0,7,65485,0,7355
0,7,65485,0,7373
0,7,65485,0,7392
0,7,65485,0,7411
0,7,65485,0,7430
0,7,65485,0,7448
0,7,65485,0,7467
0,7,65485,0,7486
0,7,65485,0,7504
0,7,65485,0,7523
0,7,65485,0,7542
0,7,65485,0,7561
0,7,65485,0,7579
0,7,65485,0,7598
0,7,65485,0,7617
0,7,65485,0,7635
0,7,65485,0,7654
0,7,65485,0,7672
0,7,65485,0,7692
0,7,65485,0,7710
0,7,65485,0,7729
0,7,65485,0,7748
0,7,65485,0,7767
0,7,65485,0,7785
0,7,65485,0,7803
0,7,65485,0,7823
0,7,65485,0,7841
0,7,65485,0,7860
0,7,65485,0,7879
0,7,65485,0,7898
0,7,65485,0,7916
0,7,65485,0,7934
0,7,65485,0,7954
0,7,65485,0,7972
0,7,65485,0,7991
0,7,65485,0,8010
0,7,65485,0,8029
0,7,65485,0,8047
0,7,65485,0,8066
0,7,65485,0,8085
0,7,65485,0,8103
0,7,65485,0,8122
0,7,65485,0,8141
0,7,65485,0,8160
0,7,65485,0,8178
0,7,65485,0,8197
0,7,65485,0,8216
0,7,65485,0,8235
0,7,65485,0,8253
0,7,65485,0,8272
0,7,65485,0,8291
0,7,65485,0,8309
0,7,65485,0,8328
0,7,65485,0,8347
0,7,65485,0,8366
0,7,65485,0,8384
0,7,65485,0,8402
0,7,65485,0,8422
0,7,65485,0,8440
0,7,65485,0,8459
0,7,65485,0,8478
0,7,65485,0,8497
0,7,65485,0,8515
0,7,65485,0,8534
0,7,65485,0,8553
0,7,65485,0,8571
0,7,65485,0,8590
0,7,65485,0,8609
0,7,65485,0,8628
0,7,65485,0,8646
0,7,65485,0,8665
0,7,65485,0,8684
0,7,65485,0,8702
0,7,65485,0,8721
0,7,65485,0,8740
0,7,65485,0,8759
0,7,65485,0,8777
0,7,65485,0,8796
0,7,65485,0,8815
0,7,65485,0,8834
0,7,65485,0,8852
0,7,65485,0,8871
0,7,65485,0,8890
0,7,65485,0,8908
0,7,65485,0,8927
0,7,65485,0,8946
0,7,65485,0,8965
0,7,65485,0,8983
0,7,65485,0,9001
0,7,65485,0,9021
0,7,65485,0,9039
0,7,65485,0,9058
0,7,65485,0,9077
0,7,65485,0,9096
0,7,65485,0,9114
0,7,65485,0,9133
0,7,65485,0,9152
0,7,65485,0,9170
0,6,65485,0,9189
0,6,65485,0,9208
0,6,65485,0,9227
0,6,65485,0,9245
0,7,65485,0,9264
0,7,65485,0,9283
0,7,65485,0,9302
0,6,65486,0,9320
0,6,65486,0,9339
0,6,65486,0,9358
0,6,65486,0,9376
0,6,65486,0,9395
0,6,65486,0,9414
0,6,65486,0,9433
0,6,65486,0,9451
0,6,65486,0,9470
0,6,65486,0,9489
0,6,65486,0,9507
0,6,65486,0,9526
0,6,65486,0,9545
0,6,65486,0,9564
0,6,65486,0,9582
0,6,65486,0,9601
0,6,65486,0,9620
0,6,65486,0,9638
0,6,65486,0,9657
0,6,65486,0,9676
0,6,65486,0,9695
0,6,65486,0,9713
1,6,65486,0,9732
1,6,65486,0,9751
1,6,65486,0,9769
1,6,65486,0,9788
1,5,65487,0,9807
1,5,65487,0,9826
1,5,65487,0,9844
1,5,65487,0,9863
1,5,65487,0,9882
1,5,65487,0,9901
1,5,65487,0,9919
2,5,65487,0,9938
2,5,65487,0,9957
2,5,65487,0,9975
2,5,65487,0,9994
2,4,65488,0,10013
2,4,65488,0,10033
2,4,65488,0,10052
3,3,65488,0,10073
3,3,65488,0,10092
3,3,65488,0,10112
3,3,65488,0,10131
4,2,65488,0,10151
4,2,65488,0,10171
4,2,65488,0,10190
5,0,65487,0,10211
5,0,65487,0,10230
5,0,65487,0,10250
5,0,65487,0,10270
6,65535,65487,0,10290
6,65535,65487,0,10313
6,65535,65487,0,10338
7,65532,65483,0,10361
7,65532,65483,0,10385
6,65530,65484,0,10409
6,65530,65484,0,10433
6,65530,65484,0,10457
10,65527,65486,0,10481
10,65527,65486,0,10506
10,65527,65486,0,10530
16,65527,65480,0,10556
16,65527,65480,0,10580
16,65527,65480,0,10606
15,65530,65471,0,10631
15,65530,65471,0,10655
9,65534,65465,0,10681
9,65534,65465,0,10704
9,65534,65465,0,10728
2,2,65461,0,10753
2,2,65461,0,10772
2,2,65461,0,10791
2,2,65461,0,10812
65532,6,65459,0,10831
65532,6,65459,0,10855
65532,6,65459,0,10880
65526,12,65463,0,10903
65526,12,65463,0,10928
65522,14,65467,0,10953
65522,14,65467,0,10978
65522,14,65467,0,11003
65522,15,65473,0,11028
65522,15,65473,0,11053
65522,15,65473,0,11078
65521,10,65476,0,11103
65521,10,65476,0,11127
65521,10,65476,0,11153
65519,5,65478,0,11177
65519,5,65478,0,11202
65525,14,65482,0,11226
65525,14,65482,0,11250
65525,14,65482,0,11276
65525,10,65483,0,11300
65525,10,65483,0,11325
65525,10,65483,0,11351
65527,12,65485,0,11375
65527,12,65485,0,11401
65527,12,65485,0,11425
65524,4,65486,0,11450
65524,4,65486,0,11474
65525,2,65489,0,11498
65525,2,65489,0,11522
65525,2,65489,0,11546
65525,0,65491,0,11570
65525,0,65491,0,11593
65525,0,65491,0,11618
65525,0,65491,0,11641
65525,0,65491,0,11665
65525,0,65491,0,11689
65528,4,65490,0,11713
65528,4,65490,0,11738
65528,4,65490,0,11761
65531,9,65489,0,11785
65531,9,65489,0,11809
65531,9,65489,0,11833
65533,17,65485,0,11856
65533,17,65485,0,11882
0,21,65483,0,11907
0,21,65483,0,11927
0,21,65483,0,11949
0,21,65483,0,11969
0,23,65482,0,11990
0,23,65482,0,12011
0,23,65482,0,12032
1,24,65481,0,12052
1,24,65481,0,12073
1,24,65481,0,12094
1,25,65480,0,12114
1,25,65480,0,12136
1,25,65480,0,12156
2,26,65479,0,12177
2,26,65479,0,12197
2,26,65479,0,12219
2,26,65479,0,12239
2,26,65479,0,12260
2,26,65479,0,12281
2,26,65479,0,12302
2,26,65479,0,12322
2,26,65479,0,12344
2,26,65479,0,12364
2,26,65479,0,12385
2,26,65479,0,12406
2,26,65479,0,12427
2,26,65479,0,12447
2,27,65479,0,12469
2,27,65479,0,12489
2,27,65479,0,12510
2,27,65479,0,12530
2,27,65479,0,12552
2,27,65479,0,12572
2,27,65479,0,12593
2,27,65479,0,12614
2,27,65479,0,12635
2,27,65479,0,12655
2,27,65479,0,12677
2,27,65479,0,12697
2,27,65479,0,12718
2,27,65479,0,12739
2,27,65479,0,12760
2,27,65479,0,12780
2,27,65479,0,12802
2,27,65479,0,12822
2,27,65479,0,12843
2,27,65479,0,12863
2,27,65479,0,12884
2,27,65479,0,12905
2,27,65479,0,12925
2,27,65479,0,12947
2,27,65479,0,12967
2,27,65479,0,12988
2,27,65479,0,13009
2,27,65479,0,13030
2,27,65479,0,13050
2,27,65480,0,13072
2,27,65480,0,13092
2,27,65480,0,13113
2,27,65479,0,13134
2,27,65479,0,13155
2,27,65479,0,13175
2,27,65479,0,13196
2,27,65479,0,13217
2,27,65479,0,13238
2,27,65479,0,13258
2,27,65479,0,13280
2,27,65479,0,13300
2,27,65479,0,13321
2,27,65479,0,13342
2,27,65479,0,13363
2,27,65479,0,13383
2,27,65479,0,13405
2,27,65479,0,13425
2,27,65479,0,13446
2,27,65479,0,13467
2,27,65479,0,13488
2,27,65479,0,13508
2,27,65479,0,13529
2,27,65479,0,13550
2,27,65479,0,13571
2,27,65479,0,13591
2,27,65479,0,13613
2,27,65479,0,13633
2,27,65479,0,13654
2,27,65479,0,13675
2,27,65479,0,13696
2,27,65479,0,13716
2,27,65479,0,13737
2,27,65479,0,13758
2,27,65479,0,13778
2,27,65479,0,13800
2,27,65479,0,13820
2,27,65479,0,13841
2,27,65479,0,13861
2,27,65479,0,13883
2,27,65479,0,13903
2,27,65479,0,13924
2,27,65479,0,13945
2,27,65479,0,13966
2,27,65479,0,13986
2,27,65479,0,14008
2,27,65479,0,14028
2,27,65479,0,14049
2,27,65479,0,14070
2,27,65479,0,14091
2,27,65479,0,14111
2,27,65479,0,14133
2,27,65479,0,14153
2,27,65479,0,14174
2,27,65479,0,14194
2,27,65479,0,14216
2,27,65479,0,14236
2,27,65479,0,14257
2,27,65479,0,14278
2,27,65479,0,14299
2,27,65479,0,14319
2,27,65479,0,14341
2,27,65479,0,14361
2,27,65479,0,14382
2,27,65479,0,14403
2,27,65479,0,14424
2,27,65479,0,14444
2,27,65479,0,14466
2,27,65479,0,14486
2,27,65479,0,14507
2,27,65479,0,14527
2,27,65479,0,14548
2,27,65479,0,14569
2,27,65479,0,14589
2,27,65479,0,14611
2,27,65479,0,14631
2,27,65479,0,14652
2,27,65479,0,14673
2,27,65479,0,14694
2,27,65479,0,14714
2,27,65479,0,14736
2,27,65479,0,14756
2,27,65479,0,14777
2,27,65479,0,14798
2,27,65479,0,14819
2,27,65479,0,14839
2,27,65479,0,14860
2,27,65479,0,14881
2,27,65479,0,14902
2,27,65479,0,14922
2,27,65479,0,14944
2,27,65479,0,14964
2,27,65479,0,14985
2,27,65479,0,15006
2,27,65479,0,15027
2,27,65479,0,15047
2,27,65479,0,15069
2,27,65479,0,15089
2,27,65479,0,15110
2,27,65479,0,15131
2,27,65479,0,15152
2,27,65479,0,15172
2,27,65479,0,15193
2,27,65479,0,15214
2,27,65479,0,15235
2,27,65479,0,15255
2,27,65479,0,15277
2,27,65479,0,15297
2,27,65479,0,15318
2,27,65479,0,15339
2,27,65479,0,15360
2,27,65479,0,15380
2,27,65479,0,15401
2,27,65479,0,15422
2,27,65479,0,15442
2,27,65479,0,15464
2,27,65479,0,15484
2,27,65479,0,15505
2,27,65479,0,15525
2,27,65479,0,15547
2,27,65479,0,15567
2,27,65479,0,15588
2,27,65479,0,15609
2,27,65479,0,15630
2,27,65479,0,15650
2,27,65479,0,15672
2,27,65479,0,15692
2,27,65479,0,15713
1,25,65480,0,15734
1,25,65480,0,15755
1,25,65480,0,15775
1,24,65481,0,15797
1,24,65481,0,15817
1,24,65481,0,15838
1,24,65481,0,15858
1,24,65481,0,15880
1,24,65481,0,15900
1,24,65481,0,15921
1,24,65481,0,15942
1,24,65481,0,15963
1,24,65481,0,15983
0,24,65480,0,16005
0,24,65480,0,16025
0,24,65480,0,16046
0,24,65480,0,16067
0,24,65480,0,16088
0,24,65480,0,16108
1,24,65481,0,16130
1,24,65481,0,16150
1,24,65481,0,16171
1,24,65481,0,16191
1,24,65480,0,16212
1,24,65480,0,16233
1,24,65480,0,16253
1,24,65481,0,16275
1,24,65481,0,16295
1,24,65481,0,16316
0,24,65480,0,16337
0,24,65480,0,16358
0,24,65480,0,16378
0,27,65478,0,16400
0,27,65478,0,16420
0,27,65478,0,16441
0,27,65478,0,16462
0,26,65479,0,16483
0,26,65479,0,16503
0,26,65479,0,16524
0,26,65478,0,16545
0,26,65478,0,16566
0,26,65478,0,16586
0,28,65478,0,16608
0,28,65478,0,16628
0,28,65478,0,16649
0,28,65478,0,16670
0,28,65478,0,16691
0,28,65478,0,16711
0,28,65478,0,16733
0,27,65479,0,16753
0,27,65479,0,16774
0,27,65479,0,16795
0,23,65480,0,16816
0,23,65480,0,16836
0,23,65480,0,16857
65529,6,65485,0,16878
65529,6,65485,0,16902
65529,6,65485,0,16926
65522,65531,65489,0,16950
65522,65531,65489,0,16977
65522,65531,65489,0,17006
65524,65535,65489,0,17034
65524,65535,65489,0,17062
65527,4,65487,0,17090
65527,4,65487,0,17114
65527,4,65487,0,17138
65528,7,65486,0,17162
65528,7,65486,0,17185
65528,7,65486,0,17210
65528,7,65486,0,17233
65528,7,65486,0,17258
65528,7,65486,0,17282
65528,7,65486,0,17305
65528,7,65486,0,17330
65529,8,65486,0,17353
65529,8,65486,0,17377
65529,8,65486,0,17401
65529,7,65486,0,17425
65529,7,65486,0,17448
65529,7,65486,0,17473
65529,8,65485,0,17497
65529,8,65485,0,17520
65529,8,65485,0,17545
65529,9,65486,0,17568
65529,9,65486,0,17593
65529,9,65486,0,17616
65530,10,65485,0,17640
65530,10,65485,0,17666
65530,10,65485,0,17690
65529,10,65485,0,17715
65529,10,65485,0,17740
65530,10,65485,0,17765
65530,10,65485,0,17790
65530,10,65485,0,17815
65530,10,65485,0,17840
65530,10,65485,0,17865
65530,10,65485,0,17890
65530,9,65485,0,17914
65530,9,65485,0,17939
65530,10,65485,0,17963
65530,10,65485,0,17987
65530,10,65485,0,18013
65531,12,65485,0,18037
65531,12,65485,0,18063
65531,12,65485,0,18087
65531,11,65485,0,18112
65531,11,65485,0,18138
65531,11,65485,0,18162
65531,11,65485,0,18187
65531,11,65485,0,18212
65531,12,65485,0,18237
65531,12,65485,0,18263
65531,12,65485,0,18287
65531,12,65485,0,18312
65531,12,65485,0,18337
65531,12,65485,0,18362
65532,12,65484,0,18386
65532,12,65484,0,18412
65532,12,65484,0,18437
65532,13,65484,0,18462
65532,13,65484,0,18487
65533,13,65484,0,18511
65533,13,65484,0,18537
65533,13,65484,0,18562
65534,14,65484,0,18586
65534,14,65484,0,18612
65534,14,65484,0,18636
65534,13,65484,0,18662
65534,13,65484,0,18686
65534,13,65483,0,18711
65534,13,65483,0,18737
65534,13,65483,0,18761
65535,13,65484,0,18786
65535,13,65484,0,18811
65535,13,65484,0,18836
0,13,65484,0,18862
0,13,65484,0,18882
0,13,65484,0,18903
0,15,65483,0,18924
0,15,65483,0,18945
0,15,65483,0,18965
0,15,65483,0,18985
0,15,65483,0,19007
0,15,65483,0,19027
0,15,65483,0,19048
1,15,65483,0,19069
1,15,65483,0,19090
1,15,65483,0,19110
2,16,65482,0,19132
2,16,65482,0,19152
2,16,65482,0,19173
2,16,65482,0,19194
2,16,65482,0,19215
2,16,65482,0,19235
2,16,65482,0,19257
2,16,65482,0,19277
2,16,65482,0,19298
2,16,65482,0,19318
4,15,65480,0,19340
4,15,65480,0,19360
4,15,65480,0,19381
5,16,65479,0,19402
5,16,65479,0,19423
5,16,65479,0,19443
5,15,65477,0,19465
5,15,65477,0,19485
5,15,65477,0,19506
5,15,65477,0,19527
4,12,65477,0,19548
4,12,65477,0,19568
4,12,65477,0,19590
5,14,65476,0,19610
5,14,65476,0,19631
5,14,65476,0,19651
5,14,65476,0,19673
5,14,65476,0,19693
5,14,65476,0,19714
4,13,65475,0,19735
4,13,65475,0,19756
4,13,65475,0,19776
4,13,65475,0,19798
4,13,65475,0,19818
4,13,65475,0,19838
4,13,65475,0,19860
4,12,65475,0,19880
4,12,65475,0,19901
4,12,65475,0,19922
4,12,65475,0,19943
4,12,65475,0,19963
4,12,65475,0,19984
4,12,65475,0,20005
4,12,65475,0,20026
4,12,65475,0,20046
4,12,65475,0,20068
4,7,65477,0,20088
4,7,65477,0,20108
4,7,65477,0,20128
4,7,65476,0,20148
4,7,65476,0,20167
4,7,65476,0,20188
4,7,65476,0,20207
4,9,65476,0,20227
4,9,65476,0,20246
4,9,65476,0,20267
4,11,65475,0,20286
4,11,65475,0,20306
4,11,65475,0,20328
4,15,65473,0,20348
4,15,65473,0,20369
4,15,65473,0,20390
4,15,65473,0,20411
4,17,65472,0,20431
4,17,65472,0,20453
4,17,65472,0,20473
4,18,65470,0,20494
4,18,65470,0,20514
4,18,65470,0,20536
4,18,65470,0,20556
4,18,65470,0,20577
4,18,65470,0,20598
4,19,65470,0,20619
4,19,65470,0,20639
4,19,65470,0,20661
4,19,65470,0,20681
4,20,65470,0,20702
4,20,65470,0,20723
4,20,65470,0,20744
4,20,65469,0,20764
4,20,65469,0,20786
4,20,65469,0,20806
4,20,65469,0,20827
4,20,65469,0,20847
4,20,65469,0,20869
4,20,65469,0,20889
4,20,65469,0,20910
4,20,65469,0,20931
4,20,65469,0,20952
4,20,65469,0,20972
4,20,65469,0,20994
4,20,65469,0,21014
4,20,65469,0,21035
4,20,65469,0,21056
4,20,65469,0,21076
4,20,65469,0,21097
4,20,65469,0,21118
4,20,65469,0,21139
4,20,65469,0,21159
4,20,65469,0,21180
4,20,65469,0,21201
4,20,65469,0,21222
4,20,65469,0,21242
4,20,65469,0,21264
4,20,65469,0,21284
4,20,65469,0,21305
4,20,65469,0,21326
4,20,65469,0,21347
4,20,65469,0,21367
4,20,65469,0,21389
4,20,65469,0,21409
4,20,65469,0,21430
4,20,65469,0,21451
4,20,65469,0,21472
4,20,65469,0,21492
4,20,65469,0,21513
4,20,65469,0,21534
4,20,65469,0,21555
4,20,65469,0,21575
4,20,65469,0,21597
4,20,65469,0,21617
4,20,65469,0,21638
4,20,65469,0,21659
4,20,65469,0,21680
4,20,65469,0,21700
4,20,65469,0,21722
4,20,65469,0,21742
4,20,65469,0,21763
4,20,65469,0,21784
4,20,65469,0,21805
4,20,65469,0,21825
4,20,65469,0,21846
4,20,65469,0,21867
4,20,65469,0,21888
4,20,65469,0,21908
4,20,65469,0,21929
4,20,65469,0,21950
4,20,65469,0,21970
4,20,65469,0,21992
4,20,65469,0,22012
4,20,65469,0,22033
4,20,65469,0,22054
4,20,65469,0,22075
4,20,65469,0,22095
4,20,65469,0,22117
4,20,65469,0,22137
4,20,65469,0,22158
4,20,65469,0,22178
4,20,65469,0,22200
4,20,65469,0,22220
4,20,65469,0,22241
4,20,65469,0,22262
4,20,65469,0,22283
4,20,65469,0,22303
4,20,65469,0,22325
4,20,65469,0,22345
4,20,65469,0,22366
4,20,65469,0,22387
4,20,65469,0,22408
4,20,65469,0,22428
4,20,65469,0,22450
4,20,65469,0,22470
4,20,65469,0,22491
4,20,65469,0,22511
4,20,65469,0,22533
4,20,65469,0,22553
4,20,65469,0,22574
4,20,65469,0,22595
4,20,65469,0,22616
4,20,65469,0,22636
4,20,65469,0,22658
4,20,65469,0,22678
4,20,65469,0,22699
4,20,65469,0,22720
4,20,65469,0,22740
4,20,65469,0,22761
4,20,65469,0,22782
4,20,65469,0,22803
4,20,65469,0,22823
4,20,65469,0,22844
4,20,65469,0,22865
4,20,65469,0,22886
4,20,65469,0,22906
4,20,65469,0,22928
4,20,65469,0,22948
4,20,65469,0,22969
4,20,65469,0,22990
4,21,65469,0,23011
4,21,65469,0,23031
4,21,65469,0,23053
4,20,65469,0,23073
4,20,65469,0,23094
4,20,65469,0,23115
4,20,65469,0,23136
4,20,65469,0,23156
4,20,65469,0,23177
4,20,65469,0,23198
4,20,65469,0,23219
4,20,65469,0,23239
4,20,65469,0,23261
4,20,65469,0,23281
4,20,65469,0,23302
4,20,65469,0,23323
4,20,65469,0,23344
4,20,65469,0,23364
4,20,65469,0,23386
4,20,65469,0,23406
4,20,65469,0,23427
4,20,65469,0,23448
4,20,65469,0,23469
4,20,65469,0,23489
4,20,65469,0,23510
4,20,65469,0,23531
4,20,65469,0,23552
4,20,65469,0,23572
4,20,65469,0,23593
5,20,65469,0,23614
5,20,65469,0,23634
5,20,65469,0,23656
5,20,65469,0,23676
4,20,65469,0,23697
4,20,65469,0,23718
4,20,65469,0,23739
4,20,65469,0,23759
4,20,65469,0,23781
4,20,65469,0,23801
4,20,65469,0,23822
4,20,65469,0,23842
4,20,65469,0,23864
4,20,65469,0,23884
4,20,65469,0,23905
4,20,65469,0,23926
4,20,65469,0,23947
4,20,65469,0,23967
4,20,65469,0,23989
4,20,65469,0,24009
4,20,65469,0,24030
4,20,65469,0,24051
4,20,65469,0,24072
4,20,65469,0,24092
4,20,65469,0,24114
4,20,65469,0,24134
4,20,65469,0,24155
4,20,65469,0,24175
4,20,65469,0,24197
4,20,65469,0,24217
4,20,65469,0,24238
4,20,65469,0,24259
4,20,65469,0,24280
4,21,65469,0,24300
4,21,65469,0,24322
4,21,65469,0,24342
4,20,65469,0,24363
4,20,65469,0,24384
4,20,65469,0,24404
4,20,65469,0,24425
4,20,65469,0,24446
4,20,65469,0,24467
4,20,65469,0,24487
4,20,65469,0,24508
4,20,65469,0,24529
4,20,65469,0,24550
4,20,65469,0,24570
4,20,65469,0,24592
4,20,65469,0,24612
4,20,65469,0,24633
4,20,65469,0,24654
4,20,65469,0,24675
4,20,65469,0,24695
4,20,65469,0,24717
4,20,65469,0,24737
4,20,65469,0,24758
4,21,65469,0,24779
4,21,65469,0,24800
4,21,65469,0,24820
4,20,65469,0,24841
4,20,65469,0,24862
4,20,65469,0,24883
4,20,65469,0,24903
4,20,65469,0,24925
4,20,65469,0,24945
4,20,65469,0,24966
4,20,65469,0,24987
4,20,65469,0,25008
4,20,65469,0,25028
4,20,65469,0,25050
4,20,65469,0,25070
4,20,65469,0,25091
4,20,65469,0,25112
4,20,65469,0,25133
4,20,65469,0,25153
4,20,65469,0,25174
4,20,65469,0,25195
4,20,65469,0,25216
4,20,65469,0,25236
4,20,65469,0,25257
4,20,65469,0,25278
4,20,65469,0,25298
4,20,65469,0,25320
4,20,65469,0,25340
4,20,65469,0,25361
4,20,65469,0,25382
4,20,65469,0,25403
4,20,65469,0,25423
4,20,65469,0,25445
4,20,65469,0,25465
4,20,65469,0,25486
4,20,65469,0,25506
4,20,65469,0,25528
4,20,65469,0,25548
4,20,65469,0,25569
4,20,65469,0,25590
4,20,65469,0,25611
4,20,65469,0,25631
4,20,65469,0,25653
4,20,65469,0,25673
4,20,65469,0,25694
4,20,65469,0,25715
4,20,65469,0,25736
4,20,65469,0,25756
4,20,65469,0,25778
4,20,65469,0,25798
4,20,65469,0,25819
4,20,65469,0,25839
4,20,65469,0,25861
4,20,65469,0,25881
4,20,65469,0,25902
4,20,65469,0,25923
4,20,65469,0,25944
4,20,65469,0,25964
4,20,65469,0,25986
4,20,65469,0,26006
4,20,65469,0,26027
4,20,65469,0,26048
4,20,65469,0,26068
4,20,65469,0,26089
4,20,65469,0,26110
4,20,65469,0,26131
4,20,65469,0,26151
4,20,65469,0,26172
4,20,65469,0,26193
4,20,65469,0,26214
4,20,65469,0,26234
4,20,65469,0,26256
4,20,65469,0,26276
4,20,65469,0,26297
4,20,65469,0,26318
4,20,65469,0,26339
4,20,65469,0,26359
4,20,65469,0,26381
4,20,65469,0,26401
4,20,65469,0,26422
4,20,65469,0,26443
4,20,65469,0,26464
4,21,65469,0,26484
4,21,65469,0,26505
4,21,65469,0,26526
4,20,65469,0,26547
4,20,65469,0,26567
4,20,65469,0,26589
4,21,65469,0,26609
4,21,65469,0,26630
4,21,65469,0,26651
4,21,65469,0,26672
4,20,65469,0,26692
4,20,65469,0,26714
4,20,65469,0,26734
4,21,65469,0,26755
4,21,65469,0,26776
4,21,65469,0,26797
4,20,65469,0,26817
4,20,65469,0,26838
4,20,65469,0,26859
4,20,65469,0,26880
4,20,65469,0,26900
4,20,65469,0,26921
4,20,65469,0,26942
4,20,65469,0,26962
4,20,65469,0,26984
4,20,65469,0,27004
4,20,65469,0,27025
4,20,65469,0,27046
4,20,65469,0,27067
4,20,65469,0,27087
4,20,65469,0,27109
4,20,65469,0,27129
4,20,65469,0,27150
4,20,65469,0,27170
4,20,65469,0,27192
4,20,65469,0,27212
4,20,65469,0,27233
4,20,65469,0,27254
4,20,65469,0,27275
4,20,65469,0,27295
4,20,65469,0,27317
4,20,65469,0,27337
4,20,65469,0,27358
4,20,65469,0,27379
4,20,65469,0,27400
4,20,65469,0,27420
4,20,65469,0,27442
4,20,65469,0,27462
4,20,65469,0,27483
4,20,65469,0,27503
4,20,65469,0,27525
4,20,65469,0,27545
4,20,65469,0,27566
4,20,65469,0,27587
4,20,65469,0,27608
4,20,65469,0,27628
4,20,65469,0,27650
4,20,65469,0,27670
4,20,65469,0,27691
4,20,65469,0,27712
4,20,65469,0,27732
4,20,65469,0,27753
4,20,65469,0,27774
4,20,65469,0,27795
4,20,65469,0,27815
4,20,65469,0,27836
4,20,65469,0,27857
4,20,65469,0,27878
4,20,65469,0,27898
4,21,65469,0,27920
4,21,65469,0,27940
4,21,65469,0,27961
4,20,65469,0,27982
4,20,65469,0,28003
4,20,65469,0,28023
4,20,65469,0,28045
4,20,65469,0,28065
4,20,65469,0,28086
4,20,65469,0,28107
4,20,65469,0,28128
4,20,65469,0,28148
4,20,65469,0,28169
4,20,65469,0,28190
4,20,65469,0,28211
4,20,65469,0,28231
4,20,65469,0,28253
4,20,65469,0,28273
4,20,65469,0,28294
4,20,65469,0,28315
4,20,65469,0,28336
4,20,65469,0,28356
4,20,65469,0,28378
4,20,65469,0,28398
4,20,65469,0,28419
4,20,65469,0,28440
4,20,65469,0,28461
4,20,65469,0,28481
4,20,65469,0,28502
4,20,65469,0,28523
4,20,65469,0,28544
4,20,65469,0,28564
4,20,65469,0,28585
4,20,65469,0,28606
4,20,65469,0,28626
4,20,65469,0,28648
4,20,65469,0,28668
4,20,65469,0,28689
4,20,65469,0,28710
4,20,65469,0,28731
4,20,65469,0,28751
4,20,65469,0,28773
4,20,65469,0,28793
4,20,65469,0,28814
4,20,65469,0,28834
4,20,65469,0,28856
4,20,65469,0,28876
4,20,65469,0,28897
4,20,65469,0,28918
4,20,65469,0,28939
4,20,65469,0,28959
4,20,65469,0,28981
4,20,65469,0,29001
4,20,65469,0,29022
4,20,65469,0,29043
4,21,65469,0,29064
4,21,65469,0,29084
4,21,65469,0,29106
4,21,65469,0,29126
4,21,65469,0,29147
4,21,65469,0,29167
4,21,65469,0,29189
4,20,65469,0,29209
4,20,65469,0,29230
4,20,65469,0,29251
4,20,65469,0,29272
4,20,65469,0,29292
4,20,65469,0,29314
4,20,65469,0,29334
4,20,65469,0,29355
4,20,65469,0,29376
4,20,65469,0,29396
4,20,65469,0,29417
4,20,65469,0,29438
4,20,65469,0,29459
4,20,65469,0,29479
4,20,65469,0,29500
4,20,65469,0,29521
4,20,65469,0,29542
4,20,65469,0,29562
4,20,65469,0,29584
4,20,65469,0,29604
4,20,65469,0,29625
4,20,65469,0,29646
4,20,65469,0,29667
4,20,65469,0,29687
4,20,65469,0,29709
4,20,65469,0,29729
4,20,65469,0,29750
4,20,65469,0,29771
4,20,65469,0,29792
4,20,65469,0,29812
4,20,65469,0,29833
4,20,65469,0,29854
4,20,65469,0,29875
4,20,65469,0,29895
4,20,65469,0,29917
4,20,65469,0,29937
4,20,65469,0,29958
4,20,65469,0,29979
4,20,65469,0,30000
4,20,65469,0,30020
4,20,65469,0,30042
4,20,65469,0,30062
4,21,65469,0,30083
4,21,65469,0,30104
4,21,65469,0,30125
4,21,65469,0,30145
4,20,65469,0,30166
4,20,65469,0,30187
4,20,65469,0,30208
4,21,65469,0,30228
4,21,65469,0,30249
4,21,65469,0,30270
4,20,65469,0,30290
4,20,65469,0,30312
4,20,65469,0,30332
4,20,65469,0,30353
4,20,65469,0,30374
4,20,65469,0,30395
4,20,65469,0,30415
4,20,65469,0,30437
4,20,65469,0,30457
4,20,65469,0,30478
4,20,65469,0,30498
4,20,65469,0,30520
4,20,65469,0,30540
4,21,65469,0,30561
4,21,65469,0,30582
4,21,65469,0,30603
4,20,65469,0,30623
4,20,65469,0,30645
4,20,65469,0,30665
4,20,65469,0,30686
4,20,65469,0,30707
4,20,65469,0,30728
4,20,65469,0,30748
4,20,65469,0,30770
4,20,65469,0,30790
4,20,65469,0,30811
4,20,65469,0,30831
4,20,65469,0,30853
4,20,65469,0,30873
4,20,65469,0,30894
4,21,65469,0,30915
4,21,65469,0,30936
4,21,65469,0,30956
4,20,65469,0,30978
4,20,65469,0,30998
4,20,65469,0,31019
4,20,65469,0,31040
4,20,65469,0,31060
4,20,65469,0,31081
4,21,65469,0,31102
4,21,65469,0,31123
4,21,65469,0,31143
4,21,65469,0,31164
4,20,65469,0,31185
4,20,65469,0,31206
4,20,65469,0,31226
4,20,65469,0,31248
4,20,65469,0,31268
4,20,65469,0,31289
4,20,65469,0,31310
4,20,65469,0,31331
4,20,65469,0,31351
4,20,65470,0,31373
4,20,65470,0,31393
4,20,65470,0,31414
4,20,65470,0,31435
4,20,65469,0,31456
4,20,65469,0,31476
4,20,65469,0,31497
4,20,65469,0,31518
4,20,65469,0,31539
4,20,65469,0,31559
4,20,65469,0,31581
4,20,65469,0,31601
4,20,65469,0,31622
4,20,65469,0,31643
4,20,65469,0,31664
4,20,65469,0,31684
4,20,65469,0,31706
4,20,65469,0,31726
4,20,65469,0,31747
4,20,65469,0,31768
4,20,65469,0,31789
4,20,65469,0,31809
4,20,65469,0,31830
4,20,65469,0,31851
4,20,65469,0,31872
4,20,65469,0,31892
4,20,65469,0,31913
4,20,65469,0,31934
4,20,65469,0,31954
4,20,65469,0,31976
4,20,65469,0,31996
4,20,65469,0,32017
4,20,65469,0,32038
4,20,65469,0,32059
4,20,65469,0,32079
4,20,65469,0,32101
4,20,65469,0,32121
4,20,65469,0,32142
4,20,65469,0,32162
4,20,65469,0,32184
4,20,65469,0,32204
4,20,65469,0,32225
4,20,65469,0,32246
4,20,65469,0,32267
4,20,65469,0,32287
4,20,65469,0,32309
4,20,65469,0,32329
4,20,65469,0,32350
4,20,65469,0,32371
4,20,65469,0,32392
4,20,65469,0,32412
4,20,65469,0,32434
4,20,65469,0,32454
4,20,65469,0,32475
4,20,65469,0,32495
4,20,65469,0,32517
4,21,65469,0,32537
4,21,65469,0,32558
4,21,65469,0,32579
4,20,65469,0,32600
4,20,65469,0,32620
4,20,65469,0,32642
4,20,65469,0,32662
4,21,65469,0,32683
4,21,65469,0,32704
4,21,65469,0,32724
4,20,65469,0,32745
4,20,65469,0,32766
4,20,65469,0,32787
4,20,65469,0,32807
4,20,65469,0,32828
4,20,65469,0,32849
4,20,65469,0,32870
4,20,65469,0,32890
4,20,65469,0,32912
4,20,65469,0,32932
4,20,65469,0,32953
4,20,65469,0,32974
4,20,65469,0,32995
4,20,65469,0,33015
4,20,65469,0,33037
4,20,65469,0,33057
4,21,65469,0,33078
4,21,65469,0,33099
4,21,65469,0,33120
4,21,65469,0,33140
4,20,65469,0,33161
4,20,65469,0,33182
4,20,65469,0,33203
4,20,65469,0,33223
4,20,65469,0,33245
4,20,65469,0,33265
4,20,65469,0,33286
4,20,65469,0,33307
4,20,65469,0,33328
4,21,65469,0,33348
4,21,65469,0,33370
4,21,65469,0,33390
4,21,65469,0,33411
4,20,65469,0,33432
4,20,65469,0,33453
4,20,65469,0,33473
4,21,65469,0,33494
4,21,65469,0,33515
4,21,65469,0,33536
4,20,65469,0,33556
4,20,65469,0,33577
4,20,65469,0,33598
4,20,65469,0,33618
4,20,65469,0,33640
4,20,65469,0,33660
4,20,65469,0,33681
4,20,65469,0,33702
4,20,65469,0,33723
4,20,65469,0,33743
4,20,65469,0,33765
4,20,65469,0,33785
4,20,65469,0,33806
4,20,65469,0,33826
4,20,65469,0,33848
4,20,65469,0,33868
4,20,65469,0,33889
4,20,65469,0,33910
4,20,65469,0,33931
4,20,65469,0,33951
4,21,65469,0,33973
4,21,65469,0,33993
4,21,65469,0,34014
4,20,65469,0,34035
4,20,65469,0,34056
4,20,65469,0,34076
4,21,65469,0,34098
4,21,65469,0,34118
4,21,65469,0,34139
4,21,65469,0,34159
4,20,65469,0,34181
4,20,65469,0,34201
4,20,65469,0,34222
4,20,65469,0,34243
4,20,65469,0,34264
4,20,65469,0,34284
4,20,65469,0,34306
4,20,65469,0,34326
4,20,65469,0,34347
4,20,65469,0,34368
4,20,65469,0,34388
4,20,65469,0,34409
4,20,65469,0,34430
4,20,65469,0,34451
4,20,65469,0,34471
4,20,65469,0,34492
4,20,65469,0,34513
4,20,65469,0,34534
4,20,65469,0,34554
4,20,65469,0,34576
4,20,65469,0,34596
4,20,65469,0,34617
4,20,65469,0,34638
4,20,65469,0,34659
4,20,65469,0,34679
4,20,65469,0,34701
4,20,65469,0,34721
4,20,65469,0,34742
4,20,65469,0,34763
4,20,65469,0,34784
4,20,65469,0,34804
4,20,65469,0,34825
4,20,65469,0,34846
4,20,65469,0,34867
4,20,65469,0,34887
4,20,65469,0,34909
4,20,65469,0,34929
4,20,65469,0,34950
4,20,65469,0,34971
4,20,65469,0,34992
4,20,65469,0,35012
4,20,65469,0,35034
4,20,65469,0,35054
4,20,65469,0,35075
4,20,65469,0,35096
4,20,65469,0,35117
4,20,65469,0,35137
4,20,65469,0,35158
4,20,65469,0,35179
4,20,65469,0,35200
4,20,65469,0,35220
4,20,65469,0,35241
4,20,65469,0,35262
4,20,65469,0,35282
4,20,65469,0,35304
4,20,65469,0,35324
4,20,65469,0,35345
4,20,65469,0,35366
4,20,65469,0,35387
4,20,65469,0,35407
4,20,65469,0,35429
4,20,65469,0,35449
5,20,65469,0,35470
5,20,65469,0,35490
5,20,65469,0,35512
4,20,65469,0,35532
4,20,65469,0,35553
4,20,65469,0,35574
4,20,65469,0,35595
4,20,65469,0,35615
4,20,65469,0,35637
4,20,65469,0,35657
4,21,65469,0,35678
4,21,65469,0,35699
4,21,65469,0,35720
4,20,65469,0,35740
4,20,65469,0,35762
4,20,65469,0,35782
4,20,65469,0,35803
4,20,65469,0,35823
4,20,65469,0,35845
4,20,65469,0,35865
4,20,65469,0,35886
4,20,65469,0,35907
4,20,65469,0,35928
4,21,65469,0,35948
4,21,65469,0,35970
4,21,65469,0,35990
4,20,65469,0,36011
4,20,65469,0,36032
4,20,65469,0,36052
4,20,65469,0,36073
4,20,65469,0,36094
4,20,65469,0,36115
4,20,65469,0,36135
4,20,65469,0,36156
4,20,65469,0,36177
4,20,65469,0,36198
4,20,65469,0,36218
4,20,65469,0,36240
4,20,65469,0,36260
4,20,65469,0,36281
4,20,65469,0,36302
4,20,65469,0,36323
4,20,65469,0,36343
4,20,65469,0,36365
4,20,65469,0,36385
4,20,65469,0,36406
4,20,65469,0,36427
4,20,65469,0,36448
4,20,65469,0,36468
4,20,65469,0,36489
4,20,65469,0,36510
4,20,65469,0,36531
4,20,65469,0,36551
4,20,65469,0,36573
4,20,65469,0,36593
4,20,65469,0,36614
4,20,65469,0,36635
4,20,65469,0,36656
4,20,65469,0,36676
4,20,65469,0,36698
4,20,65469,0,36718
4,20,65469,0,36739
4,20,65469,0,36760
4,20,65469,0,36781
4,20,65469,0,36801
4,20,65469,0,36822
4,20,65469,0,36843
4,20,65469,0,36864
4,20,65469,0,36884
4,20,65469,0,36905
4,20,65469,0,36926
4,20,65469,0,36946
4,20,65470,0,36968
4,20,65470,0,36988
4,20,65470,0,37009
4,19,65470,0,37030
4,19,65470,0,37051
4,19,65470,0,37071
4,20,65470,0,37093
4,20,65470,0,37113
4,20,65470,0,37134
4,20,65470,0,37154
4,20,65470,0,37176
4,20,65470,0,37196
4,20,65470,0,37217
3,20,65470,0,37238
3,20,65470,0,37259
3,20,65470,0,37279
4,22,65468,0,37301
4,22,65468,0,37321
4,22,65468,0,37342
4,22,65468,0,37363
3,21,65469,0,37384
3,21,65469,0,37404
3,21,65469,0,37426
3,21,65469,0,37446
3,21,65469,0,37467
3,21,65469,0,37487
4,22,65468,0,37509
4,22,65468,0,37529
4,22,65468,0,37550
4,21,65469,0,37571
4,21,65469,0,37592
4,21,65469,0,37612
4,21,65469,0,37634
3,21,65469,0,37654
3,21,65469,0,37675
3,21,65469,0,37696
3,21,65470,0,37716
3,21,65470,0,37737
3,21,65470,0,37758
3,21,65470,0,37779
3,21,65470,0,37799
3,21,65470,0,37820
3,21,65470,0,37841
3,21,65470,0,37862
3,21,65470,0,37882
3,21,65470,0,37904
1,8,65475,0,37924
1,8,65475,0,37944
1,8,65475,0,37964
1,5,65476,0,37984
1,5,65476,0,38003
1,5,65476,0,38023
1,5,65476,0,38043
1,8,65476,0,38063
1,8,65476,0,38082
1,8,65476,0,38103
2,9,65475,0,38122
2,9,65475,0,38141
2,9,65475,0,38162
2,10,65474,0,38181
2,10,65474,0,38202
2,10,65474,0,38222
2,10,65474,0,38244
2,10,65475,0,38264
2,10,65475,0,38285
2,10,65475,0,38306
2,10,65475,0,38327
2,10,65475,0,38347
2,10,65475,0,38369
2,11,65475,0,38389
2,11,65475,0,38410
2,11,65475,0,38431
2,11,65475,0,38452
2,10,65475,0,38472
2,10,65475,0,38494
2,10,65475,0,38514
2,11,65475,0,38535
2,11,65475,0,38555
2,11,65475,0,38577
2,11,65475,0,38597
2,11,65475,0,38618
2,11,65475,0,38639
2,11,65475,0,38660
2,11,65475,0,38680
2,11,65475,0,38702
2,11,65475,0,38722
2,12,65474,0,38743
2,12,65474,0,38764
2,12,65474,0,38785
3,12,65474,0,38805
3,12,65474,0,38827
3,12,65474,0,38847
3,12,65475,0,38867
3,12,65475,0,38888
3,12,65475,0,38909
2,12,65474,0,38930
2,12,65474,0,38950
2,12,65474,0,38972
2,12,65474,0,38992
3,12,65474,0,39013
3,12,65474,0,39034
3,12,65474,0,39055
3,13,65474,0,39075
3,13,65474,0,39097
3,13,65474,0,39117
3,13,65474,0,39138
3,13,65474,0,39159
3,13,65474,0,39180
3,13,65474,0,39200
2,12,65474,0,39221
2,12,65474,0,39242
2,12,65474,0,39263
3,14,65474,0,39283
3,14,65474,0,39305
3,14,65474,0,39325
3,14,65473,0,39346
3,14,65473,0,39367
3,14,65473,0,39388
3,13,65473,0,39408
3,13,65473,0,39430
3,13,65473,0,39450
3,13,65473,0,39471
3,14,65474,0,39492
3,14,65474,0,39513
3,14,65474,0,39533
3,14,65474,0,39554
3,14,65474,0,39575
3,14,65474,0,39596
3,14,65473,0,39616
3,14,65473,0,39638
3,14,65473,0,39658
3,14,65474,0,39678
3,14,65474,0,39700
3,14,65474,0,39720
3,14,65474,0,39741
3,14,65474,0,39762
3,14,65474,0,39783
3,14,65474,0,39803
3,14,65474,0,39825
3,14,65474,0,39845
3,14,65474,0,39866
4,14,65475,0,39886
4,14,65475,0,39908
4,14,65475,0,39928
4,14,65475,0,39949
4,14,65476,0,39970
4,14,65476,0,39991
4,14,65476,0,40011
4,15,65477,0,40033
4,15,65477,0,40053
4,15,65477,0,40074
4,15,65479,0,40095
4,15,65479,0,40116
4,15,65479,0,40136
3,16,65481,0,40158
3,16,65481,0,40178
3,16,65481,0,40199
3,16,65481,0,40219
2,15,65482,0,40241
2,15,65482,0,40261
2,15,65482,0,40282
0,15,65483,0,40303
0,15,65483,0,40324
0,15,65483,0,40344
65535,14,65483,0,40366
65535,14,65483,0,40390
65535,14,65483,0,40415
65534,13,65483,0,40440
65534,13,65483,0,40465
65534,13,65483,0,40491
65533,14,65484,0,40515
65533,14,65484,0,40540
65531,13,65484,0,40565
65531,13,65484,0,40590
65531,13,65484,0,40614
65528,14,65483,0,40640
65528,14,65483,0,40665
65528,14,65483,0,40690
65525,15,65481,0,40715
65525,15,65481,0,40739
65525,15,65481,0,40765
65523,16,65477,0,40790
65523,16,65477,0,40814
65521,14,65470,0,40840
65521,14,65470,0,40864
65521,14,65470,0,40890
65522,12,65463,0,40914
65522,12,65463,0,40939
65522,12,65463,0,40965
65528,8,65458,0,40989
65528,8,65458,0,41013
65528,8,65458,0,41037
65535,2,65457,0,41061
65535,2,65457,0,41084
6,65535,65460,0,41109
6,65535,65460,0,41133
6,65535,65460,0,41157
12,65532,65466,0,41181
12,65532,65466,0,41205
12,65532,65466,0,41231
17,65528,65473,0,41255
17,65528,65473,0,41280
17,65528,65473,0,41306
16,65525,65481,0,41330
16,65525,65481,0,41356
16,65525,65481,0,41380
10,65527,65486,0,41405
10,65527,65486,0,41431
7,65530,65484,0,41455
7,65530,65484,0,41479
7,65530,65484,0,41503
8,65532,65484,0,41527
8,65532,65484,0,41550
8,65532,65484,0,41575
7,65535,65486,0,41598
7,65535,65486,0,41623
7,65535,65486,0,41647
6,0,65488,0,41670
6,0,65488,0,41691
6,0,65488,0,41710
4,2,65488,0,41730
4,2,65488,0,41749
4,2,65488,0,41769
4,2,65488,0,41789
3,3,65488,0,41808
3,3,65488,0,41829
3,3,65488,0,41848
2,4,65488,0,41868
2,4,65488,0,41888
2,4,65488,0,41908
2,5,65487,0,41927
2,5,65487,0,41947
2,5,65487,0,41967
2,5,65487,0,41987
1,5,65487,0,42006
1,5,65487,0,42027
1,5,65487,0,42046
1,5,65486,0,42065
1,5,65486,0,42086
1,5,65486,0,42105
1,5,65486,0,42125
1,6,65486,0,42144
1,6,65486,0,42165
1,6,65486,0,42184
0,6,65486,0,42204
0,6,65486,0,42224
0,6,65486,0,42244
0,6,65486,0,42263
0,6,65486,0,42283
0,6,65486,0,42303
0,6,65486,0,42322
0,6,65485,0,42342
0,6,65485,0,42362
0,6,65485,0,42382
0,6,65485,0,42401
0,6,65485,0,42422
0,6,65485,0,42441
0,6,65485,0,42461
0,6,65485,0,42480
0,6,65485,0,42501
0,6,65485,0,42520
0,6,65485,0,42540
0,6,65485,0,42560
0,6,65485,0,42579
0,6,65485,0,42599
0,7,65485,0,42619
0,7,65485,0,42639
0,7,65485,0,42658
0,7,65485,0,42678
0,7,65485,0,42698
0,7,65485,0,42718
0,7,65485,0,42737
0,6,65485,0,42758
0,6,65485,0,42777
0,6,65485,0,42797
0,7,65485,0,42817
0,7,65485,0,42836
0,7,65485,0,42856
0,7,65485,0,42875
0,7,65485,0,42896
0,7,65485,0,42915
0,7,65485,0,42935
0,7,65485,0,42955
0,7,65485,0,42975
0,7,65485,0,42994
0,7,65485,0,43014
0,7,65485,0,43034
0,7,65485,0,43054
0,7,65485,0,43073
0,7,65485,0,43094
0,7,65485,0,43113
0,7,65485,0,43132
0,7,65485,0,43153
0,7,65485,0,43172
0,7,65485,0,43192
0,7,65485,0,43211
0,7,65485,0,43232
0,7,65485,0,43251
0,7,65485,0,43271
0,7,65484,0,43291
0,7,65484,0,43311
0,7,65484,0,43330
0,7,65484,0,43351
0,7,65484,0,43370
0,7,65484,0,43389
0,7,65484,0,43409
0,7,65485,0,43429
0,7,65485,0,43449
0,7,65485,0,43468
0,7,65485,0,43489
0,7,65485,0,43508
0,7,65485,0,43528
0,7,65485,0,43547
0,7,65484,0,43568
0,7,65484,0,43587
0,7,65484,0,43607
0,7,65484,0,43627
0,7,65485,0,43646
0,7,65485,0,43666
0,7,65485,0,43686
0,7,65484,0,43706
0,7,65484,0,43725
0,7,65484,0,43745
0,7,65484,0,43765
0,7,65484,0,43785
0,7,65484,0,43804
0,7,65484,0,43825
0,7,65485,0,43844
0,7,65485,0,43864
0,7,65485,0,43884
0,7,65485,0,43904
0,7,65485,0,43923
0,7,65485,0,43942
0,7,65485,0,43963
0,7,65485,0,43982
0,7,65485,0,44002
0,7,65485,0,44022
0,7,65485,0,44042
0,7,65485,0,44061
0,7,65485,0,44082
0,7,65485,0,44101
0,7,65485,0,44121
0,7,65485,0,44140
0,7,65485,0,44161
0,7,65485,0,44180
0,7,65485,0,44199
0,7,65485,0,44220
0,7,65485,0,44239
0,7,65484,0,44259
0,7,65484,0,44278
0,7,65484,0,44299
0,7,65485,0,44318
0,7,65485,0,44338
0,7,65485,0,44358
0,7,65485,0,44378
0,7,65485,0,44397
0,7,65485,0,44418
0,7,65485,0,44437
0,7,65485,0,44456
0,7,65485,0,44476
0,7,65485,0,44496
0,7,65484,0,44516
0,7,65484,0,44535
0,7,65484,0,44556
0,7,65484,0,44575
0,7,65485,0,44595
0,7,65485,0,44615
0,7,65485,0,44635
0,7,65484,0,44654
0,7,65484,0,44674
0,7,65484,0,44694
0,7,65484,0,44713
0,7,65485,0,44733
0,7,65485,0,44753
0,7,65485,0,44773
0,7,65485,0,44792
0,7,65485,0,44812
0,7,65485,0,44832
0,7,65485,0,44852
0,7,65485,0,44871
0,7,65485,0,44892
0,7,65485,0,44911
0,7,65484,0,44931
0,7,65484,0,44951
0,7,65484,0,44971
0,7,65484,0,44990
0,7,65484,0,45009
0,7,65484,0,45030
0,7,65484,0,45049
0,7,65485,0,45069
0,7,65485,0,45089
0,7,65485,0,45109
0,7,65484,0,45128
0,7,65484,0,45149
0,7,65484,0,45168
0,7,65484,0,45188
0,7,65484,0,45207
0,7,65484,0,45228
0,7,65484,0,45247
0,7,65484,0,45266
0,7,65484,0,45287
0,7,65484,0,45306
0,7,65484,0,45326
0,7,65485,0,45346
0,7,65485,0,45366
0,7,65485,0,45385
0,7,65485,0,45405
0,7,65485,0,45425
0,7,65485,0,45445
0,7,65485,0,45464
0,7,65484,0,45485
0,7,65484,0,45504
0,7,65484,0,45523
0,7,65485,0,45543
0,7,65485,0,45563
0,7,65485,0,45583
0,7,65484,0,45602
0,7,65484,0,45623
0,7,65484,0,45642
0,7,65484,0,45662
0,7,65484,0,45682
0,7,65484,0,45702
0,7,65484,0,45721
0,7,65484,0,45741
0,7,65484,0,45761
0,7,65484,0,45780
0,7,65484,0,45800
0,7,65484,0,45820
0,7,65484,0,45840
0,7,65484,0,45859
0,7,65484,0,45880
0,7,65484,0,45899
0,7,65484,0,45919
0,7,65484,0,45938
0,7,65485,0,45959
0,7,65485,0,45978
0,7,65485,0,45998
0,7,65485,0,46018
0,7,65485,0,46038
0,7,65485,0,46057
0,7,65485,0,46076
0,7,65484,0,46097
0,7,65484,0,46116
0,7,65484,0,46136
0,7,65484,0,46156
0,7,65484,0,46176
0,7,65484,0,46195
0,7,65484,0,46216
0,7,65485,0,46235
0,7,65485,0,46255
0,7,65485,0,46274
0,7,65484,0,46295
0,7,65484,0,46314
0,7,65484,0,46333
0,7,65485,0,46354
0,7,65485,0,46373
0,7,65485,0,46393
0,7,65485,0,46413
0,7,65484,0,46433
0,7,65484,0,46452
0,7,65484,0,46472
0,7,65484,0,46492
0,7,65484,0,46512
0,7,65484,0,46531
0,7,65484,0,46552
0,7,65484,0,46571
0,7,65484,0,46590
0,7,65484,0,46611
0,7,65484,0,46630
0,7,65484,0,46650
0,7,65484,0,46669
0,7,65484,0,46690
0,7,65485,0,46709
0,7,65485,0,46729
0,7,65485,0,46749
0,7,65485,0,46769
0,7,65485,0,46788
0,7,65485,0,46808
0,7,65485,0,46828
0,7,65485,0,46848
0,7,65485,0,46867
0,7,65485,0,46887
0,7,65485,0,46907
0,7,65485,0,46926
0,7,65485,0,46947
0,7,65485,0,46966
0,7,65485,0,46986
0,7,65485,0,47005
0,7,65485,0,47026
0,7,65485,0,47045
0,7,65485,0,47065
0,7,65485,0,47085
0,7,65485,0,47105
0,7,65485,0,47124
0,7,65485,0,47144
0,7,65485,0,47164
0,7,65484,0,47183
0,7,65484,0,47203
0,7,65484,0,47223
0,7,65484,0,47243
0,7,65484,0,47262
0,7,65484,0,47283
0,7,65484,0,47302
0,7,65484,0,47322
0,7,65484,0,47341
0,7,65484,0,47362
0,7,65484,0,47381
0,7,65484,0,47400
0,7,65484,0,47421
0,7,65484,0,47440
0,7,65484,0,47460
0,7,65484,0,47480
0,7,65484,0,47500
0,7,65484,0,47519
0,7,65484,0,47539
0,7,65484,0,47559
0,7,65485,0,47579
0,7,65485,0,47598
0,7,65485,0,47619
0,7,65485,0,47638
0,7,65484,0,47657
0,7,65484,0,47678
0,7,65484,0,47697
0,7,65484,0,47717
0,7,65484,0,47736
0,7,65484,0,47757
0,7,65484,0,47776
0,7,65484,0,47796
0,7,65484,0,47816
0,7,65484,0,47836
0,7,65484,0,47855
0,7,65484,0,47876
0,7,65484,0,47895
0,7,65484,0,47915
0,7,65484,0,47934
0,7,65484,0,47954
0,7,65484,0,47974
0,7,65484,0,47993
0,7,65484,0,48014
0,7,65484,0,48033
0,7,65484,0,48053
0,7,65485,0,48072
0,7,65485,0,48093
0,7,65485,0,48112
0,7,65484,0,48132
0,7,65484,0,48152
0,7,65484,0,48172
0,7,65484,0,48191
0,7,65484,0,48211
0,7,65484,0,48231
0,7,65484,0,48250
0,7,65485,0,48270
0,7,65485,0,48290
0,7,65485,0,48310
0,7,65485,0,48329
0,7,65485,0,48350
0,7,65485,0,48369
0,7,65485,0,48389
0,7,65484,0,48409
0,7,65484,0,48429
0,7,65484,0,48448
0,7,65485,0,48467
0,7,65485,0,48488
0,7,65485,0,48507
0,7,65485,0,48527
0,7,65485,0,48547
0,7,65485,0,48567
0,7,65485,0,48586
0,7,65484,0,48606
0,7,65484,0,48626
0,7,65484,0,48646
0,7,65484,0,48665
0,7,65484,0,48686
0,7,65484,0,48705
0,7,65484,0,48724
0,7,65484,0,48745
0,7,65484,0,48764
0,7,65484,0,48784
0,7,65484,0,48803
0,7,65484,0,48824
0,7,65484,0,48843
0,7,65484,0,48863
0,7,65484,0,48883
0,7,65484,0,48903
0,7,65484,0,48922
0,7,65484,0,48943
0,7,65484,0,48962
0,7,65484,0,48982
0,7,65484,0,49001
0,7,65484,0,49021
0,7,65484,0,49041
0,7,65484,0,49060
0,7,65484,0,49081
0,7,65484,0,49100
0,7,65484,0,49120
0,7,65484,0,49140
0,7,65484,0,49160
0,7,65484,0,49179
0,7,65484,0,49199
0,7,65485,0,49219
0,7,65485,0,49239
0,7,65485,0,49258
0,7,65485,0,49278
0,7,65485,0,49298
0,7,65485,0,49317
0,7,65485,0,49337
0,7,65484,0,49357
0,7,65484,0,49377
0,7,65484,0,49396
0,7,65484,0,49417
0,7,65484,0,49436
0,7,65484,0,49456
0,7,65484,0,49476
0,7,65485,0,49496
0,7,65485,0,49515
0,7,65485,0,49534
0,7,65484,0,49555
0,7,65484,0,49574
0,7,65484,0,49594
0,7,65484,0,49614
0,7,65484,0,49634
0,7,65484,0,49653
0,7,65484,0,49674
0,7,65484,0,49693
0,7,65484,0,49713
0,7,65484,0,49732
0,7,65484,0,49753
0,7,65485,0,49772
0,7,65485,0,49792
0,7,65485,0,49812
0,7,65484,0,49831
0,7,65484,0,49851
0,7,65484,0,49870
0,7,65484,0,49891
0,7,65485,0,49910
0,7,65485,0,49930
0,7,65485,0,49950
0,7,65484,0,49970
0,7,65484,0,49989
0,7,65484,0,50010
0,7,65485,0,50029
0,7,65485,0,50049
0,7,65485,0,50068
0,7,65485,0,50088
0,7,65484,0,50108
0,7,65484,0,50127
0,7,65484,0,50148
0,7,65485,0,50167
0,7,65485,0,50187
0,7,65485,0,50207
0,7,65485,0,50227
0,7,65484,0,50246
0,7,65484,0,50266
0,7,65484,0,50286
0,7,65485,0,50306
0,7,65485,0,50325
0,7,65485,0,50345
0,7,65485,0,50365
0,7,65485,0,50384
0,7,65485,0,50405
0,7,65485,0,50424
0,7,65485,0,50444
0,7,65485,0,50463
0,7,65485,0,50484
0,7,65485,0,50503
0,7,65485,0,50523
0,7,65485,0,50543
0,7,65485,0,50563
0,7,65484,0,50582
0,7,65484,0,50601
0,7,65484,0,50622
0,7,65485,0,50641
0,7,65485,0,50661
0,7,65485,0,50681
0,7,65485,0,50701
0,7,65484,0,50720
0,7,65484,0,50741
0,7,65484,0,50760
0,7,65484,0,50780
0,7,65484,0,50799
0,7,65484,0,50820
0,7,65484,0,50839
0,7,65485,0,50859
0,7,65485,0,50879
0,7,65485,0,50898
0,7,65484,0,50918
0,7,65484,0,50937
0,7,65484,0,50958
0,7,65484,0,50977
0,7,65484,0,50997
0,7,65484,0,51017
0,7,65484,0,51037
0,7,65485,0,51056
0,7,65485,0,51077
0,7,65485,0,51096
0,7,65485,0,51116
0,7,65485,0,51135
0,7,65485,0,51155
0,7,65485,0,51175
0,7,65484,0,51194
0,7,65484,0,51215
0,7,65484,0,51234
0,7,65484,0,51254
0,7,65484,0,51274
0,7,65484,0,51294
0,7,65484,0,51313
0,7,65484,0,51333
0,7,65484,0,51353
0,7,65484,0,51373
0,7,65485,0,51392
0,7,65485,0,51412
0,7,65485,0,51432
0,7,65485,0,51451
0,7,65484,0,51472
0,7,65484,0,51491
0,7,65484,0,51511
0,7,65485,0,51530
0,7,65485,0,51551
0,7,65485,0,51570
0,7,65485,0,51590
0,7,65484,0,51610
0,7,65484,0,51630
0,7,65484,0,51649
0,7,65485,0,51670
0,7,65485,0,51689
0,7,65485,0,51708
0,7,65485,0,51728
0,7,65484,0,51748
0,7,65484,0,51768
0,7,65484,0,51787
0,7,65484,0,51808
0,7,65484,0,51827
0,7,65484,0,51847
0,7,65485,0,51866
0,7,65485,0,51887
0,7,65485,0,51906
0,7,65485,0,51926
0,7,65484,0,51946
0,7,65484,0,51965
0,7,65484,0,51985
0,7,65485,0,52005
0,7,65485,0,52025
0,7,65485,0,52044
0,7,65485,0,52064
0,6,65485,0,52084
0,6,65485,0,52104
0,6,65485,0,52123
0,7,65484,0,52144
0,7,65484,0,52163
0,7,65484,0,52183
0,7,65484,0,52203
0,7,65485,0,52222
0,7,65485,0,52242
0,7,65485,0,52261
0,7,65484,0,52282
0,7,65484,0,52301
0,7,65484,0,52321
0,7,65484,0,52341
0,7,65484,0,52361
0,7,65484,0,52380
0,7,65484,0,52400
0,7,65484,0,52420
0,7,65484,0,52440
0,7,65484,0,52459
0,7,65484,0,52480
0,7,65484,0,52499
0,7,65484,0,52518
0,7,65484,0,52539
0,7,65485,0,52558
0,7,65485,0,52578
0,7,65485,0,52597
0,7,65484,0,52618
0,7,65484,0,52637
0,7,65484,0,52657
0,7,65484,0,52677
0,7,65485,0,52697
0,7,65485,0,52716
0,7,65485,0,52737
0,7,65484,0,52756
0,7,65484,0,52775
0,7,65484,0,52795
0,7,65484,0,52815
0,7,65485,0,52835
0,7,65485,0,52854
0,7,65485,0,52875
0,7,65485,0,52894
0,7,65485,0,52914
0,7,65485,0,52933
0,7,65485,0,52954
0,7,65485,0,52973
0,7,65485,0,52993
0,7,65485,0,53013
0,7,65484,0,53032
0,7,65484,0,53052
0,7,65484,0,53072
0,7,65485,0,53092
0,7,65485,0,53111
0,7,65485,0,53131
0,7,65485,0,53151
0,7,65484,0,53171
0,7,65484,0,53190
0,7,65484,0,53211
0,7,65484,0,53230
0,7,65484,0,53250
0,7,65484,0,53270
0,7,65484,0,53289
0,7,65485,0,53309
0,7,65485,0,53328
0,7,65485,0,53349
0,7,65485,0,53368
0,7,65485,0,53388
0,7,65485,0,53408
0,7,65485,0,53428
0,7,65484,0,53447
0,7,65484,0,53468