65513,65507,65488,0,5371
65513,65507,65488,0,5398
65513,65507,65488,0,5426
65513,65507,65488,0,5452
65513,65507,65488,0,5480
65514,65507,65488,0,5507
65514,65507,65488,0,5533
65514,65507,65488,0,5561
65513,65507,65488,0,5587
65513,65507,65488,0,5615
65514,65506,65488,0,5642
65514,65506,65488,0,5668
65514,65506,65488,0,5696
65514,65507,65488,0,5723
65514,65507,65488,0,5750
65513,65507,65488,0,5777
65513,65507,65488,0,5804
65513,65507,65488,0,5831
65513,65507,65488,0,5858
65513,65507,65488,0,5885
65514,65507,65488,0,5912
65514,65507,65488,0,5939
65514,65507,65488,0,5966
65514,65507,65488,0,5993
65514,65507,65488,0,6021
65514,65507,65488,0,6047
65514,65507,65488,0,6074
65514,65507,65488,0,6102
65514,65506,65488,0,6128
65514,65506,65488,0,6156
65514,65507,65488,0,6182
65514,65507,65488,0,6210
65514,65507,65488,0,6237
65514,65507,65488,0,6263
65514,65507,65488,0,6291
65514,65506,65488,0,6318
65514,65506,65488,0,6345
65514,65506,65488,0,6372
65514,65507,65488,0,6398
65514,65507,65488,0,6426
65513,65506,65488,0,6453
65513,65506,65488,0,6480
65513,65506,65488,0,6507
65513,65507,65488,0,6534
65513,65507,65488,0,6561
65513,65507,65488,0,6588
65514,65507,65489,0,6616
65514,65507,65489,0,6642
65513,65507,65488,0,6669
65513,65507,65488,0,6696
65513,65507,65488,0,6723
65514,65507,65488,0,6751
65514,65507,65488,0,6777
65514,65506,65488,0,6804
65514,65506,65488,0,6832
65514,65506,65488,0,6858
65514,65507,65488,0,6886
65514,65507,65488,0,6913
65513,65507,65488,0,6939
65513,65507,65488,0,6967
65513,65507,65488,0,6993
65513,65507,65488,0,7021
65513,65507,65488,0,7048
65513,65507,65488,0,7075
65513,65507,65488,0,7102
65513,65507,65488,0,7129
65514,65507,65488,0,7156
65514,65507,65488,0,7183
65514,65507,65488,0,7211
65514,65507,65488,0,7237
65514,65507,65488,0,7264
65514,65507,65488,0,7291
65514,65507,65488,0,7318
65514,65507,65488,0,7346
65514,65507,65488,0,7372
65514,65507,65488,0,7399
65514,65507,65488,0,7427
65514,65507,65488,0,7453
65513,65507,65488,0,7481
65513,65507,65488,0,7507
65513,65507,65488,0,7534
65513,65507,65488,0,7562
65513,65507,65488,0,7588
65514,65507,65488,0,7616
65514,65507,65488,0,7643
65514,65507,65488,0,7669
65513,65507,65488,0,7697
65513,65507,65488,0,7724
65513,65507,65488,0,7751
65513,65507,65488,0,7778
65513,65507,65488,0,7804
65514,65507,65488,0,7832
65514,65507,65488,0,7859
65514,65507,65488,0,7886
65514,65507,65488,0,7913
65514,65507,65488,0,7941
65513,65507,65488,0,7967
65513,65507,65488,0,7994
65514,65507,65488,0,8022
65514,65507,65488,0,8048
65514,65507,65488,0,8076
65514,65507,65488,0,8102
65514,65507,65488,0,8129
65514,65507,65488,0,8157
65514,65507,65488,0,8183
65514,65507,65488,0,8211
65513,65507,65488,0,8238
65513,65507,65488,0,8264
65513,65507,65488,0,8292
65513,65507,65488,0,8318
65513,65507,65488,0,8346
65514,65507,65488,0,8373
65514,65507,65488,0,8399
65514,65507,65488,0,8427
65513,65507,65488,0,8454
65513,65507,65488,0,8481
65514,65506,65488,0,8508
65514,65506,65488,0,8535
65514,65506,65488,0,8562
65514,65507,65488,0,8589
65514,65507,65488,0,8616
65513,65507,65488,0,8643
65513,65507,65488,0,8670
65513,65507,65488,0,8697
65514,65507,65488,0,8724
65514,65507,65488,0,8752
65514,65506,65488,0,8778
65514,65506,65488,0,8806
65514,65506,65488,0,8833
65514,65506,65488,0,8859
65514,65506,65488,0,8887
65514,65507,65488,0,8913
65514,65507,65488,0,8941
65514,65507,65488,0,8968
65514,65507,65488,0,8994
65514,65507,65488,0,9022
65514,65506,65488,0,9049
65514,65506,65488,0,9076
65514,65506,65488,0,9103
65514,65507,65488,0,9129
65514,65507,65488,0,9157
65513,65507,65488,0,9184
65513,65507,65488,0,9211
65513,65507,65488,0,9238
65514,65507,65488,0,9265
65514,65507,65488,0,9292
65513,65507,65488,0,9319
65513,65507,65488,0,9347
65513,65507,65488,0,9373
65514,65507,65488,0,9400
65514,65507,65488,0,9427
65514,65507,65488,0,9454
65514,65507,65488,0,9482
65514,65507,65488,0,9508
65514,65507,65488,0,9535
65514,65507,65488,0,9563
65513,65506,65488,0,9589
65513,65506,65488,0,9617
65513,65506,65488,0,9644
65513,65506,65488,0,9671
65513,65506,65488,0,9698
65514,65507,65488,0,9724
65514,65507,65488,0,9752
65514,65507,65488,0,9779
65513,65507,65488,0,9806
65513,65507,65488,0,9833
65513,65507,65488,0,9860
65513,65507,65488,0,9887
65513,65507,65488,0,9914
65513,65507,65488,0,9942
65513,65507,65488,0,9968
65513,65507,65488,0,9995
65514,65507,65488,0,10022
65514,65507,65488,0,10050
65514,65507,65488,0,10079
65514,65507,65488,0,10106
65514,65507,65488,0,10134
65514,65507,65488,0,10163
65514,65507,65488,0,10190
65513,65506,65488,0,10219
65513,65506,65488,0,10247
65513,65507,65488,0,10275
65513,65507,65488,0,10303
65513,65507,65488,0,10331
65513,65507,65488,0,10359
65513,65507,65488,0,10387
65513,65507,65488,0,10416
65513,65507,65488,0,10443
65513,65507,65488,0,10472
65513,65507,65488,0,10500
65513,65507,65488,0,10527
65513,65507,65488,0,10556
65513,65507,65488,0,10584
65513,65507,65488,0,10612
65513,65507,65488,0,10640
65513,65507,65488,0,10669
65513,65507,65488,0,10696
65513,65507,65488,0,10724
65514,65507,65488,0,10753
65514,65507,65488,0,10780
65514,65507,65488,0,10809
65514,65507,65488,0,10836
65514,65507,65488,0,10864
65514,65507,65488,0,10893
65514,65507,65488,0,10920
65514,65507,65488,0,10949
65514,65507,65488,0,10977
65514,65507,65488,0,11005
65513,65507,65488,0,11033
65513,65507,65488,0,11061
65514,65507,65488,0,11089
65514,65507,65488,0,11117
65514,65507,65488,0,11146
65514,65507,65488,0,11173
65514,65507,65488,0,11202
65513,65507,65488,0,11230
65513,65507,65488,0,11257
65513,65507,65488,0,11286
65514,65507,65488,0,11314
65514,65507,65488,0,11342
65514,65507,65488,0,11370
65514,65507,65488,0,11398
65514,65507,65488,0,11426
65513,65507,65488,0,11454
65513,65507,65488,0,11483
65513,65507,65488,0,11510
65513,65507,65488,0,11539
65513,65507,65488,0,11567
65513,65507,65488,0,11594
65513,65507,65488,0,11623
65514,65507,65488,0,11651
65514,65507,65488,0,11679
65513,65507,65488,0,11707
65513,65507,65488,0,11736
65513,65507,65488,0,11763
65514,65506,65488,0,11791
65514,65506,65488,0,11820
65514,65507,65488,0,11847
65514,65507,65488,0,11876
65514,65507,65488,0,11904
65514,65507,65488,0,11931
65514,65507,65488,0,11960
65514,65507,65488,0,11987
65514,65507,65488,0,12016
65513,65507,65488,0,12044
65513,65507,65488,0,12072
65513,65507,65488,0,12100
65513,65507,65488,0,12128
65513,65507,65488,0,12156
65513,65507,65488,0,12184
65513,65507,65488,0,12213
65513,65507,65488,0,12240
65514,65507,65488,0,12269
65514,65507,65488,0,12297
65513,65507,65488,0,12324
65513,65507,65488,0,12353
65513,65507,65488,0,12381
65514,65507,65488,0,12409
65514,65507,65488,0,12437
65513,65507,65488,0,12466
65513,65507,65488,0,12493
65514,65507,65488,0,12521
65514,65507,65488,0,12550
65514,65507,65488,0,12577
65514,65507,65488,0,12606
65514,65507,65488,0,12634
65514,65507,65488,0,12661
65514,65507,65488,0,12690
65514,65507,65488,0,12718
65514,65507,65488,0,12746
65514,65507,65488,0,12774
65514,65507,65488,0,12803
65514,65507,65488,0,12830
65514,65507,65488,0,12858
65513,65507,65488,0,12887
65513,65507,65488,0,12914
65514,65507,65488,0,12943
65514,65507,65488,0,12971
65513,65507,65488,0,12999
65513,65507,65488,0,13027
65513,65507,65488,0,13054
65514,65507,65488,0,13083
65514,65507,65488,0,13111
65513,65507,65488,0,13139
65513,65507,65488,0,13167
65513,65507,65488,0,13195
65514,65507,65488,0,13223
65514,65507,65488,0,13251
65514,65507,65488,0,13280
65514,65507,65488,0,13307
65514,65507,65488,0,13336
65514,65507,65488,0,13364
65514,65507,65488,0,13391
65514,65507,65488,0,13420
65514,65507,65488,0,13448
65514,65507,65488,0,13476
65514,65507,65488,0,13504
65514,65507,65488,0,13533
65514,65507,65488,0,13560
65514,65507,65488,0,13588
65514,65507,65488,0,13617
65514,65507,65488,0,13644
65514,65507,65488,0,13673
65514,65507,65488,0,13701
65514,65507,65488,0,13728
65513,65506,65488,0,13757
65513,65506,65488,0,13785
65513,65506,65488,0,13813
65513,65506,65488,0,13841
65513,65506,65488,0,13870
65513,65507,65488,0,13897
65513,65507,65488,0,13925
65513,65507,65488,0,13954
65513,65507,65488,0,13981
65513,65507,65488,0,14010
65514,65507,65488,0,14038
65514,65507,65488,0,14066
65513,65507,65488,0,14094
65513,65507,65488,0,14121
65513,65507,65488,0,14150
65514,65507,65488,0,14178
65514,65507,65488,0,14206
65514,65507,65488,0,14234
65514,65507,65488,0,14263
65514,65507,65488,0,14290
65513,65507,65488,0,14318
65513,65507,65488,0,14347
65514,65507,65488,0,14374
65514,65507,65488,0,14403
65514,65506,65488,0,14431
65514,65506,65488,0,14458
65514,65506,65488,0,14487
65514,65507,65488,0,14515
65514,65507,65488,0,14543
65513,65507,65488,0,14571
65513,65507,65488,0,14600
65513,65507,65488,0,14627
65514,65507,65488,0,14655
65514,65507,65488,0,14684
65514,65507,65488,0,14711
65514,65507,65488,0,14740
65513,65507,65488,0,14768
65513,65507,65488,0,14796
65513,65507,65488,0,14824
65514,65507,65488,0,14852
65514,65507,65488,0,14880
65513,65507,65488,0,14908
65513,65507,65488,0,14937
65513,65507,65488,0,14964
65514,65507,65488,0,14992
65514,65507,65488,0,15021
65513,65507,65488,0,15048
65513,65507,65488,0,15077
65513,65507,65488,0,15105
65513,65507,65488,0,15133
65513,65507,65488,0,15161
65514,65507,65488,0,15188
65514,65507,65488,0,15217
65513,65507,65488,0,15245
65513,65507,65488,0,15273
65513,65507,65488,0,15301
65513,65507,65488,0,15330
65513,65507,65488,0,15357
65513,65507,65488,0,15385
65513,65507,65488,0,15414
65513,65507,65488,0,15441
65514,65507,65488,0,15470
65514,65507,65488,0,15498
65514,65507,65488,0,15525
65514,65507,65488,0,15554
65514,65507,65488,0,15582
65514,65507,65488,0,15610
65514,65507,65488,0,15638
65514,65507,65488,0,15667
65514,65507,65488,0,15694
65514,65507,65488,0,15722
65514,65507,65488,0,15751
65514,65507,65488,0,15778
65513,65507,65488,0,15807
65513,65507,65488,0,15835
65513,65506,65488,0,15863
65513,65506,65488,0,15891
65513,65506,65488,0,15919
65514,65507,65488,0,15947
65514,65507,65488,0,15975
65514,65507,65488,0,16004
65514,65507,65488,0,16031
65514,65507,65488,0,16060
65514,65507,65488,0,16088
65514,65507,65488,0,16115
65514,65506,65488,0,16144
65514,65506,65488,0,16172
65513,65507,65488,0,16200
65513,65507,65488,0,16228
65513,65507,65488,0,16256
65514,65507,65488,0,16284
65514,65507,65488,0,16312
65514,65507,65488,0,16340
65514,65507,65488,0,16368
65514,65507,65488,0,16397
65514,65507,65488,0,16424
65514,65507,65488,0,16452
65514,65507,65488,0,16481
65514,65507,65488,0,16508
65514,65507,65488,0,16537
65513,65507,65488,0,16565
65513,65507,65488,0,16593
65514,65507,65488,0,16621
65514,65507,65488,0,16649
65514,65507,65488,0,16677
65514,65507,65488,0,16705
65514,65507,65488,0,16734
65514,65507,65488,0,16761
65514,65507,65488,0,16789
65514,65507,65488,0,16818
65514,65507,65488,0,16845
65514,65507,65488,0,16874
65514,65507,65488,0,16902
65514,65507,65488,0,16930
65513,65507,65488,0,16958
65513,65507,65488,0,16986
65513,65507,65488,0,17014
65513,65507,65488,0,17042
65513,65507,65488,0,17071
65514,65507,65488,0,17098
65514,65507,65488,0,17127
65514,65507,65488,0,17155
65514,65507,65488,0,17182
65514,65507,65488,0,17211
65514,65507,65488,0,17239
65514,65507,65488,0,17267
65513,65507,65488,0,17295
65513,65507,65488,0,17323
65513,65507,65488,0,17351
65513,65507,65488,0,17379
65513,65507,65488,0,17408
65514,65507,65488,0,17435
65514,65507,65488,0,17464
65514,65507,65488,0,17491
65514,65507,65488,0,17519
65514,65507,65488,0,17548
65513,65507,65488,0,17575
65513,65507,65488,0,17604
65513,65507,65488,0,17632
65513,65507,65488,0,17660
65513,65507,65488,0,17688
65514,65507,65488,0,17716
65514,65507,65488,0,17744
65514,65507,65488,0,17772
65514,65507,65488,0,17801
65514,65507,65488,0,17828
65513,65507,65488,0,17857
65513,65507,65488,0,17885
65513,65507,65488,0,17912
65513,65507,65488,0,17941
65513,65507,65488,0,17969
65514,65507,65488,0,17997
65514,65507,65488,0,18025
65513,65507,65488,0,18053
65513,65507,65488,0,18081
65514,65506,65488,0,18109
65514,65506,65488,0,18138
65514,65506,65488,0,18165
65513,65507,65489,0,18194
65513,65507,65489,0,18222
65514,65507,65488,0,18249
65514,65507,65488,0,18278
65514,65507,65488,0,18306
65514,65507,65488,0,18334
65514,65507,65488,0,18362
65513,65507,65488,0,18391
65513,65507,65488,0,18418
65513,65507,65488,0,18446
65513,65507,65488,0,18475
65513,65507,65488,0,18502
65513,65507,65488,0,18531
65513,65507,65488,0,18558
65513,65507,65488,0,18586
65513,65507,65488,0,18615
65513,65507,65488,0,18642
65514,65507,65488,0,18671
65514,65507,65488,0,18699
65513,65507,65488,0,18727
65513,65507,65488,0,18755
65513,65507,65488,0,18783
65514,65507,65488,0,18811
65514,65507,65488,0,18839
65514,65507,65488,0,18868
65514,65507,65488,0,18895
65514,65507,65488,0,18924
65514,65506,65488,0,18952
65514,65506,65488,0,18979
65513,65507,65488,0,19008
65513,65507,65488,0,19036
65514,65507,65488,0,19064
65514,65507,65488,0,19092
65514,65507,65488,0,19120
65513,65507,65488,0,19148
65513,65507,65488,0,19176
65514,65507,65488,0,19205
65514,65507,65488,0,19232
65514,65507,65488,0,19261
65514,65507,65488,0,19289
65514,65507,65488,0,19316
65514,65507,65488,0,19345
65514,65507,65488,0,19373
65514,65507,65488,0,19401
65514,65507,65488,0,19429
65514,65507,65488,0,19458
65514,65507,65488,0,19485
65514,65507,65488,0,19513
65514,65507,65488,0,19542
65514,65507,65488,0,19569
65514,65507,65488,0,19598
65514,65507,65488,0,19625
65514,65507,65488,0,19654
65514,65507,65488,0,19682
65514,65507,65488,0,19709
65514,65507,65488,0,19738
65513,65507,65488,0,19766
65513,65507,65488,0,19794
65514,65507,65488,0,19822
65514,65507,65488,0,19850
65514,65507,65488,0,19878
65513,65507,65488,0,19906
65513,65507,65488,0,19935
65514,65507,65488,0,19962
65514,65507,65488,0,19991
65514,65507,65488,0,20019
65514,65507,65488,0,20046
65514,65507,65488,0,20075
65513,65507,65488,0,20103
65513,65507,65488,0,20131
65513,65507,65488,0,20159
65513,65507,65488,0,20188
65513,65507,65488,0,20215
65513,65507,65488,0,20243
65513,65507,65488,0,20272
65514,65507,65488,0,20299
65514,65507,65488,0,20328
65514,65507,65488,0,20356
65514,65507,65488,0,20383
65514,65507,65488,0,20412
65513,65507,65488,0,20440
65513,65507,65488,0,20468
65514,65507,65488,0,20496
65514,65507,65488,0,20525
65514,65507,65488,0,20552
65514,65507,65488,0,20580
65514,65507,65488,0,20609
65513,65507,65488,0,20636
65513,65507,65488,0,20665
65513,65507,65488,0,20692
65513,65507,65488,0,20721
65513,65507,65488,0,20749
65514,65507,65488,0,20776
65514,65507,65488,0,20805
65514,65507,65488,0,20833
65513,65507,65488,0,20861
65513,65507,65488,0,20889
65514,65507,65488,0,20917
65514,65507,65488,0,20945
65513,65507,65488,0,20973
65513,65507,65488,0,21002
65513,65507,65488,0,21029
65514,65507,65488,0,21058
65514,65507,65488,0,21086
65514,65507,65488,0,21113
65514,65507,65488,0,21142
65514,65507,65488,0,21170
65514,65507,65488,0,21198
65514,65507,65488,0,21226
65513,65507,65488,0,21255
65513,65507,65488,0,21282
65513,65507,65488,0,21310
65513,65507,65488,0,21339
65513,65507,65488,0,21366
65514,65507,65488,0,21395
65514,65507,65488,0,21423
65513,65507,65488,0,21451
65513,65507,65488,0,21479
65513,65507,65488,0,21507
65514,65507,65488,0,21535
65514,65507,65488,0,21563
65513,65507,65488,0,21592
65513,65507,65488,0,21619
65513,65507,65488,0,21647
65514,65507,65488,0,21676
65514,65507,65488,0,21703
65513,65506,65488,0,21732
65513,65506,65488,0,21760
65513,65507,65488,0,21788
65513,65507,65488,0,21816
65513,65507,65488,0,21843
65514,65507,65488,0,21872
65514,65507,65488,0,21900
65513,65507,65488,0,21928
65513,65507,65488,0,21956
65513,65507,65488,0,21985
65514,65507,65488,0,22012
65514,65507,65488,0,22040
65513,65507,65488,0,22069
65513,65507,65488,0,22096
65513,65507,65488,0,22125
65514,65507,65488,0,22153
65514,65507,65488,0,22180
65513,65507,65488,0,22209
65513,65507,65488,0,22237
65513,65507,65488,0,22265
65513,65507,65488,0,22293
65513,65507,65488,0,22322
65514,65507,65488,0,22349
65514,65507,65488,0,22377
65513,65507,65488,0,22406
65513,65507,65488,0,22433
65513,65507,65488,0,22462
65514,65507,65488,0,22490
65514,65507,65488,0,22518
65514,65507,65488,0,22546
65514,65507,65488,0,22574
65514,65507,65488,0,22602
65514,65507,65488,0,22630
65514,65507,65488,0,22659
65513,65507,65488,0,22686
65513,65507,65488,0,22714
65514,65507,65488,0,22743
65514,65507,65488,0,22770
65514,65507,65488,0,22799
65514,65507,65488,0,22827
65514,65507,65488,0,22855
65514,65507,65488,0,22883
65514,65507,65488,0,22910
65514,65507,65488,0,22939
65514,65507,65488,0,22967
65514,65507,65488,0,22995
65514,65507,65488,0,23023
65514,65507,65488,0,23052
65514,65507,65488,0,23079