20,0,65484,0,28591
20,0,65484,0,28611
20,0,65485,0,28632
20,0,65485,0,28652
20,0,65485,0,28674
20,1,65485,0,28694
20,1,65485,0,28715
20,1,65485,0,28736
20,0,65485,0,28756
20,0,65485,0,28777
20,0,65485,0,28798
20,0,65485,0,28819
20,0,65485,0,28839
20,0,65485,0,28861
20,0,65485,0,28881
20,0,65485,0,28902
20,0,65485,0,28923
20,0,65485,0,28944
20,0,65485,0,28964
20,0,65485,0,28985
20,0,65485,0,29006
20,0,65485,0,29027
20,0,65485,0,29047
20,0,65485,0,29069
20,0,65485,0,29089
20,0,65485,0,29110
20,0,65485,0,29131
20,0,65485,0,29152
20,0,65485,0,29172
20,0,65485,0,29194
20,0,65485,0,29214
20,0,65485,0,29235
20,0,65485,0,29256
20,0,65485,0,29277
20,0,65484,0,29297
20,0,65484,0,29318
20,0,65484,0,29339
20,0,65484,0,29360
20,0,65485,0,29380
20,0,65485,0,29402
20,0,65485,0,29422
20,1,65485,0,29443
20,1,65485,0,29464
20,1,65485,0,29485
20,1,65485,0,29505
20,1,65485,0,29527
20,1,65485,0,29547
20,0,65485,0,29568
20,0,65485,0,29589
20,0,65485,0,29609
20,0,65485,0,29630
20,0,65485,0,29650
20,0,65485,0,29672
20,0,65485,0,29692
20,1,65485,0,29713
20,1,65485,0,29734
20,1,65485,0,29755
20,0,65485,0,29775
20,0,65485,0,29797
20,0,65485,0,29817
20,0,65485,0,29838
20,0,65485,0,29859
20,0,65485,0,29880
20,0,65485,0,29900
20,1,65485,0,29922
20,1,65485,0,29942
20,1,65485,0,29963
20,0,65485,0,29983
20,0,65485,0,30005
20,0,65485,0,30025
20,0,65485,0,30046
20,0,65485,0,30067
20,0,65485,0,30088
20,0,65485,0,30108
20,0,65485,0,30130
20,0,65485,0,30150
20,0,65485,0,30171
20,0,65485,0,30192
20,0,65485,0,30213
20,0,65485,0,30233
20,0,65485,0,30255
20,0,65485,0,30275
20,0,65485,0,30296
20,0,65485,0,30316
20,0,65485,0,30338
20,0,65485,0,30358
20,0,65485,0,30379
20,0,65485,0,30400
20,0,65485,0,30420
20,0,65485,0,30441
20,0,65485,0,30462
20,0,65485,0,30483
20,0,65485,0,30503
20,0,65485,0,30525
20,0,65485,0,30545
20,0,65485,0,30566
20,0,65485,0,30587
20,1,65485,0,30608
20,1,65485,0,30628
20,1,65485,0,30649
20,0,65485,0,30670
20,0,65485,0,30691
20,0,65485,0,30711
20,1,65485,0,30733
20,1,65485,0,30753
20,1,65485,0,30774
20,0,65485,0,30795
20,0,65485,0,30816
20,0,65485,0,30836
20,0,65485,0,30858
20,0,65485,0,30878
20,0,65485,0,30899
20,0,65485,0,30920
20,1,65485,0,30941
20,1,65485,0,30961
20,1,65485,0,30982
20,0,65484,0,31003
20,0,65484,0,31024
20,0,65484,0,31044
20,0,65485,0,31066
20,0,65485,0,31086
20,0,65485,0,31107
20,0,65485,0,31128
20,0,65485,0,31149
20,0,65485,0,31169
20,0,65485,0,31191
20,0,65485,0,31211
20,0,65485,0,31232
20,0,65485,0,31253
20,0,65485,0,31273
20,0,65485,0,31294
20,0,65485,0,31314
20,0,65485,0,31336
20,0,65484,0,31356
20,0,65484,0,31377
20,0,65484,0,31398
20,0,65485,0,31419
20,0,65485,0,31439
20,0,65485,0,31461
20,0,65485,0,31481
20,0,65485,0,31502
20,0,65485,0,31523
20,0,65485,0,31544
20,0,65485,0,31564
20,0,65485,0,31586
20,0,65485,0,31606
20,0,65485,0,31627
20,0,65485,0,31647
20,0,65485,0,31669
20,1,65485,0,31689
20,1,65485,0,31710
20,1,65485,0,31731
20,0,65485,0,31752
20,0,65485,0,31772
20,0,65485,0,31794
20,0,65485,0,31814
20,0,65485,0,31835
20,0,65485,0,31856
20,0,65485,0,31877
20,0,65485,0,31897
20,0,65485,0,31919
20,0,65485,0,31939
20,1,65484,0,31960
20,1,65484,0,31980
20,1,65484,0,32002
20,0,65485,0,32022
20,0,65485,0,32043
20,0,65485,0,32064
20,0,65485,0,32084
20,0,65485,0,32105
20,0,65485,0,32126
20,0,65485,0,32147
20,0,65485,0,32167
20,0,65485,0,32189
20,0,65485,0,32209
20,0,65484,0,32230
20,0,65484,0,32251
20,0,65484,0,32272
20,0,65485,0,32292
20,0,65485,0,32313
20,0,65485,0,32334
20,0,65485,0,32355
20,0,65485,0,32375
20,0,65485,0,32397
20,0,65485,0,32417
20,0,65485,0,32438
20,0,65485,0,32459
20,0,65485,0,32480
20,0,65485,0,32500
20,0,65485,0,32522
20,0,65485,0,32542
20,0,65485,0,32563
20,0,65485,0,32584
20,0,65485,0,32605
20,0,65485,0,32625
20,1,65485,0,32646
20,1,65485,0,32667
20,1,65485,0,32688
20,1,65485,0,32708
20,1,65485,0,32730
20,1,65485,0,32750
20,0,65484,0,32771
20,0,65484,0,32792
20,0,65484,0,32813
20,0,65484,0,32833
20,0,65485,0,32855
20,0,65485,0,32875
20,0,65485,0,32896
20,0,65485,0,32917
20,0,65485,0,32937
20,0,65485,0,32958
20,0,65485,0,32978
20,0,65485,0,33000
20,0,65485,0,33020
19,0,65485,0,33041
19,0,65485,0,33062
19,0,65485,0,33083
19,0,65485,0,33103
20,0,65485,0,33125
20,0,65485,0,33145
20,0,65485,0,33166
20,0,65485,0,33187
20,0,65485,0,33208
20,0,65485,0,33228
20,0,65484,0,33250
20,0,65484,0,33270
20,0,65484,0,33291
20,0,65484,0,33311
20,1,65485,0,33333
20,1,65485,0,33353
20,1,65485,0,33374
20,0,65485,0,33395
20,0,65485,0,33416
20,0,65485,0,33436
20,0,65485,0,33458
20,0,65485,0,33478
20,0,65485,0,33499
20,0,65485,0,33520
20,0,65485,0,33541
20,0,65485,0,33561
20,0,65485,0,33583
20,0,65485,0,33603
20,0,65485,0,33624
20,0,65485,0,33644
20,1,65485,0,33666
20,1,65485,0,33686
20,1,65485,0,33707
20,1,65485,0,33728
20,1,65485,0,33748
20,1,65485,0,33769
20,1,65485,0,33790
20,0,65485,0,33811
20,0,65485,0,33831
20,0,65485,0,33853
20,0,65485,0,33873
20,0,65485,0,33894
20,0,65485,0,33915
20,0,65485,0,33936
20,0,65485,0,33956
20,0,65485,0,33977
20,0,65485,0,33998
20,0,65485,0,34019
20,0,65485,0,34039
20,0,65485,0,34061
20,0,65485,0,34081
20,0,65485,0,34102
20,0,65485,0,34123
20,0,65485,0,34144
20,0,65485,0,34164
20,0,65485,0,34186
20,1,65485,0,34206
20,1,65485,0,34227
20,1,65485,0,34248
20,0,65484,0,34269
20,0,65484,0,34289
20,0,65484,0,34310
20,0,65484,0,34331
20,0,65485,0,34352
20,0,65485,0,34372
20,0,65485,0,34394
20,1,65485,0,34414
20,1,65485,0,34435
20,1,65485,0,34456
20,0,65485,0,34477
20,0,65485,0,34497
20,0,65485,0,34519
20,0,65485,0,34539
20,0,65485,0,34560
20,0,65485,0,34581
20,0,65485,0,34601
20,0,65485,0,34622
20,0,65485,0,34642
20,0,65485,0,34664
20,1,65485,0,34684
20,1,65485,0,34705
20,1,65485,0,34726
20,0,65485,0,34747
20,0,65485,0,34767
20,0,65485,0,34789
20,0,65485,0,34809
20,0,65485,0,34830
20,0,65485,0,34851
20,0,65485,0,34872
20,0,65485,0,34892
20,0,65485,0,34914
20,0,65485,0,34934
20,0,65484,0,34955
20,0,65484,0,34975
20,0,65484,0,34997
20,0,65484,0,35017
20,0,65484,0,35038
20,0,65484,0,35059
20,0,65484,0,35080
20,1,65485,0,35100
20,1,65485,0,35122
20,1,65485,0,35142
20,0,65485,0,35163
20,0,65485,0,35184
20,0,65485,0,35205
20,0,65485,0,35225
20,0,65485,0,35247
20,0,65485,0,35267
20,0,65485,0,35288
20,0,65485,0,35308
20,0,65485,0,35330
20,0,65485,0,35350
20,0,65485,0,35371
20,0,65485,0,35392
20,0,65485,0,35412
20,0,65485,0,35433
20,0,65485,0,35454
20,0,65485,0,35475
20,1,65484,0,35495
20,1,65484,0,35517
20,1,65484,0,35537
20,1,65484,0,35558
20,0,65485,0,35579
20,0,65485,0,35600
20,0,65485,0,35620
20,1,65485,0,35641
20,1,65485,0,35662
20,1,65485,0,35683
20,0,65485,0,35703
20,0,65485,0,35725
20,0,65485,0,35745
20,0,65485,0,35766
20,1,65485,0,35787
20,1,65485,0,35808
20,1,65485,0,35828
20,0,65485,0,35850
20,0,65485,0,35870
20,0,65485,0,35891
20,0,65485,0,35912
20,0,65485,0,35933
20,0,65485,0,35953
20,0,65485,0,35974
20,0,65485,0,35995
20,0,65485,0,36016
20,0,65485,0,36036
20,1,65485,0,36058
20,1,65485,0,36078
20,1,65485,0,36099
20,0,65485,0,36120
20,0,65485,0,36141
20,0,65485,0,36161
20,0,65485,0,36183
20,0,65485,0,36203
20,0,65485,0,36224
20,0,65484,0,36245
20,0,65484,0,36265
20,0,65484,0,36286
20,0,65484,0,36306
20,0,65485,0,36328
20,0,65485,0,36348
20,0,65485,0,36369
19,0,65485,0,36390
19,0,65485,0,36411
19,0,65485,0,36431
20,1,65485,0,36453
20,1,65485,0,36473
20,1,65485,0,36494
20,1,65485,0,36515
20,0,65485,0,36536
20,0,65485,0,36556
20,0,65485,0,36578
20,0,65485,0,36598
20,0,65485,0,36619
20,0,65485,0,36639
20,0,65485,0,36661
20,0,65485,0,36681
20,0,65485,0,36702
20,1,65484,0,36723
20,1,65484,0,36744
20,1,65484,0,36764
20,1,65484,0,36786
20,0,65485,0,36806
20,0,65485,0,36827
20,0,65485,0,36848
20,0,65485,0,36869
20,0,65485,0,36889
20,0,65485,0,36911
20,0,65485,0,36931
20,0,65485,0,36952
20,0,65485,0,36972
20,0,65485,0,36994
20,0,65485,0,37014
20,0,65485,0,37035
20,0,65485,0,37056
20,1,65484,0,37076
20,1,65484,0,37097
20,1,65484,0,37118
20,0,65485,0,37139
20,0,65485,0,37159
20,0,65485,0,37181
20,0,65484,0,37201
20,0,65484,0,37222
20,0,65484,0,37243
20,0,65484,0,37264
20,0,65485,0,37284
20,0,65485,0,37305
20,0,65485,0,37326
20,0,65485,0,37347
20,0,65485,0,37367
20,0,65485,0,37389
20,1,65485,0,37409
20,1,65485,0,37430
20,1,65485,0,37451
20,1,65485,0,37472
20,1,65485,0,37492
20,1,65485,0,37514
20,1,65485,0,37534
20,0,65485,0,37555
20,0,65485,0,37576
20,0,65485,0,37597
20,0,65485,0,37617
20,0,65485,0,37638
20,0,65485,0,37659
20,1,65485,0,37680
20,1,65485,0,37700
20,1,65485,0,37722
20,1,65485,0,37742
20,0,65485,0,37763
20,0,65485,0,37784
20,0,65485,0,37805
20,0,65485,0,37825
20,0,65485,0,37847
20,0,65485,0,37867
20,0,65485,0,37888
20,0,65485,0,37909
20,0,65485,0,37929
20,0,65485,0,37950
20,0,65485,0,37970
20,0,65485,0,37992
20,0,65485,0,38012
20,1,65485,0,38033
20,1,65485,0,38054
20,1,65485,0,38075
20,0,65485,0,38095
20,0,65485,0,38117
20,0,65485,0,38137
20,0,65485,0,38158
20,0,65485,0,38179
20,0,65485,0,38200
20,0,65485,0,38220
20,0,65485,0,38242
20,0,65485,0,38262
20,0,65485,0,38283
20,1,65485,0,38303
20,1,65485,0,38325
20,1,65485,0,38345
20,0,65485,0,38366
20,0,65485,0,38387
20,0,65485,0,38408
20,0,65485,0,38428
20,0,65485,0,38450
20,0,65485,0,38470
20,0,65485,0,38491
20,0,65485,0,38512
20,0,65485,0,38533
20,0,65485,0,38553
20,0,65485,0,38575
20,0,65485,0,38595
20,0,65485,0,38616
20,0,65485,0,38636
20,0,65485,0,38658
20,0,65485,0,38678
20,0,65484,0,38699
20,0,65484,0,38720
20,0,65484,0,38740
20,0,65484,0,38761
20,0,65485,0,38782
20,0,65485,0,38803
20,0,65485,0,38823
20,0,65485,0,38845
20,0,65485,0,38865
20,0,65485,0,38886
20,0,65485,0,38907
20,0,65485,0,38928
20,0,65485,0,38948
20,0,65485,0,38969
20,0,65485,0,38990
20,0,65485,0,39011
20,0,65485,0,39031
20,1,65485,0,39053
20,1,65485,0,39073
20,1,65485,0,39094
20,1,65485,0,39115
20,1,65485,0,39136
20,1,65485,0,39156
20,1,65485,0,39178
20,1,65485,0,39198
20,1,65485,0,39219
20,1,65485,0,39240
20,0,65485,0,39261
20,0,65485,0,39281
20,0,65485,0,39302
20,0,65485,0,39323
20,0,65485,0,39344
20,0,65485,0,39364
20,1,65485,0,39386
20,1,65485,0,39406
20,1,65485,0,39427
20,0,65485,0,39448
20,0,65485,0,39469
20,0,65485,0,39489
20,0,65485,0,39511
20,1,65485,0,39531
20,1,65485,0,39552
20,1,65485,0,39573
20,0,65485,0,39593
20,0,65485,0,39614
20,0,65485,0,39634
20,0,65485,0,39656
20,0,65485,0,39676
20,0,65485,0,39697
20,0,65485,0,39718
20,1,65485,0,39739
20,1,65485,0,39759
20,1,65485,0,39781
20,0,65484,0,39801
20,0,65484,0,39822
20,0,65484,0,39843
20,1,65485,0,39864
20,1,65485,0,39884
20,1,65485,0,39906
20,0,65485,0,39926
20,0,65485,0,39947
20,0,65485,0,39967
20,0,65485,0,39989
20,1,65485,0,40009
20,1,65485,0,40030
20,1,65485,0,40051
20,1,65485,0,40072
20,1,65485,0,40092
20,1,65485,0,40114
20,0,65485,0,40134
20,0,65485,0,40155
20,0,65485,0,40176
20,0,65485,0,40197
20,0,65485,0,40217
20,0,65485,0,40239
20,0,65485,0,40259
20,0,65485,0,40280
20,0,65485,0,40300
20,0,65485,0,40322
20,0,65485,0,40342
20,0,65485,0,40363
20,0,65485,0,40384
20,1,65485,0,40404
20,1,65485,0,40425
20,1,65485,0,40446
20,1,65485,0,40467
20,0,65485,0,40487
20,0,65485,0,40509
20,0,65485,0,40529
20,0,65485,0,40550
20,0,65485,0,40571
20,0,65485,0,40592
20,0,65485,0,40612
20,0,65485,0,40633
20,0,65485,0,40654
20,0,65485,0,40675
20,0,65485,0,40695
20,0,65485,0,40717
20,0,65485,0,40737
20,1,65485,0,40758
20,1,65485,0,40779
20,1,65485,0,40800
20,0,65485,0,40820
20,0,65485,0,40842
20,0,65485,0,40862
20,0,65485,0,40883
20,0,65485,0,40904
20,0,65485,0,40925
20,0,65485,0,40945
20,1,65485,0,40966
20,1,65485,0,40987
20,1,65485,0,41008
20,1,65485,0,41028
20,1,65485,0,41050
20,1,65485,0,41070
20,0,65485,0,41091
20,0,65485,0,41112
20,0,65485,0,41133
20,1,65485,0,41153
20,1,65485,0,41175
20,1,65485,0,41195
20,1,65485,0,41216
20,0,65485,0,41237
20,0,65485,0,41257
20,0,65485,0,41278
20,0,65485,0,41298
20,0,65485,0,41320
20,0,65485,0,41340
20,1,65485,0,41361
20,1,65485,0,41382
20,1,65485,0,41403
20,1,65485,0,41423
20,0,65485,0,41445
20,0,65485,0,41465
20,0,65485,0,41486
20,1,65485,0,41507
20,1,65485,0,41528
20,1,65485,0,41548
20,1,65485,0,41570
20,1,65485,0,41590
20,1,65485,0,41611
20,1,65485,0,41631
20,1,65485,0,41653
20,1,65485,0,41673
20,1,65485,0,41694
20,0,65485,0,41715
20,0,65485,0,41736
20,0,65485,0,41756
20,0,65484,0,41778
20,0,65484,0,41798
20,0,65484,0,41819
20,0,65485,0,41840
20,0,65485,0,41861
20,0,65485,0,41881
20,0,65485,0,41903
20,0,65485,0,41923
20,0,65485,0,41944
20,0,65485,0,41964
20,0,65484,0,41986
20,0,65484,0,42006
20,0,65484,0,42027
20,0,65485,0,42048
20,0,65485,0,42068
20,0,65485,0,42089
20,1,65485,0,42110
20,1,65485,0,42131
20,1,65485,0,42151
20,1,65485,0,42173
20,1,65485,0,42193
20,1,65485,0,42214
20,1,65485,0,42235
20,1,65485,0,42256
20,1,65485,0,42276
20,1,65485,0,42297
20,0,65485,0,42318
20,0,65485,0,42339
20,0,65485,0,42359
20,0,65485,0,42381
20,0,65485,0,42401
20,0,65485,0,42422
20,0,65485,0,42443
20,0,65485,0,42464
20,0,65485,0,42484
20,0,65485,0,42506
20,0,65485,0,42526
20,0,65485,0,42547
20,0,65485,0,42568
20,0,65485,0,42589
20,0,65485,0,42609
20,0,65485,0,42630
20,0,65485,0,42651
20,0,65485,0,42672
20,0,65485,0,42692
20,0,65485,0,42714
20,0,65485,0,42734
20,0,65485,0,42755
20,0,65485,0,42776
19,0,65485,0,42797
19,0,65485,0,42817
19,0,65485,0,42839
20,1,65485,0,42859
20,1,65485,0,42880
20,1,65485,0,42901
20,1,65485,0,42921
20,0,65484,0,42942
20,0,65484,0,42962
20,0,65484,0,42984
20,1,65484,0,43004
20,1,65484,0,43025
20,1,65484,0,43046
20,0,65485,0,43067
20,0,65485,0,43087
20,0,65485,0,43109
20,0,65485,0,43129
20,0,65485,0,43150
20,0,65485,0,43171
20,0,65485,0,43192
20,0,65485,0,43212
20,0,65485,0,43234
20,0,65485,0,43254
20,0,65485,0,43275
20,0,65485,0,43295
20,0,65485,0,43317
20,1,65485,0,43337
20,1,65485,0,43358
20,1,65485,0,43379
20,1,65485,0,43400
20,0,65484,0,43420
20,0,65484,0,43442
20,0,65484,0,43462
20,1,65485,0,43483
20,1,65485,0,43504
20,1,65485,0,43525
20,0,65485,0,43545
20,0,65485,0,43567
20,0,65485,0,43587
20,0,65485,0,43608
20,0,65485,0,43628
20,0,65485,0,43650
20,0,65485,0,43670
20,0,65485,0,43691
20,0,65485,0,43712
20,0,65485,0,43732
20,1,65485,0,43753
20,1,65485,0,43774
20,1,65485,0,43795
20,0,65485,0,43815
20,0,65485,0,43837
20,0,65485,0,43857
20,0,65484,0,43878
20,0,65484,0,43899
20,0,65484,0,43920
20,0,65484,0,43940
20,1,65484,0,43961
20,1,65484,0,43982
20,1,65484,0,44003
20,1,65485,0,44023
20,1,65485,0,44045
20,1,65485,0,44065
20,0,65485,0,44086
20,0,65485,0,44107
20,0,65485,0,44128
20,0,65485,0,44148
20,1,65485,0,44170
20,1,65485,0,44190
20,1,65485,0,44211
20,0,65485,0,44232
20,0,65485,0,44253
20,0,65485,0,44273
20,0,65485,0,44294
20,0,65485,0,44315
20,0,65485,0,44336
20,0,65485,0,44356
20,0,65485,0,44378
20,0,65485,0,44398
20,0,65485,0,44419
20,0,65485,0,44440
20,0,65485,0,44461
20,0,65485,0,44481
20,1,65485,0,44503
20,1,65485,0,44523
20,1,65485,0,44544
20,0,65485,0,44565
20,0,65485,0,44585
20,0,65485,0,44606
20,0,65485,0,44626
20,1,65484,0,44648
20,1,65484,0,44668
20,1,65484,0,44689
20,1,65485,0,44710
20,1,65485,0,44731
20,1,65485,0,44751
20,1,65485,0,44773
20,1,65485,0,44793
20,1,65485,0,44814
20,1,65485,0,44835
20,1,65485,0,44856
20,1,65485,0,44876
20,1,65485,0,44898
20,0,65485,0,44918
20,0,65485,0,44939
20,0,65485,0,44959
20,1,65485,0,44981
20,1,65485,0,45001
20,1,65485,0,45022
20,0,65485,0,45043
20,0,65485,0,45064
20,0,65485,0,45084
20,0,65484,0,45106
20,0,65484,0,45126
20,0,65484,0,45147
20,0,65484,0,45168
20,0,65485,0,45189
20,0,65485,0,45209
20,0,65485,0,45231
20,0,65485,0,45251
20,0,65485,0,45272
20,0,65485,0,45292
20,1,65485,0,45314
20,1,65485,0,45334
20,1,65485,0,45355
20,1,65485,0,45376
20,0,65485,0,45396
20,0,65485,0,45417
20,0,65485,0,45438
20,0,65485,0,45459
20,0,65485,0,45479
20,0,65485,0,45501
20,1,65485,0,45521
20,1,65485,0,45542
20,1,65485,0,45563
20,0,65485,0,45584
20,0,65485,0,45604
20,0,65485,0,45625
20,0,65485,0,45646
20,1,65485,0,45667
20,1,65485,0,45687
20,1,65485,0,45709
20,0,65485,0,45729
20,0,65485,0,45750
20,0,65485,0,45771
20,1,65485,0,45792
20,1,65485,0,45812
20,1,65485,0,45834
20,1,65485,0,45854
20,0,65485,0,45875
20,0,65485,0,45896
20,0,65485,0,45917
20,0,65485,0,45937
20,0,65485,0,45958
20,0,65485,0,45979
20,1,65484,0,46000
20,1,65484,0,46020
20,1,65484,0,46042
20,0,65485,0,46062
20,0,65485,0,46083
20,0,65485,0,46104
20,0,65485,0,46125
20,0,65485,0,46145
20,0,65485,0,46167
20,0,65485,0,46187
20,1,65485,0,46208
20,1,65485,0,46229
20,1,65485,0,46249
20,1,65485,0,46270
20,1,65485,0,46290
20,1,65485,0,46312
20,1,65485,0,46332
20,1,65485,0,46353
20,1,65485,0,46374
20,1,65485,0,46395
20,1,65485,0,46415
20,1,65485,0,46437
20,1,65485,0,46457
20,0,65485,0,46478
20,0,65485,0,46499
20,0,65485,0,46520
20,1,65485,0,46540
20,1,65485,0,46562
20,1,65485,0,46582
20,1,65485,0,46603
20,0,65485,0,46623
20,0,65485,0,46645
20,0,65485,0,46665
20,0,65485,0,46686
20,0,65485,0,46707
20,0,65485,0,46728
20,0,65485,0,46748
20,0,65485,0,46770
20,0,65485,0,46790
20,0,65485,0,46811
20,0,65485,0,46832
20,0,65485,0,46853
20,0,65485,0,46873
20,0,65485,0,46895
20,0,65485,0,46915
20,0,65485,0,46936
20,1,65484,0,46956
20,1,65484,0,46978
20,1,65484,0,46998
20,0,65485,0,47019
20,0,65485,0,47040
20,0,65485,0,47060
20,0,65484,0,47081
20,0,65484,0,47102
20,0,65484,0,47123
20,0,65484,0,47143
20,1,65485,0,47165
20,1,65485,0,47185
20,1,65485,0,47206
20,1,65485,0,47227
20,1,65485,0,47248
20,1,65485,0,47268
20,0,65485,0,47289
20,0,65485,0,47310
20,0,65485,0,47331
20,0,65485,0,47351
20,0,65485,0,47373
20,0,65485,0,47393
20,0,65485,0,47414
20,0,65485,0,47435
20,0,65485,0,47456
20,0,65485,0,47476
20,1,65485,0,47498
20,1,65485,0,47518
20,1,65485,0,47539
20,1,65485,0,47560
20,1,65485,0,47581
20,1,65485,0,47601
20,1,65485,0,47622
20,1,65485,0,47643
20,1,65485,0,47664
20,1,65485,0,47684
20,0,65485,0,47706
20,0,65485,0,47726
20,0,65485,0,47747
20,0,65485,0,47768
20,0,65485,0,47789
20,0,65485,0,47809
20,0,65485,0,47831
20,1,65485,0,47851
20,1,65485,0,47872
20,1,65485,0,47893
20,0,65485,0,47913
20,0,65485,0,47934
20,0,65485,0,47954
20,0,65485,0,47976
20,0,65485,0,47996
20,0,65485,0,48017
20,1,65485,0,48038
20,1,65485,0,48059
20,1,65485,0,48079
20,1,65485,0,48101
20,1,65485,0,48121
20,1,65485,0,48142
20,1,65485,0,48163
20,0,65485,0,48184
20,0,65485,0,48204
20,0,65485,0,48226
20,0,65485,0,48246
20,0,65485,0,48267
20,0,65485,0,48287
20,0,65485,0,48309
20,0,65485,0,48329
20,0,65485,0,48350
20,0,65485,0,48371
20,0,65485,0,48392
20,0,65485,0,48412
20,0,65485,0,48434
20,0,65485,0,48454
20,0,65485,0,48475
20,0,65485,0,48496
20,0,65485,0,48517
20,0,65485,0,48537
20,0,65485,0,48559
20,0,65485,0,48579
20,0,65485,0,48600
20,0,65485,0,48620
20,0,65485,0,48642
20,0,65484,0,48662
20,0,65484,0,48683
20,0,65484,0,48704
20,1,65485,0,48724
20,1,65485,0,48745
20,1,65485,0,48766
20,1,65485,0,48787
20,1,65485,0,48807
20,1,65485,0,48829
20,1,65485,0,48849
20,1,65485,0,48870
20,1,65485,0,48891
20,1,65485,0,48912
20,0,65485,0,48932
20,0,65485,0,48953
20,0,65485,0,48974
20,1,65485,0,48995
20,1,65485,0,49015
20,1,65485,0,49037
20,1,65485,0,49057
20,0,65485,0,49078
20,0,65485,0,49099
20,0,65485,0,49120
20,0,65485,0,49140
20,0,65485,0,49162
20,0,65485,0,49182
20,0,65485,0,49203
20,0,65485,0,49224
20,0,65485,0,49245
20,0,65485,0,49265
20,0,65485,0,49286
20,0,65485,0,49307
20,0,65485,0,49328
20,0,65485,0,49348
20,0,65485,0,49370
20,0,65485,0,49390
20,0,65485,0,49411
20,0,65485,0,49432
20,0,65485,0,49453
20,0,65485,0,49473
20,0,65485,0,49495
20,0,65485,0,49515
20,0,65485,0,49536
20,0,65485,0,49557
20,0,65485,0,49577
20,0,65485,0,49598
20,0,65485,0,49618
20,0,65485,0,49640
20,0,65485,0,49660
20,0,65485,0,49681
20,0,65485,0,49702
20,0,65485,0,49723
20,0,65485,0,49743
20,0,65485,0,49765
20,0,65485,0,49785
20,0,65485,0,49806
20,0,65485,0,49827
20,0,65485,0,49848
20,0,65485,0,49868
20,0,65485,0,49890
20,0,65485,0,49910
20,0,65485,0,49931
20,0,65485,0,49951
20,0,65485,0,49973
20,0,65485,0,49993
20,0,65485,0,50014
20,0,65485,0,50035
20,0,65485,0,50056
20,0,65485,0,50076
20,0,65485,0,50098
20,0,65485,0,50118
20,0,65485,0,50139
20,0,65485,0,50160
20,0,65485,0,50181
20,0,65485,0,50201
20,0,65485,0,50223
20,0,65485,0,50243
20,0,65485,0,50264
20,0,65485,0,50284
20,0,65485,0,50306
20,0,65485,0,50326
20,0,65485,0,50347
20,0,65485,0,50368
20,0,65485,0,50388
20,0,65485,0,50409
20,0,65485,0,50430
20,0,65485,0,50451
20,0,65485,0,50471
20,1,65485,0,50493
20,1,65485,0,50513
20,1,65485,0,50534
20,1,65485,0,50555
20,1,65485,0,50576
20,1,65485,0,50596
20,1,65485,0,50617
20,0,65485,0,50638
20,0,65485,0,50659
20,0,65485,0,50679
20,0,65485,0,50701
20,0,65485,0,50721
20,0,65485,0,50742
20,0,65485,0,50763
20,0,65485,0,50784
20,0,65485,0,50804
20,0,65485,0,50826
20,0,65485,0,50846
20,0,65485,0,50867
20,0,65485,0,50888
20,0,65485,0,50909
20,0,65485,0,50929
20,0,65485,0,50950
20,0,65485,0,50971
20,0,65485,0,50992
20,0,65485,0,51012
20,0,65485,0,51034
20,0,65485,0,51054
20,0,65485,0,51075
20,0,65485,0,51096
20,1,65485,0,51117
20,1,65485,0,51137
20,1,65485,0,51159
20,0,65485,0,51179
20,0,65485,0,51200
20,0,65485,0,51221
20,0,65485,0,51241
20,0,65485,0,51262
20,0,65485,0,51282
20,0,65485,0,51304
20,0,65485,0,51324
20,0,65485,0,51345
20,0,65485,0,51366
20,1,65485,0,51387
20,1,65485,0,51407
20,1,65485,0,51429
20,1,65485,0,51449
20,1,65485,0,51470
20,1,65485,0,51491
20,0,65485,0,51512
20,0,65485,0,51532
20,0,65485,0,51554
20,0,65485,0,51574
20,1,65485,0,51595
20,1,65485,0,51615
20,1,65485,0,51637
20,0,65485,0,51657
20,0,65485,0,51678
20,0,65485,0,51699
20,0,65485,0,51720
20,0,65485,0,51740
20,0,65485,0,51762
20,0,65485,0,51782
20,1,65485,0,51803
20,1,65485,0,51824
20,1,65485,0,51845
20,0,65485,0,51865
20,0,65485,0,51887
20,0,65485,0,51907
20,1,65485,0,51928
20,1,65485,0,51948
20,1,65485,0,51970
20,1,65485,0,51990
20,1,65485,0,52011
20,1,65485,0,52032
20,1,65485,0,52052
20,1,65485,0,52073
20,1,65485,0,52094
20,1,65485,0,52115
20,1,65485,0,52135
20,1,65485,0,52157
20,1,65485,0,52177
20,0,65485,0,52198
20,0,65485,0,52219
20,0,65485,0,52240
20,0,65485,0,52260
20,0,65485,0,52281
20,0,65485,0,52302
20,0,65485,0,52323
20,1,65485,0,52343
20,1,65485,0,52365
20,1,65485,0,52385
20,1,65484,0,52406
20,1,65484,0,52427
20,1,65484,0,52448
20,1,65485,0,52468
20,1,65485,0,52490
20,1,65485,0,52510
20,1,65485,0,52531
20,1,65485,0,52552
20,1,65485,0,52573
20,1,65485,0,52593
20,0,65485,0,52614
20,0,65485,0,52635
20,0,65485,0,52656
20,0,65485,0,52676
20,0,65485,0,52698
20,0,65485,0,52718
20,1,65485,0,52739
20,1,65485,0,52760
20,1,65485,0,52781
20,1,65485,0,52801
20,1,65485,0,52823
20,1,65485,0,52843
20,1,65485,0,52864
20,1,65485,0,52885
20,1,65485,0,52905
20,1,65485,0,52926
20,1,65485,0,52946
20,1,65485,0,52968
20,1,65485,0,52988
20,1,65485,0,53009
19,1,65485,0,53030
19,1,65485,0,53051
19,1,65485,0,53071
20,1,65485,0,53093
20,1,65485,0,53113
20,1,65485,0,53134
19,1,65485,0,53155
19,1,65485,0,53176
19,1,65485,0,53196
19,1,65484,0,53218
19,1,65484,0,53238
19,1,65484,0,53259
19,1,65484,0,53279
19,1,65485,0,53301
19,1,65485,0,53321
19,1,65485,0,53342
20,1,65485,0,53363
20,1,65485,0,53384
20,1,65485,0,53404
19,1,65485,0,53426
19,1,65485,0,53446
19,1,65485,0,53467
20,1,65485,0,53488
20,1,65485,0,53509
20,1,65485,0,53529
20,1,65485,0,53551
20,1,65485,0,53571
20,1,65485,0,53592
20,1,65485,0,53612
19,1,65485,0,53634
19,1,65485,0,53654
19,1,65485,0,53675
19,1,65485,0,53696
19,1,65485,0,53716
19,1,65485,0,53737
19,1,65485,0,53758
19,1,65485,0,53779
19,1,65485,0,53799
19,1,65485,0,53821
19,1,65485,0,53841
19,1,65485,0,53862
19,1,65485,0,53883
19,2,65485,0,53904
19,2,65485,0,53924
19,2,65485,0,53945
19,1,65485,0,53966
19,1,65485,0,53987
19,1,65485,0,54007
19,1,65485,0,54029
19,1,65485,0,54049
19,1,65485,0,54070
19,1,65485,0,54091
19,2,65485,0,54112
19,2,65485,0,54132
19,2,65485,0,54154
19,1,65485,0,54174
19,1,65485,0,54195
19,1,65485,0,54216
19,1,65485,0,54237
19,2,65485,0,54257
19,2,65485,0,54278
19,2,65485,0,54299
19,2,65485,0,54320
19,2,65485,0,54340
19,2,65485,0,54362
19,2,65485,0,54382
19,2,65485,0,54403
19,2,65485,0,54424
19,2,65484,0,54445
19,2,65484,0,54465
19,2,65484,0,54487
19,2,65484,0,54507
19,2,65485,0,54528
19,2,65485,0,54549
19,2,65485,0,54569
19,2,65485,0,54590
19,2,65485,0,54610
19,2,65485,0,54632
18,2,65484,0,54652
18,2,65484,0,54673
18,2,65484,0,54694
18,2,65484,0,54715
18,2,65484,0,54735
18,2,65484,0,54757
18,2,65484,0,54777
18,2,65484,0,54798
18,2,65484,0,54819
18,2,65484,0,54840
18,3,65484,0,54860
18,3,65484,0,54882
18,3,65484,0,54902
18,3,65484,0,54923
18,3,65484,0,54943
18,3,65484,0,54965
18,3,65484,0,54985
18,3,65484,0,55006
18,3,65484,0,55027
18,3,65484,0,55048
18,3,65484,0,55068
18,3,65484,0,55090
18,3,65484,0,55110
18,3,65484,0,55131
18,3,65484,0,55152
18,3,65484,0,55173
18,4,65484,0,55193
18,4,65484,0,55215
18,4,65484,0,55235
18,4,65484,0,55256
17,4,65484,0,55276
17,4,65484,0,55298
17,4,65484,0,55318
17,4,65484,0,55339
17,4,65484,0,55360
17,4,65484,0,55380
17,4,65484,0,55401
17,4,65484,0,55422
17,4,65484,0,55443
17,4,65484,0,55463
17,4,65484,0,55485
17,4,65484,0,55505
17,4,65484,0,55526
17,4,65483,0,55547
17,4,65483,0,55568
17,4,65483,0,55588
17,4,65484,0,55609
17,4,65484,0,55630
17,4,65484,0,55651
16,5,65483,0,55671
16,5,65483,0,55693
16,5,65483,0,55713
16,5,65483,0,55734
16,5,65483,0,55755
16,5,65483,0,55776
16,5,65483,0,55796
16,5,65483,0,55818
16,5,65483,0,55838
16,5,65483,0,55859
16,5,65483,0,55880
16,5,65483,0,55901
16,5,65483,0,55921
16,5,65483,0,55942
16,5,65483,0,55963
16,5,65483,0,55984
16,5,65483,0,56004
15,6,65482,0,56026
15,6,65482,0,56046
15,6,65482,0,56067
15,6,65482,0,56088
15,6,65482,0,56109
15,6,65482,0,56129
15,6,65481,0,56151
15,6,65481,0,56171
15,6,65481,0,56192
15,6,65481,0,56213
15,6,65481,0,56233
15,6,65481,0,56254
15,6,65481,0,56274
14,7,65480,0,56296
14,7,65480,0,56316
14,7,65480,0,56337
14,7,65480,0,56358
14,7,65480,0,56379
14,7,65480,0,56399
14,7,65479,0,56421
14,7,65479,0,56441
14,7,65479,0,56462
14,7,65479,0,56483
14,8,65479,0,56504
14,8,65479,0,56524
14,8,65479,0,56546
13,8,65478,0,56566
13,8,65478,0,56587
13,8,65478,0,56607
13,8,65478,0,56629
13,8,65478,0,56649
13,8,65478,0,56670
13,8,65478,0,56691
13,8,65478,0,56712
13,8,65478,0,56732
13,8,65478,0,56754
12,9,65476,0,56774
12,9,65476,0,56795
12,9,65476,0,56816
12,8,65476,0,56837
12,8,65476,0,56857
12,8,65476,0,56879
12,9,65475,0,56899
12,9,65475,0,56920
12,9,65475,0,56940
12,9,65475,0,56962
12,8,65473,0,56982
12,8,65473,0,57003
12,8,65473,0,57024
12,8,65472,0,57044
12,8,65472,0,57065
12,8,65472,0,57086
12,8,65471,0,57107
12,8,65471,0,57127
12,8,65471,0,57149
13,8,65470,0,57169
13,8,65470,0,57190
13,8,65470,0,57211
13,8,65470,0,57232
13,7,65468,0,57252
13,7,65468,0,57273
13,7,65468,0,57294
14,7,65466,0,57315
14,7,65466,0,57335
14,7,65466,0,57357
14,6,65464,0,57377
14,6,65464,0,57398
14,6,65464,0,57419
14,6,65464,0,57440
15,4,65463,0,57460
15,4,65463,0,57482
15,4,65463,0,57502
17,2,65462,0,57523
17,2,65462,0,57544
17,2,65462,0,57565
18,0,65461,0,57585
18,0,65461,0,57606
18,0,65461,0,57627
20,65533,65461,0,57648
20,65533,65461,0,57672
20,65533,65461,0,57698
22,65530,65462,0,57722
22,65530,65462,0,57748
22,65530,65462,0,57773
24,65528,65464,0,57797
24,65528,65464,0,57823
24,65528,65464,0,57847
26,65527,65467,0,57872
26,65527,65467,0,57897
27,65527,65469,0,57922
27,65527,65469,0,57948
27,65527,65469,0,57972
27,65527,65472,0,57997
27,65527,65472,0,58022
27,65527,65472,0,58047
26,65527,65475,0,58072
26,65527,65475,0,58097
26,65527,65475,0,58122
25,65527,65478,0,58147
25,65527,65478,0,58172
23,65529,65480,0,58196
23,65529,65480,0,58222
23,65529,65480,0,58247
21,65531,65481,0,58271
21,65531,65481,0,58297
21,65531,65481,0,58321
18,65533,65480,0,58347
18,65533,65480,0,58372
15,65534,65476,0,58396
15,65534,65476,0,58422
15,65534,65476,0,58446
15,65531,65471,0,58471
15,65531,65471,0,58497
15,65531,65471,0,58521
17,65525,65470,0,58547
17,65525,65470,0,58571
17,65525,65470,0,58596
19,65519,65475,0,58621
19,65519,65475,0,58646
18,65517,65480,0,58671
18,65517,65480,0,58696
18,65517,65480,0,58721
16,65517,65486,0,58746
16,65517,65486,0,58771
16,65517,65486,0,58796
14,65519,65489,0,58821
14,65519,65489,0,58846
14,65519,65489,0,58870
14,65521,65491,0,58896
14,65521,65491,0,58920
14,65524,65492,0,58946
14,65524,65492,0,58971
14,65524,65492,0,58995
15,65528,65492,0,59021
15,65528,65492,0,59045
15,65528,65492,0,59070
17,65530,65492,0,59096
17,65530,65492,0,59120
19,65533,65491,0,59146
19,65533,65491,0,59170
19,65533,65491,0,59195
20,65535,65491,0,59220
20,65535,65491,0,59245
20,65535,65491,0,59270
22,0,65490,0,59295
22,0,65490,0,59316
22,0,65490,0,59336
23,2,65490,0,59358
23,2,65490,0,59378
23,2,65490,0,59399
23,3,65489,0,59420
23,3,65489,0,59441
23,3,65489,0,59461
23,3,65489,0,59483
23,3,65488,0,59503
23,3,65488,0,59524
23,3,65488,0,59545
24,3,65488,0,59566
24,3,65488,0,59586
24,3,65488,0,59608
24,3,65489,0,59628
24,3,65489,0,59649
24,3,65489,0,59669
24,4,65489,0,59691
25,4,65489,0,59711
25,4,65489,0,59731
25,4,65489,0,59753
27,4,65489,0,59773
27,4,65489,0,59794
27,4,65489,0,59815
28,5,65490,0,59836
28,5,65490,0,59856
28,5,65490,0,59878
28,7,65491,0,59898
28,7,65491,0,59919
28,7,65491,0,59940
28,7,65491,0,59961
28,8,65490,0,59981
28,8,65490,0,60002
28,8,65490,0,60023
29,9,65489,0,60044
29,9,65489,0,60064
29,9,65489,0,60086
28,11,65489,0,60106
28,11,65489,0,60128
28,11,65489,0,60150
27,11,65489,0,60172
27,11,65489,0,60193
27,11,65489,0,60216
25,12,65488,0,60237
25,12,65488,0,60259
25,12,65488,0,60281
25,12,65488,0,60303
24,12,65488,0,60324
24,12,65488,0,60347
24,12,65488,0,60368
23,11,65487,0,60390
23,11,65487,0,60412
23,11,65487,0,60434
21,10,65488,0,60455
21,10,65488,0,60478
21,10,65488,0,60499
19,8,65487,0,60521
19,8,65487,0,60542
19,8,65487,0,60563
17,6,65488,0,60583
17,6,65488,0,60605
17,6,65488,0,60625
14,5,65490,0,60646
14,5,65490,0,60666
14,5,65490,0,60688
14,5,65490,0,60708
12,4,65489,0,60729
12,4,65489,0,60750
12,4,65489,0,60771
11,4,65491,0,60791
11,4,65491,0,60813
11,4,65491,0,60833
9,4,65490,0,60854
9,4,65490,0,60874
9,4,65490,0,60894
9,4,65490,0,60913
7,3,65490,0,60933
7,3,65490,0,60953
7,3,65490,0,60973
6,3,65492,0,60992
6,3,65492,0,61012
6,3,65492,0,61032
6,3,65492,0,61051
4,4,65490,0,61072
4,4,65490,0,61091
4,4,65490,0,61111
3,6,65489,0,61130
3,6,65489,0,61151
3,6,65489,0,61170
0,10,65485,0,61190
0,10,65485,0,61211
0,10,65485,0,61232
0,10,65485,0,61252
0,15,65477,0,61274
0,15,65477,0,61294
0,15,65477,0,61315
4,15,65460,0,61336
4,15,65460,0,61357
4,15,65460,0,61377
11,12,65450,0,61398
11,12,65450,0,61420
11,12,65450,0,61442
19,4,65443,0,61463
19,4,65443,0,61485
19,4,65443,0,61505
19,4,65443,0,61526
23,65533,65441,0,61547
23,65533,65441,0,61572
23,65533,65441,0,61596
26,65526,65443,0,61622
26,65526,65443,0,61646
27,65522,65448,0,61672
27,65522,65448,0,61697
27,65522,65448,0,61721
27,65517,65451,0,61747
27,65517,65451,0,61771
27,65517,65451,0,61796
26,65514,65457,0,61821
26,65514,65457,0,61846
25,65513,65464,0,61872
25,65513,65464,0,61896
25,65513,65464,0,61921
23,65514,65471,0,61946
23,65514,65471,0,61971
23,65514,65471,0,61996
21,65514,65476,0,62021
21,65514,65476,0,62046
21,65514,65476,0,62071
19,65516,65478,0,62096
19,65516,65478,0,62120
18,65518,65480,0,62146
18,65518,65480,0,62171
18,65518,65480,0,62195
19,65518,65481,0,62221
19,65518,65481,0,62245
19,65518,65481,0,62271
19,65519,65483,0,62296
19,65519,65483,0,62320
19,65519,65483,0,62346
20,65520,65484,0,62370
20,65520,65484,0,62395
20,65520,65485,0,62420
20,65520,65485,0,62445
20,65520,65485,0,62471
20,65522,65486,0,62495
20,65522,65486,0,62520
20,65522,65486,0,62545
20,65523,65487,0,62570
20,65523,65487,0,62595
20,65523,65487,0,62620
20,65525,65488,0,62645
20,65525,65488,0,62670
20,65525,65488,0,62695
20,65525,65488,0,62720
20,65525,65488,0,62745
20,65527,65488,0,62770
20,65527,65488,0,62794
20,65527,65488,0,62820
20,65528,65489,0,62844
20,65528,65489,0,62870
20,65529,65489,0,62895
20,65529,65489,0,62919
20,65529,65489,0,62945
20,65530,65488,0,62969
20,65530,65488,0,62994
20,65530,65488,0,63020
20,65530,65488,0,63044
20,65530,65488,0,63070
20,65530,65488,0,63094
19,65531,65488,0,63119
19,65531,65488,0,63144
20,65532,65488,0,63169
20,65532,65488,0,63194
20,65532,65488,0,63219
19,65532,65488,0,63244
19,65532,65488,0,63269
19,65532,65488,0,63294
19,65532,65488,0,63319
19,65532,65488,0,63344
19,65532,65488,0,63369
19,65533,65487,0,63393
19,65533,65487,0,63419
19,65533,65487,0,63443
19,65533,65487,0,63469
19,65533,65487,0,63494
19,65534,65486,0,63518
19,65534,65486,0,63544
19,65534,65486,0,63568
20,65534,65486,0,63593
20,65534,65486,0,63619
19,65535,65486,0,63643
19,65535,65486,0,63669
19,65535,65486,0,63693
19,65535,65486,0,63718
19,65535,65486,0,63744
19,65535,65486,0,63768
19,65535,65486,0,63793
19,65535,65486,0,63818
19,65535,65486,0,63843
19,65535,65486,0,63868
19,65535,65486,0,63893
20,0,65486,0,63918
20,0,65486,0,63939
20,0,65486,0,63960
20,0,65486,0,63980
20,0,65485,0,64002
20,0,65485,0,64022
20,0,65485,0,64043
19,0,65486,0,64063
19,0,65486,0,64084
19,0,65486,0,64105
20,0,65485,0,64125
20,0,65485,0,64147
20,0,65485,0,64167
20,0,65486,0,64188
19,0,65486,0,64209
19,0,65486,0,64230
19,0,65486,0,64250
20,0,65485,0,64272
20,0,65485,0,64292
20,0,65485,0,64313
20,0,65485,0,64334
20,0,65485,0,64355
20,0,65485,0,64375
20,0,65485,0,64396
20,0,65485,0,64417
20,0,65485,0,64438
20,0,65485,0,64458
20,0,65485,0,64480
20,0,65485,0,64500
20,0,65485,0,64521
20,0,65485,0,64542
20,0,65485,0,64563
20,0,65485,0,64583
20,0,65485,0,64605
20,0,65485,0,64625
20,0,65485,0,64646
20,0,65485,0,64667
20,0,65485,0,64688
20,0,65485,0,64708
20,0,65485,0,64729
20,0,65485,0,64750
20,0,65485,0,64771
20,0,65485,0,64791
20,0,65485,0,64813
20,0,65485,0,64833
20,0,65485,0,64854
20,0,65485,0,64875
20,0,65485,0,64896
20,0,65485,0,64916
20,0,65485,0,64937
20,0,65485,0,64958
20,0,65485,0,64978
20,0,65485,0,65000
20,0,65485,0,65020
20,0,65485,0,65041
20,0,65485,0,65061
20,0,65485,0,65083
20,0,65485,0,65103
20,0,65485,0,65124
20,0,65485,0,65145
20,0,65485,0,65166
20,0,65485,0,65186
20,0,65485,0,65208
20,0,65485,0,65228
20,0,65485,0,65249
20,0,65485,0,65270
20,0,65485,0,65291
20,0,65485,0,65311
20,0,65485,0,65333
20,0,65485,0,65353
20,0,65485,0,65374
20,0,65485,0,65394
20,0,65485,0,65416
20,0,65485,0,65436
20,0,65485,0,65457
20,0,65485,0,65478
20,0,65485,0,65499
20,0,65485,0,65519
20,0,65485,0,5
20,0,65485,0,21
20,0,65485,0,38
20,0,65485,0,56
20,0,65485,0,74
20,0,65485,0,92
20,0,65485,0,109
20,0,65485,0,129
20,0,65485,0,147
20,0,65485,0,165
20,0,65485,0,184
20,0,65485,0,203
20,0,65485,0,222
20,0,65485,0,240
20,0,65485,0,260
20,0,65485,0,278
19,0,65485,0,296
19,0,65485,0,315
19,0,65485,0,334
19,0,65485,0,353
20,0,65485,0,371
20,0,65485,0,390
20,0,65485,0,409
19,0,65485,0,428
19,0,65485,0,446
19,0,65485,0,465
19,0,65485,0,484
20,0,65485,0,502
20,0,65485,0,521
20,0,65485,0,540
20,0,65485,0,559
20,0,65485,0,577
20,0,65485,0,596
20,0,65485,0,615
20,0,65485,0,633
20,0,65485,0,652
20,0,65485,0,671
20,0,65485,0,690
20,0,65485,0,708
20,0,65485,0,728
20,0,65485,0,746
20,0,65485,0,764
20,0,65485,0,783
20,0,65485,0,802
20,0,65485,0,821
20,0,65485,0,839
20,0,65485,0,859
20,0,65485,0,877
20,0,65485,0,896
20,0,65485,0,914
20,0,65485,0,933
20,0,65485,0,952
20,0,65485,0,970
20,0,65485,0,989
20,0,65485,0,1008
20,0,65485,0,1028
20,0,65485,0,1047
20,0,65485,0,1068
20,0,65485,0,1087
20,0,65485,0,1106
20,0,65485,0,1127
20,0,65485,0,1146
20,0,65485,0,1166
20,0,65485,0,1185
20,0,65485,0,1206
20,0,65485,0,1225
20,0,65485,0,1245
20,0,65485,0,1265
20,0,65485,0,1285
20,0,65485,0,1304
20,0,65485,0,1325
20,0,65485,0,1344
20,0,65485,0,1363
20,0,65485,0,1383
20,0,65485,0,1403
20,0,65485,0,1423
20,0,65485,0,1442
20,0,65485,0,1463
20,0,65485,0,1482
20,0,65485,0,1502
20,0,65485,0,1521
20,0,65485,0,1542
20,0,65485,0,1561
20,0,65485,0,1581
20,0,65485,0,1601
20,0,65485,0,1620
20,0,65485,0,1640
20,0,65485,0,1660
20,0,65485,0,1680
20,0,65485,0,1699
20,0,65485,0,1719
20,0,65485,0,1739
20,0,65485,0,1759
20,0,65485,0,1778
20,0,65485,0,1799
20,0,65485,0,1818
20,0,65485,0,1838
20,0,65484,0,1858
20,0,65484,0,1878
20,0,65484,0,1897
20,0,65484,0,1916
20,0,65485,0,1937
20,0,65485,0,1956
20,0,65485,0,1976
20,0,65485,0,1996
20,0,65485,0,2016
20,0,65485,0,2035
20,0,65485,0,2055
20,0,65485,0,2075
20,0,65485,0,2095
20,0,65485,0,2114
20,0,65485,0,2135
20,0,65485,0,2154
20,0,65485,0,2173
20,0,65485,0,2194
20,0,65484,0,2213
20,0,65484,0,2233
20,0,65484,0,2252
20,0,65484,0,2273
20,0,65484,0,2292
20,0,65484,0,2312
20,0,65484,0,2332
20,0,65485,0,2352
20,0,65485,0,2371
20,0,65485,0,2392
20,0,65485,0,2411
20,0,65485,0,2430
20,0,65485,0,2450
20,0,65484,0,2470
20,0,65484,0,2490
20,0,65484,0,2509
20,0,65484,0,2530
20,0,65485,0,2549
20,0,65485,0,2569
20,0,65485,0,2589
20,0,65485,0,2609
20,0,65485,0,2628
20,0,65485,0,2648
20,0,65485,0,2668
20,0,65485,0,2688
20,0,65485,0,2707
20,0,65485,0,2727
20,0,65485,0,2747
20,0,65485,0,2766
20,0,65485,0,2786
20,0,65485,0,2806
20,0,65485,0,2826
20,0,65485,0,2845
20,0,65485,0,2866
20,0,65485,0,2885
20,0,65485,0,2905
20,0,65485,0,2925
20,0,65485,0,2945
20,0,65485,0,2964
20,0,65485,0,2983
20,0,65485,0,3004
20,0,65485,0,3023
20,0,65485,0,3043
20,0,65485,0,3063
20,0,65485,0,3083
20,0,65485,0,3102
20,0,65485,0,3123
20,0,65485,0,3142
20,0,65485,0,3162
20,0,65485,0,3181
20,0,65485,0,3202
20,0,65484,0,3221
20,0,65484,0,3240
20,0,65484,0,3261
20,0,65484,0,3280
20,0,65485,0,3300
20,0,65485,0,3319
20,0,65485,0,3340
20,1,65485,0,3359
20,1,65485,0,3379
20,1,65485,0,3399
20,1,65485,0,3419
20,0,65485,0,3438
20,0,65485,0,3459
20,0,65485,0,3478
20,0,65485,0,3497
20,0,65485,0,3517
20,0,65485,0,3537
20,0,65485,0,3557
20,0,65485,0,3576
20,0,65485,0,3597
20,0,65485,0,3616
20,0,65485,0,3636
20,0,65485,0,3656
20,0,65485,0,3676
20,0,65485,0,3695
20,0,65485,0,3715
20,0,65485,0,3735
20,0,65485,0,3755
20,0,65485,0,3774
20,0,65485,0,3794
20,0,65485,0,3814
20,0,65485,0,3833
20,0,65485,0,3854
20,0,65485,0,3873
20,0,65485,0,3893
20,0,65485,0,3912
20,0,65485,0,3933
20,0,65485,0,3952
20,0,65485,0,3972
20,0,65485,0,3992
20,0,65485,0,4012
20,0,65485,0,4031
20,0,65485,0,4050
20,0,65485,0,4071
20,0,65485,0,4090
20,0,65485,0,4110
20,0,65485,0,4130
20,0,65485,0,4150
20,0,65485,0,4169
20,0,65485,0,4190
20,0,65485,0,4209
20,0,65485,0,4229
20,0,65485,0,4248
20,0,65485,0,4269
20,0,65485,0,4288
20,0,65485,0,4307
20,0,65485,0,4328
20,0,65485,0,4347
20,0,65485,0,4367
20,1,65485,0,4387
20,1,65485,0,4407
20,1,65485,0,4426
20,0,65485,0,4446
20,0,65485,0,4466
20,0,65485,0,4486
20,0,65485,0,4505
20,0,65485,0,4526
20,0,65485,0,4545
20,0,65485,0,4564
20,0,65485,0,4584
20,0,65485,0,4604
20,0,65485,0,4624
20,0,65485,0,4643
20,1,65485,0,4664
20,1,65485,0,4683
20,1,65485,0,4703
20,0,65485,0,4723
20,0,65485,0,4743
20,0,65485,0,4762
20,0,65485,0,4782
20,0,65485,0,4802
20,0,65485,0,4822
20,0,65485,0,4841