65523,65509,65486,0,14354
65523,65509,65486,0,14382
65523,65509,65486,0,14410
65523,65509,65486,0,14438
65523,65509,65486,0,14467
65523,65509,65486,0,14494
65523,65509,65486,0,14523
65523,65509,65486,0,14551
65523,65509,65486,0,14578
65523,65509,65486,0,14607
65523,65509,65486,0,14635
65523,65509,65486,0,14663
65523,65509,65486,0,14691
65523,65509,65486,0,14720
65523,65509,65486,0,14747
65523,65509,65486,0,14775
65523,65509,65486,0,14803
65523,65509,65486,0,14831
65523,65509,65486,0,14860
65523,65509,65486,0,14887
65523,65509,65486,0,14915
65523,65509,65486,0,14944
65523,65509,65486,0,14971
65523,65509,65486,0,15000
65523,65509,65486,0,15028
65523,65509,65486,0,15056
65523,65509,65486,0,15084
65523,65509,65486,0,15112
65523,65509,65485,0,15140
65523,65509,65485,0,15168
65523,65509,65485,0,15197
65523,65509,65486,0,15224
65523,65509,65486,0,15253
65523,65509,65486,0,15281
65523,65509,65486,0,15308
65523,65509,65486,0,15337
65523,65509,65486,0,15365
65523,65509,65486,0,15393
65523,65509,65486,0,15421
65523,65509,65486,0,15449
65523,65509,65486,0,15477
65523,65509,65486,0,15505
65523,65509,65486,0,15534
65523,65509,65486,0,15561
65523,65509,65486,0,15590
65523,65509,65486,0,15618
65523,65509,65486,0,15645
65523,65509,65486,0,15674
65523,65509,65486,0,15702
65523,65509,65486,0,15730
65523,65509,65486,0,15758
65523,65509,65486,0,15787
65523,65509,65486,0,15814
65523,65509,65486,0,15842
65523,65509,65486,0,15870
65523,65509,65486,0,15898
65523,65509,65486,0,15927
65523,65509,65486,0,15954
65523,65509,65486,0,15983
65523,65509,65486,0,16011
65523,65509,65486,0,16038
65523,65509,65486,0,16067
65523,65509,65486,0,16095
65523,65509,65486,0,16123
65523,65509,65486,0,16151
65523,65509,65486,0,16179
65523,65509,65486,0,16207
65523,65509,65486,0,16235
65523,65509,65486,0,16264
65523,65509,65486,0,16291
65523,65509,65486,0,16320
65523,65509,65486,0,16348
65523,65509,65485,0,16375
65523,65509,65485,0,16404
65523,65509,65486,0,16432
65523,65509,65486,0,16460
65523,65509,65486,0,16488
65523,65509,65486,0,16517
65523,65509,65486,0,16544
65523,65509,65486,0,16572
65523,65509,65486,0,16601
65523,65509,65486,0,16628
65523,65509,65486,0,16657
65523,65509,65486,0,16685
65523,65509,65486,0,16712
65523,65509,65486,0,16741
65523,65509,65486,0,16769
65523,65509,65486,0,16797
65523,65509,65486,0,16825
65523,65509,65486,0,16854
65523,65509,65486,0,16881
65523,65509,65486,0,16909
65523,65509,65486,0,16937
65523,65509,65486,0,16965
65523,65509,65486,0,16994
65523,65509,65486,0,17021
65523,65509,65486,0,17050
65523,65509,65486,0,17078
65523,65509,65486,0,17105
65523,65509,65486,0,17134
65523,65509,65486,0,17162
65523,65509,65486,0,17190
65523,65509,65486,0,17218
65523,65509,65486,0,17246
65523,65509,65486,0,17274
65523,65509,65486,0,17302
65523,65509,65485,0,17331
65523,65509,65485,0,17358
65523,65509,65486,0,17387
65523,65509,65486,0,17415
65523,65509,65486,0,17442
65523,65509,65486,0,17471
65523,65509,65486,0,17499
65523,65509,65486,0,17527
65523,65509,65486,0,17555
65523,65509,65486,0,17584
65523,65509,65486,0,17611
65523,65509,65486,0,17639
65523,65509,65486,0,17668
65523,65509,65486,0,17695
65523,65509,65486,0,17724
65523,65509,65486,0,17752
65523,65509,65486,0,17780
65523,65509,65485,0,17808
65523,65509,65485,0,17836
65523,65509,65486,0,17864
65523,65509,65486,0,17892
65523,65509,65486,0,17921
65523,65509,65486,0,17948
65523,65509,65486,0,17976
65523,65509,65486,0,18004
65523,65509,65486,0,18032
65523,65509,65486,0,18061
65523,65509,65486,0,18088
65523,65509,65486,0,18117
65523,65509,65485,0,18145
65523,65509,65485,0,18172
65523,65509,65486,0,18201
65523,65509,65486,0,18229
65523,65509,65486,0,18257
65523,65509,65486,0,18285
65523,65509,65486,0,18314
65523,65509,65486,0,18341
65523,65509,65486,0,18369
65523,65509,65486,0,18398
65523,65509,65486,0,18425
65523,65509,65486,0,18454
65523,65509,65486,0,18482
65523,65509,65486,0,18509
65523,65509,65486,0,18538
65523,65509,65486,0,18566
65523,65509,65486,0,18594
65523,65509,65486,0,18622
65523,65509,65486,0,18651
65523,65509,65486,0,18678
65523,65509,65486,0,18706
65523,65509,65486,0,18735
65523,65509,65486,0,18762
65523,65509,65486,0,18791
65523,65509,65486,0,18819
65523,65509,65486,0,18847
65523,65509,65486,0,18875
65523,65509,65486,0,18903
65523,65509,65486,0,18931
65523,65509,65486,0,18959
65523,65509,65486,0,18988
65523,65509,65486,0,19015
65523,65509,65486,0,19043
65523,65509,65486,0,19072
65523,65509,65486,0,19099
65523,65509,65486,0,19128
65523,65509,65486,0,19155
65523,65509,65486,0,19184
65523,65509,65486,0,19212
65523,65509,65486,0,19239
65523,65509,65486,0,19268
65523,65509,65485,0,19296
65523,65509,65485,0,19324
65523,65509,65485,0,19352
65523,65509,65486,0,19381
65523,65509,65486,0,19408
65523,65509,65486,0,19436
65523,65509,65486,0,19465
65523,65509,65486,0,19492
65523,65509,65486,0,19521
65523,65509,65486,0,19549
65523,65509,65486,0,19577
65523,65509,65486,0,19605
65523,65509,65485,0,19633
65523,65509,65485,0,19661
65523,65509,65485,0,19689
65523,65509,65486,0,19718
65523,65509,65486,0,19745
65523,65509,65486,0,19773
65523,65509,65486,0,19802
65523,65509,65486,0,19829
65523,65509,65486,0,19858
65523,65509,65486,0,19886
65523,65509,65485,0,19914
65523,65509,65485,0,19942
65523,65509,65485,0,19970
65523,65509,65486,0,19998
65523,65509,65486,0,20026
65523,65509,65485,0,20055
65523,65509,65485,0,20082
65523,65509,65486,0,20111
65523,65509,65486,0,20139
65523,65509,65486,0,20166
65523,65509,65485,0,20195
65523,65509,65485,0,20222
65523,65509,65486,0,20251
65523,65509,65486,0,20279
65523,65509,65486,0,20306
65523,65509,65486,0,20335
65523,65509,65486,0,20363
65523,65509,65486,0,20391
65523,65509,65486,0,20419
65523,65509,65486,0,20448
65523,65509,65485,0,20475
65523,65509,65485,0,20503
65523,65509,65486,0,20532
65523,65509,65486,0,20559
65523,65509,65486,0,20588
65523,65509,65485,0,20616
65523,65509,65485,0,20644
65523,65509,65486,0,20672
65523,65509,65486,0,20700
65523,65509,65486,0,20728
65523,65509,65486,0,20756
65523,65509,65486,0,20785
65523,65509,65486,0,20812
65523,65509,65486,0,20840
65523,65509,65485,0,20869
65523,65509,65485,0,20896
65523,65509,65485,0,20925
65523,65509,65485,0,20953
65523,65509,65485,0,20981
65523,65509,65485,0,21009
65523,65509,65485,0,21037
65523,65509,65485,0,21065
65523,65509,65485,0,21093
65523,65509,65485,0,21122
65523,65509,65486,0,21149
65523,65509,65486,0,21178
65523,65509,65486,0,21206
65523,65509,65486,0,21233
65523,65509,65486,0,21262
65523,65509,65485,0,21289
65523,65509,65485,0,21318
65523,65509,65486,0,21346
65523,65509,65486,0,21374
65523,65509,65486,0,21402
65523,65509,65485,0,21430
65523,65509,65485,0,21458
65523,65509,65486,0,21486
65523,65509,65486,0,21515
65523,65509,65486,0,21542
65523,65509,65485,0,21570
65523,65509,65485,0,21599
65523,65510,65486,0,21626
65523,65510,65486,0,21655
65523,65509,65486,0,21683
65523,65509,65486,0,21711
65523,65509,65486,0,21739
65524,65509,65486,0,21767
65524,65509,65486,0,21795
65524,65510,65486,0,21823
65524,65510,65486,0,21852
65524,65510,65486,0,21879
65523,65510,65486,0,21908
65523,65510,65486,0,21936
65523,65510,65486,0,21963
65523,65510,65486,0,21992
65523,65510,65486,0,22020
65523,65510,65486,0,22048
65523,65510,65486,0,22076
65524,65510,65486,0,22104
65524,65510,65486,0,22132
65524,65509,65486,0,22160
65524,65509,65486,0,22189
65524,65509,65486,0,22216
65524,65510,65486,0,22245
65524,65510,65486,0,22273
65524,65510,65487,0,22300
65524,65510,65487,0,22329
65524,65510,65487,0,22356
65523,65510,65486,0,22385
65523,65510,65486,0,22413
65524,65509,65487,0,22441
65524,65509,65487,0,22469
65524,65509,65487,0,22497
65523,65509,65486,0,22525
65523,65509,65486,0,22553
65524,65510,65486,0,22582
65524,65510,65486,0,22609
65524,65510,65486,0,22637
65524,65510,65486,0,22666
65524,65510,65486,0,22693
65523,65510,65486,0,22722
65523,65510,65486,0,22750
65523,65509,65486,0,22778
65523,65509,65486,0,22806
65523,65509,65486,0,22834
65523,65509,65486,0,22862
65523,65509,65486,0,22890
65523,65509,65486,0,22919
65523,65509,65486,0,22946
65523,65509,65486,0,22975
65524,65509,65486,0,23003
65524,65509,65486,0,23030
65524,65509,65486,0,23059
65524,65509,65486,0,23087
65523,65510,65486,0,23115
65523,65510,65486,0,23143
65523,65510,65486,0,23172
65523,65509,65486,0,23199
65523,65509,65486,0,23227
65524,65509,65486,0,23256
65524,65509,65486,0,23283
65524,65509,65486,0,23312
65523,65509,65486,0,23340
65523,65509,65486,0,23367
65523,65510,65486,0,23396
65523,65510,65486,0,23424
65523,65510,65486,0,23452
65523,65509,65485,0,23480
65523,65509,65485,0,23508
65523,65509,65486,0,23536
65523,65509,65486,0,23564
65524,65509,65486,0,23592
65524,65509,65486,0,23620
65524,65509,65486,0,23649
65523,65510,65486,0,23676
65523,65510,65486,0,23705
65523,65509,65486,0,23733
65523,65509,65486,0,23760
65523,65509,65486,0,23789
65523,65509,65486,0,23817
65523,65509,65486,0,23845
65523,65509,65486,0,23873
65523,65509,65486,0,23901
65523,65509,65486,0,23929
65523,65509,65486,0,23957
65523,65509,65486,0,23986
65523,65509,65486,0,24013
65523,65509,65486,0,24042
65523,65509,65486,0,24070
65523,65509,65486,0,24097
65523,65509,65486,0,24126
65523,65509,65486,0,24154
65523,65509,65486,0,24182
65524,65510,65486,0,24210
65524,65510,65486,0,24239
65524,65510,65486,0,24266
65523,65509,65486,0,24294
65523,65509,65486,0,24323
65523,65509,65486,0,24350
65523,65509,65486,0,24379
65523,65509,65486,0,24407
65523,65509,65485,0,24434
65523,65509,65485,0,24463
65523,65509,65486,0,24491
65523,65509,65486,0,24519
65523,65509,65486,0,24547
65523,65509,65486,0,24576
65523,65509,65486,0,24603
65523,65509,65486,0,24631
65523,65509,65486,0,24659
65523,65509,65486,0,24687
65523,65509,65486,0,24716
65523,65509,65486,0,24743
65523,65509,65486,0,24772
65523,65509,65486,0,24800
65523,65509,65486,0,24827
65523,65509,65486,0,24856
65523,65509,65486,0,24884
65523,65509,65486,0,24912
65523,65509,65486,0,24940
65523,65509,65486,0,24969
65523,65509,65486,0,24996
65523,65509,65486,0,25024
65523,65509,65486,0,25053
65523,65509,65486,0,25080
65523,65509,65486,0,25109
65523,65509,65486,0,25137
65523,65509,65486,0,25164
65523,65509,65486,0,25193
65523,65509,65486,0,25221
65523,65509,65486,0,25249
65523,65509,65486,0,25277
65523,65509,65486,0,25306
65523,65509,65486,0,25333
65523,65509,65486,0,25361
65523,65509,65486,0,25390
65523,65509,65486,0,25417
65523,65509,65485,0,25446
65523,65509,65485,0,25474
65523,65509,65486,0,25502
65523,65509,65486,0,25530
65523,65509,65486,0,25558
65523,65509,65486,0,25586
65523,65509,65486,0,25614
65523,65509,65486,0,25643
65523,65509,65486,0,25670
65523,65509,65486,0,25698
65523,65510,65486,0,25726
65523,65510,65486,0,25754
65523,65509,65486,0,25783
65523,65509,65486,0,25810
65523,65509,65486,0,25839
65523,65509,65486,0,25867
65523,65509,65486,0,25894
65523,65509,65486,0,25923
65523,65509,65486,0,25951
65523,65509,65485,0,25979
65523,65509,65485,0,26007
65523,65509,65485,0,26036
65523,65509,65485,0,26063
65523,65509,65485,0,26091
65523,65510,65485,0,26120
65523,65510,65485,0,26147
65523,65510,65485,0,26176
65523,65509,65486,0,26204
65523,65509,65486,0,26231
65523,65509,65486,0,26260
65523,65509,65486,0,26288
65523,65509,65486,0,26316
65523,65509,65486,0,26344
65523,65509,65486,0,26373
65523,65510,65486,0,26400
65523,65510,65486,0,26428
65523,65509,65486,0,26457
65523,65509,65486,0,26484
65523,65509,65486,0,26513
65523,65509,65486,0,26541
65523,65509,65486,0,26569
65523,65509,65486,0,26597
65523,65509,65486,0,26625
65523,65509,65486,0,26653
65523,65510,65486,0,26681
65523,65510,65486,0,26710
65523,65509,65486,0,26737
65523,65509,65486,0,26766
65523,65509,65486,0,26793
65523,65509,65486,0,26821
65523,65509,65486,0,26850
65523,65509,65486,0,26877
65523,65509,65486,0,26906
65523,65509,65486,0,26934
65523,65509,65486,0,26961
65523,65509,65486,0,26990
65523,65509,65486,0,27018
65523,65509,65486,0,27046
65523,65510,65486,0,27074
65523,65510,65486,0,27103
65523,65510,65486,0,27130
65524,65509,65486,0,27158
65524,65509,65486,0,27187
65523,65509,65486,0,27214
65523,65509,65486,0,27243
65523,65509,65486,0,27271
65523,65509,65486,0,27299
65523,65509,65486,0,27327
65523,65509,65486,0,27355
65523,65509,65486,0,27383
65523,65509,65486,0,27411
65523,65509,65486,0,27440
65523,65509,65486,0,27467
65523,65509,65486,0,27495
65523,65509,65486,0,27524
65523,65509,65486,0,27551
65523,65509,65486,0,27580
65523,65509,65486,0,27608
65523,65509,65486,0,27636
65523,65509,65486,0,27664
65523,65509,65486,0,27692
65523,65509,65486,0,27720
65523,65509,65486,0,27748
65523,65509,65486,0,27777
65523,65509,65486,0,27804
65523,65509,65486,0,27833
65523,65509,65486,0,27860
65523,65509,65486,0,27888
65523,65509,65486,0,27917
65523,65509,65486,0,27944
65523,65509,65486,0,27973
65523,65509,65486,0,28001
65523,65509,65486,0,28028
65523,65509,65486,0,28057
65523,65509,65486,0,28085
65523,65509,65486,0,28113
65523,65509,65486,0,28141
65523,65509,65486,0,28170
65523,65509,65486,0,28197
65523,65509,65486,0,28225
65523,65509,65486,0,28254
65523,65509,65486,0,28281
65523,65509,65486,0,28310
65523,65509,65486,0,28338
65523,65509,65486,0,28366
65523,65509,65486,0,28394
65523,65509,65486,0,28422
65523,65509,65486,0,28450
65523,65509,65486,0,28478
65523,65509,65486,0,28507
65523,65509,65486,0,28534
65523,65509,65486,0,28563
65523,65510,65485,0,28591
65523,65510,65485,0,28618
65523,65509,65486,0,28647
65523,65509,65486,0,28675
65523,65509,65486,0,28703
65523,65509,65486,0,28731
65523,65509,65486,0,28759
65523,65509,65486,0,28787
65523,65509,65486,0,28815
65523,65509,65486,0,28844
65523,65509,65486,0,28871
65523,65509,65486,0,28900
65523,65509,65486,0,28928
65523,65509,65486,0,28955
65523,65509,65486,0,28984
65523,65509,65486,0,29011
65523,65509,65486,0,29040
65523,65510,65486,0,29068
65523,65510,65486,0,29096
65523,65509,65486,0,29124
65523,65509,65486,0,29152
65523,65509,65486,0,29180
65523,65509,65486,0,29208
65523,65509,65486,0,29237
65523,65509,65486,0,29264
65523,65509,65486,0,29292
65523,65509,65485,0,29321
65523,65509,65485,0,29348
65523,65509,65485,0,29377
65523,65509,65486,0,29405
65523,65509,65486,0,29433
65523,65509,65486,0,29461
65523,65509,65486,0,29489
65523,65509,65486,0,29517
65523,65509,65486,0,29545
65523,65509,65486,0,29574
65523,65509,65486,0,29601
65523,65509,65486,0,29630
65523,65509,65486,0,29658
65523,65509,65486,0,29685
65523,65509,65486,0,29714
65523,65509,65486,0,29742
65523,65509,65486,0,29770
65523,65509,65486,0,29798
65523,65509,65486,0,29826
65523,65509,65486,0,29854
65523,65509,65486,0,29882
65523,65509,65486,0,29911
65523,65509,65486,0,29938
65523,65509,65486,0,29967
65523,65509,65486,0,29995
65523,65509,65486,0,30022
65523,65509,65486,0,30051
65523,65509,65486,0,30078
65523,65509,65486,0,30107
65523,65509,65486,0,30135
65523,65509,65485,0,30163
65523,65509,65485,0,30191
65523,65509,65485,0,30219
65523,65509,65485,0,30247
65523,65509,65485,0,30275
65523,65509,65485,0,30304
65523,65509,65485,0,30331
65523,65509,65485,0,30360
65523,65509,65485,0,30388
65523,65509,65485,0,30415
65523,65509,65485,0,30444
65523,65509,65485,0,30472
65523,65509,65486,0,30500
65523,65509,65486,0,30528
65523,65509,65486,0,30556
65523,65509,65486,0,30584
65523,65509,65486,0,30612
65523,65509,65486,0,30641
65523,65509,65486,0,30668
65523,65509,65486,0,30697
65523,65509,65486,0,30725
65523,65509,65486,0,30752
65523,65509,65486,0,30781
65523,65509,65486,0,30809
65523,65509,65486,0,30837
65523,65509,65486,0,30865
65523,65509,65486,0,30894
65523,65509,65486,0,30921
65523,65509,65486,0,30949
65523,65509,65486,0,30978
65523,65509,65486,0,31005
65523,65509,65486,0,31034
65523,65509,65486,0,31062
65523,65509,65486,0,31089
65523,65509,65486,0,31118
65523,65509,65486,0,31145
65523,65509,65486,0,31174
65523,65509,65486,0,31202
65523,65509,65486,0,31230
65523,65509,65486,0,31258
65523,65509,65486,0,31286
65523,65509,65486,0,31314
65523,65509,65486,0,31342
65523,65509,65486,0,31371
65523,65509,65486,0,31398
65523,65509,65486,0,31427
65523,65509,65486,0,31455
65523,65509,65486,0,31482
65523,65509,65486,0,31511
65523,65509,65486,0,31539
65523,65509,65486,0,31567
65523,65509,65486,0,31595
65523,65509,65486,0,31623
65523,65509,65486,0,31651
65523,65509,65486,0,31679
65523,65509,65485,0,31708
65523,65509,65485,0,31735
65523,65509,65485,0,31764
65523,65509,65486,0,31792
65523,65509,65486,0,31819
65523,65509,65486,0,31848
65523,65509,65486,0,31876
65523,65509,65486,0,31904
65523,65509,65486,0,31932
65523,65509,65486,0,31961
65523,65509,65486,0,31988
65523,65509,65486,0,32016
65523,65509,65486,0,32045
65523,65509,65486,0,32072
65523,65509,65486,0,32101
65523,65509,65486,0,32129
65523,65509,65486,0,32157
65523,65509,65485,0,32185
65523,65509,65485,0,32212
65523,65509,65485,0,32241
65523,65509,65486,0,32269
65523,65509,65486,0,32297
65523,65509,65486,0,32325
65523,65509,65486,0,32353
65523,65509,65486,0,32381
65523,65509,65486,0,32409
65523,65509,65486,0,32438
65523,65509,65486,0,32465
65523,65509,65486,0,32494
65523,65509,65486,0,32522
65523,65509,65485,0,32549
65523,65509,65485,0,32578
65523,65509,65486,0,32606
65523,65509,65486,0,32634
65523,65509,65485,0,32662
65523,65509,65485,0,32691
65523,65509,65485,0,32718
65523,65509,65486,0,32746
65523,65509,65486,0,32775
65523,65510,65485,0,32802
65523,65510,65485,0,32831
65523,65510,65485,0,32859
65523,65509,65486,0,32886
65523,65509,65486,0,32915
65523,65509,65486,0,32943
65523,65509,65486,0,32971
65523,65509,65486,0,32999
65523,65509,65485,0,33028
65523,65509,65485,0,33055
65523,65509,65486,0,33083
65523,65509,65486,0,33112
65523,65509,65486,0,33139
65523,65509,65486,0,33168
65523,65509,65486,0,33196
65523,65509,65486,0,33224
65523,65509,65486,0,33252
65523,65509,65486,0,33280
65523,65509,65486,0,33308
65523,65509,65486,0,33336
65523,65509,65485,0,33364
65523,65509,65485,0,33392
65523,65509,65486,0,33420
65523,65509,65486,0,33448
65523,65509,65486,0,33476
65523,65509,65486,0,33505
65523,65509,65486,0,33532
65523,65509,65486,0,33561
65523,65509,65486,0,33589
65523,65509,65486,0,33616
65523,65509,65486,0,33645
65523,65509,65486,0,33673
65523,65509,65485,0,33701
65523,65509,65485,0,33729
65523,65509,65486,0,33758
65523,65509,65486,0,33785
65523,65509,65486,0,33813
65523,65509,65486,0,33842
65523,65509,65486,0,33869
65523,65510,65486,0,33898
65523,65510,65486,0,33926
65523,65510,65486,0,33954
65523,65510,65486,0,33982
65523,65510,65486,0,34010
65523,65510,65486,0,34038
65523,65510,65486,0,34066
65523,65510,65486,0,34095
65523,65510,65486,0,34122
65523,65510,65486,0,34150
65523,65510,65485,0,34179
65523,65510,65485,0,34206
65523,65509,65485,0,34235
65523,65509,65485,0,34263
65523,65509,65485,0,34291
65523,65509,65486,0,34319
65523,65509,65486,0,34347
65523,65509,65486,0,34375
65523,65509,65486,0,34403
65523,65509,65486,0,34432
65523,65509,65486,0,34459
65523,65509,65486,0,34488
65523,65509,65486,0,34515
65523,65509,65486,0,34543
65523,65509,65486,0,34572
65523,65509,65486,0,34599
65523,65509,65486,0,34628
65523,65509,65485,0,34656
65523,65509,65485,0,34683
65523,65509,65485,0,34712
65523,65509,65485,0,34740
65523,65509,65485,0,34768
65523,65509,65486,0,34796
65523,65509,65486,0,34825
65523,65509,65485,0,34852
65523,65509,65485,0,34880
65523,65509,65485,0,34909
65523,65509,65486,0,34936
65523,65509,65486,0,34965
65523,65509,65486,0,34993
65523,65509,65486,0,35021
65523,65509,65486,0,35049
65523,65509,65486,0,35077
65523,65509,65486,0,35105
65523,65509,65486,0,35133
65523,65509,65486,0,35162
65523,65509,65486,0,35189
65523,65509,65486,0,35217
65523,65509,65486,0,35246
65523,65509,65486,0,35273
65523,65509,65486,0,35302
65523,65509,65486,0,35330
65523,65509,65486,0,35358
65523,65509,65486,0,35386
65523,65509,65486,0,35414
65523,65509,65486,0,35442
65523,65509,65485,0,35470
65523,65509,65485,0,35499
65523,65509,65485,0,35526
65523,65509,65485,0,35555
65523,65509,65485,0,35582
65523,65509,65486,0,35610
65523,65509,65486,0,35639
65523,65509,65486,0,35666
65523,65509,65486,0,35695
65523,65509,65486,0,35723
65523,65509,65486,0,35751
65523,65509,65486,0,35779
65523,65509,65485,0,35807
65523,65509,65485,0,35835
65523,65509,65485,0,35863
65523,65509,65486,0,35892
65523,65509,65486,0,35919
65523,65509,65486,0,35947
65523,65509,65486,0,35976
65523,65509,65486,0,36003
65523,65509,65485,0,36032
65523,65509,65485,0,36060
65523,65509,65486,0,36088
65523,65509,65486,0,36116
65523,65509,65485,0,36144
65523,65509,65485,0,36172
65523,65509,65485,0,36200
65523,65509,65486,0,36229
65523,65509,65486,0,36256
65523,65509,65485,0,36285