65518,65510,65486,0,7947
65518,65510,65486,0,7973
65518,65510,65486,0,8001
65518,65510,65486,0,8028
65518,65510,65486,0,8054
65518,65510,65485,0,8082
65518,65510,65485,0,8109
65518,65510,65486,0,8136
65518,65510,65486,0,8163
65518,65510,65486,0,8189
65518,65510,65486,0,8217
65518,65510,65486,0,8244
65518,65510,65486,0,8271
65518,65510,65486,0,8298
65518,65510,65486,0,8325
65518,65510,65486,0,8352
65518,65510,65486,0,8379
65518,65510,65485,0,8407
65518,65510,65485,0,8433
65518,65510,65485,0,8460
65518,65510,65485,0,8487
65518,65510,65485,0,8514
65518,65510,65486,0,8542
65518,65510,65486,0,8568
65518,65510,65486,0,8596
65518,65510,65486,0,8623
65518,65510,65486,0,8649
65518,65510,65486,0,8677
65518,65510,65486,0,8704
65518,65510,65486,0,8731
65518,65510,65486,0,8758
65518,65510,65486,0,8784
65518,65510,65486,0,8812
65518,65510,65486,0,8839
65518,65510,65486,0,8866
65518,65510,65486,0,8893
65518,65510,65486,0,8920
65518,65510,65486,0,8947
65518,65510,65486,0,8974
65518,65510,65486,0,9001
65518,65510,65486,0,9028
65518,65510,65486,0,9055
65518,65510,65486,0,9082
65518,65510,65486,0,9109
65518,65510,65486,0,9137
65518,65510,65486,0,9163
65518,65510,65486,0,9190
65518,65510,65486,0,9218
65518,65510,65486,0,9244
65518,65510,65486,0,9272
65518,65510,65486,0,9298
65518,65510,65486,0,9325
65518,65510,65485,0,9353
65518,65510,65485,0,9379
65518,65510,65485,0,9407
65518,65510,65486,0,9434
65518,65510,65486,0,9461
65518,65510,65486,0,9488
65518,65510,65486,0,9515
65518,65510,65486,0,9542
65518,65510,65486,0,9569
65518,65510,65486,0,9596
65518,65510,65486,0,9623
65518,65510,65486,0,9650
65518,65510,65486,0,9677
65518,65510,65486,0,9704
65518,65510,65486,0,9732
65518,65510,65486,0,9758
65518,65510,65486,0,9785
65518,65510,65486,0,9812
65518,65510,65486,0,9839
65518,65510,65486,0,9867
65518,65510,65486,0,9893
65518,65510,65486,0,9920
65518,65510,65486,0,9948
65518,65510,65486,0,9974
65518,65510,65486,0,10002
65518,65510,65486,0,10030
65518,65510,65486,0,10057
65518,65510,65486,0,10086
65518,65510,65486,0,10114
65518,65510,65486,0,10142
65518,65510,65485,0,10170
65518,65510,65485,0,10199
65518,65510,65485,0,10226
65518,65510,65486,0,10254
65518,65510,65486,0,10283
65518,65510,65486,0,10310
65518,65510,65486,0,10339
65518,65510,65486,0,10366
65518,65510,65486,0,10395
65518,65510,65486,0,10423
65518,65510,65486,0,10450
65518,65510,65486,0,10479
65518,65510,65486,0,10507
65518,65510,65486,0,10535
65518,65510,65486,0,10563
65518,65510,65486,0,10592
65518,65510,65486,0,10619
65518,65510,65486,0,10647
65518,65510,65486,0,10676
65518,65510,65486,0,10703
65518,65510,65486,0,10732
65518,65510,65486,0,10760
65518,65510,65485,0,10787
65518,65510,65485,0,10816
65518,65510,65485,0,10844
65518,65510,65486,0,10872
65518,65510,65486,0,10900
65518,65510,65486,0,10929
65518,65510,65486,0,10956
65518,65510,65486,0,10984
65518,65510,65486,0,11013
65518,65510,65486,0,11040
65518,65510,65486,0,11069
65518,65510,65486,0,11097
65518,65510,65486,0,11125
65518,65510,65486,0,11153
65518,65510,65486,0,11181
65518,65510,65486,0,11209
65518,65510,65486,0,11237
65518,65510,65486,0,11266
65518,65510,65486,0,11293
65518,65510,65486,0,11321
65518,65510,65486,0,11350
65518,65510,65486,0,11377
65518,65510,65486,0,11406
65518,65510,65486,0,11433
65518,65510,65486,0,11462
65518,65510,65486,0,11490
65518,65510,65486,0,11517
65518,65510,65486,0,11546
65518,65510,65486,0,11574
65518,65510,65486,0,11602
65518,65510,65486,0,11630
65518,65510,65486,0,11659
65518,65510,65486,0,11686
65518,65510,65486,0,11714
65518,65510,65486,0,11743
65518,65510,65486,0,11770
65518,65510,65486,0,11799
65518,65510,65486,0,11827
65518,65510,65486,0,11854
65518,65510,65486,0,11883
65518,65510,65486,0,11911
65518,65510,65486,0,11939
65518,65510,65486,0,11967
65518,65510,65486,0,11996
65518,65510,65486,0,12023
65518,65510,65486,0,12051
65518,65510,65485,0,12080
65518,65510,65485,0,12107
65518,65510,65485,0,12136
65518,65510,65486,0,12164
65518,65510,65486,0,12192
65518,65510,65486,0,12220
65518,65510,65486,0,12248
65518,65510,65486,0,12276
65518,65510,65486,0,12304
65518,65510,65486,0,12333
65518,65510,65486,0,12360
65518,65510,65486,0,12389
65518,65510,65486,0,12417
65518,65510,65486,0,12444
65518,65510,65486,0,12473
65518,65510,65486,0,12500
65518,65510,65486,0,12529
65518,65510,65486,0,12557
65518,65510,65486,0,12584
65518,65510,65486,0,12613
65518,65510,65486,0,12641
65518,65510,65486,0,12669
65518,65510,65486,0,12697
65518,65510,65486,0,12726
65518,65510,65486,0,12753
65518,65510,65486,0,12781
65518,65510,65486,0,12810
65518,65510,65486,0,12837
65518,65510,65486,0,12866
65518,65510,65486,0,12894
65518,65510,65486,0,12922
65518,65510,65486,0,12950
65518,65510,65486,0,12978
65518,65510,65486,0,13006
65518,65510,65485,0,13034
65518,65510,65485,0,13063
65518,65510,65485,0,13090
65518,65510,65486,0,13118
65518,65510,65486,0,13147
65518,65510,65486,0,13174
65518,65510,65486,0,13203
65518,65510,65486,0,13231
65518,65510,65486,0,13259
65518,65510,65486,0,13287
65518,65510,65485,0,13315
65518,65510,65485,0,13343
65518,65510,65485,0,13371
65518,65510,65486,0,13400
65518,65510,65486,0,13427
65518,65510,65485,0,13456
65518,65510,65485,0,13484
65518,65510,65486,0,13511
65518,65510,65486,0,13540
65518,65510,65486,0,13568
65518,65510,65486,0,13596
65518,65510,65486,0,13624
65518,65510,65486,0,13651
65518,65510,65486,0,13680
65518,65510,65486,0,13708
65518,65510,65486,0,13736
65518,65510,65486,0,13764
65518,65510,65485,0,13793
65518,65510,65485,0,13820
65518,65510,65485,0,13848
65518,65510,65486,0,13877
65518,65510,65486,0,13904
65518,65510,65486,0,13933
65518,65510,65486,0,13961
65518,65510,65485,0,13989
65518,65510,65485,0,14017
65518,65510,65485,0,14045
65518,65510,65486,0,14073
65518,65510,65486,0,14101
65518,65510,65485,0,14130
65518,65510,65485,0,14157
65518,65510,65485,0,14186
65518,65510,65486,0,14214
65518,65510,65486,0,14241
65518,65510,65486,0,14270
65518,65510,65486,0,14298
65518,65510,65486,0,14326
65518,65510,65486,0,14354
65518,65510,65486,0,14382
65518,65510,65486,0,14410
65518,65510,65486,0,14438
65518,65510,65486,0,14467
65518,65510,65486,0,14494
65518,65510,65486,0,14523
65518,65510,65486,0,14551
65518,65510,65486,0,14578
65518,65510,65486,0,14607
65518,65510,65486,0,14635
65518,65510,65486,0,14663
65518,65510,65485,0,14691
65518,65510,65485,0,14720
65518,65510,65486,0,14747
65518,65510,65486,0,14775
65518,65510,65486,0,14803
65518,65510,65486,0,14831
65518,65510,65486,0,14860
65518,65510,65486,0,14887
65518,65510,65486,0,14915
65518,65510,65486,0,14944
65518,65510,65486,0,14971
65518,65510,65486,0,15000
65518,65510,65486,0,15028
65518,65510,65486,0,15056
65518,65510,65486,0,15084
65518,65510,65486,0,15112
65518,65510,65486,0,15140
65518,65510,65486,0,15168
65518,65510,65486,0,15197
65518,65510,65486,0,15224
65518,65510,65486,0,15253
65518,65510,65486,0,15281
65518,65510,65485,0,15308
65518,65510,65485,0,15337
65518,65510,65486,0,15365
65518,65510,65486,0,15393
65518,65510,65486,0,15421
65518,65510,65486,0,15449
65518,65510,65486,0,15477
65518,65510,65486,0,15505
65518,65510,65486,0,15534
65518,65510,65485,0,15561
65518,65510,65485,0,15590
65518,65510,65485,0,15618
65518,65510,65486,0,15645
65518,65510,65486,0,15674
65518,65510,65486,0,15702
65518,65510,65486,0,15730
65518,65510,65486,0,15758
65518,65510,65486,0,15787
65518,65510,65486,0,15814
65518,65510,65485,0,15842
65518,65510,65485,0,15870
65518,65510,65486,0,15898
65518,65510,65486,0,15927
65518,65510,65486,0,15954
65518,65510,65485,0,15983
65518,65510,65485,0,16011
65518,65510,65486,0,16038
65518,65510,65486,0,16067
65518,65510,65486,0,16095
65518,65510,65485,0,16123
65518,65510,65485,0,16151
65518,65510,65486,0,16179
65518,65510,65486,0,16207
65518,65510,65486,0,16235
65518,65510,65485,0,16264
65518,65510,65485,0,16291
65518,65510,65485,0,16320
65518,65510,65485,0,16348
65518,65510,65486,0,16375
65518,65510,65486,0,16404
65518,65510,65486,0,16432
65518,65510,65486,0,16460
65518,65510,65486,0,16488
65518,65510,65485,0,16517
65518,65510,65485,0,16544
65518,65510,65485,0,16572
65518,65510,65485,0,16601
65518,65510,65485,0,16628
65518,65510,65486,0,16657
65518,65510,65486,0,16685
65518,65510,65486,0,16712
65518,65510,65486,0,16741
65518,65510,65486,0,16769
65518,65510,65486,0,16797
65518,65510,65486,0,16825
65518,65510,65486,0,16854
65518,65510,65486,0,16881
65518,65510,65486,0,16909
65518,65510,65486,0,16937
65518,65510,65486,0,16965
65518,65510,65486,0,16994
65518,65510,65486,0,17021
65518,65510,65486,0,17050
65518,65510,65486,0,17078
65518,65510,65486,0,17105
65518,65510,65486,0,17134
65518,65510,65486,0,17162
65518,65510,65486,0,17190
65518,65510,65486,0,17218
65518,65510,65486,0,17246
65518,65510,65486,0,17274
65518,65510,65486,0,17302
65518,65510,65486,0,17331
65518,65510,65486,0,17358
65518,65510,65486,0,17387
65518,65510,65485,0,17415
65518,65510,65485,0,17442
65518,65510,65486,0,17471
65518,65510,65486,0,17499
65518,65510,65486,0,17527
65518,65510,65485,0,17555
65518,65510,65485,0,17584
65518,65510,65486,0,17611
65518,65510,65486,0,17639
65518,65510,65486,0,17668
65518,65510,65486,0,17695
65518,65510,65486,0,17724
65518,65510,65486,0,17752
65518,65510,65486,0,17780
65518,65510,65486,0,17808
65518,65510,65486,0,17836
65518,65510,65486,0,17864
65518,65510,65486,0,17892
65518,65510,65486,0,17921
65518,65510,65486,0,17948
65518,65510,65486,0,17976
65518,65510,65486,0,18004
65518,65510,65486,0,18032
65518,65510,65486,0,18061
65518,65510,65486,0,18088
65518,65510,65486,0,18117
65518,65510,65486,0,18145
65518,65510,65486,0,18172
65518,65510,65486,0,18201
65518,65510,65486,0,18229
65518,65510,65486,0,18257
65518,65510,65486,0,18285
65518,65510,65486,0,18314
65518,65510,65486,0,18341
65518,65510,65486,0,18369
65518,65510,65486,0,18398
65518,65510,65485,0,18425
65518,65510,65485,0,18454
65518,65510,65485,0,18482
65518,65510,65486,0,18509
65518,65510,65486,0,18538
65518,65510,65485,0,18566
65518,65510,65485,0,18594
65518,65510,65485,0,18622
65518,65510,65486,0,18651
65518,65510,65486,0,18678
65518,65510,65486,0,18706
65518,65510,65486,0,18735
65518,65510,65486,0,18762
65518,65510,65486,0,18791
65518,65510,65486,0,18819
65518,65510,65486,0,18847
65518,65510,65486,0,18875
65518,65510,65486,0,18903
65518,65510,65486,0,18931
65518,65510,65486,0,18959
65518,65510,65486,0,18988
65518,65510,65486,0,19015
65518,65510,65486,0,19043
65518,65510,65486,0,19072
65518,65510,65486,0,19099
65518,65510,65486,0,19128
65518,65510,65486,0,19155
65518,65510,65486,0,19184
65518,65510,65486,0,19212
65518,65510,65486,0,19239
65518,65510,65486,0,19268
65518,65510,65486,0,19296
65518,65510,65486,0,19324
65518,65510,65486,0,19352
65518,65510,65486,0,19381
65518,65510,65486,0,19408
65518,65510,65486,0,19436
65518,65510,65486,0,19465
65518,65510,65486,0,19492
65518,65510,65486,0,19521
65518,65510,65486,0,19549
65518,65510,65485,0,19577
65518,65510,65485,0,19605
65518,65510,65485,0,19633
65518,65510,65486,0,19661
65518,65510,65486,0,19689
65518,65510,65486,0,19718
65518,65510,65486,0,19745
65518,65510,65486,0,19773
65518,65510,65486,0,19802
65518,65510,65486,0,19829
65518,65510,65486,0,19858
65518,65510,65486,0,19886
65518,65510,65486,0,19914
65518,65510,65486,0,19942
65518,65510,65486,0,19970
65518,65510,65486,0,19998
65518,65510,65486,0,20026
65518,65510,65486,0,20055
65518,65510,65486,0,20082
65518,65510,65486,0,20111
65518,65510,65486,0,20139
65518,65510,65486,0,20166
65518,65510,65486,0,20195
65518,65510,65486,0,20222
65518,65510,65486,0,20251
65518,65510,65485,0,20279
65518,65510,65485,0,20306
65518,65510,65486,0,20335
65518,65510,65486,0,20363
65518,65510,65486,0,20391
65518,65510,65485,0,20419
65518,65510,65485,0,20448
65518,65510,65486,0,20475
65518,65510,65486,0,20503
65518,65510,65485,0,20532
65518,65510,65485,0,20559
65518,65510,65485,0,20588
65518,65510,65486,0,20616
65518,65510,65486,0,20644
65518,65510,65486,0,20672
65518,65510,65486,0,20700
65518,65510,65486,0,20728
65518,65510,65486,0,20756
65518,65510,65486,0,20785
65518,65510,65486,0,20812
65518,65510,65486,0,20840
65518,65510,65486,0,20869
65518,65510,65486,0,20896
65518,65510,65486,0,20925
65518,65510,65486,0,20953
65518,65510,65486,0,20981
65518,65510,65485,0,21009
65518,65510,65485,0,21037
65518,65510,65485,0,21065
65518,65510,65486,0,21093
65518,65510,65486,0,21122
65518,65510,65486,0,21149
65518,65510,65486,0,21178
65518,65510,65486,0,21206
65518,65510,65486,0,21233
65518,65510,65486,0,21262
65518,65510,65486,0,21289
65518,65510,65486,0,21318
65518,65510,65486,0,21346
65518,65510,65486,0,21374
65518,65510,65486,0,21402
65518,65510,65486,0,21430
65518,65510,65486,0,21458
65518,65510,65485,0,21486
65518,65510,65485,0,21515
65518,65510,65485,0,21542
65518,65510,65486,0,21570
65518,65510,65486,0,21599
65518,65510,65486,0,21626
65518,65510,65486,0,21655
65518,65510,65486,0,21683
65518,65510,65486,0,21711
65518,65510,65486,0,21739
65518,65510,65486,0,21767
65518,65510,65486,0,21795
65518,65510,65486,0,21823
65518,65510,65486,0,21852
65518,65510,65486,0,21879
65518,65510,65486,0,21908
65518,65510,65486,0,21936
65518,65510,65486,0,21963
65518,65510,65486,0,21992
65518,65510,65486,0,22020
65518,65510,65486,0,22048
65518,65510,65486,0,22076
65518,65510,65486,0,22104
65518,65510,65486,0,22132
65518,65510,65486,0,22160
65518,65510,65486,0,22189
65518,65510,65486,0,22216
65518,65510,65486,0,22245
65518,65510,65486,0,22273
65518,65510,65486,0,22300
65518,65510,65485,0,22329
65518,65510,65485,0,22356
65518,65510,65486,0,22385
65518,65510,65486,0,22413
65518,65510,65486,0,22441
65518,65510,65486,0,22469
65518,65510,65486,0,22497
65518,65510,65486,0,22525
65518,65510,65486,0,22553
65518,65510,65486,0,22582
65518,65510,65486,0,22609
65518,65510,65486,0,22637
65518,65510,65486,0,22666
65518,65510,65486,0,22693
65518,65510,65486,0,22722
65518,65510,65486,0,22750
65518,65510,65486,0,22778
65518,65510,65486,0,22806
65518,65510,65486,0,22834
65518,65510,65486,0,22862
65518,65510,65486,0,22890
65518,65510,65486,0,22919
65518,65510,65486,0,22946
65518,65510,65486,0,22975
65518,65510,65486,0,23003
65518,65510,65486,0,23030
65518,65509,65486,0,23059
65518,65509,65486,0,23087
65518,65509,65486,0,23115
65518,65510,65486,0,23143
65518,65510,65486,0,23172
65518,65510,65486,0,23199
65518,65510,65486,0,23227
65518,65510,65486,0,23256
65518,65510,65485,0,23283
65518,65510,65485,0,23312
65518,65510,65486,0,23340
65518,65510,65486,0,23367
65518,65510,65486,0,23396
65518,65510,65486,0,23424
65518,65510,65486,0,23452
65518,65510,65486,0,23480
65518,65510,65486,0,23508
65518,65510,65486,0,23536
65518,65510,65486,0,23564
65518,65510,65486,0,23592
65518,65510,65486,0,23620
65518,65510,65486,0,23649
65518,65510,65486,0,23676
65518,65510,65486,0,23705
65518,65510,65486,0,23733
65518,65510,65486,0,23760
65518,65510,65486,0,23789
65518,65510,65485,0,23817
65518,65510,65485,0,23845
65518,65510,65486,0,23873
65518,65510,65486,0,23901
65518,65510,65486,0,23929
65518,65510,65485,0,23957
65518,65510,65485,0,23986
65518,65510,65486,0,24013
65518,65510,65486,0,24042
65518,65510,65486,0,24070
65518,65510,65486,0,24097
65518,65510,65486,0,24126
65518,65510,65485,0,24154
65518,65510,65485,0,24182
65518,65510,65485,0,24210
65518,65510,65486,0,24239
65518,65510,65486,0,24266
65518,65510,65486,0,24294
65518,65510,65486,0,24323
65518,65510,65486,0,24350
65518,65510,65486,0,24379
65518,65510,65486,0,24407
65518,65510,65486,0,24434
65518,65510,65486,0,24463
65518,65510,65486,0,24491
65518,65510,65486,0,24519
65518,65510,65486,0,24547
65518,65510,65486,0,24576
65518,65510,65486,0,24603
65518,65510,65486,0,24631
65518,65510,65486,0,24659
65518,65510,65486,0,24687
65518,65510,65486,0,24716
65518,65510,65486,0,24743
65518,65510,65485,0,24772
65518,65510,65485,0,24800
65518,65510,65486,0,24827
65518,65510,65486,0,24856
65518,65510,65486,0,24884
65518,65510,65486,0,24912
65518,65510,65486,0,24940
65518,65510,65486,0,24969
65518,65510,65486,0,24996
65518,65510,65486,0,25024
65518,65510,65486,0,25053
65518,65510,65486,0,25080
65518,65510,65486,0,25109
65518,65510,65486,0,25137
65518,65510,65486,0,25164
65518,65510,65486,0,25193
65518,65510,65486,0,25221
65518,65510,65486,0,25249
65518,65510,65486,0,25277
65518,65510,65486,0,25306
65518,65510,65486,0,25333
65518,65510,65486,0,25361
65518,65510,65486,0,25390
65518,65510,65486,0,25417
65518,65510,65485,0,25446
65518,65510,65485,0,25474
65518,65510,65485,0,25502
65518,65510,65485,0,25530
65518,65510,65485,0,25558
65518,65510,65486,0,25586
65518,65510,65486,0,25614
65518,65510,65486,0,25643
65518,65510,65486,0,25670
65518,65510,65486,0,25698
65518,65510,65486,0,25726
65518,65510,65486,0,25754
65518,65510,65486,0,25783
65518,65510,65486,0,25810
65518,65510,65486,0,25839
65518,65510,65486,0,25867
65518,65510,65486,0,25894
65518,65510,65486,0,25923
65518,65510,65486,0,25951
65518,65510,65486,0,25979
65518,65510,65486,0,26007
65518,65510,65486,0,26036
65518,65510,65486,0,26063
65518,65510,65486,0,26091
65518,65510,65486,0,26120
65518,65510,65486,0,26147
65518,65510,65486,0,26176
65518,65510,65486,0,26204
65518,65510,65486,0,26231
65518,65510,65486,0,26260
65518,65510,65486,0,26288
65518,65510,65486,0,26316
65518,65510,65486,0,26344
65518,65510,65486,0,26373
65518,65510,65486,0,26400
65518,65510,65486,0,26428
65518,65510,65486,0,26457
65518,65510,65486,0,26484
65518,65510,65486,0,26513
65518,65510,65486,0,26541
65518,65510,65486,0,26569
65518,65510,65486,0,26597
65518,65510,65486,0,26625
65518,65510,65486,0,26653
65518,65510,65486,0,26681
65518,65510,65486,0,26710
65518,65510,65486,0,26737
65518,65510,65486,0,26766
65518,65510,65486,0,26793
65518,65510,65486,0,26821
65518,65510,65486,0,26850
65518,65510,65486,0,26877
65518,65510,65486,0,26906
65518,65510,65486,0,26934
65518,65510,65486,0,26961
65518,65510,65486,0,26990
65518,65510,65486,0,27018
65518,65510,65486,0,27046
65518,65510,65486,0,27074
65518,65510,65486,0,27103
65518,65510,65486,0,27130
65518,65510,65486,0,27158
65518,65510,65486,0,27187
65518,65510,65486,0,27214
65518,65510,65486,0,27243
65518,65510,65486,0,27271
65518,65510,65485,0,27299
65518,65510,65485,0,27327
65518,65510,65486,0,27355
65518,65510,65486,0,27383
65518,65510,65486,0,27411
65518,65510,65486,0,27440
65518,65510,65486,0,27467
65518,65510,65485,0,27495
65518,65510,65485,0,27524
65518,65510,65485,0,27551
65518,65510,65486,0,27580
65518,65510,65486,0,27608
65518,65510,65486,0,27636
65518,65510,65486,0,27664
65518,65510,65486,0,27692
65518,65510,65486,0,27720
65518,65510,65486,0,27748
65518,65510,65486,0,27777
65518,65510,65486,0,27804
65518,65510,65486,0,27833
65518,65510,65486,0,27860
65518,65510,65486,0,27888
65518,65510,65486,0,27917
65518,65510,65486,0,27944
65518,65510,65486,0,27973
65518,65510,65486,0,28001
65518,65510,65486,0,28028
65518,65510,65486,0,28057
65518,65510,65486,0,28085
65518,65510,65486,0,28113
65518,65510,65486,0,28141
65518,65510,65486,0,28170
65518,65510,65486,0,28197
65518,65510,65486,0,28225
65518,65510,65486,0,28254
65518,65510,65486,0,28281
65518,65510,65486,0,28310
65518,65510,65486,0,28338
65518,65510,65486,0,28366
65518,65510,65486,0,28394
65518,65510,65486,0,28422
65518,65510,65486,0,28450
65518,65510,65486,0,28478
65518,65510,65486,0,28507
65518,65510,65486,0,28534
65518,65510,65486,0,28563
65518,65510,65485,0,28591
65518,65510,65485,0,28618
65518,65510,65486,0,28647
65518,65510,65486,0,28675
65518,65510,65486,0,28703
65518,65510,65486,0,28731
65518,65510,65486,0,28759
65518,65510,65486,0,28787
65518,65510,65486,0,28815
65518,65510,65486,0,28844
65518,65510,65486,0,28871
65518,65510,65486,0,28900
65518,65510,65486,0,28928
65518,65510,65486,0,28955
65518,65510,65486,0,28984
65518,65510,65486,0,29011
65518,65510,65486,0,29040
65518,65510,65486,0,29068
65518,65510,65486,0,29096
65518,65510,65486,0,29124
65518,65510,65486,0,29152
65518,65510,65486,0,29180
65518,65510,65486,0,29208
65518,65510,65486,0,29237
65518,65510,65486,0,29264
65518,65510,65486,0,29292
65518,65510,65486,0,29321
65518,65510,65486,0,29348
65518,65510,65486,0,29377
65518,65510,65486,0,29405
65518,65510,65486,0,29433
65518,65510,65486,0,29461
65518,65510,65486,0,29489
65518,65510,65486,0,29517
65518,65510,65486,0,29545
65518,65510,65486,0,29574
65518,65510,65486,0,29601
65518,65510,65486,0,29630
65518,65510,65486,0,29658
65518,65510,65486,0,29685
65518,65510,65486,0,29714
65518,65510,65486,0,29742
65518,65510,65486,0,29770
65518,65510,65486,0,29798
65518,65510,65486,0,29826
65518,65510,65486,0,29854
65518,65510,65486,0,29882
65518,65510,65486,0,29911
65518,65510,65486,0,29938
65518,65510,65486,0,29967
65518,65510,65486,0,29995
65518,65510,65486,0,30022
65518,65510,65486,0,30051
65518,65510,65486,0,30078
65518,65510,65486,0,30107
65518,65510,65486,0,30135
65518,65510,65486,0,30163
65518,65510,65486,0,30191
65518,65510,65486,0,30219
65518,65510,65486,0,30247
65518,65510,65486,0,30275
65518,65510,65486,0,30304
65518,65510,65486,0,30331
65518,65510,65486,0,30360
65518,65510,65486,0,30388
65518,65510,65486,0,30415
65518,65510,65485,0,30444
65518,65510,65485,0,30472
65518,65510,65486,0,30500
65518,65510,65486,0,30528
65518,65510,65486,0,30556
65518,65510,65486,0,30584
65518,65510,65486,0,30612
65518,65510,65486,0,30641
65518,65510,65486,0,30668
65518,65510,65486,0,30697
65518,65510,65486,0,30725
65518,65510,65486,0,30752
65518,65510,65486,0,30781
65518,65510,65486,0,30809
65518,65510,65486,0,30837
65518,65510,65486,0,30865
65518,65510,65486,0,30894
65518,65510,65486,0,30921
65518,65510,65486,0,30949
65518,65510,65486,0,30978
65518,65510,65486,0,31005
65518,65510,65486,0,31034
65518,65510,65486,0,31062
65518,65510,65486,0,31089
65518,65510,65486,0,31118
65518,65510,65486,0,31145
65518,65510,65486,0,31174
65518,65510,65486,0,31202
65518,65510,65486,0,31230
65518,65510,65486,0,31258
65518,65510,65486,0,31286
65518,65510,65486,0,31314
65518,65510,65486,0,31342
65518,65510,65486,0,31371
65518,65510,65486,0,31398
65518,65510,65486,0,31427
65518,65510,65486,0,31455
65518,65510,65486,0,31482
65518,65510,65486,0,31511
65518,65510,65486,0,31539
65518,65510,65486,0,31567
65518,65510,65486,0,31595
65518,65510,65486,0,31623
65518,65510,65486,0,31651
65518,65510,65486,0,31679
65518,65510,65486,0,31708
65518,65510,65486,0,31735
65518,65510,65486,0,31764
65518,65510,65486,0,31792
65518,65510,65486,0,31819
65518,65510,65486,0,31848
65518,65510,65486,0,31876
65518,65510,65486,0,31904
65518,65510,65486,0,31932
65518,65510,65486,0,31961
65518,65510,65486,0,31988
65518,65510,65486,0,32016
65518,65510,65486,0,32045
65518,65510,65486,0,32072
65518,65510,65486,0,32101
65518,65510,65486,0,32129
65518,65510,65486,0,32157
65518,65510,65486,0,32185
65518,65510,65486,0,32212
65518,65510,65486,0,32241
65518,65510,65486,0,32269
65518,65510,65486,0,32297
65518,65510,65486,0,32325
65518,65510,65486,0,32353
65518,65510,65486,0,32381
65518,65510,65486,0,32409
65518,65510,65486,0,32438
65518,65510,65486,0,32465
65518,65510,65486,0,32494
65518,65510,65486,0,32522
65518,65510,65486,0,32549
65518,65510,65486,0,32578
65518,65510,65486,0,32606
65518,65510,65486,0,32634
65518,65510,65486,0,32662
65518,65510,65486,0,32691
65518,65510,65486,0,32718
65518,65510,65486,0,32746
65518,65510,65486,0,32775
65518,65510,65486,0,32802
65518,65510,65486,0,32831
65518,65510,65486,0,32859
65518,65510,65486,0,32886
65518,65510,65486,0,32915
65518,65510,65486,0,32943
65518,65510,65486,0,32971
65518,65510,65486,0,32999
65518,65510,65486,0,33028
65518,65510,65486,0,33055
65518,65510,65486,0,33083
65518,65510,65486,0,33112
65518,65510,65486,0,33139
65518,65510,65486,0,33168
65518,65510,65486,0,33196
65518,65510,65486,0,33224
65518,65510,65486,0,33252
65518,65510,65486,0,33280
65518,65510,65486,0,33308
65518,65510,65486,0,33336
65518,65510,65486,0,33364
65518,65510,65486,0,33392
65518,65510,65486,0,33420
65518,65510,65486,0,33448
65518,65510,65486,0,33476
65518,65510,65486,0,33505
65518,65510,65486,0,33532
65518,65510,65486,0,33561
65518,65510,65486,0,33589
65518,65510,65486,0,33616
65518,65510,65486,0,33645
65518,65510,65486,0,33673
65518,65510,65486,0,33701
65518,65510,65486,0,33729
65518,65510,65485,0,33758
65518,65510,65485,0,33785
65518,65510,65485,0,33813
65518,65510,65486,0,33842
65518,65510,65486,0,33869
65518,65510,65486,0,33898
65518,65510,65486,0,33926
65518,65510,65486,0,33954
65518,65510,65486,0,33982
65518,65510,65486,0,34010
65518,65510,65486,0,34038
65518,65510,65486,0,34066
65518,65510,65486,0,34095
65518,65510,65486,0,34122
65518,65510,65486,0,34150
65518,65510,65486,0,34179
65518,65510,65486,0,34206
65518,65510,65486,0,34235
65518,65510,65486,0,34263
65518,65510,65486,0,34291
65518,65510,65486,0,34319
65518,65510,65486,0,34347
65518,65510,65486,0,34375
65518,65510,65486,0,34403
65518,65510,65486,0,34432
65518,65510,65486,0,34459
65518,65510,65486,0,34488
65518,65510,65486,0,34515
65518,65510,65486,0,34543
65518,65510,65486,0,34572
65518,65510,65486,0,34599
65518,65510,65486,0,34628
65518,65510,65486,0,34656
65518,65510,65486,0,34683
65518,65510,65486,0,34712
65518,65510,65486,0,34740
65518,65510,65486,0,34768
65518,65510,65486,0,34796
65518,65510,65486,0,34825
65518,65510,65486,0,34852
65518,65510,65486,0,34880
65518,65510,65486,0,34909
65518,65510,65486,0,34936
65518,65510,65486,0,34965
65518,65510,65486,0,34993
65518,65510,65486,0,35021
65518,65510,65486,0,35049
65518,65510,65486,0,35077
65518,65510,65486,0,35105
65518,65510,65486,0,35133
65518,65510,65486,0,35162
65518,65510,65486,0,35189
65518,65510,65486,0,35217
65518,65510,65486,0,35246
65518,65510,65486,0,35273
65518,65510,65486,0,35302
65518,65510,65486,0,35330
65518,65510,65486,0,35358
65518,65510,65486,0,35386
65518,65510,65486,0,35414
65518,65510,65486,0,35442
65518,65510,65486,0,35470
65518,65510,65486,0,35499
65518,65510,65486,0,35526
65518,65510,65486,0,35555
65518,65510,65486,0,35582
65518,65510,65486,0,35610
65518,65510,65486,0,35639
65518,65510,65486,0,35666
65518,65510,65486,0,35695
65518,65510,65486,0,35723
65518,65510,65486,0,35751
65518,65510,65486,0,35779
65518,65510,65486,0,35807
65518,65510,65486,0,35835
65518,65510,65486,0,35863
65518,65510,65486,0,35892
65518,65510,65486,0,35919
65518,65510,65486,0,35947
65518,65510,65486,0,35976
65518,65510,65486,0,36003
65518,65510,65486,0,36032
65518,65510,65486,0,36060
65518,65510,65486,0,36088
65518,65510,65486,0,36116
65518,65510,65486,0,36144
65518,65510,65486,0,36172
65518,65510,65486,0,36200
65518,65510,65486,0,36229
65518,65510,65486,0,36256
65518,65510,65486,0,36285
65518,65510,65486,0,36313
65518,65510,65486,0,36340
65518,65510,65486,0,36369
65518,65510,65486,0,36397
65518,65510,65486,0,36425
65518,65510,65486,0,36453
65518,65510,65486,0,36481
65518,65510,65486,0,36509
65518,65510,65486,0,36537
65518,65510,65486,0,36566
65518,65510,65486,0,36593
65518,65510,65486,0,36622
65518,65510,65486,0,36649
65518,65510,65486,0,36677
65518,65510,65486,0,36706
65518,65510,65486,0,36733
65518,65510,65486,0,36762
65518,65510,65486,0,36790
65518,65510,65486,0,36818
65518,65510,65486,0,36846
65518,65510,65486,0,36874
65518,65510,65486,0,36902
65518,65510,65486,0,36930
65518,65510,65486,0,36959
65518,65510,65486,0,36986
65518,65510,65486,0,37014
65518,65510,65486,0,37043
65518,65510,65486,0,37070
65518,65510,65486,0,37099
65518,65510,65486,0,37127
65518,65510,65486,0,37155
65518,65510,65487,0,37183
65518,65510,65487,0,37211
65518,65510,65487,0,37239
65518,65510,65487,0,37267
65518,65510,65487,0,37296
65518,65510,65487,0,37323
65518,65510,65487,0,37352
65518,65510,65487,0,37380
65518,65510,65487,0,37407
65518,65510,65487,0,37436
65518,65510,65487,0,37464
65518,65510,65487,0,37492
65518,65510,65487,0,37520
65518,65510,65487,0,37549
65518,65510,65487,0,37576
65518,65510,65487,0,37604
65518,65510,65487,0,37633
65518,65510,65487,0,37660
65518,65510,65487,0,37689
65518,65510,65487,0,37716
65518,65510,65487,0,37744
65518,65510,65487,0,37773
65518,65510,65487,0,37800
65518,65510,65487,0,37829
65518,65510,65487,0,37857
65518,65510,65487,0,37885
65518,65510,65487,0,37913
65518,65510,65487,0,37941
65518,65510,65487,0,37969
65518,65510,65487,0,37997
65518,65510,65487,0,38026
65519,65510,65487,0,38053
65519,65510,65487,0,38082
65519,65510,65487,0,38110
65518,65510,65487,0,38137
65518,65510,65487,0,38166
65519,65510,65487,0,38194
65519,65510,65487,0,38222
65519,65510,65487,0,38250
65519,65510,65488,0,38278
65519,65510,65488,0,38306
65518,65510,65488,0,38334
65518,65510,65488,0,38363
65518,65510,65488,0,38390
65518,65510,65488,0,38419
65518,65510,65488,0,38447
65518,65510,65488,0,38474
65518,65510,65488,0,38503
65518,65510,65488,0,38531
65518,65510,65488,0,38559
65518,65510,65488,0,38587
65518,65511,65488,0,38616
65518,65511,65488,0,38643
65518,65510,65488,0,38671
65518,65510,65488,0,38700
65518,65510,65488,0,38727
65518,65510,65488,0,38756
65518,65510,65488,0,38784
65518,65510,65488,0,38811
65518,65510,65488,0,38840
65518,65510,65488,0,38867
65518,65511,65488,0,38896
65518,65511,65488,0,38924
65518,65510,65488,0,38952
65518,65510,65488,0,38980
65518,65510,65488,0,39008
65518,65510,65488,0,39036
65518,65510,65488,0,39064
65518,65510,65488,0,39093
65518,65510,65488,0,39120
65518,65511,65488,0,39149
65518,65511,65488,0,39177
65518,65511,65488,0,39204
65518,65511,65488,0,39233
65518,65511,65488,0,39261
65518,65510,65488,0,39289
65518,65510,65488,0,39317
65518,65510,65488,0,39346
65518,65510,65488,0,39373
65518,65510,65488,0,39401
65518,65511,65489,0,39430
65518,65511,65489,0,39457
65518,65510,65488,0,39486
65518,65510,65488,0,39514
65518,65510,65488,0,39541
65518,65510,65488,0,39570
65518,65510,65488,0,39598
65518,65510,65488,0,39626
65518,65510,65488,0,39654
65518,65510,65488,0,39683
65518,65510,65488,0,39710
65518,65510,65488,0,39738
65518,65511,65489,0,39767
65518,65511,65489,0,39794
65518,65511,65489,0,39823
65518,65511,65489,0,39851
65518,65511,65489,0,39879
65518,65511,65488,0,39907
65518,65511,65488,0,39934
65518,65510,65489,0,39963
65518,65510,65489,0,39991
65518,65510,65489,0,40019
65518,65510,65488,0,40047
65518,65510,65488,0,40075
65518,65510,65489,0,40103
65518,65510,65489,0,40131
65518,65510,65489,0,40160
65518,65511,65488,0,40187
65518,65511,65488,0,40216
65518,65510,65489,0,40244
65518,65510,65489,0,40271
65518,65510,65489,0,40300
65518,65511,65489,0,40328
65518,65511,65489,0,40356
65518,65511,65489,0,40384
65518,65511,65489,0,40413
65518,65511,65489,0,40440
65518,65511,65489,0,40468
65518,65511,65489,0,40497
65518,65511,65489,0,40524
65518,65511,65489,0,40553
65518,65511,65489,0,40581
65518,65511,65489,0,40608
65518,65511,65489,0,40637
65518,65510,65489,0,40665
65518,65510,65489,0,40693
65518,65511,65488,0,40721
65518,65511,65488,0,40750
65518,65511,65488,0,40777
65518,65511,65488,0,40805
65518,65511,65488,0,40834
65518,65511,65489,0,40861
65518,65511,65489,0,40890
65518,65510,65489,0,40918
65518,65510,65489,0,40946
65518,65510,65489,0,40974
65518,65511,65489,0,41001
65518,65511,65489,0,41030
65518,65511,65488,0,41058
65518,65511,65488,0,41086
65518,65511,65488,0,41114
65518,65511,65489,0,41143
65518,65511,65489,0,41170
65518,65511,65489,0,41198
65518,65511,65489,0,41227
65518,65511,65489,0,41254
65518,65511,65489,0,41283
65518,65511,65489,0,41311
65518,65511,65489,0,41338
65518,65511,65489,0,41367
65518,65511,65489,0,41395
65518,65511,65489,0,41423
65518,65511,65489,0,41451
65518,65511,65488,0,41480
65518,65511,65488,0,41507
65518,65511,65488,0,41535
65518,65511,65488,0,41564
65518,65511,65488,0,41591
65518,65511,65489,0,41620
65518,65511,65489,0,41648
65518,65511,65488,0,41676
65518,65511,65488,0,41704
65518,65511,65488,0,41732
65518,65511,65489,0,41760
65518,65511,65489,0,41788
65518,65510,65489,0,41817
65518,65510,65489,0,41844
65518,65511,65489,0,41872
65518,65511,65489,0,41901
65518,65511,65489,0,41928
65518,65511,65489,0,41957
65518,65511,65489,0,41985
65518,65511,65488,0,42013
65518,65511,65488,0,42041
65518,65511,65488,0,42068
65518,65510,65488,0,42097
65518,65510,65488,0,42125
65518,65511,65489,0,42153
65518,65511,65489,0,42181
65518,65511,65489,0,42210
65518,65511,65489,0,42237
65518,65511,65489,0,42265
65518,65511,65489,0,42294
65518,65511,65489,0,42321
65518,65511,65489,0,42350
65518,65511,65489,0,42378
65518,65511,65489,0,42405
65518,65511,65488,0,42434
65518,65511,65488,0,42462
65518,65511,65488,0,42490
65518,65511,65488,0,42518
65518,65511,65488,0,42547
65518,65511,65489,0,42574
65518,65511,65489,0,42602
65518,65511,65489,0,42631
65518,65511,65489,0,42658
65518,65511,65489,0,42687
65518,65511,65489,0,42715
65518,65511,65489,0,42743
65518,65511,65489,0,42771
65518,65511,65489,0,42799
65518,65511,65489,0,42827
65518,65511,65489,0,42855
65518,65511,65489,0,42884
65518,65511,65489,0,42911
65518,65511,65489,0,42940
65518,65511,65489,0,42968
65518,65511,65489,0,42995
65518,65511,65489,0,43024
65518,65511,65489,0,43052
65518,65511,65489,0,43080
65518,65511,65489,0,43108
65518,65511,65489,0,43136
65518,65511,65489,0,43164
65518,65511,65489,0,43192
65518,65511,65489,0,43220
65518,65511,65489,0,43248
65518,65511,65489,0,43277
65519,65511,65489,0,43304
65519,65511,65489,0,43332
65519,65511,65489,0,43361
65518,65512,65489,0,43388
65518,65512,65489,0,43417
65519,65511,65489,0,43445
65519,65511,65489,0,43473
65519,65511,65489,0,43501
65519,65512,65489,0,43529
65519,65512,65489,0,43557
65519,65512,65489,0,43585
65519,65512,65489,0,43614
65519,65512,65489,0,43641
65519,65511,65489,0,43669
65519,65511,65489,0,43698
65519,65512,65489,0,43725
65519,65512,65489,0,43754
65519,65512,65489,0,43782
65519,65512,65489,0,43810
65519,65512,65489,0,43838
65519,65512,65489,0,43866
65519,65512,65489,0,43894
65519,65512,65489,0,43922
65519,65512,65489,0,43951
65519,65512,65489,0,43978
65520,65512,65489,0,44007
65520,65512,65489,0,44035
65520,65512,65489,0,44062
65520,65512,65489,0,44091
65520,65512,65489,0,44119
65520,65512,65489,0,44147
65520,65512,65489,0,44175
65520,65512,65489,0,44203
65520,65512,65489,0,44231
65521,65512,65489,0,44259
65521,65512,65489,0,44288
65521,65512,65489,0,44315
65521,65512,65489,0,44344
65521,65512,65489,0,44371
65521,65512,65489,0,44399
65521,65512,65489,0,44428
65521,65512,65489,0,44455
65521,65511,65489,0,44484
65521,65511,65489,0,44512
65521,65511,65489,0,44540
65521,65511,65489,0,44568
65521,65511,65489,0,44596
65521,65511,65489,0,44624
65521,65511,65489,0,44652
65521,65511,65489,0,44681
65521,65511,65489,0,44708
65521,65511,65488,0,44737
65521,65511,65488,0,44765
65521,65511,65488,0,44792
65521,65510,65489,0,44821
65521,65510,65489,0,44849
65521,65511,65488,0,44877
65521,65511,65488,0,44905
65521,65511,65488,0,44933
65521,65511,65489,0,44961
65521,65511,65489,0,44989
65521,65511,65488,0,45018
65521,65511,65488,0,45045
65521,65511,65488,0,45074
65521,65511,65489,0,45102
65521,65511,65489,0,45129
65521,65510,65489,0,45158
65521,65510,65489,0,45186
65521,65510,65489,0,45214
65521,65510,65489,0,45242
65521,65510,65489,0,45271
65521,65510,65489,0,45298
65521,65510,65489,0,45326
65521,65511,65489,0,45355
65521,65511,65489,0,45382
65521,65511,65489,0,45411
65521,65511,65489,0,45438
65521,65511,65489,0,45466
65521,65511,65488,0,45495
65521,65511,65488,0,45522
65521,65511,65488,0,45551
65521,65511,65488,0,45579
65521,65511,65488,0,45607
65521,65511,65489,0,45635
65521,65511,65489,0,45663
65521,65511,65488,0,45691
65521,65511,65488,0,45719
65521,65511,65488,0,45748
65521,65511,65488,0,45775
65521,65511,65488,0,45804
65521,65511,65489,0,45832
65521,65511,65489,0,45859
65521,65511,65489,0,45888
65521,65512,65489,0,45916
65521,65512,65489,0,45944
65521,65512,65488,0,45972
65521,65512,65488,0,46000
65521,65512,65488,0,46028
65521,65512,65488,0,46056
65521,65512,65488,0,46085
65521,65512,65488,0,46112
65521,65512,65488,0,46141
65521,65512,65488,0,46169
65521,65512,65488,0,46196
65521,65512,65488,0,46225
65522,65512,65488,0,46253
65522,65512,65488,0,46281
65522,65512,65487,0,46309
65522,65512,65487,0,46338
65522,65512,65487,0,46365
65522,65512,65487,0,46393
65522,65512,65487,0,46422
65523,65511,65487,0,46449
65523,65511,65487,0,46478
65523,65511,65487,0,46505
65523,65511,65487,0,46534
65523,65511,65487,0,46562
65523,65510,65486,0,46589
65523,65510,65486,0,46618
65523,65509,65487,0,46646
65523,65509,65487,0,46674
65523,65509,65487,0,46702
65523,65509,65487,0,46730
65523,65509,65487,0,46758
65522,65509,65487,0,46786
65522,65509,65487,0,46815
65522,65509,65487,0,46842
65522,65509,65487,0,46871
65522,65509,65487,0,46899
65521,65508,65487,0,46926
65521,65508,65487,0,46955
65521,65508,65487,0,46983
65521,65508,65487,0,47011
65521,65508,65487,0,47039
65520,65509,65486,0,47068
65520,65509,65486,0,47095
65520,65508,65487,0,47123
65520,65508,65487,0,47152
65520,65508,65487,0,47179
65520,65509,65487,0,47208
65520,65509,65487,0,47236
65519,65509,65487,0,47263
65519,65509,65487,0,47292
65519,65509,65487,0,47320
65519,65509,65487,0,47348
65519,65509,65487,0,47376
65519,65509,65487,0,47405
65519,65509,65487,0,47432
65519,65509,65486,0,47460
65519,65509,65486,0,47489
65519,65509,65486,0,47516
65519,65509,65486,0,47545
65519,65509,65486,0,47572
65518,65509,65486,0,47601
65518,65509,65486,0,47629
65518,65509,65486,0,47656
65519,65509,65486,0,47685
65519,65509,65486,0,47713
65518,65509,65486,0,47741
65518,65509,65486,0,47769
65518,65509,65486,0,47797
65518,65510,65486,0,47825
65518,65510,65486,0,47853
65518,65509,65486,0,47882
65518,65509,65486,0,47909
65518,65509,65486,0,47938
65518,65509,65486,0,47966
65518,65509,65486,0,47993
65518,65510,65486,0,48022
65518,65510,65486,0,48050
65518,65509,65486,0,48078
65518,65509,65486,0,48106
65518,65509,65486,0,48135
65518,65510,65486,0,48162
65518,65510,65486,0,48190
65518,65510,65486,0,48219
65518,65510,65486,0,48246
65518,65510,65486,0,48275
65518,65510,65486,0,48303
65518,65510,65486,0,48331
65518,65510,65486,0,48359
65518,65510,65486,0,48387
65518,65510,65486,0,48415
65518,65510,65486,0,48443
65518,65510,65486,0,48472
65518,65510,65486,0,48499
65518,65510,65486,0,48527
65518,65510,65486,0,48556
65518,65510,65486,0,48583
65518,65510,65486,0,48612
65518,65509,65486,0,48640
65518,65509,65486,0,48668
65518,65510,65486,0,48696
65518,65510,65486,0,48723
65518,65510,65486,0,48752
65518,65510,65486,0,48780
65518,65510,65486,0,48808
65518,65510,65486,0,48836
65518,65510,65486,0,48865
65518,65510,65485,0,48892
65518,65510,65485,0,48920
65518,65510,65485,0,48949
65518,65510,65486,0,48976
65518,65510,65486,0,49005
65518,65510,65486,0,49033
65518,65510,65486,0,49060
65518,65510,65486,0,49089
65518,65510,65486,0,49117
65518,65510,65486,0,49145
65518,65510,65486,0,49173
65518,65510,65486,0,49202
65518,65510,65486,0,49229
65518,65510,65486,0,49257
65518,65510,65486,0,49286
65518,65510,65486,0,49313
65518,65510,65486,0,49342
65518,65510,65485,0,49370
65518,65510,65485,0,49398
65518,65510,65485,0,49426
65518,65510,65486,0,49454
65518,65510,65486,0,49482
65518,65510,65486,0,49510
65518,65510,65486,0,49539
65518,65510,65486,0,49566
65518,65510,65486,0,49594
65518,65510,65486,0,49623
65518,65509,65486,0,49650
65518,65509,65486,0,49679
65518,65509,65486,0,49707
65518,65510,65486,0,49735
65518,65510,65486,0,49763
65518,65510,65486,0,49790
65518,65510,65486,0,49819
65518,65510,65485,0,49847
65518,65510,65485,0,49875
65518,65510,65485,0,49903
65518,65510,65486,0,49932
65518,65510,65486,0,49959
65518,65509,65486,0,49987
65518,65509,65486,0,50016
65518,65509,65486,0,50043
65518,65510,65486,0,50072
65518,65510,65486,0,50100
65518,65510,65486,0,50128
65518,65510,65486,0,50156
65518,65510,65486,0,50184
65518,65510,65486,0,50212
65518,65510,65486,0,50240
65518,65510,65486,0,50269
65518,65510,65486,0,50296
65518,65510,65486,0,50324
65518,65510,65486,0,50353
65518,65510,65486,0,50380
65518,65510,65486,0,50409
65518,65510,65486,0,50437
65518,65509,65486,0,50465
65518,65509,65486,0,50493
65518,65509,65486,0,50521
65518,65510,65486,0,50549
65518,65510,65486,0,50577
65518,65510,65486,0,50606
65518,65510,65486,0,50633
65518,65510,65486,0,50662
65518,65510,65486,0,50690
65518,65510,65486,0,50717
65518,65510,65486,0,50746
65518,65510,65486,0,50774
65518,65510,65486,0,50802
65518,65510,65486,0,50830
65518,65510,65486,0,50857
65518,65510,65486,0,50886
65518,65510,65486,0,50914
65518,65510,65486,0,50942
65518,65510,65486,0,50970
65518,65510,65486,0,50999
65518,65510,65486,0,51026
65518,65510,65486,0,51054
65518,65510,65486,0,51083
65518,65510,65486,0,51110
65518,65510,65486,0,51139
65518,65510,65486,0,51167
65518,65510,65486,0,51195
65518,65510,65486,0,51223
65518,65510,65486,0,51251
65518,65510,65486,0,51279
65518,65510,65486,0,51307
65518,65510,65486,0,51336
65518,65510,65486,0,51363
65518,65510,65486,0,51391
65518,65510,65486,0,51420
65518,65510,65486,0,51447
65518,65510,65486,0,51476
65518,65510,65486,0,51504
65518,65510,65486,0,51532
65518,65510,65486,0,51560
65518,65510,65486,0,51588
65518,65510,65486,0,51616
65518,65509,65486,0,51644
65518,65509,65486,0,51673
65518,65510,65486,0,51700
65518,65510,65486,0,51729
65518,65510,65486,0,51757
65518,65510,65486,0,51784
65518,65510,65486,0,51813
65518,65510,65486,0,51841
65518,65510,65486,0,51869
65518,65510,65486,0,51897
65518,65510,65486,0,51926
65518,65510,65486,0,51953
65518,65510,65486,0,51981
65518,65510,65486,0,52009
65518,65510,65486,0,52037
65518,65510,65486,0,52066
65518,65510,65486,0,52093
65518,65510,65486,0,52121
65518,65510,65486,0,52150
65518,65510,65486,0,52177
65518,65510,65486,0,52206
65518,65510,65485,0,52234
65518,65510,65485,0,52262
65518,65510,65485,0,52290
65518,65510,65486,0,52318
65518,65510,65486,0,52346
65518,65510,65486,0,52374
65518,65510,65486,0,52403
65518,65510,65486,0,52430
65518,65510,65486,0,52459
65518,65510,65486,0,52487
65518,65510,65486,0,52514
65518,65510,65486,0,52543
65518,65510,65486,0,52571
65518,65510,65486,0,52599
65518,65510,65486,0,52627
65518,65510,65486,0,52655
65518,65510,65486,0,52683
65518,65510,65486,0,52711
65518,65510,65486,0,52740
65518,65510,65486,0,52767
65518,65510,65486,0,52796
65518,65510,65486,0,52824
65518,65510,65486,0,52851
65518,65510,65486,0,52880
65518,65510,65486,0,52908
65518,65510,65486,0,52936
65518,65510,65486,0,52964
65518,65510,65486,0,52993
65518,65510,65486,0,53020
65518,65510,65486,0,53048
65518,65510,65486,0,53076
65518,65510,65486,0,53104
65518,65510,65486,0,53133
65518,65510,65486,0,53160
65518,65510,65486,0,53188
65518,65510,65486,0,53217
65518,65510,65486,0,53244
65518,65510,65486,0,53273
65518,65510,65486,0,53301
65518,65510,65486,0,53329
65518,65510,65486,0,53357
65518,65510,65486,0,53385
65518,65510,65486,0,53413
65518,65510,65486,0,53441
65518,65510,65486,0,53470
65518,65510,65486,0,53497
65518,65510,65486,0,53526
65518,65510,65486,0,53554
65518,65510,65486,0,53581
65518,65510,65486,0,53610
65518,65510,65486,0,53638
65518,65510,65485,0,53666
65518,65510,65485,0,53694
65518,65510,65485,0,53723
65518,65510,65486,0,53750
65518,65510,65486,0,53778
65518,65510,65486,0,53807
65518,65510,65486,0,53834
65518,65510,65486,0,53863
65518,65510,65486,0,53891
65518,65510,65486,0,53918
65518,65510,65486,0,53947
65518,65510,65486,0,53975
65518,65510,65486,0,54003
65518,65510,65486,0,54031
65518,65510,65486,0,54060
65518,65510,65486,0,54087
65518,65510,65486,0,54115
65518,65510,65486,0,54144
65518,65510,65486,0,54171
65518,65510,65486,0,54200
65518,65510,65486,0,54227
65518,65510,65486,0,54256
65518,65510,65486,0,54284
65518,65510,65486,0,54311
65518,65510,65486,0,54340
65518,65510,65486,0,54368
65518,65510,65486,0,54396
65518,65509,65486,0,54424
65518,65509,65486,0,54452
65518,65509,65486,0,54480
65518,65510,65486,0,54508
65518,65510,65486,0,54537
65518,65510,65486,0,54564
65518,65510,65486,0,54593
65518,65510,65486,0,54621
65518,65510,65486,0,54648
65518,65510,65486,0,54677
65518,65510,65486,0,54705
65518,65510,65486,0,54733
65518,65510,65486,0,54761
65518,65510,65486,0,54790
65518,65510,65486,0,54817
65518,65510,65486,0,54845
65518,65510,65486,0,54874
65518,65510,65486,0,54901
65518,65510,65486,0,54930
65518,65510,65486,0,54958
65518,65510,65486,0,54985
65518,65510,65486,0,55014
65518,65510,65486,0,55042
65518,65510,65486,0,55070
65518,65510,65486,0,55098
65518,65510,65486,0,55127
65518,65510,65486,0,55154
65518,65510,65486,0,55182
65518,65510,65486,0,55211
65518,65510,65486,0,55238
65518,65510,65486,0,55267
65518,65510,65486,0,55294
65518,65510,65486,0,55323
65518,65510,65486,0,55351
65518,65510,65486,0,55378
65518,65510,65486,0,55407
65518,65510,65486,0,55435
65518,65510,65486,0,55463
65518,65510,65486,0,55491
65518,65510,65486,0,55520
65518,65510,65486,0,55547
65518,65510,65486,0,55575
65518,65510,65486,0,55604
65518,65510,65486,0,55631
65518,65510,65486,0,55660
65518,65510,65486,0,55688
65518,65510,65486,0,55715
65518,65510,65486,0,55744
65518,65510,65486,0,55772
65518,65509,65486,0,55800
65518,65509,65486,0,55828
65518,65510,65486,0,55857
65518,65510,65486,0,55884
65518,65510,65486,0,55912
65518,65510,65486,0,55941
65518,65510,65486,0,55968
65518,65510,65486,0,55997
65518,65510,65486,0,56025
65518,65510,65486,0,56053
65518,65510,65486,0,56081
65518,65510,65486,0,56109
65518,65510,65486,0,56137
65518,65510,65486,0,56165
65518,65510,65486,0,56194
65518,65510,65486,0,56221
65518,65510,65486,0,56249
65518,65510,65486,0,56278
65518,65510,65486,0,56305
65518,65510,65486,0,56334
65518,65510,65486,0,56361
65518,65510,65486,0,56390
65518,65510,65486,0,56418
65518,65510,65486,0,56445
65518,65510,65485,0,56474
65518,65510,65485,0,56502
65518,65510,65485,0,56530
65518,65510,65485,0,56558
65518,65510,65485,0,56587
65518,65510,65486,0,56614
65518,65510,65486,0,56642
65518,65510,65486,0,56671
65518,65510,65486,0,56698
65518,65510,65486,0,56727
65518,65510,65486,0,56755
65518,65510,65486,0,56782
65518,65510,65486,0,56811
65518,65510,65486,0,56839
65518,65510,65486,0,56867
65518,65510,65486,0,56895
65518,65510,65486,0,56924
65518,65510,65486,0,56951
65518,65510,65486,0,56979
65518,65510,65486,0,57008
65518,65510,65486,0,57035
65518,65510,65486,0,57064
65518,65510,65486,0,57092
65518,65510,65486,0,57120
65518,65510,65486,0,57148
65518,65510,65486,0,57176
65518,65510,65486,0,57204
65518,65510,65486,0,57232
65518,65510,65486,0,57261
65518,65510,65486,0,57288
65518,65510,65486,0,57317
65518,65510,65486,0,57345
65518,65510,65486,0,57372
65518,65510,65486,0,57401
65518,65510,65486,0,57428
65518,65510,65486,0,57457
65518,65510,65486,0,57485
65518,65510,65486,0,57512
65518,65510,65486,0,57541
65518,65510,65486,0,57569
65518,65510,65486,0,57597
65518,65510,65486,0,57625
65518,65510,65486,0,57654
65518,65510,65486,0,57681
65518,65510,65486,0,57709
65518,65510,65486,0,57738
65518,65510,65486,0,57765
65518,65510,65486,0,57794
65518,65510,65486,0,57822
65518,65510,65486,0,57850
65518,65510,65486,0,57878
65518,65510,65486,0,57906
65518,65510,65486,0,57934
65518,65510,65486,0,57962
65518,65510,65486,0,57991
65518,65510,65486,0,58018
65518,65510,65486,0,58046
65518,65510,65486,0,58075
65518,65510,65486,0,58102
65518,65510,65486,0,58131
65518,65510,65486,0,58159
65518,65510,65486,0,58187
65518,65510,65486,0,58215
65518,65510,65486,0,58243
65518,65510,65486,0,58271
65518,65510,65486,0,58299
65518,65510,65486,0,58328
65518,65510,65486,0,58355
65518,65510,65486,0,58384
65518,65510,65486,0,58412
65518,65510,65486,0,58439
65518,65510,65486,0,58468
65518,65510,65486,0,58496
65518,65510,65486,0,58524
65518,65510,65486,0,58552
65518,65510,65486,0,58579
65518,65510,65486,0,58608
65518,65510,65486,0,58636
65518,65510,65486,0,58664
65518,65510,65486,0,58692
65518,65510,65486,0,58721
65518,65510,65486,0,58748
65518,65510,65486,0,58776
65518,65510,65486,0,58805
65518,65510,65486,0,58832
65518,65510,65486,0,58861
65518,65510,65486,0,58889
65518,65510,65486,0,58917
65518,65510,65486,0,58945
65518,65510,65486,0,58973
65518,65510,65486,0,59001
65518,65510,65486,0,59029
65518,65510,65486,0,59058
65518,65510,65486,0,59085
65518,65510,65486,0,59114
65518,65510,65486,0,59142
65518,65510,65486,0,59169
65518,65510,65486,0,59198
65518,65510,65486,0,59226
65518,65510,65486,0,59254
65518,65510,65486,0,59282
65518,65510,65486,0,59310
65518,65510,65486,0,59338
65518,65510,65486,0,59366
65518,65510,65486,0,59395
65518,65510,65486,0,59422
65518,65510,65486,0,59451
65518,65510,65486,0,59479
65518,65510,65486,0,59506
65518,65510,65486,0,59535
65518,65510,65486,0,59563
65518,65510,65486,0,59591
65518,65510,65486,0,59619
65518,65510,65486,0,59648
65518,65510,65486,0,59675
65518,65510,65486,0,59703
65518,65510,65486,0,59731
65518,65510,65486,0,59759
65518,65510,65486,0,59788
65518,65510,65486,0,59815
65518,65510,65486,0,59843
65518,65510,65486,0,59872
65518,65510,65486,0,59899
65518,65510,65486,0,59928
65518,65510,65486,0,59956
65518,65510,65486,0,59984
65518,65509,65486,0,60012
65518,65509,65486,0,60040
65518,65509,65486,0,60068
65518,65510,65486,0,60096
65518,65510,65486,0,60125
65518,65510,65486,0,60152
65518,65510,65486,0,60181
65518,65510,65486,0,60209
65518,65510,65486,0,60236
65518,65510,65486,0,60265
65518,65510,65486,0,60293
65518,65510,65486,0,60321
65518,65510,65486,0,60349
65518,65510,65486,0,60377
65518,65510,65486,0,60405
65518,65510,65486,0,60433
65518,65510,65486,0,60462
65518,65510,65486,0,60489
65518,65510,65486,0,60518
65518,65510,65486,0,60546
65518,65510,65486,0,60573
65518,65510,65486,0,60602
65518,65510,65486,0,60630
65518,65510,65486,0,60658
65518,65510,65486,0,60686
65518,65510,65486,0,60715
65518,65510,65486,0,60742
65518,65510,65486,0,60770
65518,65510,65486,0,60798
65518,65510,65486,0,60826
65518,65510,65486,0,60855
65518,65510,65486,0,60882
65518,65510,65486,0,60911
65518,65510,65486,0,60939
65518,65510,65486,0,60966
65518,65510,65486,0,60995
65518,65510,65486,0,61023
65518,65510,65486,0,61051
65518,65510,65486,0,61079
65518,65510,65486,0,61107
65518,65510,65486,0,61135
65518,65510,65486,0,61163
65518,65510,65486,0,61192
65518,65510,65486,0,61219
65518,65510,65486,0,61248
65518,65510,65486,0,61276
65518,65510,65486,0,61303
65518,65510,65486,0,61332
65518,65510,65486,0,61360
65518,65510,65486,0,61388
65518,65510,65486,0,61416
65518,65510,65486,0,61445
65518,65510,65486,0,61472
65518,65510,65486,0,61500
65518,65510,65486,0,61529
65518,65510,65486,0,61556
65518,65510,65486,0,61585
65518,65510,65486,0,61613
65518,65510,65486,0,61640
65518,65510,65486,0,61669
65518,65510,65486,0,61697
65518,65510,65486,0,61725
65518,65510,65486,0,61753
65518,65510,65486,0,61782
65518,65510,65486,0,61809
65518,65510,65486,0,61837
65518,65510,65486,0,61865
65518,65510,65486,0,61893
65518,65510,65486,0,61922
65518,65510,65486,0,61949
65518,65510,65486,0,61978
65518,65510,65486,0,62006