65518,65510,65485,0,51654
65518,65510,65485,0,51682
65518,65510,65486,0,51710
65518,65510,65486,0,51738
65518,65510,65486,0,51766
65518,65510,65486,0,51794
65518,65510,65486,0,51822
65518,65510,65486,0,51851
65518,65510,65486,0,51878
65518,65510,65486,0,51906
65518,65510,65486,0,51935
65518,65510,65486,0,51962
65518,65510,65486,0,51991
65518,65510,65486,0,52019
65518,65510,65486,0,52047
65518,65510,65486,0,52075
65518,65510,65486,0,52103
65518,65510,65486,0,52131
65518,65510,65486,0,52159
65518,65510,65485,0,52188
65518,65510,65485,0,52215
65518,65510,65485,0,52244
65518,65510,65486,0,52272
65518,65510,65486,0,52299
65518,65510,65486,0,52328
65518,65510,65486,0,52356
65518,65510,65486,0,52384
65518,65510,65486,0,52412
65518,65510,65486,0,52440
65518,65510,65486,0,52468
65518,65510,65486,0,52496
65518,65510,65486,0,52525
65518,65510,65486,0,52552
65518,65510,65486,0,52581
65518,65510,65486,0,52609
65518,65510,65486,0,52636
65518,65510,65485,0,52665
65518,65510,65485,0,52692
65518,65510,65485,0,52721
65518,65510,65486,0,52749
65518,65510,65486,0,52777
65518,65510,65486,0,52805
65518,65510,65486,0,52833
65518,65510,65486,0,52861
65518,65510,65486,0,52889
65518,65510,65486,0,52918
65518,65510,65486,0,52945
65518,65510,65486,0,52973
65518,65510,65486,0,53002
65518,65510,65485,0,53029
65518,65510,65485,0,53058
65518,65510,65486,0,53086
65518,65510,65486,0,53114
65518,65510,65486,0,53142
65518,65510,65486,0,53170
65518,65510,65486,0,53198
65518,65510,65486,0,53226
65518,65510,65486,0,53255
65518,65510,65485,0,53282
65518,65510,65485,0,53311
65518,65510,65485,0,53339
65518,65510,65486,0,53366
65518,65510,65486,0,53395
65518,65510,65486,0,53423
65518,65510,65486,0,53451
65518,65510,65486,0,53479
65518,65510,65486,0,53508
65518,65510,65486,0,53535
65518,65509,65486,0,53563
65518,65509,65486,0,53592
65518,65509,65486,0,53619
65518,65509,65486,0,53648
65518,65509,65486,0,53676
65518,65510,65486,0,53703
65518,65510,65486,0,53732
65518,65510,65486,0,53760
65518,65510,65486,0,53788
65518,65510,65486,0,53816
65518,65510,65486,0,53844
65518,65510,65486,0,53872
65518,65510,65486,0,53900
65518,65510,65486,0,53928
65518,65510,65486,0,53956
65518,65510,65486,0,53985
65518,65510,65486,0,54012
65518,65510,65486,0,54041
65518,65510,65486,0,54069
65518,65510,65486,0,54096
65518,65510,65486,0,54125
65518,65510,65486,0,54153
65518,65510,65486,0,54181
65518,65510,65486,0,54209
65518,65510,65486,0,54237
65518,65510,65486,0,54265
65518,65510,65486,0,54293
65518,65510,65486,0,54322
65518,65510,65486,0,54349
65518,65510,65486,0,54378
65518,65510,65486,0,54406
65518,65510,65486,0,54433
65518,65510,65486,0,54462
65518,65510,65486,0,54490
65518,65510,65486,0,54518
65518,65510,65486,0,54546
65518,65510,65486,0,54575
65518,65510,65486,0,54602
65518,65510,65486,0,54630
65518,65510,65486,0,54659
65518,65510,65486,0,54686
65518,65510,65486,0,54715
65518,65510,65486,0,54743
65518,65510,65486,0,54770
65518,65510,65486,0,54799
65518,65510,65486,0,54827
65518,65510,65486,0,54855
65518,65510,65486,0,54883
65518,65510,65486,0,54912
65518,65510,65486,0,54939
65518,65510,65486,0,54967
65518,65510,65486,0,54995
65518,65510,65486,0,55023
65518,65510,65485,0,55052
65518,65510,65485,0,55079
65518,65510,65485,0,55108
65518,65510,65486,0,55136
65518,65510,65486,0,55163
65518,65510,65486,0,55192
65518,65510,65486,0,55220
65518,65510,65486,0,55248
65518,65510,65486,0,55276
65518,65510,65486,0,55305
65518,65510,65486,0,55332
65518,65510,65486,0,55360
65518,65510,65486,0,55389
65518,65510,65486,0,55416
65518,65510,65486,0,55445
65518,65510,65486,0,55473
65518,65510,65486,0,55500
65518,65510,65485,0,55529
65518,65510,65485,0,55557
65518,65510,65485,0,55585
65518,65510,65486,0,55613
65518,65510,65486,0,55642
65518,65510,65485,0,55669
65518,65510,65485,0,55697
65518,65510,65485,0,55726
65518,65510,65486,0,55753
65518,65510,65486,0,55782
65518,65510,65486,0,55810
65518,65510,65486,0,55838
65518,65510,65486,0,55866
65518,65510,65486,0,55894
65518,65510,65486,0,55922
65518,65510,65485,0,55950
65518,65510,65485,0,55979
65518,65510,65486,0,56006
65518,65510,65486,0,56034
65518,65510,65486,0,56062
65518,65510,65486,0,56090
65518,65510,65486,0,56119
65518,65510,65486,0,56146
65518,65510,65486,0,56175
65518,65510,65486,0,56203
65518,65510,65485,0,56230
65518,65510,65485,0,56259
65518,65510,65486,0,56287
65518,65510,65486,0,56315
65518,65510,65486,0,56343
65518,65510,65486,0,56372
65518,65510,65486,0,56399
65518,65510,65486,0,56427
65518,65510,65486,0,56456
65518,65510,65486,0,56483
65518,65510,65486,0,56512
65518,65510,65486,0,56540
65518,65510,65486,0,56567
65518,65510,65486,0,56596
65518,65510,65486,0,56624
65518,65510,65486,0,56652
65518,65510,65486,0,56680
65518,65510,65486,0,56709
65518,65510,65486,0,56736
65518,65510,65486,0,56764
65518,65510,65486,0,56793
65518,65510,65486,0,56820
65518,65510,65486,0,56849
65518,65510,65486,0,56877
65518,65510,65486,0,56905
65518,65510,65486,0,56933
65518,65510,65486,0,56961
65518,65510,65486,0,56989
65518,65510,65486,0,57017
65518,65510,65486,0,57046
65518,65510,65486,0,57073
65518,65510,65486,0,57102
65518,65510,65486,0,57129
65518,65510,65486,0,57157
65518,65510,65485,0,57186
65518,65510,65485,0,57213
65518,65510,65486,0,57242
65518,65510,65486,0,57270
65518,65510,65486,0,57297
65518,65510,65486,0,57326
65518,65510,65486,0,57354
65518,65510,65486,0,57382
65518,65510,65486,0,57410
65518,65510,65486,0,57439
65518,65510,65486,0,57466
65518,65510,65486,0,57494
65518,65510,65486,0,57523
65518,65510,65486,0,57550
65518,65510,65486,0,57579
65518,65510,65486,0,57607
65518,65510,65486,0,57635
65518,65510,65486,0,57663
65518,65510,65486,0,57691
65518,65510,65486,0,57719
65518,65510,65486,0,57747
65518,65510,65486,0,57776
65518,65510,65485,0,57803
65518,65510,65485,0,57831
65518,65510,65486,0,57860
65518,65510,65486,0,57887
65518,65510,65486,0,57916
65518,65510,65486,0,57944
65518,65510,65486,0,57972
65518,65510,65486,0,58000
65518,65510,65486,0,58028
65518,65510,65486,0,58056
65518,65510,65486,0,58084
65518,65510,65486,0,58113
65518,65510,65486,0,58140
65518,65510,65486,0,58169
65518,65510,65486,0,58196
65518,65510,65486,0,58224
65518,65510,65486,0,58253
65518,65510,65486,0,58280
65518,65510,65486,0,58309
65518,65510,65486,0,58337
65518,65510,65486,0,58364
65518,65510,65486,0,58393
65518,65510,65485,0,58421
65518,65510,65485,0,58449
65518,65510,65486,0,58477
65518,65510,65486,0,58506
65518,65510,65486,0,58533
65518,65510,65486,0,58561
65518,65510,65486,0,58590
65518,65510,65485,0,58617
65518,65510,65485,0,58646
65518,65510,65486,0,58674
65518,65510,65486,0,58702
65518,65510,65486,0,58730
65518,65510,65485,0,58758
65518,65510,65485,0,58786
65518,65510,65486,0,58814
65518,65510,65486,0,58843
65518,65510,65486,0,58870
65518,65510,65486,0,58899
65518,65510,65486,0,58927
65518,65510,65486,0,58954
65518,65510,65486,0,58983
65518,65510,65486,0,59011
65518,65510,65486,0,59039
65518,65510,65486,0,59067
65518,65510,65486,0,59095
65518,65510,65486,0,59123
65518,65510,65486,0,59151
65518,65510,65486,0,59180
65518,65510,65486,0,59207
65518,65510,65486,0,59236
65518,65510,65486,0,59264
65518,65510,65486,0,59291
65518,65510,65486,0,59320
65518,65510,65486,0,59347
65518,65510,65485,0,59376
65518,65510,65485,0,59404
65518,65510,65486,0,59432
65518,65510,65486,0,59460
65518,65510,65486,0,59488
65518,65510,65486,0,59516
65518,65510,65486,0,59544
65518,65510,65486,0,59573
65518,65510,65486,0,59600
65518,65510,65486,0,59628
65518,65510,65486,0,59657
65518,65510,65486,0,59684
65518,65510,65486,0,59713
65518,65510,65486,0,59741
65518,65510,65486,0,59769
65518,65510,65486,0,59797
65518,65510,65486,0,59825
65518,65510,65485,0,59853
65518,65510,65485,0,59881
65518,65510,65486,0,59910
65518,65510,65486,0,59937
65518,65510,65486,0,59966
65518,65510,65486,0,59994
65518,65510,65486,0,60021
65518,65510,65486,0,60050
65518,65510,65486,0,60078
65518,65510,65486,0,60106
65518,65510,65486,0,60134
65518,65510,65486,0,60162
65518,65510,65486,0,60190
65518,65510,65486,0,60218
65518,65510,65486,0,60247
65518,65510,65486,0,60274
65518,65510,65486,0,60303
65518,65510,65486,0,60331
65518,65510,65486,0,60358
65518,65510,65486,0,60387
65518,65510,65486,0,60414
65518,65510,65486,0,60443
65518,65510,65486,0,60471
65518,65510,65486,0,60499
65518,65510,65486,0,60527
65518,65510,65486,0,60555
65518,65510,65486,0,60583
65518,65510,65486,0,60611
65518,65510,65486,0,60640
65518,65510,65486,0,60667
65518,65510,65486,0,60696
65518,65510,65486,0,60724
65518,65510,65486,0,60751
65518,65510,65486,0,60780
65518,65509,65486,0,60808
65518,65509,65486,0,60836
65518,65510,65486,0,60864
65518,65510,65486,0,60892
65518,65510,65486,0,60920
65518,65510,65486,0,60948
65518,65510,65486,0,60977
65518,65510,65486,0,61004
65518,65510,65486,0,61033
65518,65510,65486,0,61061
65518,65510,65486,0,61088
65518,65510,65486,0,61117
65518,65510,65486,0,61145
65518,65510,65486,0,61173
65518,65510,65486,0,61201
65518,65510,65486,0,61230
65518,65510,65486,0,61257
65518,65510,65486,0,61285
65518,65510,65486,0,61314
65518,65510,65486,0,61341
65518,65510,65486,0,61370
65518,65510,65486,0,61398
65518,65510,65486,0,61425
65518,65510,65486,0,61454
65518,65510,65486,0,61481
65518,65510,65486,0,61510
65518,65510,65486,0,61538
65518,65510,65486,0,61566
65518,65510,65486,0,61594
65518,65510,65486,0,61622
65518,65510,65486,0,61650
65518,65510,65485,0,61678
65518,65510,65485,0,61707
65518,65510,65485,0,61734
65518,65510,65486,0,61763
65518,65510,65486,0,61791
65518,65510,65486,0,61818
65518,65510,65486,0,61847
65518,65510,65486,0,61875
65518,65510,65486,0,61903
65518,65510,65486,0,61931
65518,65510,65486,0,61959
65518,65510,65486,0,61987
65518,65510,65486,0,62015
65518,65510,65486,0,62044
65518,65510,65486,0,62071
65518,65510,65486,0,62100
65518,65510,65486,0,62128
65518,65510,65486,0,62155
65518,65510,65486,0,62184
65518,65510,65486,0,62212
65518,65510,65486,0,62240
65518,65510,65486,0,62268
65518,65510,65486,0,62297
65518,65510,65486,0,62324
65518,65510,65486,0,62352
65518,65510,65486,0,62381
65518,65510,65486,0,62408
65518,65510,65486,0,62437
65518,65510,65486,0,62465
65518,65510,65486,0,62493
65518,65510,65486,0,62521
65518,65510,65486,0,62548
65518,65510,65486,0,62577
65518,65510,65486,0,62605
65518,65510,65486,0,62633
65518,65510,65486,0,62661
65518,65510,65486,0,62689
65518,65510,65486,0,62717
65518,65510,65486,0,62745
65518,65510,65486,0,62774
65518,65510,65486,0,62801
65518,65510,65485,0,62830
65518,65510,65485,0,62858
65518,65510,65485,0,62885
65518,65510,65486,0,62914
65518,65510,65486,0,62942
65518,65510,65486,0,62970
65518,65510,65486,0,62998
65518,65510,65486,0,63027
65518,65510,65486,0,63054
65518,65510,65486,0,63082
65518,65510,65486,0,63111
65518,65510,65486,0,63138
65518,65510,65486,0,63167
65518,65510,65485,0,63195
65518,65510,65485,0,63222
65518,65510,65486,0,63251
65518,65510,65486,0,63279
65518,65510,65486,0,63307
65518,65510,65486,0,63335
65518,65510,65486,0,63364
65518,65510,65486,0,63391
65518,65510,65486,0,63419
65518,65510,65486,0,63448
65518,65510,65486,0,63475
65518,65510,65486,0,63504
65518,65510,65486,0,63532
65518,65510,65486,0,63560
65518,65510,65486,0,63588
65518,65510,65486,0,63616
65518,65510,65486,0,63644
65518,65510,65486,0,63672
65518,65510,65486,0,63700
65518,65510,65486,0,63728
65518,65510,65486,0,63756
65518,65510,65486,0,63784
65518,65510,65486,0,63812
65518,65510,65486,0,63841
65518,65510,65485,0,63868
65518,65510,65485,0,63897
65518,65510,65485,0,63925
65518,65510,65485,0,63952
65518,65510,65485,0,63981
65518,65510,65486,0,64009
65518,65510,65486,0,64037
65518,65510,65485,0,64065
65518,65510,65485,0,64094
65518,65510,65485,0,64121
65518,65510,65485,0,64149
65518,65510,65485,0,64178
65518,65509,65486,0,64205
65518,65509,65486,0,64234
65518,65510,65486,0,64262
65518,65510,65486,0,64290
65518,65510,65486,0,64318
65518,65510,65486,0,64346
65518,65510,65486,0,64374
65518,65510,65486,0,64402
65518,65510,65486,0,64431
65518,65510,65486,0,64458
65518,65510,65486,0,64486
65518,65510,65486,0,64515
65518,65510,65486,0,64542
65518,65510,65486,0,64571
65518,65510,65486,0,64599
65518,65510,65486,0,64627
65518,65510,65486,0,64655
65518,65510,65486,0,64683
65518,65510,65486,0,64711
65518,65510,65486,0,64739
65518,65510,65486,0,64768
65518,65510,65486,0,64795
65518,65510,65486,0,64824
65518,65510,65486,0,64851
65518,65510,65486,0,64879
65518,65510,65486,0,64908
65518,65510,65486,0,64935
65518,65510,65486,0,64964
65518,65510,65486,0,64992
65518,65510,65486,0,65019
65518,65510,65486,0,65048
65518,65510,65486,0,65076
65518,65510,65486,0,65104
65518,65510,65486,0,65132
65518,65510,65486,0,65161
65518,65510,65486,0,65188
65518,65510,65486,0,65216
65518,65510,65486,0,65245
65518,65510,65486,0,65272
65518,65510,65486,0,65301
65518,65510,65486,0,65329
65518,65510,65486,0,65357
65518,65510,65486,0,65385
65518,65510,65486,0,65413
65518,65510,65486,0,65441
65518,65510,65486,0,65469
65518,65510,65486,0,65498
65518,65510,65486,0,65525
65518,65510,65486,0,17
65518,65510,65486,0,43
65518,65510,65486,0,67
65518,65510,65486,0,93
65518,65510,65486,0,117
65518,65510,65486,0,143
65518,65510,65486,0,169
65518,65510,65486,0,195
65518,65510,65486,0,222
65518,65510,65486,0,247
65518,65510,65486,0,273
65518,65510,65486,0,300
65518,65510,65486,0,325
65518,65510,65486,0,352
65518,65510,65486,0,377
65518,65510,65486,0,403
65518,65510,65486,0,430
65518,65510,65486,0,455
65518,65510,65486,0,481
65518,65510,65486,0,507
65518,65510,65486,0,533
65518,65510,65486,0,560
65518,65510,65486,0,585
65518,65510,65486,0,611
65518,65510,65486,0,637
65518,65510,65486,0,663
65518,65510,65486,0,690
65518,65510,65486,0,715
65518,65510,65486,0,741
65518,65510,65486,0,768
65518,65510,65486,0,793
65518,65510,65486,0,820
65518,65510,65486,0,845
65518,65510,65486,0,871
65518,65510,65486,0,898
65518,65510,65486,0,923
65518,65510,65486,0,949
65518,65510,65486,0,975
65518,65510,65486,0,1001
65518,65510,65486,0,1029
65518,65510,65485,0,1055
65518,65510,65485,0,1082
65518,65510,65485,0,1110
65518,65510,65486,0,1136
65518,65510,65486,0,1164
65518,65510,65486,0,1190
65518,65510,65486,0,1218
65518,65510,65486,0,1245
65518,65510,65486,0,1271
65518,65510,65486,0,1299
65518,65510,65486,0,1326
65518,65510,65486,0,1353
65518,65510,65486,0,1380
65518,65510,65486,0,1406
65518,65510,65486,0,1434
65518,65510,65486,0,1461
65518,65510,65486,0,1488
65518,65510,65486,0,1515
65518,65510,65486,0,1542
65518,65510,65486,0,1569
65518,65510,65486,0,1596
65518,65510,65486,0,1624
65518,65510,65486,0,1650
65518,65510,65486,0,1677
65518,65510,65486,0,1704
65518,65510,65486,0,1731
65518,65510,65486,0,1759
65518,65510,65486,0,1785
65518,65510,65486,0,1812
65518,65510,65486,0,1840
65518,65510,65486,0,1866
65518,65510,65486,0,1894
65518,65510,65486,0,1921
65518,65510,65486,0,1947
65518,65510,65486,0,1975
65518,65510,65486,0,2001
65518,65510,65486,0,2029
65518,65510,65486,0,2056
65518,65510,65486,0,2083
65518,65510,65486,0,2110
65518,65510,65485,0,2137
65518,65510,65485,0,2164
65518,65510,65485,0,2191
65518,65510,65486,0,2219
65518,65510,65486,0,2245
65518,65510,65485,0,2272
65518,65510,65485,0,2299
65518,65510,65485,0,2326
65518,65510,65486,0,2354
65518,65510,65486,0,2380
65518,65510,65486,0,2407
65518,65510,65486,0,2435
65518,65510,65486,0,2461
65518,65510,65486,0,2489
65518,65510,65486,0,2515
65518,65510,65486,0,2542
65518,65510,65486,0,2570
65518,65510,65486,0,2596
65518,65510,65486,0,2624
65518,65510,65486,0,2651
65518,65510,65486,0,2677
65518,65510,65486,0,2705
65518,65510,65486,0,2732
65518,65510,65486,0,2759
65518,65510,65486,0,2786
65518,65510,65486,0,2812
65518,65510,65486,0,2840
65518,65510,65486,0,2867
65518,65510,65486,0,2894
65518,65510,65486,0,2921
65518,65510,65486,0,2949
65518,65510,65486,0,2975
65518,65510,65486,0,3002
65518,65510,65486,0,3030
65518,65510,65486,0,3056
65518,65510,65486,0,3084
65518,65509,65486,0,3110
65518,65509,65486,0,3137
65518,65510,65486,0,3165
65518,65510,65486,0,3191
65518,65510,65486,0,3219
65518,65510,65486,0,3246
65518,65510,65486,0,3272
65518,65510,65486,0,3300
65518,65510,65486,0,3326
65518,65510,65486,0,3354
65518,65510,65486,0,3381
65518,65510,65486,0,3407
65518,65510,65486,0,3435
65518,65510,65486,0,3462
65518,65510,65486,0,3489
65518,65510,65486,0,3516
65518,65510,65486,0,3543
65518,65510,65485,0,3570
65518,65510,65485,0,3597
65518,65510,65485,0,3624
65518,65510,65486,0,3651
65518,65510,65486,0,3678
65518,65510,65486,0,3705
65518,65510,65486,0,3732
65518,65510,65486,0,3760
65518,65510,65486,0,3786
65518,65510,65486,0,3814
65518,65510,65486,0,3841
65518,65510,65486,0,3867
65518,65510,65486,0,3895
65518,65510,65486,0,3921
65518,65510,65486,0,3949
65518,65510,65486,0,3976
65518,65510,65486,0,4002
65518,65510,65486,0,4030
65518,65510,65486,0,4057
65518,65510,65486,0,4084
65518,65510,65486,0,4111
65518,65510,65486,0,4137
65518,65510,65486,0,4165
65518,65510,65486,0,4192
65518,65510,65486,0,4219
65518,65510,65486,0,4246
65518,65510,65486,0,4273
65518,65510,65486,0,4300
65518,65510,65486,0,4327
65518,65510,65486,0,4355
65518,65510,65486,0,4381
65518,65510,65486,0,4408
65518,65510,65486,0,4435
65518,65510,65486,0,4462
65518,65510,65486,0,4490
65518,65510,65486,0,4516
65518,65509,65486,0,4543
65518,65509,65486,0,4571
65518,65510,65486,0,4597
65518,65510,65486,0,4625
65518,65510,65486,0,4652
65518,65510,65486,0,4679
65518,65510,65486,0,4706
65518,65510,65486,0,4732
65518,65510,65486,0,4760
65518,65510,65486,0,4787
65518,65510,65486,0,4814
65518,65510,65486,0,4841
65518,65510,65486,0,4868
65518,65510,65486,0,4895
65518,65510,65486,0,4922
65518,65510,65486,0,4950
65518,65510,65486,0,4976
65518,65510,65486,0,5003
65518,65510,65486,0,5030
65518,65510,65486,0,5057
65518,65510,65486,0,5085
65518,65510,65486,0,5111
65518,65510,65485,0,5138
65518,65510,65485,0,5166
65518,65510,65485,0,5192
65518,65510,65486,0,5220
65518,65510,65486,0,5246
65518,65510,65486,0,5273
65518,65510,65486,0,5301
65518,65510,65486,0,5327
65518,65510,65486,0,5355
65518,65510,65486,0,5382
65518,65510,65486,0,5408
65518,65510,65486,0,5436
65518,65510,65486,0,5463
65518,65510,65485,0,5490
65518,65510,65485,0,5517
65518,65510,65485,0,5544
65518,65510,65486,0,5571
65518,65510,65486,0,5598
65518,65510,65486,0,5625
65518,65510,65486,0,5652
65518,65510,65486,0,5680
65518,65510,65486,0,5706
65518,65510,65486,0,5733
65518,65510,65486,0,5761
65518,65510,65486,0,5787
65518,65510,65486,0,5815
65518,65510,65486,0,5841
65518,65510,65486,0,5868
65518,65510,65486,0,5896
65518,65510,65486,0,5922
65518,65510,65486,0,5950
65518,65510,65486,0,5977
65518,65510,65486,0,6003
65518,65510,65486,0,6031
65518,65510,65486,0,6057
65518,65510,65486,0,6085
65518,65510,65486,0,6112
65518,65510,65486,0,6138
65518,65510,65486,0,6166
65518,65510,65486,0,6193
65518,65510,65486,0,6220
65518,65510,65486,0,6247
65518,65510,65486,0,6274
65518,65510,65486,0,6301
65518,65510,65486,0,6328
65518,65510,65486,0,6355
65518,65510,65485,0,6382
65518,65510,65485,0,6410
65518,65510,65486,0,6436
65518,65510,65486,0,6463
65518,65510,65486,0,6491
65518,65510,65485,0,6517
65518,65510,65485,0,6545
65518,65510,65485,0,6572
65518,65510,65485,0,6598
65518,65510,65485,0,6626
65518,65510,65486,0,6652
65518,65510,65486,0,6680
65518,65510,65486,0,6707
65518,65510,65486,0,6733
65518,65510,65486,0,6761
65518,65510,65486,0,6788
65518,65510,65486,0,6815
65518,65510,65486,0,6842
65518,65510,65486,0,6868
65518,65510,65486,0,6896
65518,65510,65486,0,6923
65518,65510,65486,0,6950
65518,65510,65486,0,6977
65518,65510,65486,0,7004
65518,65510,65486,0,7031
65518,65510,65486,0,7058
65518,65510,65486,0,7086
65518,65510,65486,0,7112
65518,65510,65486,0,7139
65518,65510,65486,0,7166
65518,65510,65486,0,7193
65518,65510,65486,0,7221
65518,65510,65486,0,7247
65518,65510,65486,0,7275
65518,65510,65486,0,7302
65518,65510,65486,0,7328
65518,65510,65486,0,7356
65518,65510,65486,0,7383
65518,65510,65486,0,7410
65518,65510,65486,0,7437
65518,65510,65485,0,7463
65518,65510,65485,0,7491
65518,65510,65485,0,7518
65518,65510,65486,0,7545
65518,65510,65486,0,7572
65518,65510,65486,0,7599
65518,65510,65486,0,7626
65518,65510,65486,0,7653
65518,65510,65486,0,7681
65518,65510,65486,0,7707
65518,65510,65486,0,7734
65518,65510,65486,0,7761
65518,65510,65486,0,7788
65518,65510,65486,0,7816
65518,65510,65486,0,7842
65518,65510,65486,0,7869
65518,65510,65486,0,7897
65518,65510,65486,0,7923
65518,65510,65486,0,7951
65518,65510,65486,0,7977
65518,65510,65486,0,8004
65518,65510,65486,0,8032
65518,65510,65486,0,8058
65518,65510,65486,0,8086
65518,65510,65486,0,8113
65518,65510,65486,0,8140
65518,65510,65486,0,8167
65518,65510,65486,0,8194
65518,65510,65486,0,8221
65518,65510,65486,0,8248
65518,65510,65486,0,8275
65518,65510,65486,0,8302
65518,65510,65486,0,8329
65518,65510,65486,0,8356
65518,65510,65486,0,8383
65518,65510,65486,0,8411
65518,65510,65486,0,8437
65518,65510,65486,0,8464
65518,65510,65486,0,8492
65518,65510,65486,0,8518
65518,65510,65486,0,8546
65518,65510,65486,0,8572
65518,65510,65486,0,8599
65518,65510,65485,0,8627
65518,65510,65485,0,8653
65518,65510,65485,0,8681
65518,65510,65486,0,8708
65518,65510,65486,0,8734
65518,65510,65486,0,8762
65518,65510,65486,0,8788
65518,65510,65486,0,8816
65518,65510,65486,0,8843
65518,65510,65486,0,8869
65518,65510,65486,0,8897
65518,65510,65486,0,8924
65518,65510,65486,0,8951
65518,65510,65486,0,8978
65518,65510,65486,0,9006
65518,65510,65486,0,9032
65518,65510,65486,0,9059
65518,65510,65486,0,9086
65518,65510,65486,0,9113
65518,65510,65486,0,9141
65518,65510,65486,0,9167
65518,65510,65486,0,9194
65518,65510,65486,0,9222
65518,65510,65485,0,9248
65518,65510,65485,0,9276
65518,65510,65486,0,9303
65518,65510,65486,0,9329
65518,65510,65486,0,9357
65518,65510,65486,0,9383
65518,65510,65486,0,9411
65518,65510,65486,0,9438
65518,65510,65486,0,9464
65518,65510,65486,0,9492
65518,65510,65486,0,9519
65518,65510,65486,0,9546
65518,65510,65486,0,9573
65518,65510,65486,0,9600
65518,65510,65486,0,9627
65518,65510,65486,0,9654
65518,65510,65486,0,9681
65518,65510,65486,0,9708
65518,65510,65485,0,9735
65518,65510,65485,0,9762
65518,65510,65485,0,9789
65518,65510,65485,0,9817
65518,65510,65485,0,9843
65518,65510,65486,0,9871
65518,65510,65486,0,9897
65518,65510,65486,0,9924
65518,65510,65486,0,9952
65518,65510,65486,0,9978
65518,65510,65486,0,10006
65518,65510,65486,0,10034
65518,65510,65486,0,10061
65518,65510,65486,0,10090
65518,65510,65486,0,10118
65518,65510,65486,0,10146
65518,65510,65486,0,10174
65518,65510,65486,0,10203
65518,65510,65486,0,10230
65518,65510,65486,0,10258
65518,65510,65486,0,10287
65518,65510,65486,0,10314
65518,65510,65486,0,10343
65518,65510,65486,0,10371
65518,65510,65486,0,10398
65518,65510,65486,0,10427
65518,65510,65486,0,10455
65518,65510,65486,0,10483
65518,65510,65486,0,10511
65518,65510,65486,0,10540
65518,65510,65486,0,10567
65518,65510,65486,0,10595
65518,65510,65486,0,10624
65518,65510,65486,0,10651
65518,65510,65486,0,10680
65518,65510,65486,0,10707
65518,65510,65486,0,10736
65518,65510,65486,0,10764
65518,65510,65486,0,10791
65518,65510,65486,0,10820
65518,65510,65486,0,10848
65518,65510,65486,0,10876
65518,65510,65486,0,10904
65518,65510,65486,0,10932
65518,65510,65486,0,10960
65518,65510,65486,0,10988
65518,65510,65486,0,11017
65518,65510,65486,0,11044
65518,65510,65486,0,11073
65518,65510,65486,0,11101
65518,65510,65486,0,11128
65518,65510,65486,0,11157
65518,65510,65486,0,11185
65518,65510,65486,0,11213
65518,65510,65486,0,11241
65518,65510,65486,0,11270
65518,65510,65485,0,11297
65518,65510,65485,0,11325
65518,65510,65486,0,11354
65518,65510,65486,0,11381
65518,65510,65486,0,11410
65518,65510,65486,0,11438
65518,65510,65486,0,11465
65518,65510,65486,0,11494
65518,65510,65486,0,11522
65518,65510,65486,0,11550
65518,65510,65486,0,11578
65518,65510,65486,0,11607
65518,65510,65486,0,11634
65518,65510,65486,0,11662
65518,65510,65485,0,11691
65518,65510,65485,0,11718
65518,65510,65485,0,11747
65518,65510,65486,0,11774
65518,65510,65486,0,11803
65518,65510,65486,0,11831
65518,65510,65486,0,11858
65518,65510,65486,0,11887
65518,65510,65486,0,11915
65518,65510,65486,0,11943
65518,65510,65485,0,11971
65518,65510,65485,0,12000
65518,65510,65485,0,12027
65518,65510,65486,0,12055
65518,65510,65486,0,12084
65518,65510,65485,0,12111
65518,65510,65485,0,12140
65518,65510,65486,0,12168
65518,65510,65486,0,12195
65518,65510,65486,0,12224
65518,65510,65486,0,12252
65518,65510,65486,0,12280
65518,65510,65486,0,12308
65518,65510,65486,0,12337
65518,65510,65486,0,12364
65518,65510,65486,0,12392
65518,65510,65486,0,12421
65518,65510,65485,0,12448
65518,65510,65485,0,12477
65518,65510,65485,0,12505
65518,65510,65486,0,12533
65518,65510,65486,0,12561
65518,65510,65486,0,12589
65518,65510,65486,0,12617
65518,65510,65486,0,12645
65518,65510,65486,0,12674
65518,65510,65486,0,12701
65518,65510,65485,0,12729
65518,65510,65485,0,12758
65518,65510,65486,0,12785
65518,65510,65486,0,12814
65518,65510,65486,0,12841
65518,65510,65486,0,12870
65518,65510,65486,0,12898
65518,65510,65486,0,12925
65518,65510,65486,0,12954
65518,65510,65486,0,12982
65518,65510,65486,0,13010
65518,65510,65486,0,13038
65518,65510,65485,0,13067
65518,65510,65485,0,13094
65518,65510,65486,0,13122
65518,65510,65486,0,13151
65518,65510,65486,0,13178
65518,65510,65486,0,13207
65518,65510,65486,0,13235
65518,65510,65486,0,13262
65518,65510,65486,0,13291
65518,65510,65486,0,13319
65518,65510,65486,0,13347
65518,65510,65486,0,13375
65518,65510,65486,0,13404
65518,65510,65486,0,13431
65518,65510,65486,0,13459
65518,65510,65486,0,13488
65518,65510,65486,0,13515
65518,65510,65486,0,13544
65518,65510,65486,0,13572
65518,65510,65486,0,13600
65518,65510,65486,0,13628
65518,65510,65486,0,13656
65518,65510,65486,0,13684
65518,65510,65486,0,13712
65518,65510,65486,0,13741
65518,65510,65486,0,13768
65518,65510,65486,0,13797
65518,65510,65486,0,13825
65518,65510,65486,0,13852
65518,65510,65486,0,13881
65518,65510,65486,0,13908
65518,65510,65486,0,13937
65518,65510,65486,0,13965
65518,65510,65486,0,13992
65518,65510,65486,0,14021
65518,65510,65486,0,14049
65518,65510,65485,0,14077
65518,65510,65485,0,14105
65518,65510,65485,0,14134
65518,65510,65486,0,14161
65518,65510,65486,0,14189
65518,65510,65486,0,14218
65518,65510,65486,0,14245
65518,65510,65486,0,14274
65518,65510,65486,0,14302
65518,65510,65486,0,14330
65518,65510,65486,0,14358
65518,65510,65486,0,14386
65518,65510,65486,0,14414
65518,65510,65486,0,14442
65518,65510,65486,0,14471
65518,65510,65486,0,14498
65518,65510,65486,0,14526
65518,65510,65486,0,14555
65518,65510,65486,0,14582
65518,65510,65486,0,14611
65518,65510,65486,0,14639
65518,65510,65486,0,14667
65518,65510,65486,0,14695
65518,65510,65486,0,14723
65518,65510,65486,0,14751
65518,65510,65486,0,14779
65518,65510,65486,0,14808
65518,65510,65486,0,14835
65518,65510,65486,0,14864
65518,65510,65486,0,14892
65518,65510,65486,0,14919
65518,65510,65486,0,14948
65518,65510,65486,0,14976
65518,65510,65486,0,15004
65518,65510,65485,0,15032
65518,65510,65485,0,15059
65518,65510,65485,0,15088
65518,65510,65486,0,15116
65518,65510,65486,0,15144
65518,65510,65486,0,15172
65518,65510,65486,0,15201
65518,65510,65486,0,15228
65518,65510,65486,0,15256
65518,65510,65486,0,15285
65518,65510,65486,0,15312
65518,65510,65486,0,15341
65518,65510,65486,0,15369
65518,65510,65486,0,15397
65518,65510,65486,0,15425
65518,65510,65486,0,15453
65518,65510,65486,0,15481
65518,65510,65486,0,15509
65518,65510,65486,0,15538
65518,65510,65486,0,15565
65518,65510,65486,0,15594
65518,65510,65486,0,15622
65518,65510,65486,0,15649
65518,65510,65486,0,15678
65518,65510,65486,0,15706
65518,65510,65486,0,15734
65518,65510,65486,0,15762
65518,65510,65486,0,15790
65518,65510,65486,0,15818
65518,65510,65486,0,15846
65518,65510,65486,0,15875
65518,65510,65486,0,15902
65518,65510,65486,0,15931
65518,65510,65486,0,15959
65518,65510,65485,0,15986
65518,65510,65485,0,16015
65518,65510,65485,0,16043
65518,65510,65486,0,16071
65518,65510,65486,0,16099
65518,65510,65486,0,16128
65518,65510,65486,0,16155
65518,65510,65486,0,16183
65518,65510,65486,0,16211
65518,65510,65486,0,16239
65518,65510,65486,0,16268
65518,65510,65486,0,16295
65518,65510,65486,0,16323
65518,65510,65486,0,16352
65518,65510,65486,0,16379
65518,65510,65486,0,16408
65518,65510,65486,0,16436
65518,65510,65486,0,16464
65518,65510,65486,0,16492
65518,65510,65486,0,16520
65518,65510,65486,0,16548
65518,65510,65486,0,16576
65518,65510,65486,0,16605
65518,65510,65486,0,16632
65518,65510,65486,0,16661
65518,65510,65486,0,16689
65518,65510,65486,0,16716
65518,65510,65486,0,16745
65518,65510,65486,0,16773
65518,65510,65486,0,16801
65518,65510,65486,0,16829
65518,65510,65486,0,16857
65518,65510,65486,0,16885
65518,65510,65486,0,16913
65518,65510,65486,0,16942
65518,65510,65486,0,16969
65518,65510,65486,0,16998
65518,65510,65486,0,17026
65518,65510,65486,0,17053
65518,65510,65486,0,17082
65518,65510,65486,0,17110
65518,65510,65486,0,17138
65518,65510,65486,0,17166
65518,65510,65486,0,17195
65518,65510,65486,0,17222
65518,65510,65486,0,17250
65518,65510,65486,0,17278
65518,65510,65486,0,17306
65518,65510,65486,0,17335
65518,65510,65486,0,17362
65518,65510,65486,0,17391
65518,65510,65486,0,17419
65518,65510,65486,0,17446
65518,65510,65486,0,17475
65518,65510,65486,0,17503
65518,65510,65486,0,17531
65518,65510,65486,0,17559
65518,65510,65486,0,17587
65518,65510,65486,0,17615
65518,65510,65486,0,17643
65518,65510,65486,0,17672
65518,65510,65486,0,17699
65518,65510,65486,0,17728
65518,65510,65486,0,17756
65518,65510,65486,0,17783
65518,65510,65486,0,17812
65518,65510,65486,0,17840
65518,65510,65486,0,17868
65518,65510,65485,0,17896
65518,65510,65485,0,17925
65518,65510,65485,0,17952
65518,65510,65486,0,17980
65518,65510,65486,0,18009
65518,65510,65486,0,18036
65518,65510,65486,0,18065
65518,65510,65486,0,18093
65518,65510,65486,0,18120
65518,65510,65486,0,18149
65518,65510,65486,0,18177
65518,65510,65486,0,18205
65518,65510,65486,0,18233
65518,65510,65486,0,18262
65518,65510,65486,0,18289
65518,65510,65486,0,18317
65518,65510,65486,0,18345
65518,65510,65486,0,18373
65518,65510,65486,0,18402
65518,65510,65486,0,18429
65518,65510,65486,0,18458
65518,65510,65486,0,18486
65518,65510,65486,0,18513
65518,65510,65486,0,18542
65518,65510,65486,0,18570
65518,65510,65486,0,18598
65518,65510,65486,0,18626
65518,65510,65486,0,18654
65518,65510,65486,0,18682
65518,65510,65486,0,18710
65518,65510,65486,0,18739
65518,65510,65486,0,18766
65518,65510,65486,0,18795
65518,65510,65486,0,18823
65518,65510,65486,0,18850
65518,65510,65486,0,18879
65518,65510,65486,0,18907
65518,65510,65486,0,18935
65518,65510,65486,0,18963
65518,65510,65486,0,18992
65518,65510,65486,0,19019
65518,65510,65486,0,19047
65518,65510,65486,0,19076
65518,65510,65486,0,19103
65518,65510,65486,0,19132
65518,65510,65486,0,19160
65518,65510,65486,0,19188
65518,65510,65486,0,19216
65518,65510,65486,0,19244
65518,65510,65486,0,19272
65518,65510,65486,0,19300
65518,65510,65486,0,19329
65518,65510,65486,0,19356
65518,65510,65486,0,19384
65518,65510,65486,0,19412
65518,65510,65486,0,19440
65518,65510,65486,0,19469
65518,65510,65486,0,19496
65518,65510,65486,0,19525
65518,65510,65486,0,19553
65518,65510,65486,0,19580
65518,65510,65486,0,19609
65518,65510,65486,0,19637
65518,65510,65486,0,19665
65518,65510,65486,0,19693
65518,65510,65486,0,19722
65518,65510,65486,0,19749
65518,65510,65486,0,19777
65518,65510,65486,0,19806
65518,65510,65486,0,19833
65518,65510,65486,0,19862
65518,65510,65485,0,19890
65518,65510,65485,0,19917
65518,65510,65486,0,19946
65518,65510,65486,0,19974
65518,65510,65486,0,20002
65518,65510,65486,0,20030
65518,65510,65486,0,20059
65518,65510,65486,0,20086
65518,65510,65486,0,20114
65518,65510,65486,0,20143
65518,65510,65486,0,20170
65518,65510,65486,0,20199
65518,65510,65486,0,20227
65518,65510,65486,0,20255
65518,65510,65486,0,20283
65518,65510,65486,0,20311
65518,65510,65486,0,20339
65518,65510,65486,0,20367
65518,65510,65486,0,20396
65518,65510,65486,0,20423
65518,65510,65486,0,20451
65518,65510,65486,0,20480
65518,65510,65486,0,20507
65518,65510,65486,0,20536
65518,65510,65486,0,20563
65518,65510,65486,0,20592
65518,65510,65486,0,20620
65518,65510,65486,0,20647
65518,65510,65486,0,20676
65518,65510,65486,0,20704
65518,65510,65486,0,20732
65518,65510,65486,0,20760
65518,65510,65486,0,20789
65518,65510,65486,0,20816
65518,65510,65486,0,20844
65518,65510,65486,0,20873
65518,65510,65486,0,20900
65518,65510,65486,0,20929
65518,65510,65486,0,20957
65518,65510,65486,0,20985
65518,65510,65486,0,21013
65518,65510,65486,0,21041
65518,65510,65486,0,21069
65518,65510,65486,0,21097
65518,65510,65486,0,21126
65518,65510,65486,0,21153
65518,65510,65486,0,21181
65518,65510,65486,0,21210
65518,65510,65486,0,21237
65518,65510,65486,0,21266
65518,65510,65486,0,21294
65518,65510,65486,0,21322
65518,65510,65486,0,21350
65518,65510,65486,0,21378
65518,65510,65486,0,21406
65518,65510,65486,0,21434
65518,65510,65486,0,21463
65518,65510,65486,0,21490
65518,65510,65486,0,21519
65518,65510,65486,0,21547
65518,65510,65486,0,21574
65518,65510,65486,0,21603
65518,65510,65486,0,21630
65518,65510,65486,0,21659
65518,65510,65486,0,21687
65518,65510,65486,0,21714
65518,65510,65486,0,21743
65518,65510,65486,0,21771
65518,65510,65486,0,21799
65518,65510,65486,0,21827
65518,65510,65486,0,21856
65518,65510,65486,0,21883
65518,65510,65486,0,21911
65518,65510,65486,0,21940
65518,65510,65486,0,21967
65518,65510,65486,0,21996
65518,65510,65486,0,22024
65518,65510,65486,0,22052
65518,65510,65486,0,22080
65518,65510,65486,0,22108
65518,65510,65486,0,22136
65518,65510,65486,0,22164
65518,65510,65486,0,22193
65518,65510,65486,0,22220
65518,65510,65486,0,22248
65518,65510,65486,0,22277
65518,65510,65486,0,22304
65518,65510,65486,0,22333
65518,65510,65486,0,22361
65518,65510,65486,0,22389
65518,65510,65486,0,22417
65518,65510,65486,0,22445
65518,65510,65486,0,22473
65518,65510,65486,0,22501
65518,65510,65486,0,22530
65518,65510,65486,0,22557
65518,65510,65486,0,22586
65518,65510,65486,0,22614
65518,65510,65486,0,22641
65518,65510,65486,0,22670
65518,65510,65486,0,22697
65518,65510,65486,0,22726
65518,65510,65486,0,22754
65518,65510,65486,0,22782
65518,65510,65486,0,22810
65518,65510,65486,0,22838
65518,65510,65486,0,22866
65518,65510,65486,0,22894
65518,65510,65486,0,22923
65518,65510,65486,0,22950
65518,65510,65486,0,22978
65518,65510,65486,0,23007
65518,65510,65486,0,23034
65518,65510,65486,0,23063
65518,65510,65486,0,23091
65518,65510,65486,0,23119
65518,65510,65486,0,23147
65518,65510,65486,0,23175
65518,65510,65486,0,23203
65518,65510,65486,0,23231
65518,65510,65486,0,23260
65518,65510,65486,0,23287
65518,65510,65486,0,23316
65518,65510,65486,0,23344
65518,65511,65486,0,23371
65518,65511,65486,0,23400
65518,65510,65486,0,23428
65518,65510,65486,0,23456
65518,65510,65486,0,23484
65518,65510,65486,0,23512
65518,65510,65486,0,23540
65518,65510,65486,0,23568
65518,65510,65486,0,23597
65518,65510,65486,0,23624
65518,65510,65486,0,23653
65518,65510,65486,0,23681
65518,65510,65486,0,23708
65518,65510,65486,0,23737
65518,65510,65486,0,23764
65518,65510,65486,0,23793
65518,65510,65486,0,23821
65518,65510,65486,0,23849
65518,65510,65486,0,23877
65518,65510,65486,0,23905
65518,65510,65486,0,23933
65518,65510,65486,0,23961
65518,65510,65486,0,23990
65518,65510,65486,0,24017
65518,65510,65486,0,24045
65518,65510,65486,0,24074
65518,65510,65486,0,24101
65518,65510,65486,0,24130
65518,65510,65486,0,24158
65518,65510,65486,0,24186
65518,65510,65486,0,24214
65518,65510,65486,0,24242
65518,65510,65486,0,24270
65518,65510,65486,0,24298
65518,65510,65486,0,24327
65518,65510,65486,0,24354
65518,65510,65486,0,24383
65518,65510,65486,0,24411
65518,65510,65486,0,24438
65518,65510,65486,0,24467
65518,65510,65486,0,24495
65518,65510,65486,0,24523
65518,65510,65486,0,24551
65518,65510,65486,0,24580
65518,65510,65486,0,24607
65518,65510,65486,0,24635
65518,65510,65485,0,24664
65518,65510,65485,0,24691
65518,65510,65486,0,24720
65518,65510,65486,0,24748
65518,65510,65486,0,24775
65518,65510,65486,0,24804
65518,65510,65486,0,24832
65518,65510,65486,0,24860
65518,65510,65486,0,24888
65518,65510,65486,0,24916
65518,65510,65486,0,24944
65518,65510,65486,0,24972
65518,65510,65486,0,25000
65518,65510,65486,0,25028
65518,65510,65486,0,25057
65518,65510,65486,0,25084
65518,65510,65486,0,25113
65518,65510,65485,0,25141
65518,65510,65485,0,25168
65518,65510,65486,0,25197
65518,65510,65486,0,25225
65518,65510,65486,0,25253
65518,65510,65486,0,25281
65518,65510,65486,0,25309
65518,65510,65485,0,25337
65518,65510,65485,0,25365
65518,65510,65485,0,25394
65518,65510,65486,0,25421
65518,65510,65486,0,25450
65518,65510,65486,0,25478
65518,65510,65486,0,25505
65518,65510,65486,0,25534
65518,65510,65485,0,25562
65518,65510,65485,0,25590
65518,65510,65486,0,25618
65518,65510,65486,0,25647
65518,65510,65485,0,25674
65518,65510,65485,0,25702
65518,65510,65485,0,25731
65518,65510,65486,0,25758
65518,65510,65486,0,25787
65518,65510,65486,0,25815
65518,65510,65486,0,25842
65518,65510,65486,0,25871
65518,65510,65486,0,25899
65518,65510,65486,0,25927
65518,65510,65485,0,25955
65518,65510,65485,0,25984
65518,65510,65485,0,26011
65518,65510,65486,0,26039
65518,65510,65486,0,26067
65518,65510,65486,0,26095
65518,65510,65486,0,26124
65518,65510,65485,0,26151
65518,65510,65485,0,26180
65518,65510,65485,0,26208
65518,65510,65485,0,26235
65518,65510,65485,0,26264
65518,65510,65485,0,26292
65518,65510,65485,0,26320
65518,65510,65485,0,26348
65518,65510,65486,0,26377
65518,65510,65486,0,26404
65518,65510,65486,0,26432
65518,65510,65486,0,26461
65518,65510,65486,0,26488
65518,65510,65485,0,26517
65518,65510,65485,0,26545
65518,65510,65485,0,26572
65518,65510,65485,0,26601
65518,65510,65485,0,26629
65518,65510,65485,0,26657
65518,65510,65485,0,26685
65518,65510,65486,0,26714
65518,65510,65486,0,26741
65518,65510,65486,0,26769
65518,65510,65486,0,26798
65518,65510,65486,0,26825
65518,65510,65485,0,26854
65518,65510,65485,0,26882
65518,65510,65486,0,26910
65518,65510,65486,0,26938
65518,65510,65486,0,26966
65518,65510,65485,0,26994
65518,65510,65485,0,27022
65518,65510,65485,0,27051
65518,65510,65485,0,27078
65518,65510,65486,0,27106
65518,65510,65486,0,27134
65518,65510,65486,0,27162
65518,65510,65485,0,27191
65518,65510,65485,0,27218
65518,65510,65485,0,27247
65518,65510,65485,0,27275
65518,65510,65485,0,27302
65518,65510,65485,0,27331
65518,65510,65485,0,27359
65518,65510,65486,0,27387
65518,65510,65486,0,27415
65518,65510,65486,0,27444
65518,65510,65485,0,27471
65518,65510,65485,0,27499
65518,65510,65485,0,27528
65518,65510,65485,0,27555
65518,65510,65486,0,27584
65518,65510,65486,0,27612
65518,65510,65486,0,27639
65518,65510,65486,0,27668
65518,65510,65486,0,27696
65518,65510,65486,0,27724
65518,65510,65486,0,27752
65518,65510,65486,0,27781
65518,65510,65486,0,27808
65518,65510,65486,0,27836
65518,65510,65485,0,27865
65518,65510,65485,0,27892
65518,65510,65485,0,27921
65518,65510,65486,0,27949
65518,65510,65486,0,27977
65518,65510,65485,0,28005
65518,65510,65485,0,28033
65518,65510,65485,0,28061
65518,65510,65485,0,28089
65518,65510,65485,0,28118
65518,65510,65485,0,28145
65518,65510,65485,0,28174
65518,65510,65485,0,28201
65518,65510,65485,0,28229
65518,65510,65485,0,28258
65518,65510,65485,0,28285
65518,65510,65485,0,28314
65518,65510,65485,0,28342
65518,65510,65485,0,28369
65518,65510,65485,0,28398
65518,65510,65486,0,28426
65518,65510,65486,0,28454
65518,65510,65485,0,28482
65518,65510,65485,0,28511
65518,65510,65485,0,28538
65518,65510,65485,0,28566
65518,65510,65485,0,28595
65518,65510,65486,0,28622
65518,65510,65486,0,28651
65518,65510,65486,0,28679
65518,65510,65486,0,28707
65518,65510,65486,0,28735
65518,65510,65486,0,28763
65518,65510,65486,0,28791
65518,65510,65485,0,28819
65518,65510,65485,0,28848
65518,65510,65485,0,28875
65518,65510,65485,0,28903
65518,65510,65485,0,28932
65518,65510,65485,0,28959
65518,65510,65485,0,28988
65518,65510,65485,0,29016
65518,65510,65485,0,29044
65518,65510,65485,0,29072
65518,65510,65486,0,29100
65518,65510,65486,0,29128
65518,65510,65485,0,29156
65518,65510,65485,0,29185
65518,65510,65485,0,29212
65518,65510,65486,0,29241
65518,65510,65486,0,29268
65518,65510,65485,0,29296
65518,65510,65485,0,29325
65518,65510,65485,0,29352
65518,65510,65486,0,29381
65518,65510,65486,0,29409
65518,65510,65485,0,29436
65518,65510,65485,0,29465
65518,65510,65485,0,29493
65518,65510,65485,0,29521
65518,65510,65485,0,29549
65518,65510,65485,0,29578
65518,65510,65485,0,29605
65518,65510,65486,0,29633
65518,65510,65486,0,29662
65518,65510,65486,0,29689
65518,65510,65486,0,29718
65518,65510,65486,0,29746
65518,65510,65485,0,29774
65518,65510,65485,0,29802
65518,65510,65485,0,29830
65518,65510,65486,0,29858
65518,65510,65486,0,29886
65518,65510,65486,0,29915
65518,65510,65486,0,29942
65518,65510,65486,0,29971
65518,65510,65486,0,29999
65518,65510,65486,0,30026
65518,65510,65486,0,30055
65518,65510,65486,0,30083
65518,65510,65485,0,30111
65518,65510,65485,0,30139
65518,65510,65485,0,30167
65518,65510,65486,0,30195
65518,65510,65486,0,30223
65518,65510,65486,0,30252
65518,65510,65486,0,30279
65518,65510,65486,0,30308
65518,65510,65485,0,30336
65518,65510,65485,0,30363
65518,65510,65485,0,30392
65518,65510,65485,0,30419
65518,65510,65485,0,30448
65518,65510,65485,0,30476
65518,65510,65485,0,30504
65517,65510,65486,0,30532
65517,65510,65486,0,30560
65518,65510,65485,0,30588
65518,65510,65485,0,30616
65518,65510,65485,0,30645
65518,65510,65485,0,30672
65518,65510,65485,0,30700
65518,65510,65486,0,30729
65518,65510,65486,0,30756
65518,65510,65486,0,30785
65518,65510,65485,0,30813
65518,65510,65485,0,30841
65518,65510,65486,0,30869
65518,65510,65486,0,30897
65518,65510,65486,0,30925
65518,65510,65485,0,30953
65518,65510,65485,0,30982
65518,65510,65486,0,31009
65518,65510,65486,0,31038
65518,65510,65486,0,31066
65518,65510,65486,0,31093
65518,65510,65486,0,31122
65518,65510,65485,0,31150
65518,65510,65485,0,31178
65518,65510,65486,0,31206
65518,65510,65486,0,31234
65518,65510,65486,0,31262
65518,65510,65485,0,31290
65518,65510,65485,0,31319
65518,65510,65486,0,31346
65518,65510,65486,0,31375
65518,65510,65486,0,31403
65518,65510,65485,0,31430
65518,65510,65485,0,31459
65518,65510,65486,0,31486
65518,65510,65486,0,31515
65518,65510,65486,0,31543
65518,65510,65486,0,31571
65518,65510,65486,0,31599
65518,65510,65486,0,31627
65518,65510,65486,0,31655
65518,65510,65486,0,31683
65518,65510,65486,0,31712
65518,65510,65486,0,31739
65518,65510,65486,0,31768
65518,65510,65486,0,31796
65518,65509,65486,0,31823
65518,65509,65486,0,31852
65518,65509,65486,0,31880
65518,65510,65486,0,31908
65518,65510,65486,0,31936
65518,65510,65486,0,31964
65518,65510,65486,0,31992
65518,65510,65486,0,32020
65518,65510,65486,0,32049
65518,65510,65486,0,32076
65518,65510,65486,0,32105
65518,65510,65486,0,32133
65518,65509,65486,0,32160
65518,65509,65486,0,32189
65518,65509,65486,0,32217
65518,65510,65486,0,32245
65518,65510,65486,0,32273
65518,65510,65486,0,32302
65518,65510,65486,0,32329
65518,65510,65486,0,32357
65518,65510,65486,0,32386
65518,65510,65486,0,32413
65518,65510,65486,0,32442
65518,65510,65486,0,32470
65518,65510,65486,0,32497
65518,65510,65486,0,32526
65518,65510,65486,0,32553
65518,65509,65486,0,32582
65518,65509,65486,0,32610
65519,65510,65486,0,32638
65519,65510,65486,0,32666
65519,65510,65486,0,32694
65518,65509,65486,0,32722
65518,65509,65486,0,32750
65518,65509,65486,0,32779
65518,65509,65486,0,32806
65518,65509,65486,0,32835
65518,65509,65486,0,32863
65518,65509,65486,0,32890
65518,65510,65486,0,32919
65518,65510,65486,0,32947
65518,65509,65486,0,32975
65518,65509,65486,0,33003
65518,65509,65486,0,33031
65519,65509,65486,0,33059
65519,65509,65486,0,33087
65519,65509,65486,0,33116
65519,65509,65486,0,33143
65519,65509,65486,0,33172
65519,65509,65487,0,33200
65519,65509,65487,0,33227
65519,65509,65486,0,33256
65519,65509,65486,0,33284
65519,65509,65486,0,33312
65519,65509,65486,0,33340
65519,65509,65486,0,33369
65519,65509,65487,0,33396
65519,65509,65487,0,33424
65519,65509,65486,0,33453
65519,65509,65486,0,33480
65519,65509,65486,0,33509
65519,65509,65486,0,33537
65519,65509,65486,0,33565
65520,65509,65486,0,33593
65520,65509,65486,0,33620
65520,65509,65486,0,33649
65520,65509,65487,0,33677
65520,65509,65487,0,33705
65520,65509,65487,0,33733
65520,65509,65487,0,33761
65520,65509,65487,0,33789
65520,65509,65487,0,33817
65520,65509,65487,0,33846
65520,65509,65487,0,33873
65520,65509,65487,0,33902
65520,65509,65487,0,33930
65520,65509,65487,0,33957
65520,65509,65487,0,33986
65520,65509,65487,0,34014
65520,65509,65487,0,34042
65521,65509,65487,0,34070
65521,65509,65487,0,34099
65521,65509,65487,0,34126
65521,65509,65487,0,34154
65521,65509,65487,0,34183
65521,65509,65487,0,34210
65521,65509,65487,0,34239
65521,65509,65487,0,34267
65521,65509,65487,0,34294
65521,65509,65487,0,34323
65521,65509,65486,0,34351
65521,65509,65486,0,34379
65521,65509,65486,0,34407
65521,65509,65486,0,34436
65521,65509,65486,0,34463
65522,65510,65486,0,34491
65522,65510,65486,0,34520
65522,65510,65486,0,34547
65522,65510,65486,0,34576
65522,65510,65486,0,34604
65522,65510,65486,0,34632
65522,65510,65486,0,34660
65522,65510,65486,0,34688
65522,65510,65486,0,34716
65522,65510,65486,0,34744
65522,65510,65486,0,34772
65522,65510,65486,0,34800
65522,65510,65486,0,34828
65522,65510,65486,0,34856
65522,65510,65486,0,34884
65522,65510,65486,0,34913
65522,65510,65486,0,34940
65522,65510,65486,0,34969
65522,65510,65486,0,34997
65522,65511,65486,0,35024
65522,65511,65486,0,35053
65522,65511,65486,0,35081
65522,65511,65486,0,35109
65522,65511,65486,0,35137
65522,65511,65486,0,35166
65522,65511,65486,0,35193
65522,65511,65486,0,35221
65522,65511,65486,0,35250
65522,65511,65486,0,35277
65522,65511,65486,0,35306
65522,65511,65486,0,35334
65522,65511,65486,0,35362
65522,65511,65486,0,35390
65522,65511,65486,0,35418
65522,65511,65486,0,35446
65522,65511,65486,0,35474
65522,65511,65486,0,35503
65522,65511,65486,0,35530
65522,65511,65486,0,35558
65522,65511,65486,0,35587
65522,65511,65486,0,35614
65522,65511,65486,0,35643
65522,65511,65486,0,35671
65522,65511,65486,0,35699
65522,65512,65486,0,35727
65522,65512,65486,0,35755
65522,65512,65486,0,35783
65522,65512,65486,0,35811
65522,65512,65486,0,35840
65522,65512,65486,0,35867
65522,65512,65486,0,35896
65522,65512,65486,0,35923
65522,65512,65486,0,35951
65522,65512,65486,0,35980
65522,65512,65486,0,36007
65522,65512,65486,0,36036
65521,65512,65486,0,36064
65521,65512,65486,0,36091
65521,65512,65486,0,36120
65521,65512,65486,0,36148
65521,65512,65486,0,36176
65521,65512,65486,0,36204
65521,65512,65486,0,36233
65521,65512,65486,0,36260
65521,65512,65486,0,36288
65521,65512,65487,0,36317
65521,65512,65487,0,36344
65521,65512,65487,0,36373
65521,65512,65487,0,36401
65521,65512,65487,0,36429
65521,65512,65487,0,36457
65521,65512,65487,0,36485
65521,65512,65487,0,36513
65521,65512,65487,0,36541
65521,65512,65487,0,36570
65521,65512,65487,0,36597
65521,65512,65487,0,36625
65521,65512,65487,0,36654
65521,65512,65487,0,36681
65521,65512,65487,0,36710
65521,65512,65487,0,36738
65521,65512,65487,0,36766
65521,65512,65487,0,36794
65521,65512,65487,0,36822
65521,65512,65487,0,36850
65521,65512,65487,0,36878
65521,65512,65487,0,36907
65521,65512,65487,0,36934
65521,65512,65487,0,36963
65521,65512,65487,0,36990
65521,65512,65487,0,37018
65521,65512,65487,0,37047
65521,65512,65487,0,37074
65521,65512,65487,0,37103
65521,65512,65487,0,37131
65520,65512,65487,0,37159
65520,65512,65487,0,37187
65521,65512,65487,0,37215
65521,65512,65487,0,37243
65521,65512,65487,0,37271
65521,65512,65487,0,37300
65521,65512,65487,0,37327
65520,65512,65488,0,37355
65520,65512,65488,0,37384
65521,65512,65487,0,37411
65521,65512,65487,0,37440
65521,65512,65487,0,37468
65521,65512,65487,0,37496
65521,65512,65487,0,37524
65521,65512,65488,0,37552
65521,65512,65488,0,37580
65521,65512,65488,0,37608
65521,65512,65488,0,37637
65521,65512,65488,0,37664
65521,65512,65488,0,37693
65521,65512,65488,0,37721
65520,65512,65487,0,37748
65520,65512,65487,0,37777
65520,65512,65487,0,37805
65520,65512,65488,0,37833
65520,65512,65488,0,37861
65521,65512,65487,0,37889
65521,65512,65487,0,37917
65521,65512,65487,0,37945
65520,65512,65488,0,37974
65520,65512,65488,0,38001
65520,65512,65488,0,38030
65520,65512,65488,0,38057
65520,65512,65488,0,38085
65520,65512,65488,0,38114
65520,65512,65488,0,38141
65520,65512,65488,0,38170
65520,65512,65488,0,38198
65520,65511,65488,0,38226
65520,65511,65488,0,38254
65520,65511,65488,0,38282
65520,65512,65488,0,38310
65520,65512,65488,0,38338
65520,65512,65488,0,38367
65520,65512,65488,0,38394
65520,65512,65488,0,38422
65520,65511,65488,0,38451
65520,65511,65488,0,38478
65520,65512,65488,0,38507
65520,65512,65488,0,38535
65520,65512,65488,0,38563
65520,65512,65488,0,38591
65520,65512,65488,0,38619
65520,65511,65488,0,38647
65520,65511,65488,0,38675
65520,65511,65488,0,38704
65520,65511,65488,0,38731
65520,65511,65488,0,38760
65521,65511,65488,0,38788
65521,65511,65488,0,38815
65520,65512,65488,0,38844
65520,65512,65488,0,38872
65520,65512,65488,0,38900
65520,65511,65488,0,38928
65520,65511,65488,0,38957
65520,65511,65488,0,38984
65520,65511,65488,0,39012
65520,65511,65488,0,39041
65520,65511,65488,0,39068
65520,65511,65488,0,39097
65520,65511,65488,0,39124
65520,65511,65488,0,39152
65520,65511,65488,0,39181
65520,65511,65488,0,39208
65520,65511,65488,0,39237
65520,65511,65488,0,39265
65520,65511,65488,0,39293
65520,65511,65488,0,39321
65520,65511,65488,0,39349
65520,65511,65488,0,39377
65521,65511,65488,0,39405
65521,65511,65488,0,39434
65520,65511,65488,0,39461
65520,65511,65488,0,39490
65520,65511,65488,0,39518
65521,65511,65488,0,39545
65521,65511,65488,0,39574
65521,65511,65489,0,39602
65521,65511,65489,0,39630
65521,65511,65489,0,39658
65521,65511,65488,0,39686
65521,65511,65488,0,39714
65521,65511,65488,0,39742
65521,65511,65488,0,39771
65521,65511,65489,0,39798
65521,65511,65489,0,39827
65521,65511,65489,0,39855
65520,65511,65488,0,39882
65520,65511,65488,0,39911
65521,65511,65488,0,39939
65521,65511,65488,0,39967
65521,65511,65488,0,39995
65521,65511,65488,0,40024
65521,65511,65488,0,40051
65521,65511,65489,0,40079
65521,65511,65489,0,40108
65521,65511,65489,0,40135
65521,65511,65489,0,40164
65521,65511,65489,0,40192
65521,65511,65489,0,40219
65521,65511,65489,0,40248
65521,65510,65488,0,40275
65521,65510,65488,0,40304
65521,65510,65488,0,40332
65521,65510,65488,0,40360
65521,65510,65488,0,40388
65521,65511,65488,0,40416
65521,65511,65488,0,40444
65521,65511,65488,0,40472
65521,65510,65488,0,40501
65521,65510,65488,0,40528
65521,65511,65488,0,40557
65521,65511,65488,0,40585
65521,65511,65488,0,40612
65521,65511,65489,0,40641
65521,65511,65489,0,40669
65521,65510,65488,0,40697
65521,65510,65488,0,40725
65521,65510,65488,0,40754
65521,65510,65488,0,40781
65521,65510,65488,0,40809
65521,65511,65488,0,40838
65521,65511,65488,0,40865
65521,65510,65488,0,40894
65521,65510,65488,0,40922
65521,65510,65488,0,40949
65521,65510,65488,0,40978
65521,65510,65488,0,41006
65521,65510,65488,0,41034
65521,65510,65488,0,41062
65521,65510,65488,0,41091
65521,65510,65489,0,41118
65521,65510,65489,0,41146
65521,65510,65488,0,41175
65521,65510,65488,0,41202
65521,65510,65488,0,41231
65521,65510,65488,0,41259
65521,65510,65488,0,41287
65521,65511,65488,0,41315
65521,65511,65488,0,41342
65521,65510,65488,0,41371
65521,65510,65488,0,41399
65521,65510,65488,0,41427
65521,65510,65489,0,41455
65521,65510,65489,0,41483
65521,65510,65488,0,41511
65521,65510,65488,0,41539
65521,65510,65488,0,41568
65521,65511,65488,0,41595
65521,65511,65488,0,41624
65521,65511,65489,0,41652
65521,65511,65489,0,41679
65521,65511,65488,0,41708
65521,65511,65488,0,41736
65521,65511,65488,0,41764
65521,65511,65489,0,41792
65521,65511,65489,0,41821
65521,65511,65488,0,41848
65521,65511,65488,0,41876
65521,65511,65488,0,41905
65521,65510,65488,0,41932
65521,65510,65488,0,41961
65521,65510,65488,0,41989
65521,65510,65488,0,42016
65521,65510,65488,0,42045
65521,65510,65488,0,42073
65521,65510,65488,0,42101
65521,65510,65489,0,42129
65521,65510,65489,0,42158
65521,65510,65488,0,42185
65521,65510,65488,0,42213
65521,65510,65488,0,42242
65521,65511,65488,0,42269
65521,65511,65488,0,42298
65521,65511,65489,0,42326
65521,65511,65489,0,42354
65521,65511,65489,0,42382
65521,65510,65489,0,42409
65521,65510,65489,0,42438
65522,65511,65489,0,42466
65522,65511,65489,0,42494
65522,65511,65489,0,42522
65521,65510,65488,0,42551
65521,65510,65488,0,42578
65521,65510,65489,0,42606
65521,65510,65489,0,42635
65521,65511,65488,0,42662
65521,65511,65488,0,42691
65521,65511,65488,0,42719
65521,65511,65489,0,42746
65521,65511,65489,0,42775
65521,65511,65489,0,42803
65521,65511,65489,0,42831
65521,65511,65489,0,42859
65521,65511,65488,0,42888
65521,65511,65488,0,42915
65521,65510,65488,0,42943
65521,65510,65488,0,42972
65521,65510,65488,0,42999
65521,65510,65489,0,43028
65521,65510,65489,0,43056
65521,65511,65489,0,43084
65521,65511,65489,0,43112
65521,65510,65488,0,43140
65521,65510,65488,0,43168
65521,65510,65488,0,43196
65521,65510,65489,0,43225
65521,65510,65489,0,43252
65521,65511,65489,0,43280
65521,65511,65489,0,43309
65521,65511,65489,0,43336
65522,65510,65488,0,43365
65522,65510,65488,0,43393
65521,65510,65488,0,43421
65521,65510,65488,0,43449
65521,65510,65488,0,43476
65521,65510,65488,0,43505
65521,65510,65488,0,43533
65521,65511,65488,0,43561
65521,65511,65488,0,43589
65521,65510,65488,0,43618
65521,65510,65488,0,43645
65521,65510,65488,0,43673
65521,65511,65488,0,43702
65521,65511,65488,0,43729
65521,65511,65489,0,43758
65521,65511,65489,0,43786
65521,65511,65489,0,43813
65522,65510,65488,0,43842
65522,65510,65488,0,43870
65521,65510,65488,0,43898
65521,65510,65488,0,43926
65521,65510,65488,0,43955
65521,65510,65489,0,43982
65521,65510,65489,0,44010
65521,65511,65488,0,44039
65521,65511,65488,0,44066
65521,65511,65488,0,44095
65521,65511,65488,0,44123
65521,65511,65488,0,44151
65521,65510,65489,0,44179
65521,65510,65489,0,44207
65522,65511,65489,0,44235
65522,65511,65489,0,44263
65522,65511,65489,0,44292
65521,65511,65489,0,44319
65521,65511,65489,0,44348
65522,65511,65488,0,44376
65522,65511,65488,0,44403
65522,65511,65488,0,44432
65522,65511,65488,0,44460
65522,65511,65488,0,44488
65522,65511,65488,0,44516
65522,65511,65488,0,44544
65521,65511,65488,0,44572
65521,65511,65488,0,44600
65521,65511,65488,0,44628
65522,65511,65488,0,44656
65522,65511,65488,0,44685
65522,65511,65488,0,44712
65522,65511,65488,0,44740
65522,65511,65488,0,44769
65522,65511,65488,0,44796
65522,65511,65488,0,44825
65522,65511,65488,0,44853
65522,65511,65488,0,44881
65522,65511,65488,0,44909
65522,65511,65488,0,44937
65522,65511,65488,0,44965
65521,65511,65488,0,44993
65521,65511,65488,0,45022
65521,65511,65488,0,45049
65521,65511,65488,0,45077
65521,65511,65488,0,45106
65521,65511,65488,0,45133
65521,65511,65488,0,45162
65521,65512,65489,0,45190
65521,65512,65489,0,45218
65521,65512,65489,0,45246
65521,65512,65488,0,45274
65521,65512,65488,0,45302
65521,65512,65488,0,45330
65521,65512,65488,0,45359
65521,65512,65488,0,45386
65521,65511,65488,0,45415
65521,65511,65488,0,45443
65521,65512,65488,0,45470
65521,65512,65488,0,45499
65521,65512,65488,0,45527
65521,65512,65488,0,45555
65521,65512,65488,0,45583
65521,65512,65488,0,45611
65521,65512,65488,0,45639
65521,65512,65489,0,45667
65521,65512,65489,0,45696
65521,65512,65489,0,45723
65521,65512,65488,0,45752
65521,65512,65488,0,45779
65521,65512,65489,0,45807
65521,65512,65489,0,45836
65521,65512,65489,0,45863
65521,65512,65488,0,45892
65521,65512,65488,0,45920
65521,65512,65489,0,45948
65521,65512,65489,0,45976
65521,65512,65489,0,46004
65521,65512,65489,0,46032
65521,65512,65489,0,46060
65521,65512,65489,0,46089
65521,65512,65489,0,46116
65521,65512,65489,0,46145
65521,65512,65489,0,46173
65521,65512,65489,0,46200
65521,65512,65488,0,46229
65521,65512,65488,0,46257
65520,65512,65488,0,46285
65520,65512,65488,0,46313
65520,65512,65488,0,46341
65520,65512,65489,0,46369
65520,65512,65489,0,46397
65520,65512,65489,0,46426
65520,65512,65489,0,46453
65520,65512,65488,0,46482
65520,65512,65488,0,46510
65520,65512,65488,0,46537
65520,65512,65489,0,46566
65520,65512,65489,0,46594
65520,65512,65489,0,46622
65520,65512,65489,0,46650
65520,65512,65489,0,46679
65520,65512,65489,0,46706
65520,65512,65489,0,46734
65520,65512,65489,0,46763
65520,65512,65489,0,46790
65520,65512,65489,0,46819
65520,65512,65489,0,46846
65520,65512,65489,0,46874
65520,65512,65489,0,46903
65520,65512,65489,0,46930
65520,65512,65489,0,46959
65520,65512,65489,0,46987
65520,65512,65489,0,47015
65520,65512,65489,0,47043
65520,65512,65489,0,47071
65520,65512,65489,0,47099
65520,65512,65489,0,47127
65520,65512,65489,0,47156
65520,65512,65489,0,47183
65520,65512,65489,0,47212
65519,65512,65489,0,47240
65519,65512,65489,0,47267
65519,65512,65489,0,47296
65519,65512,65489,0,47324
65519,65512,65489,0,47352
65519,65513,65489,0,47380
65519,65513,65489,0,47408
65520,65512,65489,0,47436
65520,65512,65489,0,47464
65520,65512,65489,0,47493
65519,65512,65489,0,47520
65519,65512,65489,0,47549
65519,65512,65489,0,47577
65519,65512,65489,0,47604
65519,65512,65489,0,47633
65519,65513,65489,0,47661
65519,65513,65489,0,47689
65519,65512,65489,0,47717
65519,65512,65489,0,47746
65519,65512,65489,0,47773
65519,65512,65489,0,47801
65519,65512,65489,0,47830
65519,65512,65489,0,47857
65519,65512,65489,0,47886
65519,65512,65489,0,47913
65519,65512,65489,0,47942
65519,65512,65489,0,47970
65519,65512,65489,0,47997
65519,65512,65489,0,48026
65519,65512,65489,0,48054
65519,65512,65489,0,48082
65519,65512,65489,0,48110
65519,65512,65489,0,48138
65519,65512,65489,0,48166
65519,65512,65489,0,48194
65519,65512,65489,0,48223
65519,65512,65489,0,48250
65519,65512,65489,0,48279
65519,65512,65489,0,48307
65519,65512,65489,0,48334
65519,65512,65489,0,48363
65519,65512,65489,0,48391
65519,65512,65489,0,48419
65519,65512,65489,0,48447
65519,65512,65489,0,48476
65519,65512,65489,0,48503
65519,65512,65489,0,48531
65519,65512,65489,0,48560
65519,65512,65489,0,48587
65519,65512,65489,0,48616
65519,65512,65489,0,48644
65519,65512,65489,0,48671
65519,65512,65489,0,48700
65519,65512,65489,0,48728
65519,65512,65489,0,48756
65519,65512,65489,0,48784
65519,65512,65489,0,48813
65519,65512,65489,0,48840
65519,65512,65489,0,48868
65519,65512,65489,0,48897
65519,65512,65489,0,48924
65519,65512,65489,0,48953
65519,65512,65489,0,48980
65519,65512,65489,0,49009
65519,65512,65489,0,49037
65519,65512,65489,0,49064
65519,65512,65489,0,49093
65519,65512,65489,0,49121
65519,65512,65489,0,49149
65519,65512,65489,0,49177
65519,65512,65489,0,49205
65519,65512,65489,0,49233
65519,65512,65489,0,49261
65519,65512,65490,0,49290
65519,65512,65490,0,49317
65519,65512,65490,0,49346
65519,65512,65489,0,49374
65519,65512,65489,0,49401
65519,65512,65490,0,49430
65519,65512,65490,0,49458
65519,65512,65489,0,49486
65519,65512,65489,0,49514
65519,65512,65489,0,49543
65519,65512,65490,0,49570
65519,65512,65490,0,49598
65519,65512,65489,0,49627
65519,65512,65489,0,49654
65519,65512,65489,0,49683
65519,65512,65489,0,49711
65519,65512,65489,0,49739
65519,65512,65489,0,49767
65519,65512,65489,0,49795
65519,65512,65489,0,49823
65519,65512,65489,0,49851
65519,65512,65489,0,49880
65519,65512,65489,0,49907
65519,65512,65489,0,49935
65519,65512,65489,0,49964
65519,65512,65489,0,49991
65519,65512,65489,0,50020
65519,65512,65489,0,50048
65519,65512,65489,0,50076
65519,65512,65489,0,50104
65519,65512,65489,0,50131
65519,65512,65489,0,50160
65519,65512,65489,0,50188
65519,65512,65489,0,50216
65519,65512,65490,0,50244
65519,65512,65490,0,50273
65519,65512,65490,0,50300
65519,65512,65489,0,50328
65519,65512,65489,0,50357
65519,65512,65489,0,50384
65519,65512,65489,0,50413
65519,65512,65489,0,50441
65519,65512,65489,0,50468
65519,65512,65489,0,50497
65519,65512,65489,0,50525
65519,65512,65489,0,50553
65519,65512,65489,0,50581
65519,65512,65489,0,50610
65519,65512,65489,0,50637
65519,65512,65489,0,50665
65519,65512,65489,0,50694
65519,65512,65490,0,50721
65519,65512,65490,0,50750
65519,65512,65490,0,50778
65519,65512,65489,0,50806
65519,65512,65489,0,50834
65519,65512,65489,0,50862
65519,65512,65489,0,50890
65519,65511,65489,0,50918
65519,65511,65489,0,50947
65519,65511,65489,0,50974
65519,65511,65489,0,51002
65519,65511,65489,0,51031
65519,65511,65489,0,51058
65519,65511,65489,0,51087
65519,65511,65489,0,51115
65519,65511,65489,0,51143
65519,65511,65489,0,51171
65519,65511,65489,0,51198
65519,65511,65489,0,51227
65519,65511,65489,0,51255
65519,65511,65489,0,51283
65519,65511,65489,0,51311
65518,65511,65489,0,51340
65518,65511,65489,0,51367
65519,65511,65489,0,51395
65519,65511,65489,0,51424
65519,65511,65489,0,51451
65519,65511,65489,0,51480
65519,65511,65489,0,51508
65519,65511,65489,0,51536
65519,65511,65489,0,51564
65519,65511,65489,0,51592
65518,65511,65489,0,51620
65518,65511,65489,0,51648
65519,65511,65489,0,51677
65519,65511,65489,0,51704
65519,65511,65489,0,51732
65519,65511,65489,0,51761
65519,65511,65489,0,51788
65519,65511,65489,0,51817
65519,65511,65489,0,51845
65519,65511,65488,0,51873
65519,65511,65488,0,51901
65519,65511,65488,0,51929
65519,65511,65488,0,51957
65519,65511,65488,0,51985
65519,65510,65489,0,52014
65519,65510,65489,0,52041
65519,65510,65489,0,52070
65519,65511,65489,0,52098
65519,65511,65489,0,52125
65519,65511,65488,0,52154
65519,65511,65488,0,52182
65519,65511,65488,0,52210
65519,65510,65488,0,52238
65519,65510,65488,0,52265
65519,65511,65488,0,52294
65519,65511,65488,0,52322
65519,65510,65488,0,52350
65519,65510,65488,0,52378
65519,65510,65488,0,52407
65519,65510,65488,0,52434
65519,65510,65488,0,52462
65519,65511,65488,0,52491
65519,65511,65488,0,52518
65519,65511,65488,0,52547
65518,65510,65488,0,52575
65518,65510,65488,0,52603
65519,65511,65488,0,52631
65519,65511,65488,0,52659
65519,65511,65488,0,52687
65518,65510,65488,0,52715
65518,65510,65488,0,52744
65518,65510,65488,0,52771
65518,65510,65488,0,52799
65518,65510,65488,0,52828
65518,65510,65488,0,52855
65518,65510,65488,0,52884
65518,65510,65488,0,52912
65518,65510,65488,0,52940
65518,65511,65488,0,52968
65518,65511,65488,0,52996
65518,65511,65488,0,53024
65518,65510,65488,0,53052
65518,65510,65488,0,53081
65519,65510,65488,0,53108
65519,65510,65488,0,53137
65519,65510,65488,0,53165
65518,65510,65487,0,53192
65518,65510,65487,0,53221
65518,65510,65488,0,53249
65518,65510,65488,0,53277
65518,65510,65488,0,53305
65518,65510,65488,0,53334
65518,65510,65488,0,53361
65518,65510,65487,0,53389
65518,65510,65487,0,53417
65518,65510,65487,0,53445
65518,65510,65487,0,53474
65518,65510,65487,0,53501
65518,65510,65487,0,53529
65518,65510,65487,0,53558
65518,65510,65487,0,53585
65518,65510,65487,0,53614
65518,65510,65487,0,53642
65518,65510,65487,0,53670
65518,65510,65487,0,53698
65518,65510,65487,0,53726
65518,65510,65487,0,53754
65518,65510,65487,0,53782
65518,65510,65487,0,53811
65518,65510,65487,0,53838
65518,65510,65487,0,53867
65518,65510,65487,0,53895
65518,65510,65487,0,53922
65518,65510,65487,0,53951
65518,65510,65487,0,53979
65518,65510,65487,0,54007
65518,65510,65487,0,54035
65518,65510,65487,0,54063
65518,65510,65487,0,54091
65518,65510,65487,0,54119
65518,65510,65487,0,54148
65518,65510,65487,0,54175
65518,65510,65486,0,54204
65518,65510,65486,0,54232
65518,65510,65486,0,54259
65518,65510,65486,0,54288
65518,65510,65486,0,54316
65518,65510,65487,0,54344
65518,65510,65487,0,54372
65518,65510,65487,0,54401
65518,65510,65487,0,54428
65518,65510,65487,0,54456
65518,65510,65486,0,54484
65518,65510,65486,0,54512
65518,65510,65486,0,54541
65518,65510,65486,0,54568
65518,65510,65486,0,54596
65518,65510,65486,0,54625
65518,65510,65486,0,54652
65518,65510,65486,0,54681
65518,65510,65486,0,54709
65518,65510,65486,0,54737
65518,65510,65486,0,54765
65518,65510,65486,0,54793
65518,65510,65486,0,54821
65518,65510,65486,0,54849
65518,65510,65486,0,54878
65518,65510,65486,0,54905
65518,65510,65486,0,54934
65518,65510,65486,0,54962
65518,65510,65486,0,54989
65518,65510,65486,0,55018
65518,65510,65486,0,55046
65518,65510,65486,0,55074
65518,65510,65486,0,55102
65518,65510,65486,0,55131
65518,65510,65486,0,55158
65518,65510,65486,0,55186
65518,65510,65486,0,55215
65518,65510,65486,0,55242
65518,65510,65486,0,55271
65518,65510,65486,0,55299
65518,65510,65486,0,55326
65518,65510,65486,0,55355
65518,65510,65486,0,55383
65518,65510,65486,0,55411
65518,65510,65486,0,55439
65518,65510,65486,0,55468
65518,65510,65486,0,55495
65518,65510,65486,0,55523
65518,65510,65486,0,55552
65518,65510,65486,0,55579
65518,65510,65486,0,55608
65518,65510,65486,0,55635
65518,65510,65486,0,55664
65518,65510,65486,0,55692
65518,65510,65486,0,55719
65518,65510,65486,0,55748
65518,65510,65486,0,55776
65518,65510,65486,0,55804
65518,65510,65486,0,55832
65518,65510,65486,0,55860
65518,65510,65486,0,55888
65518,65510,65486,0,55916
65518,65510,65486,0,55945
65518,65510,65486,0,55972
65518,65510,65486,0,56001
65518,65510,65486,0,56029
65518,65510,65486,0,56056
65518,65510,65486,0,56085
65518,65510,65486,0,56113
65518,65510,65486,0,56141
65518,65510,65486,0,56169
65518,65510,65485,0,56198
65518,65510,65485,0,56225
65518,65510,65486,0,56253
65518,65510,65486,0,56282
65518,65510,65486,0,56309
65518,65510,65486,0,56338
65518,65510,65486,0,56366
65518,65510,65486,0,56393
65518,65510,65486,0,56422
65518,65510,65486,0,56450
65518,65510,65486,0,56478
65518,65510,65486,0,56506
65518,65510,65486,0,56535
65518,65510,65486,0,56562
65518,65510,65486,0,56590
65518,65510,65486,0,56619
65518,65510,65486,0,56646
65518,65510,65486,0,56675
65518,65510,65486,0,56702
65518,65510,65485,0,56731
65518,65510,65485,0,56759
65518,65510,65485,0,56786
65518,65510,65485,0,56815
65518,65510,65485,0,56843
65518,65510,65486,0,56871
65518,65510,65486,0,56899
65518,65510,65486,0,56928
65518,65510,65486,0,56955
65518,65510,65486,0,56983
65518,65510,65485,0,57012
65518,65510,65485,0,57039
65518,65510,65486,0,57068
65518,65510,65486,0,57096
65518,65510,65486,0,57123
65518,65510,65486,0,57152
65518,65510,65486,0,57180
65518,65510,65486,0,57208
65518,65510,65486,0,57236
65518,65510,65486,0,57265
65518,65510,65486,0,57292
65518,65510,65486,0,57320
65518,65510,65486,0,57349
65518,65510,65486,0,57376
65518,65510,65486,0,57405
65518,65510,65486,0,57433
65518,65510,65486,0,57461
65518,65510,65486,0,57489
65518,65510,65486,0,57517
65518,65510,65485,0,57545
65518,65510,65485,0,57573
65518,65510,65485,0,57602
65518,65509,65486,0,57629
65518,65509,65486,0,57657
65518,65510,65486,0,57686
65518,65510,65486,0,57713
65518,65510,65485,0,57742
65518,65510,65485,0,57769
65518,65510,65485,0,57798
65517,65510,65486,0,57826
65517,65510,65486,0,57853
65518,65510,65485,0,57882
65518,65510,65485,0,57910
65518,65510,65485,0,57938
65518,65510,65485,0,57966
65518,65510,65485,0,57995
65518,65510,65485,0,58022
65518,65510,65485,0,58050
65518,65510,65485,0,58079
65518,65510,65485,0,58106
65518,65510,65485,0,58135
65518,65510,65486,0,58163
65518,65510,65486,0,58190
65518,65510,65485,0,58219
65518,65510,65485,0,58247
65518,65510,65485,0,58275
65518,65510,65486,0,58303
65518,65510,65486,0,58332
65518,65510,65485,0,58359
65518,65510,65485,0,58387
65518,65510,65485,0,58416
65518,65510,65486,0,58443
65518,65510,65486,0,58472
65518,65510,65486,0,58500
65518,65510,65486,0,58528
65518,65510,65486,0,58556
65518,65510,65485,0,58584
65518,65510,65485,0,58612
65518,65510,65485,0,58640
65518,65510,65485,0,58669
65518,65510,65485,0,58696
65518,65510,65485,0,58725
65518,65510,65485,0,58753
65518,65510,65486,0,58780
65518,65510,65486,0,58809
65518,65510,65486,0,58836
65518,65510,65486,0,58865
65518,65510,65486,0,58893
65518,65510,65485,0,58920
65518,65510,65485,0,58949
65518,65510,65486,0,58977
65518,65510,65486,0,59005
65518,65510,65486,0,59033
65518,65510,65486,0,59062
65518,65510,65486,0,59089
65518,65510,65486,0,59117
65518,65510,65486,0,59146
65518,65510,65485,0,59173
65518,65510,65485,0,59202
65518,65510,65485,0,59230
65518,65510,65486,0,59258
65518,65510,65486,0,59286
65518,65510,65486,0,59314
65518,65510,65486,0,59342
65518,65510,65486,0,59370
65518,65510,65486,0,59399
65518,65510,65486,0,59426
65518,65510,65485,0,59454
65518,65510,65485,0,59483
65518,65510,65485,0,59510
65518,65510,65485,0,59539
65518,65510,65485,0,59567
65518,65510,65485,0,59595
65518,65510,65485,0,59623
65518,65510,65485,0,59651
65518,65510,65485,0,59679
65518,65510,65485,0,59707
65518,65510,65486,0,59736
65518,65510,65486,0,59763
65518,65510,65486,0,59792
65518,65510,65486,0,59820
65518,65510,65486,0,59847
65518,65510,65486,0,59876
65518,65510,65486,0,59904
65518,65510,65485,0,59932
65518,65510,65485,0,59960
65518,65510,65485,0,59987
65518,65510,65486,0,60016
65518,65510,65486,0,60044
65518,65510,65486,0,60072
65518,65510,65486,0,60100
65518,65510,65485,0,60129
65518,65510,65485,0,60156
65518,65510,65485,0,60184
65518,65510,65485,0,60213
65518,65510,65485,0,60240
65518,65510,65485,0,60269
65518,65510,65485,0,60297
65518,65510,65485,0,60325
65518,65510,65485,0,60353
65518,65510,65485,0,60381
65518,65510,65485,0,60409
65518,65510,65485,0,60437
65518,65510,65485,0,60466
65518,65510,65486,0,60493
65518,65510,65486,0,60522
65518,65510,65485,0,60550
65518,65510,65485,0,60577
65518,65510,65485,0,60606
65518,65510,65485,0,60634
65518,65510,65485,0,60662
65518,65510,65485,0,60690
65518,65510,65485,0,60718
65518,65510,65485,0,60746
65518,65510,65485,0,60774
65518,65510,65485,0,60803
65518,65510,65486,0,60830
65518,65510,65486,0,60859
65518,65510,65486,0,60887
65518,65510,65486,0,60914
65518,65510,65486,0,60943
65518,65510,65485,0,60971
65518,65510,65485,0,60999
65518,65510,65485,0,61027
65518,65510,65485,0,61056
65518,65510,65485,0,61083
65518,65510,65485,0,61111
65518,65510,65485,0,61139
65518,65510,65486,0,61167
65518,65510,65486,0,61196
65518,65510,65485,0,61223
65518,65510,65485,0,61251
65518,65510,65485,0,61280
65518,65510,65485,0,61307
65518,65510,65485,0,61336
65518,65510,65485,0,61364
65518,65510,65485,0,61392
65518,65510,65485,0,61420
65518,65510,65485,0,61448
65518,65510,65485,0,61476
65518,65510,65485,0,61504
65518,65510,65485,0,61533
65518,65510,65485,0,61560
65518,65510,65485,0,61589
65518,65510,65485,0,61617
65518,65510,65485,0,61644
65518,65510,65485,0,61673
65518,65510,65485,0,61701
65518,65510,65485,0,61729
65518,65510,65485,0,61757
65518,65510,65486,0,61785
65518,65510,65486,0,61813
65518,65510,65485,0,61841
65518,65510,65485,0,61870
65518,65510,65485,0,61897
65518,65510,65485,0,61926
65518,65510,65485,0,61954
65518,65510,65485,0,61981
65518,65510,65485,0,62010
65518,65510,65485,0,62038
65518,65510,65485,0,62066
65518,65510,65485,0,62094
65518,65510,65485,0,62123
65518,65510,65485,0,62150
65518,65510,65485,0,62178
65518,65510,65485,0,62206
65518,65510,65485,0,62234
65518,65510,65485,0,62263
65518,65510,65485,0,62290
65518,65510,65486,0,62319
65518,65510,65486,0,62347
65518,65510,65486,0,62374
65518,65510,65485,0,62403
65518,65510,65485,0,62431
65518,65510,65485,0,62459
65518,65510,65485,0,62487
65518,65510,65485,0,62515
65518,65510,65485,0,62543
65518,65510,65485,0,62571
65518,65510,65485,0,62600
65518,65510,65485,0,62627
65518,65510,65485,0,62656
65518,65510,65485,0,62684
65518,65510,65485,0,62711
65518,65510,65485,0,62740
65518,65510,65485,0,62768
65518,65510,65485,0,62796
65518,65510,65485,0,62824
65518,65510,65485,0,62853
65518,65510,65485,0,62880
65518,65510,65485,0,62908
65518,65510,65486,0,62937
65518,65510,65486,0,62964
65518,65510,65485,0,62993
65518,65510,65485,0,63021
65518,65510,65485,0,63048
65518,65510,65485,0,63077
65518,65510,65485,0,63105
65518,65510,65485,0,63133
65518,65510,65485,0,63161
65518,65510,65485,0,63190
65518,65510,65485,0,63217
65518,65510,65485,0,63245
65518,65510,65485,0,63273
65518,65510,65485,0,63301
65518,65510,65485,0,63330
65518,65510,65486,0,63357
65518,65510,65486,0,63386
65518,65510,65485,0,63414
65518,65510,65485,0,63441
65518,65510,65485,0,63470
65518,65510,65485,0,63498
65518,65510,65485,0,63526
65518,65510,65485,0,63554
65518,65510,65485,0,63582
65518,65510,65485,0,63610
65518,65510,65485,0,63638
65518,65510,65485,0,63667
65518,65510,65485,0,63694
65518,65510,65485,0,63723
65518,65510,65485,0,63751
65518,65510,65485,0,63778
65518,65510,65485,0,63807
65518,65510,65485,0,63835
65518,65510,65485,0,63863
65518,65510,65486,0,63891
65518,65510,65486,0,63920
65518,65510,65485,0,63947
65518,65510,65485,0,63975
65518,65510,65485,0,64004
65518,65510,65485,0,64031
65518,65510,65485,0,64060
65518,65510,65485,0,64088
65518,65510,65485,0,64116
65518,65510,65485,0,64144
65518,65510,65485,0,64172
65518,65510,65485,0,64200
65518,65510,65486,0,64228
65518,65510,65486,0,64257
65518,65510,65486,0,64284
65518,65510,65486,0,64312
65518,65510,65486,0,64340
65518,65510,65485,0,64368
65518,65510,65485,0,64397
65518,65510,65485,0,64424
65518,65510,65485,0,64453
65518,65510,65485,0,64481
65518,65510,65485,0,64508
65518,65510,65485,0,64537
65518,65510,65485,0,64565
65518,65510,65485,0,64593
65518,65510,65485,0,64621
65518,65510,65486,0,64650
65518,65510,65486,0,64677
65518,65510,65485,0,64705
65518,65510,65485,0,64734
65518,65510,65485,0,64761
65518,65510,65485,0,64790
65518,65510,65485,0,64818
65518,65510,65485,0,64845
65518,65510,65485,0,64874
65518,65510,65485,0,64902
65518,65510,65485,0,64930
65518,65510,65485,0,64958
65518,65510,65485,0,64987
65518,65510,65485,0,65014
65518,65510,65485,0,65042
65518,65510,65485,0,65071
65518,65510,65485,0,65098
65518,65510,65485,0,65127
65518,65510,65485,0,65155
65518,65510,65485,0,65183
65518,65510,65485,0,65211
65518,65510,65485,0,65239
65518,65510,65486,0,65267
65518,65510,65486,0,65295
65518,65510,65485,0,65324
65518,65510,65485,0,65351
65518,65510,65485,0,65379
65518,65510,65485,0,65408
65518,65510,65485,0,65435
65518,65510,65485,0,65464
65518,65510,65485,0,65491
65518,65510,65486,0,65520
65518,65510,65486,0,12
65518,65510,65486,0,36
65518,65510,65485,0,62
65518,65510,65485,0,87
65518,65510,65485,0,112
65518,65510,65485,0,138
65518,65510,65485,0,163
65518,65510,65486,0,190
65518,65510,65486,0,216
65518,65510,65486,0,241
65518,65510,65486,0,268
65518,65510,65486,0,293
65518,65510,65486,0,320
65518,65510,65486,0,346
65518,65510,65486,0,371
65518,65510,65485,0,398
65518,65510,65485,0,423
65518,65510,65485,0,450
65518,65510,65485,0,476
65518,65510,65485,0,501
65518,65510,65485,0,528
65518,65510,65485,0,553
65518,65510,65485,0,580
65518,65510,65486,0,606