65533,0,65482,0,43284
65533,0,65482,0,43308
65533,1,65482,0,43332
65533,1,65482,0,43356
65533,1,65482,0,43379
65533,1,65482,0,43404
65533,1,65482,0,43427
65533,0,65482,0,43451
65533,0,65482,0,43475
65533,0,65482,0,43499
65533,0,65482,0,43524
65533,0,65482,0,43547
65533,0,65482,0,43571
65533,0,65482,0,43595
65533,0,65482,0,43619
65533,0,65482,0,43642
65533,0,65482,0,43667
65533,0,65482,0,43691
65533,0,65482,0,43714
65533,1,65482,0,43739
65533,1,65482,0,43762
65533,1,65482,0,43786
65533,1,65482,0,43810
65533,1,65482,0,43834
65533,1,65482,0,43858
65533,0,65482,0,43882
65533,0,65482,0,43906
65533,0,65482,0,43930
65533,0,65482,0,43954
65533,0,65482,0,43977
65533,1,65482,0,44002
65533,1,65482,0,44025
65533,1,65482,0,44049
65533,0,65482,0,44073
65533,0,65482,0,44097
65533,0,65482,0,44121
65533,0,65482,0,44145
65533,0,65482,0,44169
65533,0,65482,0,44193
65533,0,65482,0,44217
65533,0,65482,0,44240
65533,0,65482,0,44265
65533,0,65482,0,44289
65533,0,65482,0,44312
65533,0,65482,0,44337
65533,0,65482,0,44360
65533,0,65482,0,44384
65533,0,65482,0,44408
65533,0,65482,0,44432
65533,0,65482,0,44456
65533,0,65482,0,44480
65533,0,65482,0,44504
65533,0,65482,0,44528
65533,0,65482,0,44552
65533,0,65482,0,44575
65533,0,65482,0,44600
65533,1,65482,0,44623
65533,1,65482,0,44647
65533,1,65482,0,44672
65533,0,65482,0,44695
65533,0,65482,0,44719
65533,0,65482,0,44743
65533,1,65482,0,44767
65533,1,65482,0,44791
65533,0,65482,0,44815
65533,0,65482,0,44838
65533,0,65482,0,44863
65533,1,65482,0,44887
65533,1,65482,0,44910
65533,1,65482,0,44935
65533,0,65482,0,44958
65533,0,65482,0,44982
65533,0,65482,0,45006
65533,0,65482,0,45030
65533,0,65482,0,45054
65533,0,65482,0,45078
65533,0,65482,0,45102
65533,0,65482,0,45126
65533,0,65482,0,45150
65533,0,65482,0,45173
65533,0,65482,0,45198
65533,0,65482,0,45221
65533,0,65482,0,45245
65533,0,65482,0,45270
65533,0,65482,0,45293
65533,0,65482,0,45317
65533,0,65482,0,45341
65533,0,65482,0,45365
65533,0,65482,0,45389
65533,0,65482,0,45413
65533,1,65482,0,45436
65533,1,65482,0,45461
65533,1,65482,0,45485
65533,0,65482,0,45508
65533,0,65482,0,45533
65533,0,65482,0,45556
65533,0,65482,0,45580
65533,0,65482,0,45604
65533,0,65482,0,45628
65533,1,65482,0,45651
65533,1,65482,0,45676
65533,0,65482,0,45700
65533,0,65482,0,45724
65533,0,65482,0,45748
65533,0,65482,0,45771
65533,0,65482,0,45796
65533,0,65482,0,45819
65533,0,65482,0,45843
65533,0,65482,0,45868
65533,0,65482,0,45891
65533,1,65482,0,45915
65533,1,65482,0,45939
65533,1,65482,0,45963
65533,1,65482,0,45987
65533,1,65482,0,46011
65533,1,65482,0,46034
65533,0,65482,0,46059
65533,0,65482,0,46083
65533,0,65482,0,46106
65533,0,65482,0,46131
65533,0,65482,0,46154
65533,0,65482,0,46178
65533,0,65482,0,46202
65533,0,65482,0,46226
65533,1,65482,0,46249
65533,1,65482,0,46274
65533,1,65482,0,46298
65533,1,65482,0,46322
65533,1,65482,0,46346
65533,1,65482,0,46369
65533,0,65482,0,46394
65533,0,65482,0,46417
65533,0,65482,0,46441
65533,1,65482,0,46466
65533,1,65482,0,46489
65533,1,65482,0,46513
65533,0,65482,0,46537
65533,0,65482,0,46561
65533,0,65482,0,46585
65533,0,65482,0,46609
65533,0,65482,0,46632
65533,0,65482,0,46657
65533,0,65482,0,46681
65533,0,65482,0,46704
65533,0,65482,0,46729
65533,0,65482,0,46752
65533,0,65482,0,46776
65533,0,65482,0,46800
65533,0,65482,0,46824
65533,0,65482,0,46848
65533,0,65482,0,46872
65533,0,65482,0,46896
65533,0,65482,0,46920
65533,1,65482,0,46944
65533,1,65482,0,46967
65533,1,65482,0,46992
65533,0,65482,0,47015
65533,0,65482,0,47039
65533,0,65482,0,47064
65533,0,65482,0,47087
65533,0,65482,0,47111
65533,1,65482,0,47135
65533,1,65482,0,47159
65533,1,65482,0,47182
65533,0,65482,0,47207
65533,0,65482,0,47230
65533,0,65482,0,47255
65533,0,65482,0,47279
65533,0,65482,0,47302
65533,0,65482,0,47327
65533,0,65482,0,47350
65533,0,65482,0,47374
65533,0,65482,0,47398
65533,1,65482,0,47422
65533,1,65482,0,47446
65533,1,65482,0,47470
65533,0,65482,0,47494
65533,0,65482,0,47518
65533,0,65482,0,47542
65533,0,65482,0,47565
65533,0,65482,0,47590
65533,0,65482,0,47613
65533,0,65482,0,47637
65533,0,65482,0,47662
65533,0,65482,0,47685
65533,0,65482,0,47709
65533,0,65482,0,47733
65533,0,65482,0,47757
65533,0,65482,0,47780
65533,0,65482,0,47805
65533,0,65482,0,47828
65533,0,65482,0,47853
65533,0,65482,0,47877
65533,0,65482,0,47900
65533,0,65482,0,47925
65533,0,65482,0,47948
65533,0,65482,0,47972
65533,0,65482,0,47996
65533,0,65482,0,48020
65533,0,65482,0,48044
65533,0,65482,0,48068
65533,0,65482,0,48092
65533,0,65482,0,48116
65533,0,65482,0,48140
65533,0,65482,0,48163
65533,0,65482,0,48188
65533,0,65482,0,48211
65533,1,65482,0,48235
65533,1,65482,0,48260
65533,1,65482,0,48283
65533,0,65482,0,48307
65533,0,65482,0,48331
65533,0,65482,0,48355
65533,0,65482,0,48378
65533,0,65482,0,48403
65533,0,65482,0,48427
65533,0,65482,0,48451
65533,0,65482,0,48475
65533,0,65482,0,48498
65533,0,65482,0,48523
65533,0,65482,0,48546
65533,0,65482,0,48570
65533,0,65482,0,48594
65533,0,65482,0,48618
65533,0,65482,0,48642
65533,0,65482,0,48666
65533,0,65482,0,48690
65533,1,65482,0,48713
65533,1,65482,0,48738
65533,1,65482,0,48761
65533,0,65482,0,48786
65533,0,65482,0,48809
65533,0,65482,0,48833
65533,0,65482,0,48858
65533,0,65482,0,48881
65533,0,65482,0,48905
65533,0,65482,0,48929
65533,0,65482,0,48953
65533,0,65482,0,48976
65533,0,65482,0,49001
65533,0,65482,0,49025
65533,0,65482,0,49049
65533,0,65482,0,49073
65533,0,65482,0,49096
65533,0,65482,0,49121
65533,0,65482,0,49144
65533,0,65482,0,49168
65533,1,65482,0,49192
65533,1,65482,0,49216
65533,1,65482,0,49240
65533,1,65482,0,49264
65533,1,65482,0,49288
65533,1,65482,0,49311
65533,0,65482,0,49336
65533,0,65482,0,49359
65533,0,65482,0,49384
65533,0,65482,0,49408
65533,0,65482,0,49431
65533,0,65482,0,49456
65533,0,65482,0,49479
65533,0,65482,0,49503
65533,0,65482,0,49527
65533,0,65482,0,49551
65533,0,65482,0,49574
65533,0,65482,0,49599
65533,0,65482,0,49623
65533,0,65482,0,49647
65533,1,65482,0,49671
65533,1,65482,0,49694
65533,1,65482,0,49719
65533,0,65482,0,49742
65533,0,65482,0,49766
65533,0,65482,0,49790
65533,0,65482,0,49814
65533,0,65482,0,49838
65533,0,65482,0,49862
65533,0,65482,0,49886
65533,0,65482,0,49909
65533,1,65482,0,49934
65533,1,65482,0,49957
65533,1,65482,0,49982
65533,0,65482,0,50006
65533,0,65482,0,50029
65533,0,65482,0,50054
65533,0,65482,0,50077
65533,0,65482,0,50101
65533,0,65482,0,50125
65533,1,65482,0,50149
65533,1,65482,0,50172
65533,1,65482,0,50197
65533,0,65482,0,50221
65533,0,65482,0,50244
65533,0,65482,0,50269
65533,0,65482,0,50292
65533,0,65482,0,50317
65533,0,65482,0,50340
65533,0,65482,0,50364
65533,0,65482,0,50388
65533,0,65482,0,50412
65533,0,65482,0,50436
65533,0,65482,0,50460
65533,1,65482,0,50484
65533,1,65482,0,50507
65533,1,65482,0,50532
65533,0,65482,0,50555
65533,0,65482,0,50580
65533,0,65482,0,50604
65533,0,65482,0,50627
65533,0,65482,0,50652
65533,0,65482,0,50675
65533,0,65482,0,50699
65533,0,65482,0,50723
65533,0,65482,0,50747
65533,0,65482,0,50770
65533,0,65482,0,50795
65533,0,65482,0,50819
65533,0,65482,0,50842
65533,0,65482,0,50867
65533,1,65482,0,50890
65533,1,65482,0,50915
65533,1,65482,0,50938
65533,0,65482,0,50962
65533,0,65482,0,50987
65533,0,65482,0,51010
65533,0,65482,0,51034
65533,0,65482,0,51058
65533,0,65482,0,51082
65533,1,65482,0,51105
65533,1,65482,0,51130
65533,1,65482,0,51153
65533,0,65482,0,51178
65533,0,65482,0,51202
65533,0,65482,0,51225
65533,0,65482,0,51250
65533,0,65482,0,51273
65533,0,65482,0,51297
65533,0,65482,0,51321
65533,0,65482,0,51345
65533,0,65482,0,51368
65533,0,65482,0,51393
65533,0,65482,0,51417
65533,0,65482,0,51440
65533,0,65482,0,51465
65533,0,65482,0,51488
65533,1,65482,0,51513
65533,1,65482,0,51536
65533,1,65482,0,51560
65533,0,65482,0,51585
65533,0,65482,0,51608
65533,0,65482,0,51632
65533,0,65482,0,51656
65533,0,65482,0,51680
65532,0,65482,0,51703
65532,0,65482,0,51728
65532,0,65482,0,51751
65532,0,65482,0,51775
65532,0,65482,0,51800
65532,0,65482,0,51823
65532,1,65482,0,51848
65532,1,65482,0,51871
65532,1,65482,0,51895
65532,0,65482,0,51919
65532,0,65482,0,51943
65532,0,65482,0,51966
65532,0,65482,0,51991
65532,0,65482,0,52015
65532,0,65482,0,52038
65532,1,65482,0,52063
65532,1,65482,0,52086
65532,0,65482,0,52111
65532,0,65482,0,52134
65532,0,65482,0,52158
65531,0,65482,0,52183
65531,0,65482,0,52206
65531,0,65482,0,52230
65531,0,65482,0,52254
65531,0,65482,0,52278
65531,0,65482,0,52301
65531,1,65482,0,52326
65531,1,65482,0,52349
65531,1,65482,0,52373
65531,0,65482,0,52398
65531,0,65482,0,52421
65531,0,65482,0,52446
65530,0,65482,0,52469
65530,0,65482,0,52493
65530,0,65482,0,52517
65530,0,65482,0,52541
65530,0,65482,0,52564
65530,0,65482,0,52589
65530,0,65482,0,52613
65530,0,65482,0,52636
65529,0,65481,0,52661
65529,0,65481,0,52684
65529,0,65481,0,52709
65528,0,65482,0,52732
65528,0,65482,0,52756
65528,0,65482,0,52781
65528,0,65481,0,52804
65528,0,65481,0,52828
65528,0,65481,0,52852
65527,0,65481,0,52876
65527,0,65481,0,52899
65527,0,65481,0,52924
65527,0,65481,0,52947
65527,0,65481,0,52971
65526,0,65480,0,52996
65526,0,65480,0,53019
65526,0,65480,0,53044
65525,0,65480,0,53067
65525,0,65480,0,53091
65525,0,65480,0,53115
65524,0,65478,0,53139
65524,0,65478,0,53163
65524,0,65478,0,53187
65523,0,65477,0,53211
65523,0,65477,0,53234
65523,0,65477,0,53259
65522,0,65476,0,53282
65522,0,65476,0,53306
65522,0,65476,0,53330
65521,65535,65474,0,53354
65521,65535,65474,0,53383
65521,65535,65472,0,53410
65521,65535,65472,0,53438
65521,65535,65472,0,53467
65521,65534,65470,0,53494
65521,65534,65470,0,53523
65521,65534,65467,0,53551
65521,65534,65467,0,53579
65521,65534,65467,0,53607
65522,65533,65465,0,53635
65522,65533,65465,0,53663
65523,65532,65463,0,53691
65523,65532,65463,0,53720
65526,65532,65460,0,53747
65526,65532,65460,0,53776
65526,65532,65460,0,53804
65528,65531,65459,0,53831
65528,65531,65459,0,53860
65532,65531,65458,0,53888
65532,65531,65458,0,53916
65532,65531,65458,0,53944
0,65531,65458,0,53971
0,65531,65458,0,53996
3,65532,65460,0,54020
3,65532,65460,0,54044
3,65532,65460,0,54068
5,65533,65461,0,54091
5,65533,65461,0,54116
5,65533,65461,0,54139
7,65534,65464,0,54163
7,65534,65464,0,54188
7,65534,65464,0,54211
7,0,65466,0,54235
7,0,65466,0,54255
7,0,65466,0,54275
7,0,65469,0,54294
7,0,65469,0,54315
7,0,65469,0,54334
7,0,65469,0,54353
6,0,65471,0,54374
6,0,65471,0,54393
6,0,65471,0,54413
6,0,65473,0,54432
6,0,65473,0,54453
6,0,65473,0,54472
6,0,65473,0,54492
4,0,65474,0,54512
4,0,65474,0,54532
4,0,65474,0,54551
3,65535,65476,0,54571
3,65535,65476,0,54595
3,65535,65476,0,54619
1,65535,65477,0,54643
1,65535,65477,0,54667
1,65535,65477,0,54690
65535,65534,65477,0,54715
65535,65534,65477,0,54743
65532,65533,65476,0,54770
65532,65533,65476,0,54799
65532,65533,65476,0,54827
65531,65531,65471,0,54855
65531,65531,65471,0,54883
65533,65528,65467,0,54912
65533,65528,65467,0,54939
65533,65528,65467,0,54967
2,65526,65465,0,54995
2,65526,65465,0,55019
7,65524,65468,0,55044
7,65524,65468,0,55067
7,65524,65468,0,55091
9,65523,65472,0,55115
9,65523,65472,0,55139
9,65523,65472,0,55162
10,65522,65476,0,55187
10,65522,65476,0,55212
10,65522,65476,0,55236
10,65522,65479,0,55262
10,65522,65479,0,55286
10,65522,65479,0,55312
9,65521,65482,0,55336
9,65521,65482,0,55360
9,65522,65484,0,55385
9,65522,65484,0,55408
9,65522,65484,0,55432
8,65524,65486,0,55456
8,65524,65486,0,55480
8,65524,65486,0,55504
7,65527,65489,0,55528
7,65527,65489,0,55552
7,65527,65489,0,55576
5,65530,65489,0,55600
5,65530,65489,0,55623
5,65530,65489,0,55648
4,65532,65489,0,55671
4,65532,65489,0,55695
4,65532,65489,0,55719
3,65535,65489,0,55743
3,65535,65489,0,55767
3,0,65489,0,55791
2,0,65489,0,55811
2,0,65489,0,55830
2,0,65489,0,55851
1,2,65488,0,55870
1,2,65488,0,55889
1,2,65488,0,55910
0,5,65487,0,55929
0,5,65487,0,55949
0,5,65487,0,55968
0,5,65487,0,55989
0,6,65486,0,56008
0,6,65486,0,56028
0,6,65486,0,56048
65534,7,65485,0,56068
65534,7,65485,0,56091
65534,7,65485,0,56116
65533,7,65483,0,56139
65533,7,65483,0,56163
65533,7,65483,0,56187
65533,7,65481,0,56211
65533,7,65481,0,56235
65533,7,65481,0,56259
65533,6,65480,0,56283
65533,6,65480,0,56307
65533,6,65480,0,56331
65534,6,65479,0,56354
65534,6,65479,0,56379
65534,6,65479,0,56402
65535,6,65479,0,56426
65535,6,65479,0,56451
65535,6,65478,0,56474
65535,6,65478,0,56498
65535,6,65478,0,56522
65535,6,65478,0,56546
65535,6,65478,0,56570
65535,6,65478,0,56594
65535,6,65478,0,56617
65535,6,65478,0,56642
65535,6,65478,0,56666
65535,6,65478,0,56689
65535,6,65478,0,56714
65535,6,65478,0,56737
65535,6,65478,0,56761
65535,6,65478,0,56785
65535,6,65478,0,56809
65535,6,65479,0,56833
65535,6,65479,0,56857
65535,6,65479,0,56881
65535,6,65478,0,56905
65535,6,65478,0,56929
65535,6,65478,0,56952
65535,6,65478,0,56977
65535,6,65478,0,57000
65535,6,65478,0,57024
65535,6,65478,0,57049
65535,6,65478,0,57072
65535,6,65478,0,57096
65535,6,65478,0,57120
65535,6,65478,0,57144
65535,6,65478,0,57168
65535,6,65478,0,57192
65535,6,65478,0,57216
65535,6,65478,0,57240
65535,6,65478,0,57264
65535,6,65478,0,57287
65535,6,65478,0,57312
65535,6,65478,0,57335
65535,6,65478,0,57359
65535,6,65478,0,57383
65535,6,65478,0,57407
65535,6,65478,0,57431
65535,6,65478,0,57455
65535,6,65478,0,57479
65535,6,65478,0,57503
65535,6,65478,0,57527
65535,6,65478,0,57550
65535,6,65478,0,57575
65535,6,65478,0,57598
65535,6,65478,0,57622
65535,6,65478,0,57647
65535,6,65478,0,57670
65535,6,65478,0,57694
65535,6,65478,0,57718
65535,6,65478,0,57742
65535,6,65478,0,57765
65535,6,65478,0,57790
65535,6,65478,0,57814
65535,6,65478,0,57838
65535,6,65478,0,57862
65535,6,65478,0,57885
65535,6,65478,0,57910
65535,6,65478,0,57933
65535,6,65478,0,57957
65535,6,65478,0,57981
65535,6,65478,0,58005
65535,6,65478,0,58029
65535,6,65478,0,58053
65535,6,65478,0,58077
65535,6,65478,0,58101
65535,6,65478,0,58125
65535,6,65478,0,58148
65535,6,65478,0,58173
65535,5,65478,0,58196
65535,5,65478,0,58220
65535,5,65478,0,58245
65535,6,65478,0,58268
65535,6,65478,0,58292
65535,6,65478,0,58316
65535,6,65478,0,58340
65535,6,65478,0,58363
65535,6,65478,0,58388
65535,6,65478,0,58412
65535,6,65478,0,58436
65535,6,65478,0,58460
65535,6,65478,0,58483
65535,6,65478,0,58508
65535,6,65478,0,58531
65535,6,65478,0,58555
65535,6,65478,0,58579
65535,6,65478,0,58603
65535,6,65478,0,58627
65535,6,65478,0,58651
65535,6,65478,0,58675
65535,6,65478,0,58699
65535,6,65478,0,58723
65535,6,65478,0,58746
65535,6,65478,0,58771
65535,6,65478,0,58795
65535,6,65478,0,58818
65535,6,65478,0,58843
65535,6,65477,0,58866
65535,6,65477,0,58890
65535,6,65477,0,58914
65535,6,65478,0,58938
65535,6,65478,0,58961
65535,6,65478,0,58986
65535,6,65477,0,59010
65535,6,65477,0,59034
65535,6,65477,0,59058
65535,6,65477,0,59081
65535,6,65477,0,59106
65535,6,65477,0,59129
65535,6,65478,0,59153
65535,6,65478,0,59177
65535,6,65478,0,59201
65535,6,65478,0,59225
65535,6,65478,0,59249
65535,5,65478,0,59273
65535,5,65478,0,59296
65535,5,65478,0,59321
65535,6,65478,0,59344
65535,6,65478,0,59369
65535,6,65478,0,59393
65535,6,65478,0,59416
65535,6,65478,0,59441
65535,6,65478,0,59464
65535,6,65478,0,59488
65535,6,65478,0,59512
65535,6,65478,0,59536
65535,6,65478,0,59559
65535,6,65478,0,59584
65535,6,65478,0,59608
65535,6,65478,0,59632
65535,6,65478,0,59656
65535,6,65477,0,59679
65535,6,65477,0,59704
65535,6,65477,0,59727
65535,6,65478,0,59751
65535,6,65478,0,59776
65535,6,65478,0,59799
65535,6,65477,0,59823
65535,6,65477,0,59847
65535,6,65477,0,59871
65535,6,65477,0,59894
65535,6,65477,0,59919
65535,6,65477,0,59942
65535,6,65478,0,59967
65535,6,65478,0,59991
65535,6,65478,0,60014
65535,6,65478,0,60039
65535,6,65478,0,60062
65535,6,65478,0,60086
65535,6,65478,0,60110
65535,6,65478,0,60134
65535,5,65477,0,60157
65535,5,65477,0,60182
65535,5,65477,0,60206
65535,5,65477,0,60230
65535,5,65477,0,60254
65535,5,65477,0,60277
65535,6,65477,0,60302
65535,6,65477,0,60325
65535,6,65477,0,60349
65535,6,65477,0,60374
65535,6,65477,0,60397
65535,6,65477,0,60421
65535,6,65477,0,60445
65535,6,65477,0,60469
65535,6,65477,0,60492
65535,6,65477,0,60517
65535,6,65477,0,60540
0,5,65477,0,60565
0,5,65477,0,60584
0,5,65477,0,60604
0,5,65477,0,60623
0,6,65477,0,60644
0,6,65477,0,60663
0,6,65477,0,60683
65535,5,65477,0,60703
65535,5,65477,0,60727
65535,5,65477,0,60750
65535,5,65477,0,60775
65535,5,65477,0,60798
65535,5,65477,0,60822
65535,5,65477,0,60847
65535,5,65477,0,60870
65535,5,65477,0,60894
65535,6,65477,0,60918
65535,6,65477,0,60942
65535,6,65477,0,60966
65535,6,65477,0,60990
65535,6,65477,0,61014
65535,6,65477,0,61038
65535,5,65477,0,61062
65535,5,65477,0,61085
65535,6,65476,0,61110
65535,6,65476,0,61133
65535,6,65476,0,61157
65535,5,65477,0,61181
65535,5,65477,0,61205
65535,5,65477,0,61230
65535,5,65477,0,61253
65535,5,65477,0,61277
65535,5,65477,0,61301
65535,6,65477,0,61325
65535,6,65477,0,61348
65535,6,65477,0,61373
0,6,65477,0,61396
0,6,65477,0,61416
0,6,65477,0,61436
65535,5,65477,0,61456
65535,5,65477,0,61479
65535,5,65477,0,61504
65535,5,65477,0,61528
65535,5,65477,0,61551
65535,5,65477,0,61576
65535,5,65477,0,61599
65535,5,65477,0,61623
65535,5,65477,0,61647
65535,6,65477,0,61671
65535,6,65477,0,61696
65535,6,65477,0,61719
65535,5,65477,0,61743
65535,5,65477,0,61767
65535,5,65477,0,61791
65535,5,65477,0,61814
65535,5,65477,0,61839
65535,5,65477,0,61862
65535,5,65477,0,61886
65535,5,65477,0,61911
65535,5,65477,0,61934
65535,5,65477,0,61958
65535,5,65477,0,61982
65535,5,65477,0,62006
65535,5,65477,0,62030
65535,5,65477,0,62054
65535,6,65477,0,62077
65535,6,65477,0,62102
65535,6,65477,0,62126
65535,6,65477,0,62149
65535,6,65477,0,62174
65535,6,65477,0,62197
65535,6,65477,0,62221
65535,6,65477,0,62245
65535,6,65477,0,62269
65535,6,65477,0,62294
65535,6,65477,0,62317
65535,6,65477,0,62341
65535,6,65477,0,62365
65535,6,65477,0,62389
65535,5,65477,0,62412
65535,5,65477,0,62437
65535,5,65477,0,62460
65535,6,65477,0,62484
65535,6,65477,0,62509
65535,6,65477,0,62532
65535,5,65477,0,62556
65535,5,65477,0,62580
65535,5,65477,0,62604
65535,5,65477,0,62628
65535,5,65477,0,62652
65535,5,65477,0,62675
65535,5,65477,0,62700
65535,5,65477,0,62724
65535,5,65477,0,62747
65535,5,65477,0,62772
65535,5,65477,0,62795
65535,6,65477,0,62819
65535,6,65477,0,62843
65535,6,65477,0,62867
65535,5,65477,0,62891
65535,5,65477,0,62915
65535,5,65477,0,62939
65535,5,65477,0,62963
65535,5,65477,0,62987
65535,5,65477,0,63010
65535,5,65477,0,63035
65535,5,65477,0,63058
65535,5,65477,0,63082
65535,6,65477,0,63107
65535,6,65477,0,63130
65535,6,65477,0,63154
65535,5,65476,0,63178
65535,5,65476,0,63202
65535,6,65477,0,63226
65535,6,65477,0,63250
65535,6,65477,0,63273
65535,6,65477,0,63298
65535,6,65477,0,63322
65535,6,65477,0,63345
65535,6,65477,0,63370
65535,6,65477,0,63393
65535,6,65477,0,63417
65535,6,65477,0,63441
65535,6,65477,0,63465
65535,6,65477,0,63489
65535,6,65477,0,63513
65535,6,65477,0,63537
65535,6,65477,0,63561
65535,5,65477,0,63585
65535,5,65477,0,63608
65535,5,65477,0,63633
65535,5,65477,0,63656
65535,5,65477,0,63680
65535,6,65477,0,63705
65535,6,65477,0,63728
65535,6,65477,0,63752
65535,6,65477,0,63776
65535,6,65477,0,63800
65535,6,65477,0,63824
65535,6,65477,0,63848
65535,6,65477,0,63872
65535,6,65477,0,63896
65535,6,65477,0,63920
65535,6,65477,0,63943
65535,6,65477,0,63968
0,6,65477,0,63991
0,6,65477,0,64011
0,6,65477,0,64031
65535,5,65477,0,64051
65535,5,65477,0,64074
65535,5,65477,0,64099
65535,6,65477,0,64122
65535,6,65477,0,64146
65535,6,65477,0,64171
0,6,65476,0,64194
0,6,65476,0,64214
0,6,65476,0,64234
65535,5,65477,0,64253
65535,5,65477,0,64277
65535,5,65477,0,64302
65535,6,65477,0,64325
65535,6,65477,0,64349
65535,6,65477,0,64373
0,5,65477,0,64397
0,5,65477,0,64416
0,5,65477,0,64437
65535,5,65477,0,64456
65535,5,65477,0,64480
65535,5,65477,0,64504
65535,5,65477,0,64528
65535,5,65477,0,64551
65535,5,65477,0,64576
65535,5,65477,0,64600
65535,5,65477,0,64624
65535,5,65477,0,64648
0,5,65477,0,64671
0,5,65477,0,64692
0,5,65477,0,64711
65535,5,65477,0,64731
65535,5,65477,0,64754
65535,5,65477,0,64779
65535,5,65477,0,64802
65535,5,65477,0,64827
65535,5,65477,0,64850
65535,6,65477,0,64874
65535,6,65477,0,64899
65535,6,65477,0,64922
65535,6,65477,0,64946
65535,6,65477,0,64970
65535,6,65477,0,64994
65535,6,65477,0,65017
65535,6,65477,0,65042
65535,6,65477,0,65065
65535,6,65477,0,65090
65535,6,65477,0,65114
65535,5,65477,0,65137
65535,5,65477,0,65162
65535,5,65477,0,65185
65535,6,65477,0,65209
65535,6,65477,0,65233
65535,6,65477,0,65257
65535,6,65477,0,65281
65535,6,65477,0,65305
65535,6,65477,0,65329
65535,5,65477,0,65352
65535,5,65477,0,65377
65535,5,65477,0,65400
65535,6,65477,0,65425
65535,6,65477,0,65448
65535,6,65477,0,65472
65535,5,65477,0,65497
65535,5,65477,0,65520
65535,6,65477,0,8
65535,6,65477,0,28
65535,6,65477,0,49
65535,6,65477,0,69
0,5,65477,0,91
0,5,65477,0,107
0,5,65477,0,124
0,5,65477,0,142
0,5,65477,0,160
0,5,65477,0,178
0,5,65477,0,195
65535,6,65477,0,212
65535,6,65477,0,235
65535,6,65477,0,257
65535,6,65477,0,278
65535,6,65477,0,301
65535,6,65477,0,322
65535,6,65477,0,344
65535,6,65477,0,366
65535,6,65477,0,388
65535,6,65477,0,409
65535,6,65477,0,432
65535,6,65477,0,453
65535,6,65477,0,475
65535,6,65477,0,497
65535,6,65477,0,519
65535,6,65477,0,540
65535,6,65477,0,563
65535,6,65477,0,584
65535,6,65477,0,606
65535,6,65477,0,628
65535,6,65477,0,650
65535,6,65477,0,671
0,5,65477,0,694
0,5,65477,0,711
0,5,65477,0,729
0,5,65477,0,746
65535,6,65477,0,764
65535,6,65477,0,786
65535,6,65477,0,807
65535,6,65477,0,830
65535,6,65477,0,851
65535,6,65477,0,873
0,6,65477,0,896
0,6,65477,0,913
0,6,65477,0,930
0,6,65477,0,948
65535,5,65477,0,966
65535,5,65477,0,988
65535,5,65477,0,1009
65535,5,65477,0,1033
65535,5,65477,0,1055
65535,5,65477,0,1078
65535,5,65477,0,1101
65535,5,65477,0,1124
65535,5,65477,0,1146
65535,6,65477,0,1170
65535,6,65477,0,1192
65535,6,65477,0,1215
65535,5,65477,0,1239
65535,5,65477,0,1261
65535,5,65477,0,1285
65535,6,65477,0,1307
65535,6,65477,0,1330
65535,6,65477,0,1353
65535,6,65477,0,1376
65535,6,65477,0,1398
65535,6,65477,0,1422
65535,6,65477,0,1444
65535,6,65477,0,1467
65535,6,65477,0,1490
65535,5,65477,0,1513
65535,5,65477,0,1536
65535,5,65477,0,1559
65535,5,65477,0,1582
65535,5,65477,0,1604
65535,5,65477,0,1628
65535,6,65477,0,1650
65535,6,65477,0,1673
65535,6,65477,0,1696
65535,6,65477,0,1719
65535,6,65477,0,1741
65535,6,65477,0,1765
65535,6,65477,0,1787
65535,6,65477,0,1810
65535,6,65477,0,1833
65535,6,65477,0,1856
65535,6,65477,0,1879
65535,6,65477,0,1902
0,6,65477,0,1925
0,6,65477,0,1943
0,6,65477,0,1963
0,6,65477,0,1981
65535,5,65477,0,1999
65535,5,65477,0,2023
65535,5,65477,0,2045
65535,6,65477,0,2068
65535,6,65477,0,2092
65535,6,65477,0,2114
65535,6,65477,0,2137
65535,6,65477,0,2160
65535,6,65477,0,2183
65535,6,65477,0,2205
65535,6,65477,0,2229
65535,6,65477,0,2251
65535,5,65477,0,2274
65535,5,65477,0,2297
65535,5,65477,0,2320
65535,6,65477,0,2342
65535,6,65477,0,2366
65535,6,65477,0,2388
65535,6,65477,0,2411
65535,6,65477,0,2435
65535,6,65477,0,2457
65535,6,65477,0,2480
65535,6,65477,0,2503
65535,6,65477,0,2526
65535,6,65477,0,2549
65535,6,65477,0,2572
65535,6,65477,0,2594
65535,5,65477,0,2618
65535,5,65477,0,2640
65535,5,65477,0,2663
65535,6,65477,0,2686
65535,6,65477,0,2709
65535,6,65477,0,2732
65535,6,65477,0,2755
65535,6,65477,0,2778
65535,6,65477,0,2800
65535,6,65477,0,2824
65535,6,65477,0,2846
65535,6,65477,0,2869
65535,6,65477,0,2892
65535,6,65477,0,2915
65535,6,65477,0,2937
65535,6,65477,0,2961
65535,6,65477,0,2983
65535,6,65476,0,3006
65535,6,65476,0,3030
65535,6,65476,0,3052
65535,6,65477,0,3075
65535,6,65477,0,3098
65535,6,65477,0,3121
65535,6,65477,0,3143
65535,6,65477,0,3167
65535,6,65477,0,3189
65535,6,65477,0,3212
65535,6,65477,0,3235
65535,6,65477,0,3258
65535,6,65477,0,3281
65535,6,65477,0,3304
65535,6,65477,0,3326
65535,6,65477,0,3350
65535,6,65477,0,3373
65535,6,65477,0,3395
65535,5,65477,0,3419
65535,5,65477,0,3441
65535,5,65477,0,3464
65535,6,65477,0,3487
65535,6,65477,0,3510
65535,6,65477,0,3532
0,5,65477,0,3556
0,5,65477,0,3574
0,5,65477,0,3593
0,5,65477,0,3611
65535,5,65477,0,3631
65535,5,65477,0,3653
65535,5,65477,0,3676
65535,6,65477,0,3699
65535,6,65477,0,3722
65535,6,65477,0,3744
65535,6,65477,0,3768
65535,6,65477,0,3790
65535,6,65477,0,3814
65535,5,65477,0,3836
65535,5,65477,0,3859
65535,5,65477,0,3883
65535,6,65477,0,3905
65535,6,65477,0,3928
65535,6,65477,0,3951
65535,6,65477,0,3974
65535,6,65477,0,3996
65535,6,65477,0,4020
65535,5,65477,0,4042
65535,5,65477,0,4065
65535,5,65477,0,4088
65535,5,65477,0,4111
65535,5,65477,0,4133
65535,5,65477,0,4157
65535,6,65477,0,4179
65535,6,65477,0,4202
65535,6,65477,0,4226
65535,6,65477,0,4248
65535,6,65477,0,4271
65535,6,65477,0,4294
65535,6,65477,0,4317
65535,6,65477,0,4339
65535,6,65477,0,4363
65535,6,65477,0,4385
65535,6,65477,0,4408
65535,6,65477,0,4431
65535,5,65477,0,4454
65535,5,65477,0,4476
65535,5,65477,0,4500
65535,5,65477,0,4523
65535,5,65477,0,4546
65535,5,65477,0,4569
65535,5,65477,0,4591
65535,5,65477,0,4615
65535,5,65477,0,4637
65535,6,65477,0,4660
65535,6,65477,0,4683
65535,6,65477,0,4706
65535,6,65477,0,4728
65535,6,65477,0,4752
65535,6,65477,0,4774
65535,6,65477,0,4797
65535,6,65477,0,4820
65535,6,65477,0,4843
65535,5,65477,0,4866
65535,5,65477,0,4889
65535,5,65477,0,4912
65535,5,65477,0,4934
65535,5,65477,0,4958
65535,5,65477,0,4980
65535,6,65477,0,5003
65535,6,65477,0,5026
65535,6,65477,0,5049
65535,6,65477,0,5071
65535,6,65477,0,5095
65535,6,65477,0,5117
65535,6,65477,0,5140
65535,6,65477,0,5164
65535,6,65477,0,5186
65535,5,65477,0,5209
65535,5,65477,0,5232
65535,6,65477,0,5255
65535,6,65477,0,5278
65535,6,65477,0,5301
65535,6,65476,0,5323
65535,6,65476,0,5347
65535,6,65476,0,5369
65535,6,65476,0,5392
65535,6,65476,0,5415
65535,6,65476,0,5438
65535,6,65477,0,5460
65535,6,65477,0,5484
65535,6,65477,0,5507
65535,6,65477,0,5529
65535,6,65477,0,5553
65535,6,65477,0,5575
65535,6,65477,0,5598
65535,6,65477,0,5621
65535,6,65477,0,5644
65535,5,65477,0,5666
65535,5,65477,0,5690
65535,5,65477,0,5712
65535,6,65477,0,5735
65535,6,65477,0,5758
65535,6,65477,0,5781
65535,6,65477,0,5804
65535,6,65477,0,5827
65535,6,65477,0,5850
65535,6,65477,0,5872
65535,6,65477,0,5896
65535,6,65477,0,5918
65535,6,65477,0,5941
65535,6,65477,0,5964
65535,6,65477,0,5987
65535,6,65477,0,6010
65535,6,65477,0,6033
65535,6,65477,0,6055
65535,6,65477,0,6079
65535,6,65477,0,6102
65535,6,65477,0,6124
65535,6,65477,0,6148
65535,6,65477,0,6170
65535,6,65477,0,6193
65534,6,65477,0,6216
65534,6,65477,0,6239
65534,6,65477,0,6261
65534,6,65478,0,6285
65534,6,65478,0,6307
65534,6,65478,0,6330
65534,6,65478,0,6353
65534,6,65478,0,6376
65534,6,65478,0,6398
65533,7,65479,0,6422
65533,7,65479,0,6445
65533,7,65479,0,6467
65533,6,65480,0,6491
65533,6,65480,0,6513
65533,6,65480,0,6536
65533,7,65481,0,6559
65533,7,65481,0,6582
65533,7,65481,0,6604
65533,7,65483,0,6628
65533,7,65483,0,6650
65533,7,65483,0,6673
65534,7,65483,0,6696
65534,7,65483,0,6719
65534,7,65483,0,6743
65535,6,65484,0,6765
65535,6,65484,0,6788
65535,6,65484,0,6811
0,6,65485,0,6834
0,6,65485,0,6852
0,6,65485,0,6871
0,6,65485,0,6890
0,4,65486,0,6908
0,4,65486,0,6927
0,4,65486,0,6946
0,3,65486,0,6965
0,3,65486,0,6983
0,3,65486,0,7002
0,3,65486,0,7021
1,2,65487,0,7040
1,2,65487,0,7058
1,2,65487,0,7077
2,0,65487,0,7096
2,0,65487,0,7114
2,0,65487,0,7133
2,0,65487,0,7152
3,65535,65487,0,7171
3,65535,65487,0,7193
3,65535,65487,0,7217
3,65533,65488,0,7239
3,65533,65488,0,7262
3,65533,65488,0,7285
4,65531,65488,0,7308
4,65531,65488,0,7330
4,65531,65488,0,7354
5,65529,65487,0,7376
5,65529,65487,0,7399
5,65529,65487,0,7422
6,65527,65487,0,7445
6,65527,65487,0,7468
6,65527,65487,0,7491
8,65524,65486,0,7514
8,65524,65486,0,7536
8,65524,65486,0,7560
9,65522,65484,0,7582
9,65522,65484,0,7605
9,65522,65484,0,7628
9,65521,65482,0,7651
9,65521,65482,0,7674
9,65521,65482,0,7697
10,65521,65480,0,7719
10,65521,65480,0,7744
10,65521,65480,0,7768
10,65522,65477,0,7791
10,65522,65477,0,7816
10,65522,65477,0,7839
10,65522,65473,0,7863
10,65522,65473,0,7887
10,65522,65473,0,7911
7,65524,65469,0,7934
7,65524,65469,0,7958
7,65524,65469,0,7981
3,65525,65465,0,8003
3,65525,65465,0,8027
3,65525,65465,0,8049
3,65525,65465,0,8073
3,65525,65465,0,8095
3,65531,65471,0,8118
65530,65531,65471,0,8141
65530,65531,65471,0,8168
65532,65533,65476,0,8195
65532,65533,65476,0,8222
65532,65533,65476,0,8249
0,65534,65478,0,8276
0,65534,65478,0,8299
0,65534,65478,0,8322
2,65535,65476,0,8345
2,65535,65476,0,8368
2,65535,65474,0,8390
4,65535,65474,0,8414
4,65535,65474,0,8436
6,0,65471,0,8459
6,0,65471,0,8478
6,0,65471,0,8497
6,0,65471,0,8515
7,0,65468,0,8534
7,0,65468,0,8553
7,0,65468,0,8571
7,0,65468,0,8590
7,65535,65465,0,8609
7,65535,65465,0,8632
7,65535,65465,0,8654
5,65532,65461,0,8678
5,65532,65461,0,8700
5,65532,65461,0,8723
0,65531,65457,0,8747
0,65531,65457,0,8769
0,65531,65457,0,8792
65530,65531,65458,0,8815
65530,65531,65458,0,8842
65526,65532,65461,0,8868
65526,65532,65461,0,8896
65526,65532,65461,0,8923
65522,65533,65464,0,8950
65522,65533,65464,0,8977
65522,65534,65468,0,9005
65521,65534,65468,0,9031
65521,65534,65468,0,9058
65521,65535,65472,0,9085
65521,65535,65472,0,9112
65521,65535,65472,0,9140
65521,0,65475,0,9166
65521,0,65475,0,9189
65523,0,65477,0,9212
65523,0,65477,0,9235
65523,0,65477,0,9257
65525,0,65479,0,9281
65525,0,65479,0,9304
65525,0,65479,0,9326
65526,0,65480,0,9350
65526,0,65480,0,9372
65526,0,65480,0,9395
65527,1,65481,0,9418
65527,1,65481,0,9441
65527,1,65481,0,9463
65528,0,65482,0,9487
65528,0,65482,0,9509
65528,0,65482,0,9532
65529,1,65482,0,9555
65529,1,65482,0,9578
65529,1,65482,0,9601
65529,0,65482,0,9624
65529,0,65482,0,9647
65529,0,65482,0,9670
65530,0,65482,0,9693
65530,0,65482,0,9715
65530,0,65482,0,9739
65531,0,65482,0,9761
65531,0,65482,0,9784
65531,0,65482,0,9807
65531,1,65482,0,9830
65531,1,65482,0,9852
65531,1,65482,0,9876
65532,1,65482,0,9899
65532,1,65482,0,9921
65532,1,65482,0,9945
65532,1,65482,0,9967
65532,1,65482,0,9990
65532,1,65482,0,10013
65532,1,65482,0,10037
65532,1,65482,0,10060
65532,1,65482,0,10085
65532,1,65482,0,10108
65532,1,65482,0,10132
65532,1,65482,0,10157
65532,0,65482,0,10180
65532,0,65482,0,10205
65532,0,65482,0,10228
65532,0,65482,0,10252
65532,0,65482,0,10276
65532,0,65482,0,10300
65532,0,65482,0,10323
65532,0,65482,0,10348
65532,0,65482,0,10372
65532,0,65482,0,10395
65532,0,65482,0,10420
65533,1,65482,0,10443
65533,1,65482,0,10467
65533,1,65482,0,10491
65533,0,65482,0,10515
65533,0,65482,0,10540
65533,0,65482,0,10563
65533,0,65482,0,10587
65533,0,65482,0,10611
65533,0,65482,0,10635
65533,0,65482,0,10658
65533,0,65482,0,10683
65533,0,65482,0,10706
65533,0,65482,0,10730
65533,0,65482,0,10755
65533,0,65482,0,10778
65533,0,65482,0,10803
65533,0,65482,0,10826
65533,0,65482,0,10850
65533,0,65482,0,10874
65533,0,65482,0,10898
65533,0,65482,0,10921
65533,0,65482,0,10946
65533,0,65482,0,10970
65533,0,65482,0,10993
65533,0,65482,0,11018
65533,0,65482,0,11041
65533,0,65482,0,11065
65533,0,65482,0,11089
65533,0,65482,0,11113
65533,0,65482,0,11138
65533,0,65482,0,11161
65533,0,65482,0,11185
65533,0,65482,0,11209
65533,0,65482,0,11233
65533,0,65482,0,11256
65533,0,65482,0,11281
65533,0,65482,0,11304
65533,1,65482,0,11328
65533,1,65482,0,11353
65533,1,65482,0,11376
65533,0,65482,0,11401
65533,0,65482,0,11424
65533,0,65482,0,11448
65533,0,65482,0,11472
65533,0,65482,0,11496
65533,0,65482,0,11520
65533,0,65482,0,11544
65533,0,65482,0,11568
65533,0,65482,0,11591
65533,0,65482,0,11616
65533,0,65482,0,11639
65533,0,65482,0,11663
65533,0,65482,0,11687
65533,0,65482,0,11711
65533,1,65482,0,11736
65533,1,65482,0,11759
65533,1,65482,0,11783
65533,0,65482,0,11807
65533,0,65482,0,11831
65533,0,65482,0,11854
65533,0,65482,0,11879
65533,0,65482,0,11902
65533,0,65482,0,11926
65533,0,65482,0,11951
65533,0,65482,0,11974
65533,0,65482,0,11998
65533,0,65482,0,12022
65533,0,65482,0,12046
65533,0,65482,0,12070
65533,0,65482,0,12094
65533,0,65482,0,12118
65533,0,65482,0,12142
65533,0,65482,0,12166
65533,0,65482,0,12189
65533,0,65482,0,12214
65533,0,65482,0,12237
65533,0,65482,0,12261
65533,0,65482,0,12285
65533,0,65482,0,12309
65533,0,65482,0,12334
65533,0,65482,0,12357
65533,0,65482,0,12381
65533,0,65482,0,12405
65533,1,65482,0,12429
65533,1,65482,0,12452
65533,1,65482,0,12477
65533,0,65482,0,12500
65533,0,65482,0,12524
65533,0,65482,0,12549
65533,0,65482,0,12572
65533,0,65482,0,12596
65533,0,65482,0,12620
65533,0,65482,0,12644
65533,0,65482,0,12668
65533,1,65482,0,12692
65533,1,65482,0,12716
65533,1,65482,0,12740
65533,1,65482,0,12764
65533,1,65482,0,12787
65533,1,65482,0,12812
65533,1,65482,0,12835
65533,1,65482,0,12859
65533,1,65482,0,12883
65533,0,65482,0,12907
65533,0,65482,0,12932
65533,0,65482,0,12955
65533,0,65482,0,12979
65533,0,65482,0,13003
65534,0,65482,0,13027
65534,0,65482,0,13050
65534,0,65482,0,13075
65533,1,65482,0,13099
65533,1,65482,0,13122
65533,1,65482,0,13147
65533,0,65482,0,13170
65533,0,65482,0,13194
65533,0,65482,0,13218
65533,0,65482,0,13242
65533,0,65482,0,13266
65533,0,65482,0,13290
65533,0,65482,0,13314
65533,0,65482,0,13338
65533,0,65482,0,13362
65533,0,65482,0,13385
65533,0,65482,0,13410
65533,0,65482,0,13433
65533,1,65482,0,13457