aver    53.7865530,4,65482,0,2186
65530,4,65482,0,2190
65530,4,65482,0,2193
65529,4,65483,0,2201
65529,4,65483,0,2225
65529,4,65483,0,2247
65530,4,65483,0,2270
65530,4,65483,0,2293
65530,4,65483,0,2316
65530,4,65483,0,2339
65530,4,65483,0,2362
65530,4,65483,0,2384
65530,4,65483,0,2408
65530,4,65483,0,2430
65530,4,65483,0,2453
65530,4,65483,0,2477
65530,4,65483,0,2499
65530,4,65483,0,2522
65530,4,65482,0,2545
65530,4,65482,0,2568
65530,4,65482,0,2590
65530,4,65483,0,2614
65530,4,65483,0,2636
65530,4,65483,0,2659
65530,4,65483,0,2682
65530,4,65483,0,2705
65530,4,65483,0,2727
65530,4,65483,0,2751
65530,4,65483,0,2774
65530,4,65483,0,2796
65530,4,65482,0,2820
65530,4,65482,0,2842
65530,4,65482,0,2865
65530,4,65482,0,2888
65530,4,65482,0,2911
65530,4,65482,0,2933
65530,4,65483,0,2957
65530,4,65483,0,2979
65530,4,65483,0,3002
65530,4,65483,0,3025
65530,4,65483,0,3048
65530,4,65483,0,3072
65530,4,65483,0,3094
65530,4,65483,0,3117
65530,4,65483,0,3140
65530,4,65482,0,3163
65530,4,65482,0,3185
65530,4,65482,0,3209
65530,4,65483,0,3231
65530,4,65483,0,3254
65530,4,65483,0,3277
65530,4,65483,0,3300
65530,4,65483,0,3322
65530,4,65483,0,3346
65530,4,65483,0,3368
65530,4,65483,0,3391
65530,4,65483,0,3415
65530,4,65482,0,3437
65530,4,65482,0,3460
65530,4,65482,0,3483
65530,4,65483,0,3506
65530,4,65483,0,3528
65530,4,65483,0,3552
65530,4,65483,0,3574
65530,4,65483,0,3597
65530,4,65483,0,3620
65530,4,65483,0,3643
65530,4,65483,0,3665
65530,4,65483,0,3689
65530,4,65482,0,3712
65530,4,65482,0,3734
65530,4,65482,0,3758
65530,4,65483,0,3780
65530,4,65483,0,3804
65530,4,65483,0,3826
65530,4,65483,0,3849
65530,4,65483,0,3872
65530,4,65483,0,3895
65530,4,65483,0,3917
65530,4,65483,0,3941
65530,4,65483,0,3963
65530,4,65482,0,3986
65530,4,65482,0,4009
65530,4,65482,0,4032
65529,5,65483,0,4055
65529,5,65483,0,4078
65529,5,65483,0,4101
65530,4,65483,0,4123
65530,4,65483,0,4147
65530,4,65483,0,4169
65530,4,65483,0,4192
65530,4,65483,0,4215
65530,4,65483,0,4238
65530,4,65482,0,4260
65530,4,65482,0,4284
65530,4,65482,0,4306
65530,4,65483,0,4329
65530,4,65483,0,4353
65530,4,65483,0,4375
65530,4,65483,0,4398
65530,4,65483,0,4421
65530,4,65483,0,4444
65530,4,65483,0,4466
65530,4,65483,0,4490
65530,4,65483,0,4512
65530,4,65482,0,4536
65530,4,65482,0,4558
65530,4,65482,0,4581
65530,4,65482,0,4604
65530,4,65482,0,4627
65529,4,65482,0,4649
65529,4,65482,0,4673
65529,4,65482,0,4696
65529,4,65482,0,4718
65529,4,65482,0,4742
65529,4,65482,0,4764
65530,4,65482,0,4787
65530,4,65482,0,4810
65530,4,65482,0,4833
65530,4,65482,0,4855
65530,4,65482,0,4879
65530,4,65482,0,4901
65530,4,65482,0,4924
65530,4,65482,0,4947
65530,4,65482,0,4970
65530,4,65483,0,4993
65530,4,65483,0,5016
65530,4,65483,0,5039
65530,4,65483,0,5061
65530,4,65483,0,5085
65530,4,65483,0,5107
65530,4,65483,0,5130
65530,4,65483,0,5153
65530,4,65483,0,5176
65530,4,65482,0,5198
65530,4,65482,0,5222
65530,4,65482,0,5244
65530,4,65483,0,5268
65530,4,65483,0,5291
65530,4,65483,0,5313
65530,4,65482,0,5337
65530,4,65482,0,5359
65530,4,65482,0,5382
65530,5,65483,0,5405
65530,5,65483,0,5428
65530,5,65483,0,5450
65530,4,65483,0,5474
65530,4,65483,0,5496
65530,4,65483,0,5519
65530,4,65482,0,5542
65530,4,65482,0,5565
65530,4,65482,0,5587
65530,4,65483,0,5611
65530,4,65483,0,5634
65530,4,65483,0,5656
65530,4,65483,0,5680
65530,4,65483,0,5702
65530,4,65483,0,5725
65530,4,65482,0,5748
65530,4,65482,0,5771
65530,4,65482,0,5793
65530,4,65482,0,5817
65530,4,65482,0,5839
65530,4,65482,0,5862
65530,4,65483,0,5885
65530,4,65483,0,5908
65530,4,65483,0,5931
65530,4,65482,0,5954
65530,4,65482,0,5977
65530,4,65482,0,6000
65530,4,65483,0,6023
65530,4,65483,0,6045
65530,4,65483,0,6069
65530,4,65482,0,6091
65530,4,65482,0,6114
65530,4,65482,0,6137
65530,4,65483,0,6160
65530,4,65483,0,6182
65530,4,65483,0,6206
65530,4,65482,0,6228
65530,4,65482,0,6251
65530,4,65482,0,6275
65530,4,65482,0,6297
65530,4,65482,0,6320
65530,4,65482,0,6343
65530,4,65483,0,6366
65530,4,65483,0,6388
65530,4,65483,0,6412
65530,4,65483,0,6434
65530,4,65483,0,6457
65530,4,65483,0,6480
65530,4,65483,0,6503
65530,4,65483,0,6525
65530,4,65483,0,6549
65530,4,65483,0,6572
65530,4,65483,0,6594
65530,4,65483,0,6618
65530,4,65483,0,6640
65530,4,65483,0,6663
65530,4,65483,0,6686
65530,4,65483,0,6709
65530,4,65483,0,6732
65530,4,65483,0,6755
65530,4,65482,0,6777
65530,4,65482,0,6801
65530,4,65482,0,6823
65530,4,65483,0,6846
65530,4,65483,0,6870
65530,4,65483,0,6892
65530,4,65483,0,6915
65530,4,65483,0,6938
65530,4,65483,0,6961
65530,4,65483,0,6983
65530,4,65483,0,7007
65530,4,65483,0,7029
65530,5,65482,0,7052
65530,5,65482,0,7075
65530,5,65482,0,7098
65530,4,65483,0,7120
65530,4,65483,0,7144
65530,4,65483,0,7166
65530,5,65483,0,7189
65530,5,65483,0,7213
65530,5,65483,0,7235
65530,4,65482,0,7258
65530,4,65482,0,7281
65530,4,65482,0,7304
65530,4,65482,0,7326
65530,4,65482,0,7350
65530,4,65482,0,7372
65530,4,65482,0,7395
65530,4,65482,0,7418
65530,4,65482,0,7441
65530,4,65483,0,7464
65530,4,65483,0,7487
65530,4,65483,0,7510
65530,4,65482,0,7533
65530,4,65482,0,7556
65530,4,65482,0,7578
65530,4,65482,0,7602
65530,4,65482,0,7624
65530,4,65482,0,7647
65530,4,65483,0,7670
65530,4,65483,0,7693
65530,4,65482,0,7715
65530,4,65482,0,7739
65530,4,65482,0,7761
65530,4,65482,0,7784
65530,4,65482,0,7808
65530,4,65482,0,7830
65530,4,65483,0,7853
65530,4,65483,0,7876
65530,4,65483,0,7899
65530,4,65482,0,7921
65530,4,65482,0,7945
65530,4,65482,0,7967
65530,4,65483,0,7990
65530,4,65483,0,8013
65530,4,65483,0,8036
65530,4,65483,0,8058
65530,4,65483,0,8082
65530,4,65483,0,8104
65530,4,65483,0,8127
65530,4,65483,0,8151
65530,4,65483,0,8173
65530,4,65483,0,8197
65530,4,65483,0,8219
65530,4,65483,0,8242
65530,4,65483,0,8265
65530,4,65483,0,8288
65530,4,65483,0,8310
65530,4,65483,0,8334
65530,4,65483,0,8356
65530,4,65483,0,8379
65530,4,65483,0,8402
65530,4,65483,0,8425
65530,4,65483,0,8448
65530,4,65483,0,8471
65530,4,65483,0,8494
65530,4,65483,0,8516
65530,4,65482,0,8540
65530,4,65482,0,8562
65530,4,65482,0,8585
65530,5,65482,0,8608
65530,5,65482,0,8631
65530,5,65482,0,8653
65530,4,65482,0,8677
65530,4,65482,0,8699
65530,4,65482,0,8722
65530,5,65483,0,8745
65530,5,65483,0,8768
65530,5,65483,0,8791
65530,4,65483,0,8814
65530,4,65483,0,8837
65530,4,65483,0,8859
65530,4,65482,0,8883
65530,4,65482,0,8905
65530,4,65482,0,8929
65530,4,65482,0,8951
65530,4,65482,0,8974
65530,4,65482,0,8997
65530,4,65482,0,9020
65530,4,65482,0,9042
65530,4,65482,0,9066
65530,4,65482,0,9089
65530,4,65482,0,9111
65530,4,65482,0,9135
65530,4,65483,0,9157
65530,4,65483,0,9180
65530,4,65483,0,9203
65530,4,65482,0,9226
65530,4,65482,0,9248
65530,4,65482,0,9272
65530,4,65483,0,9294
65530,4,65483,0,9317
65530,4,65483,0,9340
65530,4,65483,0,9363
65530,4,65483,0,9385
65530,4,65483,0,9409
65530,5,65483,0,9432
65530,5,65483,0,9454
65530,5,65483,0,9478
65530,4,65483,0,9500
65530,4,65483,0,9523
65530,4,65483,0,9546
65530,4,65483,0,9569
65530,4,65483,0,9591
65530,4,65483,0,9615
65530,4,65482,0,9637
65530,4,65482,0,9661
65530,4,65482,0,9683
65530,4,65483,0,9706
65530,4,65483,0,9730
65530,4,65483,0,9752
65530,4,65483,0,9775
65530,4,65483,0,9798
65530,4,65483,0,9821
65530,4,65483,0,9843
65530,4,65483,0,9867
65530,4,65483,0,9889
65530,5,65483,0,9912
65530,5,65483,0,9935
65530,5,65483,0,9958
65530,4,65483,0,9980
65530,4,65483,0,10004
65530,4,65483,0,10028
65530,4,65483,0,10051
65530,4,65483,0,10076
65530,4,65483,0,10099
65530,4,65482,0,10123
65530,4,65482,0,10147
65530,4,65483,0,10171
65530,4,65483,0,10195
65530,4,65483,0,10219
65530,4,65483,0,10243
65530,4,65483,0,10267
65530,4,65483,0,10291
65530,4,65483,0,10314
65530,4,65483,0,10339
65530,4,65483,0,10362
65530,5,65483,0,10386
65530,5,65483,0,10411
65530,5,65483,0,10434
65530,4,65483,0,10459
65530,4,65483,0,10482
65530,4,65483,0,10506
65530,4,65483,0,10530
65530,4,65483,0,10554
65530,4,65483,0,10577
65530,4,65483,0,10602
65530,4,65483,0,10626
65530,4,65483,0,10649
65530,4,65483,0,10674
65530,4,65483,0,10697
65530,4,65483,0,10721
65530,4,65483,0,10745
65530,4,65483,0,10769
65530,4,65483,0,10793
65530,4,65483,0,10817
65530,4,65483,0,10841
65530,4,65483,0,10865
65530,4,65483,0,10889
65530,4,65483,0,10912
65530,5,65483,0,10937
65530,5,65483,0,10960
65530,5,65483,0,10984
65530,4,65483,0,11009
65530,4,65483,0,11032
65530,4,65483,0,11056
65530,4,65483,0,11080
65530,4,65483,0,11104
65530,4,65483,0,11128
65530,4,65483,0,11152
65530,4,65483,0,11175
65530,4,65483,0,11200
65530,4,65483,0,11224
65530,4,65483,0,11247
65530,4,65483,0,11272
65530,4,65483,0,11295
65530,4,65483,0,11319
65530,4,65483,0,11343
65530,4,65483,0,11367
65530,4,65483,0,11392
65530,4,65483,0,11415
65530,4,65483,0,11439
65530,4,65482,0,11463
65530,4,65482,0,11487
65530,4,65482,0,11510
65530,4,65483,0,11535
65530,4,65483,0,11558
65530,4,65483,0,11582
65530,4,65483,0,11607
65530,4,65483,0,11630
65530,4,65483,0,11654
65530,4,65483,0,11678
65530,4,65483,0,11702
65530,4,65483,0,11726
65530,4,65482,0,11750
65530,4,65482,0,11773
65530,4,65482,0,11798
65530,5,65483,0,11822
65530,5,65483,0,11845
65530,5,65483,0,11870
65530,5,65483,0,11893
65530,5,65483,0,11917
65530,4,65483,0,11941
65530,4,65483,0,11965
65530,4,65483,0,11990
65530,4,65483,0,12013
65530,4,65483,0,12037
65530,4,65483,0,12061
65530,4,65483,0,12085
65530,4,65483,0,12108
65530,4,65483,0,12133
65530,5,65482,0,12156
65530,5,65482,0,12180
65530,5,65482,0,12205
65530,4,65483,0,12228
65530,4,65483,0,12252
65530,4,65483,0,12276
65530,4,65483,0,12300
65530,4,65483,0,12324
65530,4,65483,0,12348
65530,4,65482,0,12371
65530,4,65482,0,12396
65530,4,65483,0,12420
65530,4,65483,0,12443
65530,4,65483,0,12468
65530,4,65483,0,12491
65530,4,65483,0,12515
65530,4,65483,0,12539
65530,4,65483,0,12563
65530,4,65483,0,12587
65530,4,65483,0,12611
65530,4,65483,0,12635
65530,4,65483,0,12659
65530,4,65483,0,12683
65530,4,65483,0,12706
65530,4,65483,0,12731
65530,4,65483,0,12754
65529,5,65483,0,12778
65529,5,65483,0,12803
65529,5,65483,0,12826
65529,5,65483,0,12850
65529,5,65483,0,12874
65530,4,65483,0,12898
65530,4,65483,0,12922
65530,4,65483,0,12946
65530,4,65483,0,12969
65530,4,65483,0,12994
65530,4,65483,0,13018
65530,4,65483,0,13041
65530,4,65483,0,13066
65530,4,65483,0,13089
65530,4,65483,0,13113
65530,4,65483,0,13137
65530,4,65483,0,13161
65530,4,65483,0,13185
65530,4,65483,0,13209
65530,4,65483,0,13233
65530,4,65483,0,13257
65530,4,65483,0,13281
65530,5,65483,0,13304
65530,5,65483,0,13329
65530,5,65483,0,13352
65530,4,65483,0,13376
65530,4,65483,0,13401
65530,4,65483,0,13424
65530,4,65483,0,13448
65530,4,65483,0,13472
65530,4,65483,0,13496
65530,4,65482,0,13520
65530,4,65482,0,13544
65530,4,65482,0,13568
65530,5,65483,0,13592
65530,5,65483,0,13616
65530,5,65483,0,13639
65530,4,65483,0,13664
65530,4,65483,0,13687
65530,4,65483,0,13711
65530,4,65483,0,13735
65530,4,65483,0,13759
65530,4,65483,0,13783
65530,4,65483,0,13807
65530,4,65483,0,13831
65530,4,65483,0,13855
65530,4,65483,0,13879
65530,4,65483,0,13902
65530,4,65483,0,13927
65530,4,65483,0,13950
65530,4,65483,0,13974
65530,4,65483,0,13999
65530,4,65483,0,14022
65530,4,65483,0,14046
65530,5,65483,0,14070
65530,5,65483,0,14094
65530,5,65483,0,14117
65530,4,65483,0,14142
65530,4,65483,0,14166
65529,4,65483,0,14190
65529,4,65483,0,14214
65529,4,65483,0,14237
65530,5,65482,0,14262
65530,5,65482,0,14285
65530,5,65482,0,14309
65530,4,65483,0,14333
65530,4,65483,0,14357
65530,4,65483,0,14381
65530,5,65483,0,14405
65530,5,65483,0,14429
65530,5,65483,0,14453
65530,4,65483,0,14477
65530,4,65483,0,14500
65530,4,65483,0,14525
65530,4,65483,0,14548
65530,4,65483,0,14572
65530,4,65483,0,14597
65530,4,65482,0,14620
65530,4,65482,0,14644
65530,4,65482,0,14668
65530,4,65482,0,14692
65530,4,65482,0,14715
65530,4,65483,0,14740
65530,4,65483,0,14764
65530,4,65483,0,14788
65530,4,65483,0,14812
65530,4,65483,0,14835
65530,4,65483,0,14860
65530,4,65483,0,14883
65530,4,65483,0,14907
65530,4,65483,0,14931
65530,4,65483,0,14955
65530,4,65483,0,14979
65530,4,65483,0,15003
65530,4,65483,0,15027
65530,4,65483,0,15051
65530,4,65483,0,15075
65530,4,65483,0,15098
65530,4,65483,0,15123
65530,4,65483,0,15147
65530,4,65483,0,15170
65530,4,65483,0,15195
65530,4,65483,0,15218
65530,4,65483,0,15242
65530,4,65483,0,15266
65530,4,65483,0,15290
65530,4,65483,0,15313
65530,4,65483,0,15338
65530,5,65482,0,15362
65530,5,65482,0,15386
65530,5,65482,0,15410
65530,4,65482,0,15433
65530,4,65482,0,15458
65530,4,65482,0,15481
65530,4,65483,0,15505
65530,4,65483,0,15529
65530,4,65483,0,15553
65530,4,65483,0,15577
65530,4,65483,0,15601
65530,4,65482,0,15625
65530,4,65482,0,15648
65530,4,65482,0,15673
65530,4,65483,0,15696
65530,4,65483,0,15721
65530,4,65483,0,15745
65530,4,65483,0,15768
65530,4,65483,0,15793
65530,4,65483,0,15816
65530,4,65483,0,15840
65530,4,65483,0,15864
65530,4,65483,0,15888
65530,4,65483,0,15911
65530,4,65483,0,15936
65530,4,65482,0,15960
65530,4,65482,0,15984
65530,4,65482,0,16008
65530,5,65483,0,16031
65530,5,65483,0,16056
65530,5,65483,0,16079
65530,4,65483,0,16103
65530,4,65483,0,16128
65530,4,65483,0,16151
65530,4,65483,0,16175
65530,4,65483,0,16199
65530,4,65483,0,16223
65530,4,65483,0,16246
65530,4,65483,0,16271
65530,4,65483,0,16294
65530,5,65483,0,16319
65530,5,65483,0,16343
65530,5,65483,0,16366
65530,4,65482,0,16391
65530,4,65482,0,16414
65530,5,65483,0,16438
65530,5,65483,0,16462
65530,5,65483,0,16486
65530,4,65483,0,16509
65530,4,65483,0,16534
65530,4,65483,0,16558
65530,4,65483,0,16582
65530,4,65483,0,16606
65530,4,65483,0,16629
65530,4,65483,0,16654
65530,4,65483,0,16677
65530,4,65483,0,16701
65530,4,65483,0,16726
65530,4,65483,0,16749
65530,4,65483,0,16773
65530,4,65483,0,16797
65530,4,65483,0,16821
65530,4,65483,0,16844
65530,4,65483,0,16869
65530,4,65483,0,16892
65530,4,65483,0,16917
65530,4,65483,0,16941
65530,4,65483,0,16964
65530,4,65483,0,16989
65530,4,65483,0,17012
65530,4,65483,0,17036
65530,4,65483,0,17060
65530,4,65483,0,17084
65530,4,65483,0,17107
65530,4,65483,0,17132
65530,4,65483,0,17156
65530,4,65483,0,17179
65530,4,65483,0,17204
65530,4,65483,0,17227
65530,4,65483,0,17252
65530,4,65483,0,17275
65530,4,65483,0,17299
65530,5,65483,0,17324
65530,5,65483,0,17347
65530,5,65483,0,17371
65530,4,65483,0,17395
65530,4,65483,0,17419
65530,4,65483,0,17442
65529,5,65483,0,17467
65529,5,65483,0,17490
65529,5,65483,0,17515
65529,4,65483,0,17539
65529,4,65483,0,17562
65529,4,65483,0,17587
65529,4,65483,0,17610
65529,4,65483,0,17634
65529,4,65483,0,17658
65530,4,65483,0,17682
65530,4,65483,0,17705
65530,4,65483,0,17730
65529,5,65483,0,17754
65529,5,65483,0,17777
65529,4,65483,0,17802
65529,4,65483,0,17825
65529,4,65483,0,17850
65530,4,65483,0,17873
65530,4,65483,0,17897
65530,4,65483,0,17922
65529,4,65483,0,17945
65529,4,65483,0,17969
65529,4,65483,0,17993
65529,4,65483,0,18017
65529,4,65483,0,18040
65529,4,65483,0,18065
65529,4,65483,0,18088
65529,4,65483,0,18113
65529,4,65483,0,18137
65529,4,65483,0,18160
65529,4,65483,0,18185
65529,4,65483,0,18208
65529,4,65483,0,18232
65529,4,65483,0,18256
65529,4,65483,0,18280
65529,4,65483,0,18304
65529,4,65483,0,18328
65529,4,65483,0,18352
65529,4,65483,0,18375
65529,4,65483,0,18400
65529,4,65483,0,18423
65529,4,65483,0,18448
65529,4,65483,0,18471
65529,4,65483,0,18495
65529,4,65483,0,18520
65529,4,65483,0,18543
65529,4,65483,0,18567
65529,4,65483,0,18591
65529,4,65483,0,18615
65529,4,65483,0,18638
65529,4,65483,0,18663
65529,4,65483,0,18686
65529,4,65483,0,18710
65529,4,65483,0,18735
65528,4,65483,0,18758
65528,4,65483,0,18783
65528,4,65483,0,18806
65528,4,65483,0,18830
65528,4,65483,0,18854
65528,4,65483,0,18878
65528,4,65483,0,18902
65528,4,65483,0,18926
65528,4,65483,0,18950
65528,5,65483,0,18973
65528,5,65483,0,18998
65528,5,65483,0,19021
65528,4,65483,0,19046
65528,4,65483,0,19069
65528,4,65483,0,19093
65528,4,65483,0,19118
65528,4,65483,0,19141
65527,5,65483,0,19165
65527,5,65483,0,19189
65527,5,65483,0,19213
65527,4,65483,0,19236
65527,4,65483,0,19261
65527,4,65483,0,19284
65526,4,65483,0,19308
65526,4,65483,0,19333
65526,4,65483,0,19356
65525,4,65483,0,19381
65525,4,65483,0,19404
65525,4,65483,0,19428
65524,4,65482,0,19452
65524,4,65482,0,19476
65524,4,65482,0,19500
65523,4,65482,0,19524
65523,4,65482,0,19548
65521,3,65481,0,19571
65521,3,65481,0,19596
65521,3,65481,0,19619
65519,3,65479,0,19644
65519,3,65479,0,19667
65519,3,65479,0,19691
65517,3,65477,0,19716
65517,3,65477,0,19739
65517,3,65477,0,19763
65516,2,65472,0,19787
65516,2,65472,0,19811
65516,2,65472,0,19834
65518,2,65468,0,19859
65518,2,65468,0,19883
65518,2,65468,0,19906
65518,3,65466,0,19931
65518,3,65466,0,19954
65518,3,65466,0,19979
65517,2,65459,0,20002
65517,2,65459,0,20026
65526,65534,65452,0,20050
65526,65534,65452,0,20078
65526,65534,65452,0,20106
3,65527,65454,0,20134
3,65527,65454,0,20158
3,65527,65454,0,20183
16,65520,65467,0,20206
16,65520,65467,0,20231
12,65519,65483,0,20256
12,65519,65483,0,20281
12,65519,65483,0,20305
4,65524,65488,0,20331
4,65524,65488,0,20355
4,65524,65488,0,20379
0,65525,65488,0,20403
0,65525,65488,0,20426
0,65525,65488,0,20451
65534,65525,65487,0,20474
65534,65525,65487,0,20502
65531,65521,65484,0,20531
65531,65521,65484,0,20558
65531,65521,65484,0,20587
65534,65519,65480,0,20615
65534,65519,65480,0,20643
0,65518,65480,0,20671
0,65518,65480,0,20695
0,65518,65480,0,20719
0,65520,65484,0,20743
0,65520,65484,0,20766
0,65520,65484,0,20791
65535,65521,65485,0,20814
65535,65521,65485,0,20843
65532,65522,65486,0,20871
65532,65522,65486,0,20898
65532,65522,65486,0,20927
65531,65522,65484,0,20955
65531,65522,65484,0,20983
65532,65523,65483,0,21011
65532,65523,65483,0,21039
65532,65523,65483,0,21067
65533,65523,65485,0,21095
65533,65523,65485,0,21124
65533,65523,65485,0,21151
65533,65523,65485,0,21180
65534,65524,65486,0,21208
65534,65524,65486,0,21235
65534,65524,65486,0,21264
65534,65524,65488,0,21292
65534,65524,65488,0,21320
65533,65526,65490,0,21348
65533,65526,65490,0,21377
65533,65526,65490,0,21404
65532,65528,65491,0,21432
65532,65528,65491,0,21460
65530,65531,65492,0,21488
65530,65531,65492,0,21517
65530,65531,65492,0,21544
65529,65534,65492,0,21572
65529,65534,65492,0,21601
65527,0,65494,0,21628
65527,0,65494,0,21653
65527,0,65494,0,21677
65523,1,65493,0,21700
65523,1,65493,0,21725
65523,1,65493,0,21748
65520,4,65490,0,21772
65520,4,65490,0,21796
65516,5,65487,0,21820
65516,5,65487,0,21844
65516,5,65487,0,21868
65514,4,65481,0,21892
65514,4,65481,0,21916
65514,4,65481,0,21940
65515,2,65474,0,21963
65515,2,65474,0,21988
65515,2,65474,0,22011
65520,0,65468,0,22035
65520,0,65468,0,22060
65520,0,65468,0,22083
65528,65535,65466,0,22108
65528,65535,65466,0,22135
65533,65535,65470,0,22163
65533,65535,65470,0,22192
65533,65535,65470,0,22219
65533,0,65475,0,22248
65533,0,65475,0,22272
65531,0,65477,0,22295
65531,0,65477,0,22320
65531,0,65477,0,22343
65529,0,65477,0,22367
65529,0,65477,0,22391
65529,0,65477,0,22415
65527,65535,65478,0,22439
65527,65535,65478,0,22467
65527,65535,65478,0,22495
65525,65535,65476,0,22523
65525,65535,65476,0,22551
65524,65535,65475,0,22580
65524,65535,65475,0,22607
65524,65535,65475,0,22635
65524,65535,65475,0,22664
65524,65535,65475,0,22691
65522,65533,65471,0,22720
65522,65533,65471,0,22748
65522,65533,65469,0,22776
65522,65533,65469,0,22804
65522,65533,65469,0,22832
65523,65532,65467,0,22860
65523,65532,65467,0,22888
65523,65532,65466,0,22917
65523,65532,65466,0,22944
65523,65532,65466,0,22973
65524,65531,65465,0,23001
65524,65531,65465,0,23028
65525,65531,65464,0,23057
65525,65531,65464,0,23085
65525,65530,65464,0,23113
65525,65530,65464,0,23141
65525,65530,65464,0,23169
65525,65531,65464,0,23197
65525,65531,65464,0,23225
65525,65530,65463,0,23254
65525,65530,65463,0,23281
65525,65530,65463,0,23310
65525,65530,65463,0,23337
65525,65530,65463,0,23365
65525,65531,65463,0,23394
65525,65531,65463,0,23421
65525,65531,65463,0,23450
65525,65531,65464,0,23478
65525,65531,65464,0,23506
65525,65531,65463,0,23534
65525,65531,65463,0,23562
65525,65531,65463,0,23590
65525,65531,65463,0,23618
65525,65531,65463,0,23647
65525,65530,65463,0,23674
65525,65530,65463,0,23702
65525,65531,65463,0,23731
65525,65531,65463,0,23758
65525,65531,65463,0,23787
65525,65530,65464,0,23815
65525,65530,65464,0,23843
65526,65530,65464,0,23871
65526,65530,65464,0,23899
65526,65530,65464,0,23927
65525,65530,65464,0,23955
65525,65530,65464,0,23984
65525,65531,65463,0,24011
65525,65531,65463,0,24040
65525,65530,65464,0,24068
65525,65530,65464,0,24095
65525,65530,65464,0,24124
65525,65530,65463,0,24152
65525,65530,65463,0,24180
65526,65531,65463,0,24208
65526,65531,65463,0,24237
65526,65531,65463,0,24264
65525,65531,65464,0,24292
65525,65531,65464,0,24321
65525,65531,65463,0,24348
65525,65531,65463,0,24377
65525,65531,65463,0,24404
65525,65530,65464,0,24432
65525,65530,65464,0,24461
65525,65531,65464,0,24488
65525,65531,65464,0,24517
65525,65531,65463,0,24545
65525,65531,65463,0,24573
65525,65531,65463,0,24601
65526,65530,65464,0,24629
65526,65530,65464,0,24657
65525,65530,65463,0,24685
65525,65530,65463,0,24714
65525,65530,65463,0,24741
65525,65530,65464,0,24770
65525,65530,65464,0,24798
65525,65530,65464,0,24825
65525,65530,65464,0,24854
65525,65530,65464,0,24882
65525,65531,65464,0,24910
65525,65531,65464,0,24938
65526,65531,65464,0,24966
65526,65531,65464,0,24994
65525,65531,65463,0,25022
65525,65531,65463,0,25051
65525,65531,65463,0,25078
65525,65531,65464,0,25107
65525,65531,65464,0,25135
65525,65531,65463,0,25162
65525,65531,65463,0,25191
65525,65531,65463,0,25219
65525,65530,65463,0,25247
65525,65530,65463,0,25275
65525,65531,65463,0,25304
65525,65531,65463,0,25331
65525,65531,65463,0,25359
65525,65531,65463,0,25388
65525,65531,65463,0,25415
65525,65531,65464,0,25444
65525,65531,65464,0,25472
65525,65531,65463,0,25499
65525,65531,65463,0,25528
65525,65531,65463,0,25555
65525,65530,65463,0,25584
65525,65530,65463,0,25612
65525,65531,65463,0,25640
65525,65531,65463,0,25668
65525,65531,65463,0,25696
65525,65531,65463,0,25724
65525,65531,65463,0,25752
65526,65531,65464,0,25781
65526,65531,65464,0,25808
65526,65531,65464,0,25837
65525,65531,65463,0,25865
65525,65531,65463,0,25892
65525,65531,65464,0,25921
65525,65531,65464,0,25949
65525,65530,65464,0,25977
65525,65530,65464,0,26005
65525,65530,65464,0,26034
65525,65531,65463,0,26061
65525,65531,65463,0,26089
65525,65531,65464,0,26118
65525,65531,65464,0,26145
65525,65531,65464,0,26174
65525,65530,65464,0,26202
65525,65530,65464,0,26229
65525,65531,65463,0,26258
65525,65531,65463,0,26286
65525,65531,65463,0,26314
65525,65530,65463,0,26342
65525,65530,65463,0,26371
65525,65530,65464,0,26398
65525,65530,65464,0,26426
65525,65530,65463,0,26455
65525,65530,65463,0,26482
65525,65530,65463,0,26511
65525,65530,65463,0,26539
65525,65530,65463,0,26567
65525,65531,65463,0,26595
65525,65531,65463,0,26622
65525,65531,65463,0,26651
65525,65530,65464,0,26679
65525,65530,65464,0,26707
65526,65530,65464,0,26735
65526,65530,65464,0,26763
65526,65530,65464,0,26791
65525,65531,65463,0,26819
65525,65531,65463,0,26848
65525,65531,65463,0,26875
65525,65531,65463,0,26904
65525,65531,65464,0,26932
65525,65531,65464,0,26959
65525,65531,65464,0,26988
65526,65531,65464,0,27016
65526,65531,65464,0,27044
65525,65531,65464,0,27072
65525,65531,65464,0,27101
65525,65531,65464,0,27128
65525,65531,65463,0,27156
65525,65531,65463,0,27185
65525,65531,65463,0,27212
65525,65531,65463,0,27241
65525,65531,65463,0,27269
65525,65531,65463,0,27296
65525,65531,65463,0,27325
65525,65530,65463,0,27353
65525,65530,65463,0,27381
65525,65531,65464,0,27409
65525,65531,65464,0,27438
65525,65531,65464,0,27465
65525,65530,65463,0,27493
65525,65530,65463,0,27522
65525,65531,65463,0,27549
65525,65531,65463,0,27578
65525,65531,65463,0,27606
65525,65530,65463,0,27634
65525,65530,65463,0,27662
65525,65530,65463,0,27689
65525,65530,65463,0,27718
65525,65530,65464,0,27746
65525,65530,65464,0,27774
65525,65530,65464,0,27802
65525,65531,65463,0,27831
65525,65531,65463,0,27858
65525,65530,65463,0,27886
65525,65530,65463,0,27915
65525,65530,65463,0,27942
65525,65530,65464,0,27971
65525,65530,65464,0,27999
65525,65530,65464,0,28026
65525,65530,65464,0,28055
65525,65530,65464,0,28083
65525,65531,65463,0,28111
65525,65531,65463,0,28139
65525,65530,65463,0,28168
65525,65530,65463,0,28195
65525,65531,65463,0,28223
65525,65531,65463,0,28252
65525,65531,65463,0,28279
65525,65530,65464,0,28308
65525,65530,65464,0,28336
65525,65530,65463,0,28364
65525,65530,65463,0,28392
65525,65530,65463,0,28420
65525,65530,65463,0,28448
65525,65530,65463,0,28476
65525,65530,65464,0,28505
65525,65530,65464,0,28532
65525,65530,65464,0,28560
65525,65530,65464,0,28589
65525,65530,65464,0,28616
65525,65531,65463,0,28645
65525,65531,65463,0,28673
65525,65531,65463,0,28701
65525,65531,65463,0,28729
65525,65531,65463,0,28756
65525,65530,65463,0,28785
65525,65530,65463,0,28813
65525,65530,65464,0,28841
65525,65530,65464,0,28869
65525,65530,65464,0,28898
65525,65531,65464,0,28925
65525,65531,65464,0,28953
65525,65530,65463,0,28982
65525,65530,65463,0,29009
65525,65530,65463,0,29038
65525,65531,65464,0,29066
65525,65531,65464,0,29093
65525,65530,65464,0,29122
65525,65530,65464,0,29150
65525,65530,65463,0,29178
65525,65530,65463,0,29206
65525,65530,65463,0,29235
65525,65531,65463,0,29262
65525,65531,65463,0,29290
65525,65530,65463,0,29319
65525,65530,65463,0,29346
65525,65530,65463,0,29375
65525,65530,65464,0,29403
65525,65530,65464,0,29431
65525,65530,65463,0,29459
65525,65530,65463,0,29487
65525,65530,65463,0,29515
65525,65531,65463,0,29543
65525,65531,65463,0,29572
65525,65531,65464,0,29599
65525,65531,65464,0,29628
65525,65530,65464,0,29656
65525,65530,65464,0,29683
65525,65530,65464,0,29712
65525,65531,65464,0,29740
65525,65531,65464,0,29768
65526,65531,65463,0,29796
65526,65531,65463,0,29824
65526,65531,65463,0,29852
65525,65531,65463,0,29880
65525,65531,65463,0,29908
65525,65531,65463,0,29936
65525,65531,65463,0,29965
65525,65531,65463,0,29992
65525,65531,65463,0,30020
65525,65531,65463,0,30049
65525,65531,65464,0,30076
65525,65531,65464,0,30105
65525,65531,65463,0,30133
65525,65531,65463,0,30161
65525,65531,65463,0,30189
65525,65531,65463,0,30217
65525,65531,65463,0,30245
65525,65530,65463,0,30273
65525,65530,65463,0,30302
65525,65530,65463,0,30329
65525,65531,65463,0,30357
65525,65531,65463,0,30386
65525,65531,65463,0,30413
65525,65531,65463,0,30442
65525,65531,65463,0,30470
65525,65531,65463,0,30498
65525,65531,65463,0,30526
65525,65530,65463,0,30554
65525,65530,65463,0,30582
65525,65531,65463,0,30610
65525,65531,65463,0,30639
65525,65531,65463,0,30666
65525,65530,65463,0,30695
65525,65530,65463,0,30723
65525,65530,65463,0,30750
65525,65530,65463,0,30779
65525,65530,65463,0,30807
65525,65531,65463,0,30835
65525,65531,65463,0,30863
65525,65531,65464,0,30891
65525,65531,65464,0,30919
65525,65531,65464,0,30947
65526,65531,65463,0,30976
65526,65531,65463,0,31003
65525,65531,65463,0,31032
65525,65531,65463,0,31059
65525,65530,65463,0,31087
65525,65530,65463,0,31116
65525,65530,65463,0,31143
65525,65531,65463,0,31172
65525,65531,65463,0,31200
65525,65530,65464,0,31228
65525,65530,65464,0,31256
65525,65530,65464,0,31284
65525,65530,65463,0,31312
65525,65530,65463,0,31340
65525,65531,65463,0,31369
65525,65531,65463,0,31396
65525,65531,65463,0,31425
65525,65530,65464,0,31453
65525,65530,65464,0,31480
65525,65531,65464,0,31509
65525,65531,65464,0,31537
65525,65531,65463,0,31565
65525,65531,65463,0,31593
65525,65531,65463,0,31621
65525,65530,65463,0,31649
65525,65530,65463,0,31677
65525,65531,65463,0,31706
65525,65531,65463,0,31733
65525,65531,65463,0,31762
65525,65530,65463,0,31790
65525,65530,65463,0,31817
65525,65531,65464,0,31846
65525,65531,65464,0,31874
65525,65531,65464,0,31902
65526,65531,65463,0,31930
65526,65531,65463,0,31959
65526,65530,65464,0,31986
65526,65530,65464,0,32014
65525,65530,65463,0,32043
65525,65530,65463,0,32070
65525,65530,65463,0,32099
65525,65531,65464,0,32126
65525,65531,65464,0,32154
65525,65531,65464,0,32183
65525,65531,65464,0,32210
65525,65531,65464,0,32239
65525,65531,65464,0,32267
65525,65531,65464,0,32295
65525,65531,65464,0,32323
65525,65531,65464,0,32351
65525,65531,65464,0,32379
65525,65531,65464,0,32407
65525,65531,65464,0,32436
65525,65531,65464,0,32463
65525,65531,65464,0,32492
65525,65531,65464,0,32520
65525,65531,65464,0,32547
65525,65531,65464,0,32576
65524,65531,65465,0,32604
65524,65531,65465,0,32632
65524,65531,65465,0,32660
65524,65531,65465,0,32688
65524,65531,65465,0,32716
65524,65531,65465,0,32744
65524,65531,65465,0,32773
65524,65531,65465,0,32800
65524,65531,65465,0,32829
65523,65532,65466,0,32857
65523,65532,65466,0,32884
65523,65532,65466,0,32913
65523,65532,65466,0,32941
65523,65532,65466,0,32969
65523,65532,65466,0,32997
65523,65532,65466,0,33026
65523,65532,65466,0,33053
65523,65532,65467,0,33081
65523,65532,65467,0,33110
65523,65532,65468,0,33137
65523,65532,65468,0,33166
65523,65532,65468,0,33193
65522,65533,65468,0,33222
65522,65533,65468,0,33250
65522,65533,65469,0,33277
65522,65533,65469,0,33306
65522,65533,65470,0,33334
65522,65533,65470,0,33362
65522,65533,65470,0,33390
65522,65534,65471,0,33418
65522,65534,65471,0,33446
65522,65534,65472,0,33474
65522,65534,65472,0,33503
65522,65534,65472,0,33530
65522,65534,65473,0,33559
65522,65534,65473,0,33587
65523,65534,65474,0,33614
65523,65534,65474,0,33643
65523,65534,65474,0,33671
65524,65535,65475,0,33699
65524,65535,65475,0,33727
65524,65535,65476,0,33756
65524,65535,65476,0,33783
65525,65535,65476,0,33811
65525,65535,65476,0,33840
65525,65535,65476,0,33867
65526,65535,65477,0,33896
65526,65535,65477,0,33924
65527,65535,65477,0,33951
65527,65535,65477,0,33980
65527,65535,65477,0,34008
65529,0,65478,0,34036
65529,0,65478,0,34060
65529,0,65478,0,34083
65529,0,65478,0,34108
65529,0,65478,0,34131
65532,0,65476,0,34156
65532,0,65476,0,34180
65532,0,65476,0,34203
65533,0,65474,0,34228
65533,0,65474,0,34251
65533,0,65474,0,34275
65533,0,65472,0,34299
65533,0,65472,0,34323
65533,0,65472,0,34347
65532,65535,65469,0,34371
65532,65535,65469,0,34399
65528,65535,65466,0,34427
65528,65535,65466,0,34455
65528,65535,65466,0,34483
65523,0,65467,0,34511
65523,0,65467,0,34535
65523,0,65467,0,34560
65518,0,65469,0,34583
65518,0,65469,0,34607
65515,1,65473,0,34631
65515,1,65473,0,34655
65515,1,65473,0,34678
65514,4,65478,0,34703
65514,4,65478,0,34726
65514,4,65478,0,34750
65514,5,65483,0,34775
65514,5,65483,0,34798
65514,5,65483,0,34823
65516,5,65487,0,34846
65516,5,65487,0,34870
65516,5,65487,0,34894
65519,4,65489,0,34918
65519,4,65489,0,34941
65519,4,65489,0,34966
65521,2,65491,0,34990
65521,2,65491,0,35013
65523,1,65493,0,35038
65523,1,65493,0,35061
65523,1,65493,0,35086
65526,0,65494,0,35109
65526,0,65494,0,35133
65526,0,65494,0,35158
65528,65535,65493,0,35181
65528,65535,65493,0,35209
65528,65535,65493,0,35237
65529,65533,65492,0,35265
65529,65533,65492,0,35294
65530,65531,65491,0,35321
65530,65531,65491,0,35349
65530,65529,65491,0,35378
65531,65529,65491,0,35405
65531,65529,65491,0,35434
65532,65527,65490,0,35462
65532,65527,65490,0,35490
65533,65526,65489,0,35518
65533,65526,65489,0,35546
65533,65526,65489,0,35574
65534,65524,65488,0,35602
65534,65524,65488,0,35631
65534,65524,65486,0,35658
65534,65524,65486,0,35687
65534,65524,65486,0,35715
65533,65523,65485,0,35742
65533,65523,65485,0,35771
65533,65523,65484,0,35799
65533,65523,65484,0,35827
65533,65523,65484,0,35855
65533,65523,65484,0,35883
65533,65523,65484,0,35911
65533,65522,65484,0,35939
65533,65522,65484,0,35968
65532,65522,65483,0,35995
65532,65522,65483,0,36024
65532,65522,65483,0,36051
65531,65522,65484,0,36079
65531,65522,65484,0,36108
65532,65521,65485,0,36135
65532,65521,65485,0,36164
65532,65521,65485,0,36192
65533,65521,65485,0,36220
65533,65521,65485,0,36248
65535,65520,65485,0,36276
65535,65520,65485,0,36304
0,65519,65483,0,36332
0,65519,65483,0,36357
0,65519,65483,0,36380
1,65519,65480,0,36404
1,65519,65480,0,36428
1,65519,65480,0,36452
0,65518,65479,0,36475
0,65518,65479,0,36500
0,65518,65479,0,36524
65533,65518,65480,0,36547
65533,65518,65480,0,36576
65533,65518,65480,0,36603
65531,65521,65484,0,36632
65531,65521,65484,0,36660
65534,65523,65487,0,36688
65534,65523,65487,0,36716
0,65524,65487,0,36744
0,65524,65487,0,36768
0,65524,65487,0,36792
2,65524,65488,0,36816
2,65524,65488,0,36840
2,65524,65488,0,36864
8,65522,65486,0,36888
8,65522,65486,0,36912
8,65522,65486,0,36935
13,65517,65482,0,36960
13,65517,65482,0,36984
13,65517,65482,0,37009
15,65519,65467,0,37035
15,65519,65467,0,37059
6,65525,65455,0,37085
6,65525,65455,0,37108
6,65525,65455,0,37132
65529,65531,65452,0,37156
65529,65531,65452,0,37184
65529,65531,65452,0,37212
65520,0,65456,0,37240
65520,0,65456,0,37264
65517,2,65463,0,37288
65517,2,65463,0,37312
65517,2,65463,0,37336
65519,3,65467,0,37360
65519,3,65467,0,37384
65519,3,65467,0,37407
65518,1,65468,0,37432
65518,1,65468,0,37455
65518,1,65468,0,37479
65516,2,65473,0,37504
65516,2,65473,0,37527
65516,2,65473,0,37552
65517,3,65476,0,37575
65517,3,65476,0,37599
65517,3,65476,0,37623
65519,3,65480,0,37647
65519,3,65480,0,37670
65519,3,65480,0,37695
65519,3,65480,0,37719
65519,3,65480,0,37742
65523,4,65482,0,37767
65523,4,65482,0,37790
65523,4,65482,0,37815
65524,4,65482,0,37838
65524,4,65482,0,37862
65524,4,65482,0,37886
65525,4,65483,0,37910
65525,4,65483,0,37934
65525,4,65483,0,37958
65526,4,65483,0,37982
65526,4,65483,0,38005
65526,4,65483,0,38030
65527,4,65483,0,38053
65527,4,65483,0,38077
65527,4,65483,0,38102
65527,4,65483,0,38125
65527,4,65483,0,38150
65528,4,65483,0,38173
65528,4,65483,0,38197
65528,4,65483,0,38221
65528,4,65483,0,38245
65528,4,65483,0,38268
65528,4,65483,0,38293
65528,4,65483,0,38317
65528,4,65483,0,38340
65528,4,65483,0,38365
65528,4,65483,0,38388
65528,4,65483,0,38412
65528,4,65483,0,38436
65529,4,65483,0,38460
65529,4,65483,0,38484
65529,4,65483,0,38508
65529,4,65483,0,38532
65529,4,65483,0,38556
65529,4,65483,0,38580
65529,5,65482,0,38603
65529,5,65482,0,38628
65529,4,65482,0,38651
65529,4,65482,0,38675
65529,4,65482,0,38700
65529,4,65483,0,38723
65529,4,65483,0,38748
65529,4,65483,0,38771
65529,4,65483,0,38795
65529,4,65483,0,38819
65529,4,65483,0,38843
65529,4,65483,0,38866
65529,4,65483,0,38891
65529,4,65483,0,38915
65529,4,65483,0,38938
65529,4,65483,0,38963
65529,4,65483,0,38986
65529,4,65483,0,39010
65529,4,65483,0,39034
65529,4,65483,0,39058
65529,4,65483,0,39083
65529,4,65483,0,39106
65530,4,65483,0,39130
65530,4,65483,0,39154
65530,4,65483,0,39178
65530,4,65483,0,39201
65530,4,65483,0,39226
65530,4,65483,0,39249
65529,4,65483,0,39273
65529,4,65483,0,39298
65529,4,65483,0,39321
65530,4,65483,0,39346
65530,4,65483,0,39369
65530,4,65483,0,39393
65529,4,65483,0,39417
65529,4,65483,0,39441
65529,4,65483,0,39464
65530,4,65483,0,39489
65530,4,65483,0,39513
65530,4,65483,0,39536
65530,4,65483,0,39561
65530,4,65483,0,39584
65530,4,65483,0,39608
65530,4,65483,0,39632
65530,4,65483,0,39656
65530,5,65483,0,39681
65530,5,65483,0,39704
65530,5,65483,0,39728
65530,4,65482,0,39752
65530,4,65482,0,39776
65530,4,65482,0,39799
65530,4,65483,0,39824
65530,4,65483,0,39847
65530,4,65483,0,39871
65530,4,65482,0,39896
65530,4,65482,0,39919
65530,4,65482,0,39943
65530,4,65482,0,39967
65530,4,65482,0,39991
65530,5,65483,0,40015
65530,5,65483,0,40039
65530,5,65483,0,40062
65530,4,65483,0,40087
65530,4,65483,0,40111
65530,4,65483,0,40134
65530,4,65482,0,40159
65530,4,65482,0,40182
65530,4,65482,0,40206
65530,4,65483,0,40230
65530,4,65483,0,40254
65530,4,65483,0,40279
65530,4,65482,0,40302
65530,4,65482,0,40326
65530,4,65482,0,40350
65530,4,65482,0,40374
65530,4,65482,0,40397
65529,4,65482,0,40422
65529,4,65482,0,40445
65529,4,65482,0,40469
65530,5,65483,0,40494
65530,5,65483,0,40517
65530,5,65483,0,40541
65530,4,65483,0,40565
65530,4,65483,0,40589
65530,4,65483,0,40613
65530,4,65483,0,40637
65530,4,65483,0,40660
65530,4,65483,0,40685
65530,4,65483,0,40709
65530,4,65483,0,40732
65530,4,65483,0,40757
65530,4,65482,0,40780
65530,4,65482,0,40804
65530,4,65482,0,40828
65530,4,65482,0,40852
65530,4,65482,0,40877
65530,4,65483,0,40900
65530,4,65483,0,40924
65530,4,65483,0,40948
65530,4,65483,0,40972
65530,4,65483,0,40995
65530,4,65483,0,41020
65530,4,65483,0,41043
65530,4,65483,0,41067
65530,4,65483,0,41092
65530,4,65482,0,41115
65530,4,65482,0,41139
65530,4,65482,0,41163
65530,4,65483,0,41187
65530,4,65483,0,41211
65530,4,65483,0,41235
65530,4,65483,0,41259
65530,4,65483,0,41283
65530,4,65483,0,41307
65530,4,65483,0,41330
65530,4,65483,0,41355
65530,4,65483,0,41378
65530,4,65483,0,41402
65530,4,65483,0,41426
65530,4,65483,0,41450
65530,4,65483,0,41474
65530,4,65483,0,41498
65530,4,65483,0,41522
65530,4,65483,0,41546
65530,4,65483,0,41570
65530,4,65482,0,41593
65530,4,65482,0,41618
65530,4,65482,0,41641
65530,5,65482,0,41665
65530,5,65482,0,41690
65530,5,65482,0,41713
65530,4,65482,0,41737
65530,4,65482,0,41761
65530,4,65483,0,41785
65530,4,65483,0,41809
65530,4,65483,0,41833
65530,4,65482,0,41857
65530,4,65482,0,41881
65530,4,65482,0,41905
65530,5,65482,0,41928
65530,5,65482,0,41953
65530,5,65482,0,41976
65530,4,65482,0,42000
65530,4,65482,0,42024
65530,4,65482,0,42048
65530,4,65482,0,42072
65530,4,65482,0,42096
65530,4,65482,0,42120
65530,4,65482,0,42144
65530,4,65482,0,42168
65530,4,65482,0,42191
65530,4,65483,0,42216
65530,4,65483,0,42240
65530,4,65482,0,42263