3,65487,65502,0,35608
3,65487,65502,0,35632
3,65487,65502,0,35656
3,65487,65502,0,35680
3,65486,65503,0,35703
3,65486,65503,0,35728
3,65487,65502,0,35751
3,65487,65502,0,35775
3,65487,65502,0,35800
3,65487,65502,0,35823
3,65487,65502,0,35848
3,65487,65502,0,35871
3,65487,65502,0,35895
3,65487,65502,0,35919
3,65487,65502,0,35943
3,65487,65502,0,35966
3,65487,65502,0,35991
3,65487,65502,0,36015
3,65487,65502,0,36038
3,65487,65502,0,36063
3,65487,65502,0,36086
3,65487,65502,0,36111
3,65487,65502,0,36134
3,65487,65502,0,36158
3,65487,65502,0,36183
3,65487,65502,0,36206
3,65486,65502,0,36230
3,65486,65502,0,36254
3,65486,65502,0,36278
3,65487,65502,0,36301
3,65487,65502,0,36326
3,65487,65502,0,36349
3,65487,65502,0,36373
3,65487,65502,0,36398
3,65487,65502,0,36421
3,65487,65502,0,36446
3,65487,65502,0,36469
3,65487,65502,0,36493
3,65487,65502,0,36517
3,65487,65502,0,36541
3,65487,65502,0,36564
3,65487,65503,0,36589
3,65487,65503,0,36613
3,65487,65503,0,36636
3,65487,65503,0,36661
3,65487,65503,0,36684
3,65487,65502,0,36709
3,65487,65502,0,36732
3,65487,65502,0,36756
3,65487,65502,0,36781
3,65487,65502,0,36804
3,65487,65502,0,36828
3,65487,65502,0,36852
3,65487,65502,0,36876
3,65487,65502,0,36899
3,65486,65502,0,36924
3,65486,65502,0,36947
3,65486,65502,0,36971
3,65487,65502,0,36996
3,65487,65502,0,37019
3,65487,65502,0,37044
3,65487,65503,0,37067
3,65487,65503,0,37091
3,65487,65502,0,37115
3,65487,65502,0,37139
3,65487,65502,0,37163
3,65487,65503,0,37187
3,65487,65503,0,37211
3,65487,65503,0,37234
3,65487,65502,0,37259
3,65487,65502,0,37282
3,65487,65502,0,37306
3,65487,65502,0,37330
3,65487,65502,0,37354
3,65487,65502,0,37379
3,65486,65502,0,37402
3,65486,65502,0,37426
3,65486,65502,0,37450
3,65487,65502,0,37474
3,65487,65502,0,37497
3,65487,65502,0,37522
3,65487,65502,0,37545
3,65487,65502,0,37569
3,65487,65502,0,37594
3,65487,65502,0,37617
3,65487,65502,0,37642
3,65486,65502,0,37665
3,65486,65502,0,37689
3,65486,65502,0,37713
3,65487,65502,0,37737
3,65487,65502,0,37761
3,65487,65502,0,37785
3,65487,65502,0,37809
3,65487,65502,0,37832
3,65487,65502,0,37857
3,65487,65502,0,37880
3,65487,65502,0,37904
3,65487,65502,0,37928
3,65487,65503,0,37952
3,65487,65503,0,37977
3,65487,65502,0,38000
3,65487,65502,0,38024
3,65487,65502,0,38048
3,65487,65502,0,38072
3,65487,65502,0,38095
3,65487,65502,0,38120
3,65486,65502,0,38144
3,65486,65502,0,38167
3,65486,65502,0,38192
2,65487,65503,0,38215
2,65487,65503,0,38240
2,65487,65503,0,38263
3,65487,65502,0,38287
3,65487,65502,0,38311
3,65487,65502,0,38335
3,65486,65502,0,38359
3,65486,65502,0,38383
3,65486,65502,0,38407
3,65486,65502,0,38430
3,65486,65502,0,38455
3,65487,65502,0,38478
3,65487,65502,0,38502
3,65487,65502,0,38526
3,65487,65502,0,38550
3,65487,65502,0,38575
3,65487,65502,0,38598
3,65487,65502,0,38622
3,65487,65502,0,38646
3,65487,65502,0,38670
2,65487,65502,0,38693
2,65487,65502,0,38718
2,65487,65502,0,38742
3,65487,65502,0,38765
3,65487,65502,0,38790
3,65487,65502,0,38813
3,65486,65502,0,38837
3,65486,65502,0,38861
3,65487,65502,0,38885
3,65487,65502,0,38909
3,65487,65502,0,38933
3,65487,65502,0,38957
3,65487,65502,0,38981
3,65487,65502,0,39005
3,65486,65502,0,39028
3,65486,65502,0,39053
3,65486,65502,0,39076
3,65487,65502,0,39100
3,65487,65502,0,39124
3,65487,65502,0,39148
3,65487,65502,0,39173
3,65487,65502,0,39196
3,65487,65502,0,39220
3,65487,65502,0,39244
3,65487,65502,0,39268
3,65487,65502,0,39291
3,65487,65503,0,39316
3,65487,65503,0,39340
3,65487,65502,0,39363
3,65487,65502,0,39388
3,65487,65502,0,39411
3,65487,65502,0,39435
3,65487,65502,0,39459
3,65487,65502,0,39483
3,65487,65502,0,39507
3,65487,65502,0,39531
3,65487,65502,0,39555
3,65487,65502,0,39579
3,65487,65502,0,39603
3,65487,65502,0,39626
3,65487,65502,0,39651
3,65487,65502,0,39674
3,65487,65502,0,39698
3,65487,65502,0,39723
3,65487,65502,0,39746
3,65487,65503,0,39771
3,65487,65503,0,39794
3,65487,65503,0,39818
3,65487,65502,0,39842
3,65487,65502,0,39866
3,65487,65502,0,39889
3,65487,65502,0,39914
3,65487,65502,0,39938
3,65487,65502,0,39961
3,65487,65502,0,39986
3,65487,65502,0,40009
3,65487,65502,0,40033
3,65487,65502,0,40057
3,65487,65502,0,40081
3,65487,65502,0,40105
3,65487,65502,0,40129
3,65487,65502,0,40153
3,65487,65502,0,40177
3,65486,65503,0,40201
3,65486,65503,0,40224
3,65487,65502,0,40249
3,65487,65502,0,40272
3,65487,65502,0,40296
3,65487,65502,0,40321
3,65487,65502,0,40344
3,65487,65502,0,40368
3,65487,65502,0,40392
3,65487,65502,0,40416
3,65487,65502,0,40440
3,65487,65502,0,40464
3,65487,65502,0,40487
3,65487,65502,0,40512
3,65486,65502,0,40536
3,65486,65502,0,40559
3,65486,65502,0,40584
3,65487,65502,0,40607
3,65487,65502,0,40631
3,65487,65502,0,40655
3,65486,65502,0,40679
3,65486,65502,0,40704
3,65487,65502,0,40727
3,65487,65502,0,40751
3,65487,65502,0,40775
3,65487,65502,0,40799
3,65487,65502,0,40822
3,65487,65502,0,40847
3,65486,65502,0,40870
3,65486,65502,0,40894
3,65486,65502,0,40919
3,65486,65503,0,40942
3,65486,65503,0,40966
3,65486,65503,0,40990
3,65487,65502,0,41014
3,65487,65502,0,41038
3,65487,65502,0,41062
3,65487,65503,0,41085
3,65487,65503,0,41110
3,65487,65503,0,41134
3,65487,65503,0,41157
3,65487,65503,0,41182
3,65487,65502,0,41205
3,65487,65502,0,41229
3,65487,65502,0,41253
3,65487,65502,0,41277
3,65487,65502,0,41302
3,65487,65502,0,41325
3,65487,65502,0,41349
3,65487,65502,0,41373
3,65487,65502,0,41397
3,65487,65503,0,41420
3,65487,65503,0,41445
3,65487,65503,0,41468
3,65487,65502,0,41492
3,65487,65502,0,41517
3,65487,65502,0,41540
3,65487,65502,0,41564
3,65487,65502,0,41588
3,65487,65502,0,41612
3,65487,65502,0,41636
3,65487,65502,0,41660
3,65486,65502,0,41683
3,65486,65502,0,41708
3,65486,65502,0,41732
3,65487,65502,0,41755
3,65487,65502,0,41780
3,65487,65502,0,41803
3,65487,65502,0,41827
3,65487,65502,0,41851
3,65487,65502,0,41875
3,65487,65502,0,41899
3,65487,65502,0,41923
3,65487,65502,0,41947
3,65487,65502,0,41971
3,65487,65502,0,41995
3,65486,65502,0,42018
3,65486,65502,0,42043
3,65486,65502,0,42066
3,65486,65502,0,42090
3,65486,65502,0,42115
3,65486,65502,0,42138
3,65487,65502,0,42162
3,65487,65502,0,42186
3,65487,65502,0,42210
3,65487,65502,0,42234
3,65487,65502,0,42258
3,65487,65502,0,42281
3,65486,65502,0,42306
3,65486,65502,0,42330
3,65486,65502,0,42353
3,65487,65502,0,42378
3,65487,65502,0,42401
3,65487,65502,0,42425
3,65487,65502,0,42449
3,65487,65502,0,42473
3,65487,65502,0,42497
3,65487,65502,0,42521
3,65487,65502,0,42545
3,65486,65503,0,42569
3,65486,65503,0,42593
3,65486,65503,0,42616
3,65487,65502,0,42641
3,65487,65502,0,42664
3,65487,65502,0,42688
3,65487,65502,0,42713
3,65487,65502,0,42736
3,65487,65502,0,42760
3,65487,65502,0,42784
3,65487,65502,0,42808
3,65487,65502,0,42832
3,65487,65502,0,42856
3,65487,65502,0,42880
3,65487,65502,0,42904
3,65486,65502,0,42928
3,65486,65502,0,42951
3,65487,65502,0,42976
3,65487,65502,0,42999
3,65487,65502,0,43023
3,65487,65502,0,43047
3,65487,65502,0,43071
3,65487,65502,0,43095
3,65487,65503,0,43119
3,65487,65503,0,43143
3,65487,65503,0,43167
3,65487,65502,0,43191
3,65487,65502,0,43214
3,65487,65502,0,43239
3,65487,65502,0,43262
3,65487,65502,0,43286
3,65487,65502,0,43311
3,65487,65502,0,43334
3,65487,65502,0,43358
3,65487,65502,0,43382
3,65487,65502,0,43406
3,65487,65502,0,43429
3,65486,65502,0,43454
3,65486,65502,0,43478
3,65486,65502,0,43502
3,65486,65503,0,43526
3,65486,65503,0,43549
3,65486,65503,0,43574
3,65486,65502,0,43597
3,65486,65502,0,43621
3,65486,65502,0,43645
3,65487,65502,0,43669
3,65487,65502,0,43693
3,65487,65502,0,43717
3,65487,65502,0,43741
3,65487,65502,0,43765
3,65487,65502,0,43789
3,65486,65502,0,43812
3,65486,65502,0,43837
3,65487,65502,0,43860
3,65487,65502,0,43884
3,65487,65502,0,43909
3,65486,65502,0,43932
3,65486,65502,0,43956
3,65486,65502,0,43980
3,65487,65503,0,44004
3,65487,65503,0,44027
3,65487,65503,0,44052
3,65487,65502,0,44076
3,65487,65502,0,44100
3,65487,65502,0,44124
3,65487,65502,0,44147
3,65487,65502,0,44172
3,65487,65502,0,44195
3,65487,65502,0,44219
3,65487,65502,0,44243
3,65487,65503,0,44267
3,65487,65503,0,44291
3,65487,65503,0,44315
3,65487,65502,0,44339
3,65487,65502,0,44363
3,65487,65502,0,44387
3,65486,65502,0,44410
3,65486,65502,0,44435
3,65486,65502,0,44459
3,65487,65502,0,44482
3,65487,65502,0,44507
3,65487,65502,0,44530
3,65486,65502,0,44554
3,65486,65502,0,44578
3,65486,65502,0,44602
3,65487,65502,0,44625
3,65487,65502,0,44650
3,65487,65502,0,44674
3,65487,65502,0,44698
3,65487,65502,0,44722
3,65487,65502,0,44745
3,65487,65502,0,44770
3,65487,65502,0,44793
3,65487,65502,0,44817
3,65487,65502,0,44841
3,65487,65502,0,44865
3,65486,65502,0,44889
3,65486,65502,0,44913
3,65486,65502,0,44937
3,65487,65502,0,44960
3,65487,65502,0,44985
3,65487,65502,0,45008
3,65487,65502,0,45033
3,65487,65502,0,45057
3,65487,65502,0,45080
3,65486,65503,0,45105
3,65486,65503,0,45128
3,65486,65503,0,45152
3,65486,65503,0,45176
3,65486,65503,0,45200
3,65486,65502,0,45223
3,65486,65502,0,45248
3,65486,65502,0,45272
3,65487,65502,0,45296
3,65487,65502,0,45320
3,65487,65502,0,45343
3,65487,65502,0,45368
3,65487,65502,0,45391
3,65487,65502,0,45415
3,65487,65502,0,45440
3,65487,65502,0,45463
3,65487,65502,0,45487
3,65486,65502,0,45511
3,65486,65502,0,45535
3,65486,65502,0,45558
3,65487,65502,0,45583
3,65487,65502,0,45606
3,65487,65502,0,45631
3,65487,65502,0,45655
3,65487,65502,0,45678
3,65487,65502,0,45703
3,65487,65502,0,45726
3,65487,65502,0,45750
3,65487,65502,0,45774
3,65487,65502,0,45798
3,65487,65502,0,45821
3,65487,65502,0,45846
3,65487,65502,0,45870
3,65487,65502,0,45894
3,65487,65502,0,45918
3,65487,65502,0,45941
3,65487,65502,0,45966
3,65486,65502,0,45989
3,65486,65502,0,46013
3,65486,65502,0,46038
3,65487,65502,0,46061
3,65487,65502,0,46085
3,65486,65502,0,46109
3,65486,65502,0,46133
3,65486,65502,0,46156
3,65487,65502,0,46181
3,65487,65502,0,46204
3,65487,65502,0,46229
3,65486,65502,0,46253
3,65486,65502,0,46276
3,65486,65502,0,46301
3,65486,65502,0,46324
3,65486,65502,0,46348
3,65486,65502,0,46372
3,65487,65502,0,46396
3,65487,65502,0,46419
3,65487,65502,0,46444
3,65487,65503,0,46468
3,65487,65503,0,46491
3,65487,65503,0,46516
3,65487,65503,0,46539
3,65487,65503,0,46564
3,65487,65502,0,46587
3,65487,65502,0,46611
3,65487,65502,0,46636
3,65487,65502,0,46659
3,65487,65502,0,46683
3,65487,65502,0,46707
3,65487,65502,0,46731
3,65487,65502,0,46754
3,65487,65502,0,46779
3,65487,65502,0,46802
3,65487,65502,0,46827
3,65487,65502,0,46851
3,65487,65503,0,46874
3,65487,65503,0,46899
3,65487,65503,0,46922
3,65487,65502,0,46946
3,65487,65502,0,46970
3,65486,65502,0,46994
3,65486,65502,0,47017
3,65486,65502,0,47042
3,65486,65502,0,47066
3,65486,65502,0,47089
3,65486,65502,0,47114
3,65487,65502,0,47137
3,65487,65502,0,47162
3,65487,65502,0,47185
3,65487,65503,0,47209
3,65487,65503,0,47234
3,65487,65503,0,47257
3,65487,65502,0,47281
3,65487,65502,0,47305
3,65487,65502,0,47329
3,65486,65502,0,47352
3,65486,65502,0,47377
3,65486,65502,0,47400
3,65486,65502,0,47425
3,65486,65502,0,47449
3,65487,65502,0,47472
3,65487,65502,0,47497
3,65487,65502,0,47520
3,65486,65502,0,47544
3,65486,65502,0,47568
3,65486,65502,0,47592
3,65487,65502,0,47616
3,65487,65502,0,47640
3,65487,65502,0,47664
3,65487,65503,0,47687
3,65487,65503,0,47712
3,65487,65503,0,47735
3,65487,65502,0,47760
3,65487,65502,0,47783
3,65487,65502,0,47807
3,65487,65502,0,47832
3,65487,65502,0,47855
3,65486,65502,0,47879
3,65486,65502,0,47903
3,65486,65502,0,47927
3,65486,65502,0,47950
3,65486,65502,0,47975
3,65486,65502,0,47998
3,65487,65502,0,48022
3,65487,65502,0,48047
3,65487,65502,0,48070
3,65486,65502,0,48095
3,65486,65502,0,48118
3,65486,65502,0,48142
3,65487,65502,0,48166
3,65487,65502,0,48190
3,65487,65502,0,48214
3,65487,65502,0,48238
3,65487,65502,0,48262
3,65487,65502,0,48285
3,65487,65503,0,48310
3,65487,65503,0,48333
3,65487,65502,0,48358
3,65487,65502,0,48381
3,65487,65502,0,48405
3,65487,65502,0,48430
3,65487,65502,0,48453
3,65487,65502,0,48477
3,65487,65502,0,48501
3,65487,65502,0,48525
3,65487,65502,0,48548
3,65487,65502,0,48573
3,65487,65502,0,48596
3,65487,65502,0,48620
3,65487,65502,0,48645
3,65487,65502,0,48668
3,65487,65502,0,48693
3,65487,65503,0,48716
3,65487,65503,0,48740
3,65487,65503,0,48764
3,65487,65502,0,48788
3,65487,65502,0,48812
3,65487,65502,0,48836
3,65487,65502,0,48860
3,65487,65502,0,48883
3,65487,65502,0,48908
3,65487,65502,0,48931
3,65487,65502,0,48956
3,65487,65502,0,48979
3,65487,65502,0,49003
3,65487,65502,0,49028
3,65487,65502,0,49051
3,65487,65502,0,49075
3,65487,65502,0,49099
3,65486,65502,0,49123
3,65486,65502,0,49146
3,65486,65502,0,49171
3,65487,65502,0,49195
3,65487,65502,0,49218
3,65486,65502,0,49243
3,65486,65502,0,49266
3,65486,65502,0,49291
3,65487,65502,0,49314
3,65487,65502,0,49338
3,65487,65502,0,49362
3,65487,65502,0,49386
3,65487,65502,0,49410
3,65487,65502,0,49434
3,65487,65502,0,49458
3,65487,65502,0,49481
3,65487,65502,0,49506
3,65487,65502,0,49529
3,65487,65502,0,49553
3,65487,65502,0,49577
3,65486,65502,0,49601
3,65486,65502,0,49626
3,65486,65502,0,49649
3,65487,65502,0,49673
3,65487,65502,0,49697
3,65486,65502,0,49721
3,65486,65502,0,49744
3,65486,65502,0,49769
3,65486,65502,0,49793
3,65486,65502,0,49816
3,65486,65502,0,49841
3,65486,65502,0,49864
3,65486,65502,0,49889
3,65486,65502,0,49912
3,65486,65502,0,49936
3,65486,65502,0,49960
3,65486,65502,0,49984
3,65487,65502,0,50008
3,65487,65502,0,50032
3,65487,65502,0,50056
3,65487,65502,0,50079
3,65487,65502,0,50104
3,65487,65502,0,50127
3,65487,65502,0,50151
3,65487,65502,0,50176
3,65486,65502,0,50199
3,65486,65502,0,50224
3,65486,65502,0,50247
3,65487,65502,0,50271
3,65487,65502,0,50295
3,65487,65502,0,50319
3,65487,65502,0,50342
3,65487,65502,0,50367
3,65487,65502,0,50391
3,65486,65502,0,50414
3,65486,65502,0,50439
3,65486,65502,0,50462
3,65487,65502,0,50487
3,65487,65502,0,50510
3,65487,65502,0,50534
3,65487,65502,0,50558
3,65487,65502,0,50582
3,65486,65502,0,50606
3,65486,65502,0,50630
3,65486,65502,0,50654
3,65487,65502,0,50677
3,65487,65502,0,50702
3,65487,65502,0,50725
3,65486,65502,0,50749
3,65486,65502,0,50774
3,65486,65502,0,50797
3,65487,65502,0,50822
3,65487,65502,0,50845
3,65487,65502,0,50869
3,65487,65502,0,50893
3,65487,65502,0,50917
3,65487,65502,0,50940
3,65486,65502,0,50965
3,65486,65502,0,50989
3,65486,65502,0,51012
2,65487,65502,0,51037
2,65487,65502,0,51060
3,65486,65502,0,51084
3,65486,65502,0,51108
3,65486,65502,0,51132
3,65487,65502,0,51156
3,65487,65502,0,51180
3,65487,65502,0,51204
3,65487,65502,0,51228
3,65487,65502,0,51252
3,65487,65502,0,51275
2,65487,65502,0,51300
2,65487,65502,0,51323
2,65487,65502,0,51347
3,65487,65502,0,51372
3,65487,65502,0,51395
3,65487,65502,0,51420
3,65487,65502,0,51443
3,65487,65502,0,51467
3,65487,65503,0,51491
3,65487,65503,0,51515
3,65487,65503,0,51538
3,65487,65502,0,51563
3,65487,65502,0,51587
3,65487,65502,0,51610
3,65487,65502,0,51635
3,65487,65502,0,51658
3,65487,65502,0,51682
3,65487,65502,0,51706
3,65487,65502,0,51730
3,65487,65502,0,51755
3,65487,65502,0,51778
3,65487,65502,0,51802
3,65487,65502,0,51826
3,65487,65502,0,51850
3,65487,65502,0,51873
3,65487,65502,0,51898
3,65486,65502,0,51921
3,65486,65502,0,51945
3,65486,65502,0,51970
3,65486,65502,0,51993
3,65486,65502,0,52018
3,65487,65502,0,52041
3,65487,65502,0,52065
3,65487,65502,0,52089
3,65487,65502,0,52113
3,65487,65502,0,52136
3,65487,65502,0,52161
3,65487,65503,0,52185
3,65487,65503,0,52208
3,65487,65503,0,52233
3,65487,65502,0,52256
3,65487,65502,0,52280
3,65487,65502,0,52304
3,65487,65502,0,52328
3,65487,65502,0,52353
3,65487,65502,0,52376
3,65486,65502,0,52400
3,65486,65502,0,52424
2,65486,65502,0,52448
2,65486,65502,0,52471
2,65486,65502,0,52496
3,65487,65502,0,52519
3,65487,65502,0,52543
3,65487,65502,0,52568
3,65487,65502,0,52591
3,65487,65502,0,52615
3,65487,65502,0,52639
2,65486,65502,0,52663
2,65486,65502,0,52687
2,65486,65502,0,52711
3,65487,65502,0,52734
3,65487,65502,0,52759
3,65487,65502,0,52783
3,65487,65502,0,52806
3,65487,65502,0,52831
3,65487,65502,0,52854
3,65487,65502,0,52878
3,65487,65502,0,52902
3,65487,65502,0,52926
3,65487,65502,0,52951
3,65487,65502,0,52974
3,65487,65502,0,52998
3,65487,65502,0,53022
3,65487,65502,0,53046
3,65487,65502,0,53069
3,65487,65502,0,53094
3,65487,65502,0,53117
3,65486,65502,0,53141
3,65486,65502,0,53166
3,65486,65502,0,53189
3,65486,65502,0,53213
3,65486,65502,0,53237
3,65486,65502,0,53261
3,65487,65502,0,53285
3,65487,65502,0,53309
3,65487,65502,0,53332
3,65487,65502,0,53357
3,65487,65502,0,53381
3,65487,65502,0,53404
3,65487,65502,0,53429
3,65487,65502,0,53452
3,65486,65502,0,53476
3,65486,65502,0,53500
3,65486,65502,0,53524
3,65487,65502,0,53549
3,65487,65502,0,53572
3,65487,65502,0,53596
3,65487,65502,0,53620
3,65487,65502,0,53644
3,65487,65502,0,53667
3,65486,65502,0,53692
3,65486,65502,0,53715
3,65486,65502,0,53739
3,65486,65502,0,53764
3,65486,65502,0,53787
3,65487,65502,0,53811
3,65487,65502,0,53835
3,65487,65502,0,53859
3,65486,65502,0,53883
3,65486,65502,0,53907
3,65486,65502,0,53931
3,65487,65502,0,53955
3,65487,65502,0,53979
3,65487,65502,0,54002
3,65487,65502,0,54027
3,65487,65502,0,54050
3,65487,65502,0,54074
3,65486,65503,0,54098
3,65486,65503,0,54122
3,65486,65503,0,54146
3,65487,65502,0,54170
3,65487,65502,0,54194
3,65486,65502,0,54218
3,65486,65502,0,54242
3,65486,65502,0,54265
3,65487,65502,0,54290
3,65487,65502,0,54313
3,65487,65502,0,54337
3,65487,65502,0,54362
3,65487,65502,0,54385
3,65487,65502,0,54409
3,65487,65502,0,54433
3,65487,65502,0,54457
3,65487,65502,0,54481
3,65486,65502,0,54505
3,65486,65502,0,54529
3,65486,65502,0,54553
3,65487,65502,0,54577
3,65487,65502,0,54600
3,65487,65502,0,54625
3,65486,65502,0,54648
3,65486,65502,0,54672
3,65487,65502,0,54696
3,65487,65502,0,54720
3,65487,65502,0,54744
3,65486,65502,0,54768
3,65486,65502,0,54792
3,65486,65502,0,54816
3,65486,65502,0,54840
3,65486,65502,0,54863
3,65486,65502,0,54888
3,65487,65502,0,54912
3,65487,65502,0,54935
3,65487,65502,0,54960
3,65486,65502,0,54983
3,65486,65502,0,55007
3,65486,65502,0,55031
3,65487,65502,0,55055
3,65487,65502,0,55079
3,65486,65503,0,55103
3,65486,65503,0,55127
3,65486,65503,0,55151
3,65486,65502,0,55175
3,65486,65502,0,55198
3,65486,65502,0,55223
3,65487,65502,0,55246
3,65487,65502,0,55270
3,65487,65502,0,55294
3,65486,65502,0,55318
3,65486,65502,0,55342
3,65486,65502,0,55366
3,65487,65502,0,55390
3,65487,65502,0,55414
3,65487,65502,0,55438
3,65487,65502,0,55461
3,65487,65502,0,55486
3,65487,65502,0,55510
3,65487,65502,0,55533
3,65487,65502,0,55558
3,65487,65502,0,55581
3,65487,65502,0,55605
3,65487,65502,0,55629
3,65487,65502,0,55653
3,65487,65502,0,55676
3,65487,65502,0,55701
3,65487,65503,0,55725
3,65487,65503,0,55749
3,65487,65503,0,55773
3,65487,65502,0,55796
3,65487,65502,0,55821
3,65487,65502,0,55844
3,65487,65502,0,55868
3,65487,65502,0,55892
3,65487,65502,0,55916
3,65487,65502,0,55940
3,65487,65502,0,55964
3,65487,65502,0,55988
3,65487,65502,0,56012
3,65487,65502,0,56036
3,65487,65502,0,56059
3,65487,65502,0,56084
3,65487,65502,0,56108
3,65487,65502,0,56131
3,65487,65502,0,56156
3,65487,65502,0,56179
3,65487,65502,0,56203
3,65487,65502,0,56227
3,65487,65502,0,56251
3,65487,65502,0,56274
3,65487,65502,0,56299
3,65487,65502,0,56323
3,65487,65502,0,56347
3,65487,65502,0,56371
3,65487,65502,0,56394
3,65487,65502,0,56419
3,65487,65502,0,56442
3,65487,65502,0,56466
3,65487,65502,0,56491
3,65487,65502,0,56514
3,65487,65502,0,56538
3,65487,65502,0,56562
3,65487,65502,0,56586
3,65487,65502,0,56610
3,65487,65502,0,56634
3,65487,65502,0,56657
3,65487,65502,0,56682
3,65487,65502,0,56706
3,65487,65502,0,56729
3,65487,65502,0,56754
3,65487,65502,0,56777
3,65487,65502,0,56801
3,65486,65502,0,56825
3,65486,65502,0,56849
3,65486,65502,0,56872
3,65487,65502,0,56897
3,65487,65502,0,56921
3,65487,65502,0,56945
3,65487,65502,0,56969
3,65487,65502,0,56992
3,65486,65502,0,57017
3,65486,65502,0,57040
3,65486,65502,0,57064
3,65487,65502,0,57089
3,65487,65502,0,57112
3,65487,65502,0,57136
3,65487,65502,0,57160
3,65487,65502,0,57184
3,65487,65502,0,57207
3,65487,65502,0,57232
3,65487,65502,0,57255
3,65487,65502,0,57280
3,65486,65502,0,57304
3,65486,65502,0,57327
3,65486,65502,0,57352
3,65486,65502,0,57375
3,65486,65502,0,57399
3,65486,65502,0,57423
3,65486,65502,0,57447
3,65486,65502,0,57470
3,65487,65502,0,57495
3,65487,65502,0,57519
3,65487,65502,0,57543
3,65487,65502,0,57567
3,65487,65502,0,57590
3,65487,65502,0,57615
3,65487,65502,0,57638
3,65487,65502,0,57662
3,65487,65502,0,57687
3,65487,65503,0,57710
3,65487,65503,0,57734
3,65487,65503,0,57758
3,65486,65502,0,57782
3,65486,65502,0,57805
3,65486,65502,0,57830
3,65486,65502,0,57853
3,65486,65502,0,57878
3,65486,65502,0,57902
3,65486,65502,0,57925
3,65486,65502,0,57950
3,65487,65502,0,57973
3,65487,65502,0,57997
3,65487,65502,0,58021
2,65487,65502,0,58045
2,65487,65502,0,58068
2,65487,65502,0,58093
3,65487,65502,0,58117
3,65487,65502,0,58141
3,65487,65502,0,58165
3,65487,65502,0,58188
3,65487,65502,0,58213
3,65487,65502,0,58236
3,65487,65503,0,58260
3,65487,65503,0,58285
3,65487,65502,0,58308
3,65487,65502,0,58332
3,65487,65502,0,58356
3,65487,65502,0,58380
3,65487,65502,0,58403
3,65487,65502,0,58428
3,65486,65502,0,58451
3,65486,65502,0,58476
3,65486,65502,0,58500
3,65486,65502,0,58523
3,65486,65502,0,58548
3,65486,65502,0,58571
3,65487,65502,0,58595
3,65487,65502,0,58619
3,65487,65502,0,58643
3,65487,65502,0,58667
3,65487,65502,0,58691
3,65486,65502,0,58715
3,65486,65502,0,58738
3,65486,65502,0,58763
3,65487,65502,0,58786
3,65487,65502,0,58811
3,65487,65502,0,58834
3,65486,65502,0,58858
3,65486,65502,0,58883
3,65486,65502,0,58906
3,65487,65502,0,58930
3,65487,65502,0,58954
3,65487,65502,0,58978
3,65486,65502,0,59001
3,65486,65502,0,59026
3,65486,65502,0,59049
3,65486,65503,0,59074
3,65486,65503,0,59098
3,65486,65503,0,59121
3,65486,65502,0,59146
3,65486,65502,0,59169
3,65487,65502,0,59193
3,65487,65502,0,59217
3,65487,65502,0,59241
3,65487,65502,0,59265
3,65487,65502,0,59289
3,65487,65502,0,59313
3,65487,65502,0,59336
3,65487,65502,0,59361
3,65487,65502,0,59384
3,65487,65502,0,59409
3,65487,65502,0,59432
3,65487,65502,0,59456
3,65487,65502,0,59481
3,65487,65502,0,59504
3,65487,65502,0,59528
3,65487,65502,0,59552
3,65487,65502,0,59576
3,65487,65502,0,59599
3,65486,65502,0,59624
3,65486,65502,0,59648
3,65486,65502,0,59672
3,65486,65502,0,59696
3,65486,65502,0,59719
3,65487,65502,0,59744
3,65487,65502,0,59767
3,65487,65502,0,59791
3,65486,65502,0,59815
3,65486,65502,0,59839
3,65486,65502,0,59863
3,65486,65502,0,59887
3,65486,65502,0,59911
3,65486,65502,0,59934
3,65486,65502,0,59959
3,65486,65502,0,59982
3,65486,65502,0,60007
3,65486,65502,0,60030
3,65486,65502,0,60054
3,65486,65502,0,60079
3,65486,65502,0,60102
3,65486,65502,0,60126
2,65487,65502,0,60150
2,65487,65502,0,60174
2,65487,65502,0,60197
3,65487,65502,0,60222
3,65487,65502,0,60246
3,65487,65502,0,60269
3,65486,65502,0,60294
3,65486,65502,0,60317
3,65486,65502,0,60342
2,65487,65502,0,60365
2,65487,65502,0,60389
2,65487,65502,0,60413
3,65487,65502,0,60437
3,65487,65502,0,60461
3,65487,65502,0,60485
2,65487,65502,0,60509
2,65487,65502,0,60532
3,65487,65502,0,60557
3,65487,65502,0,60580
3,65487,65502,0,60605
2,65487,65502,0,60628
2,65487,65502,0,60652
2,65487,65502,0,60677
2,65486,65502,0,60700
2,65486,65502,0,60724
2,65486,65502,0,60748
2,65487,65502,0,60772
2,65487,65502,0,60795
2,65487,65502,0,60820
2,65487,65502,0,60844
2,65487,65502,0,60867
2,65487,65502,0,60892
2,65487,65502,0,60915
2,65487,65502,0,60940
2,65487,65502,0,60963
2,65487,65502,0,60987
2,65487,65502,0,61011
2,65487,65502,0,61035
2,65487,65502,0,61059
2,65487,65502,0,61083
2,65487,65502,0,61107
2,65487,65502,0,61130
2,65487,65502,0,61155
1,65487,65502,0,61178
1,65487,65502,0,61203
1,65487,65502,0,61227
1,65487,65502,0,61250
1,65487,65502,0,61275
1,65487,65502,0,61298
0,65487,65502,0,61322
0,65487,65502,0,61346
0,65487,65502,0,61370
0,65487,65502,0,61393
0,65487,65502,0,61418
0,65487,65502,0,61442
0,65487,65502,0,61465
0,65487,65502,0,61490
65535,65487,65501,0,61513
65535,65487,65501,0,61542
65535,65487,65501,0,61570
65534,65487,65501,0,61597
65534,65487,65501,0,61626
65532,65488,65500,0,61654
65532,65488,65500,0,61682
65532,65488,65500,0,61710
65530,65487,65500,0,61739
65530,65487,65500,0,61766
65526,65487,65497,0,61794
65526,65487,65497,0,61822
65521,65485,65490,0,61850
65521,65485,65490,0,61879
65521,65485,65490,0,61906
65524,65480,65477,0,61935
65524,65480,65477,0,61963
2,65480,65472,0,61990
2,65480,65472,0,62015
2,65480,65472,0,62039
12,65484,65481,0,62062
12,65484,65481,0,62088
12,65484,65481,0,62112
11,65490,65491,0,62138
11,65490,65491,0,62162
11,65490,65491,0,62187
3,65494,65492,0,62213
3,65494,65492,0,62236
6,65496,65492,0,62260
6,65496,65492,0,62284
6,65496,65492,0,62308
1,65498,65499,0,62331
1,65498,65499,0,62356
1,65498,65499,0,62380
65533,65492,65492,0,62404
65533,65492,65492,0,62432
65533,65492,65492,0,62459
4,65483,65491,0,62488
4,65483,65491,0,62512
7,65479,65496,0,62536
7,65479,65496,0,62560
7,65479,65496,0,62583
8,65479,65498,0,62608
8,65479,65498,0,62631
8,65479,65498,0,62655
9,65481,65498,0,62680
9,65481,65498,0,62703
9,65481,65498,0,62727
9,65482,65498,0,62751
9,65482,65498,0,62775
9,65482,65498,0,62798
10,65483,65498,0,62823
10,65483,65498,0,62848
10,65484,65496,0,62873
10,65484,65496,0,62898
10,65484,65496,0,62922
10,65485,65496,0,62948
10,65485,65496,0,62972
10,65485,65496,0,62997
11,65486,65496,0,63023
11,65486,65496,0,63047
11,65486,65496,0,63073
11,65486,65497,0,63097
11,65486,65497,0,63122
11,65487,65498,0,63148
11,65487,65498,0,63172
11,65487,65498,0,63197
12,65487,65498,0,63222
12,65487,65498,0,63247
12,65487,65498,0,63272
12,65488,65499,0,63297
12,65488,65499,0,63322
12,65488,65499,0,63347
12,65490,65500,0,63372
12,65490,65500,0,63396
11,65491,65501,0,63422
11,65491,65501,0,63447
11,65491,65501,0,63472
11,65491,65503,0,63497
11,65491,65503,0,63521
11,65491,65503,0,63547
10,65491,65502,0,63571
10,65491,65502,0,63596
9,65490,65501,0,63622
9,65490,65501,0,63645
9,65490,65501,0,63670
9,65490,65500,0,63693
9,65490,65500,0,63717
9,65490,65500,0,63741
8,65490,65500,0,63765
8,65490,65500,0,63789
8,65490,65500,0,63813
8,65489,65499,0,63837
8,65489,65499,0,63860
8,65489,65499,0,63885
8,65489,65499,0,63908
8,65489,65499,0,63933
8,65489,65499,0,63956
8,65489,65498,0,63980
8,65489,65498,0,64005
8,65489,65498,0,64028
8,65489,65498,0,64052
8,65489,65498,0,64076
9,65489,65497,0,64100
9,65489,65497,0,64123
9,65489,65497,0,64148
8,65488,65497,0,64172
8,65488,65497,0,64195
8,65488,65497,0,64220
9,65488,65496,0,64243
9,65488,65496,0,64268
9,65488,65496,0,64291
9,65488,65496,0,64315
9,65488,65496,0,64339
9,65488,65496,0,64363
9,65488,65496,0,64387
9,65488,65496,0,64411
9,65488,65496,0,64435
9,65488,65496,0,64458
9,65488,65496,0,64483
9,65488,65496,0,64506
9,65488,65496,0,64531
9,65488,65496,0,64555
9,65488,65496,0,64578
9,65488,65496,0,64603
9,65488,65496,0,64626
9,65488,65497,0,64650
9,65488,65497,0,64674
9,65488,65497,0,64698
9,65488,65497,0,64721
9,65488,65497,0,64746
9,65488,65497,0,64770
9,65489,65497,0,64793
9,65489,65497,0,64818
9,65489,65497,0,64841
9,65489,65498,0,64866
9,65489,65498,0,64889
9,65489,65498,0,64913
9,65489,65499,0,64937
9,65489,65499,0,64961
9,65490,65499,0,64985
9,65490,65499,0,65009
9,65490,65499,0,65033
9,65490,65500,0,65056
9,65490,65500,0,65081
9,65490,65500,0,65104
10,65491,65500,0,65128
10,65491,65500,0,65154
10,65491,65500,0,65178
10,65491,65500,0,65204
10,65491,65500,0,65228
10,65491,65500,0,65253
11,65490,65500,0,65278
11,65490,65500,0,65303
12,65490,65500,0,65328
12,65490,65500,0,65353
12,65490,65500,0,65378
12,65490,65500,0,65403
12,65490,65500,0,65428
12,65490,65500,0,65453
12,65489,65499,0,65478
12,65489,65499,0,65503
12,65489,65499,0,65527
12,65488,65499,0,17
12,65488,65499,0,38
12,65488,65499,0,61
12,65487,65498,0,82
12,65487,65498,0,104
12,65487,65498,0,128
11,65487,65498,0,150
11,65487,65498,0,173
11,65487,65498,0,196
11,65486,65497,0,219
11,65486,65497,0,241
11,65486,65497,0,265
11,65486,65496,0,287
11,65486,65496,0,310
11,65486,65496,0,333
11,65485,65497,0,356
11,65485,65497,0,378
11,65485,65497,0,402
10,65485,65496,0,424
10,65485,65496,0,447
10,65484,65496,0,471
10,65484,65496,0,493
10,65484,65496,0,516
10,65484,65496,0,539
10,65484,65496,0,562
10,65484,65496,0,584
10,65484,65497,0,608
10,65484,65497,0,630
10,65484,65497,0,653
9,65484,65497,0,676
9,65484,65497,0,698
9,65484,65497,0,719
9,65484,65497,0,742
9,65483,65497,0,763
9,65483,65497,0,785
9,65483,65497,0,807
10,65483,65497,0,829
10,65483,65497,0,851
10,65483,65497,0,875
10,65483,65498,0,898
10,65483,65498,0,920
10,65483,65498,0,944
10,65482,65497,0,966
10,65482,65497,0,989
10,65482,65497,0,1012
9,65482,65497,0,1036
9,65482,65497,0,1059
9,65482,65497,0,1082
9,65482,65497,0,1104
9,65482,65497,0,1128
9,65482,65497,0,1150
9,65481,65497,0,1173
9,65481,65497,0,1197
9,65481,65497,0,1219
9,65481,65497,0,1242
9,65481,65497,0,1265
9,65481,65497,0,1288
9,65481,65497,0,1310
9,65481,65497,0,1334
9,65481,65497,0,1356
9,65481,65497,0,1379
9,65481,65497,0,1402
9,65481,65497,0,1425
9,65481,65497,0,1447
9,65481,65497,0,1471
9,65481,65496,0,1494
9,65481,65496,0,1516
9,65481,65496,0,1540
9,65481,65497,0,1562
9,65481,65497,0,1585
9,65481,65497,0,1608
9,65481,65496,0,1631
9,65481,65496,0,1653
9,65481,65496,0,1677
9,65482,65496,0,1699
9,65482,65496,0,1722
9,65482,65496,0,1745
9,65482,65496,0,1768
9,65482,65496,0,1792
9,65482,65496,0,1814
9,65482,65496,0,1837
9,65482,65496,0,1860
9,65482,65496,0,1883
9,65483,65497,0,1905
9,65483,65497,0,1929
9,65483,65497,0,1951
9,65483,65496,0,1974
9,65483,65496,0,1997
9,65483,65496,0,2020
10,65484,65496,0,2042
10,65484,65496,0,2067
10,65484,65496,0,2091
10,65485,65495,0,2114
10,65485,65495,0,2139
10,65485,65495,0,2162
10,65485,65495,0,2186
10,65485,65495,0,2210
10,65485,65495,0,2234
11,65485,65495,0,2258
11,65485,65495,0,2282
11,65485,65495,0,2306
11,65486,65495,0,2330
11,65486,65495,0,2354
11,65486,65495,0,2377
11,65487,65497,0,2402
11,65487,65497,0,2425
12,65487,65497,0,2449
12,65487,65497,0,2473
12,65487,65497,0,2497
12,65488,65498,0,2521
12,65488,65498,0,2545
12,65488,65498,0,2569
12,65490,65499,0,2593
12,65490,65499,0,2617
12,65490,65499,0,2640
11,65491,65500,0,2665
11,65491,65500,0,2689
11,65491,65500,0,2712
9,65490,65500,0,2737
9,65490,65500,0,2759
9,65490,65500,0,2782
8,65488,65496,0,2805
8,65488,65496,0,2828
8,65488,65496,0,2850
11,65487,65494,0,2874
11,65487,65494,0,2897
11,65487,65494,0,2922
14,65486,65494,0,2946
14,65486,65494,0,2969
16,65487,65496,0,2994
16,65487,65496,0,3017
16,65487,65496,0,3041
16,65488,65498,0,3065
16,65488,65498,0,3089
16,65488,65498,0,3112
16,65488,65500,0,3137
16,65488,65500,0,3161
16,65488,65500,0,3184
16,65487,65501,0,3209
16,65487,65501,0,3232
16,65487,65501,0,3257
17,65488,65504,0,3280
17,65488,65504,0,3304
17,65488,65504,0,3329
16,65491,65507,0,3352
16,65491,65507,0,3376
16,65491,65507,0,3400
14,65492,65509,0,3424
14,65492,65509,0,3447
12,65494,65510,0,3472
12,65494,65510,0,3495
12,65494,65510,0,3519
11,65494,65511,0,3544
11,65494,65511,0,3567
11,65494,65511,0,3592
10,65494,65511,0,3615
10,65494,65511,0,3639
10,65494,65511,0,3663
9,65494,65511,0,3687
9,65494,65511,0,3709
9,65494,65511,0,3733
8,65494,65511,0,3756
8,65494,65511,0,3778
8,65494,65511,0,3802
8,65494,65511,0,3824
8,65494,65511,0,3847
8,65494,65511,0,3870
8,65494,65511,0,3893
8,65494,65511,0,3915
8,65494,65511,0,3939
8,65494,65512,0,3961
8,65494,65512,0,3984
8,65494,65512,0,4007
8,65494,65511,0,4030
8,65494,65511,0,4054
8,65494,65511,0,4076
8,65494,65511,0,4099
8,65494,65511,0,4122
8,65494,65511,0,4145
8,65494,65511,0,4167
8,65494,65511,0,4191
8,65494,65511,0,4213
8,65494,65511,0,4236
8,65494,65511,0,4259
8,65494,65511,0,4282
9,65494,65511,0,4304
9,65494,65511,0,4328
9,65494,65511,0,4350
8,65494,65511,0,4373
8,65494,65511,0,4397
8,65494,65511,0,4419
8,65494,65511,0,4442
8,65494,65511,0,4465
8,65494,65511,0,4488
9,65493,65511,0,4510
9,65493,65511,0,4534
9,65493,65511,0,4556
8,65494,65511,0,4579
8,65494,65511,0,4602
8,65494,65511,0,4625
9,65494,65511,0,4647
9,65494,65511,0,4671
9,65494,65511,0,4694
8,65494,65511,0,4716
8,65494,65511,0,4740
8,65494,65511,0,4762
9,65493,65511,0,4786
9,65493,65511,0,4808
9,65493,65511,0,4831
9,65493,65511,0,4854
9,65493,65511,0,4877
9,65493,65511,0,4899
9,65493,65511,0,4923
9,65493,65511,0,4945
9,65493,65511,0,4968
9,65493,65511,0,4992
9,65493,65511,0,5014
9,65494,65511,0,5037
9,65494,65511,0,5060
9,65494,65511,0,5083
10,65494,65511,0,5105
10,65494,65511,0,5130
10,65494,65511,0,5153
10,65494,65511,0,5177
10,65494,65511,0,5201
10,65494,65511,0,5225
10,65494,65511,0,5249
10,65494,65511,0,5273
10,65494,65511,0,5297
11,65494,65510,0,5321
11,65494,65510,0,5345
11,65494,65510,0,5368
12,65494,65510,0,5393
12,65494,65510,0,5416
12,65494,65510,0,5440
13,65493,65510,0,5465
13,65493,65510,0,5488
13,65493,65510,0,5512
14,65492,65509,0,5536
14,65492,65509,0,5560
15,65491,65508,0,5584
15,65491,65508,0,5608
15,65491,65508,0,5632
16,65490,65507,0,5656
16,65490,65507,0,5680
16,65490,65507,0,5703
17,65489,65504,0,5728
17,65489,65504,0,5751
17,65489,65504,0,5775
17,65488,65502,0,5799
17,65488,65502,0,5823
17,65488,65502,0,5847
16,65488,65501,0,5871
16,65488,65501,0,5895
16,65488,65501,0,5919
15,65488,65500,0,5943
15,65488,65500,0,5966
15,65488,65500,0,5991
16,65488,65498,0,6014
16,65488,65498,0,6038
15,65488,65498,0,6063
15,65488,65498,0,6086
15,65488,65498,0,6110
15,65486,65496,0,6134
15,65486,65496,0,6158
15,65486,65496,0,6181
13,65486,65495,0,6206
13,65486,65495,0,6230
13,65486,65495,0,6254
10,65487,65495,0,6278
10,65487,65495,0,6301
10,65487,65495,0,6326
9,65488,65496,0,6349
9,65488,65496,0,6372
9,65488,65496,0,6395
9,65489,65499,0,6418
9,65489,65499,0,6440
9,65489,65499,0,6464
10,65490,65500,0,6487
10,65490,65500,0,6510
10,65490,65500,0,6535
11,65490,65501,0,6558
11,65490,65501,0,6583
12,65489,65500,0,6606
12,65489,65500,0,6630
12,65489,65500,0,6654
13,65488,65499,0,6678
13,65488,65499,0,6702
13,65488,65499,0,6726
12,65487,65498,0,6750
12,65487,65498,0,6773
12,65487,65498,0,6798
12,65487,65498,0,6821
12,65487,65498,0,6845
12,65487,65498,0,6870
12,65486,65498,0,6893
12,65486,65498,0,6918
12,65486,65498,0,6941
12,65486,65497,0,6965
12,65486,65497,0,6989
12,65486,65497,0,7013
12,65486,65497,0,7036
12,65486,65497,0,7061
12,65486,65497,0,7085
12,65486,65497,0,7108
12,65486,65497,0,7133
12,65486,65497,0,7156
12,65486,65497,0,7180
12,65486,65497,0,7204
12,65486,65497,0,7228
12,65486,65497,0,7252
12,65486,65497,0,7276
12,65486,65496,0,7300
12,65486,65496,0,7324
12,65486,65496,0,7348
12,65486,65496,0,7371
12,65486,65496,0,7396
12,65486,65496,0,7419
12,65486,65496,0,7443
12,65486,65496,0,7468
12,65486,65496,0,7491
12,65486,65496,0,7516
12,65486,65496,0,7539
11,65487,65497,0,7563
11,65487,65497,0,7587
11,65487,65497,0,7611
12,65487,65497,0,7634
12,65487,65497,0,7659
12,65487,65497,0,7683
12,65487,65497,0,7706
12,65487,65497,0,7731
12,65487,65497,0,7754
12,65486,65497,0,7778
12,65486,65497,0,7802
12,65486,65497,0,7826
12,65487,65497,0,7851
12,65487,65497,0,7874
12,65487,65497,0,7898
12,65487,65497,0,7922
12,65487,65497,0,7946
12,65487,65498,0,7969
12,65487,65498,0,7994
12,65487,65498,0,8017
12,65487,65498,0,8041
12,65487,65498,0,8066
12,65487,65498,0,8089
12,65488,65498,0,8114
12,65488,65498,0,8137
12,65488,65498,0,8161
12,65489,65499,0,8185
12,65489,65499,0,8209
12,65489,65499,0,8232
12,65490,65500,0,8257
12,65490,65500,0,8281
12,65490,65500,0,8304
12,65490,65500,0,8329
12,65490,65500,0,8352
12,65490,65500,0,8376
12,65490,65500,0,8400
12,65490,65500,0,8424
9,65490,65500,0,8449
9,65490,65500,0,8471
9,65490,65500,0,8494
8,65490,65498,0,8517
8,65490,65498,0,8540
8,65490,65498,0,8562
8,65488,65496,0,8586
8,65488,65496,0,8608
8,65488,65496,0,8631
9,65487,65494,0,8654
9,65487,65494,0,8677
9,65487,65494,0,8699
12,65486,65493,0,8723
12,65486,65493,0,8747
12,65486,65493,0,8770
14,65486,65494,0,8795
14,65486,65494,0,8818
14,65486,65494,0,8842
16,65487,65495,0,8866
16,65487,65495,0,8890
16,65487,65495,0,8914
16,65487,65498,0,8938
16,65487,65498,0,8962
16,65487,65498,0,8986
16,65488,65499,0,9010
16,65488,65499,0,9033
16,65488,65499,0,9058
15,65487,65500,0,9081
15,65487,65500,0,9105
16,65487,65501,0,9129
16,65487,65501,0,9153
16,65487,65501,0,9177
17,65488,65503,0,9201
17,65488,65503,0,9225
17,65488,65503,0,9249
17,65490,65506,0,9273
17,65490,65506,0,9296
17,65490,65506,0,9321
16,65491,65508,0,9345
16,65491,65508,0,9368
16,65491,65508,0,9393
14,65493,65510,0,9416
14,65493,65510,0,9440
14,65493,65510,0,9464
12,65494,65510,0,9488
12,65494,65510,0,9512
12,65494,65510,0,9536
12,65494,65510,0,9560
12,65494,65510,0,9584
10,65494,65511,0,9608
10,65494,65511,0,9631
10,65494,65511,0,9656
9,65494,65511,0,9679
9,65494,65511,0,9702
9,65494,65511,0,9725
9,65494,65511,0,9748
9,65494,65511,0,9771
9,65494,65511,0,9794
8,65494,65511,0,9817
8,65494,65511,0,9839
8,65494,65511,0,9863
8,65493,65511,0,9885
8,65493,65511,0,9908
8,65493,65511,0,9931
8,65493,65512,0,9954
8,65493,65512,0,9977
8,65493,65512,0,10000
8,65493,65512,0,10023
8,65493,65512,0,10048
8,65493,65512,0,10072
8,65493,65512,0,10095
8,65493,65512,0,10120
8,65493,65512,0,10143
7,65493,65512,0,10167
7,65493,65512,0,10191
7,65493,65512,0,10215
7,65493,65512,0,10238
7,65493,65512,0,10263
7,65493,65512,0,10287
7,65493,65512,0,10311
7,65493,65512,0,10335
8,65493,65512,0,10358
8,65493,65512,0,10383
8,65493,65512,0,10406
8,65493,65512,0,10430
8,65493,65512,0,10455
8,65493,65512,0,10478
8,65493,65512,0,10502
8,65493,65512,0,10526
8,65493,65512,0,10550
8,65493,65511,0,10573
8,65493,65511,0,10598
8,65493,65511,0,10621
8,65493,65511,0,10646
8,65493,65511,0,10670
8,65493,65511,0,10693
8,65493,65511,0,10718
8,65493,65511,0,10741
8,65493,65511,0,10765
8,65493,65511,0,10789
8,65493,65511,0,10813
8,65493,65511,0,10836
8,65493,65511,0,10861
8,65493,65511,0,10885
8,65493,65511,0,10909
8,65493,65511,0,10933
8,65493,65511,0,10956
8,65493,65511,0,10981
8,65493,65511,0,11004
8,65493,65511,0,11028
8,65493,65511,0,11053
8,65493,65511,0,11076
8,65493,65511,0,11100
8,65493,65511,0,11124
8,65493,65511,0,11148
9,65493,65511,0,11171
9,65493,65511,0,11196
9,65493,65511,0,11219
9,65494,65511,0,11244
9,65494,65511,0,11268
9,65494,65511,0,11291
9,65494,65511,0,11316
9,65494,65511,0,11339
9,65494,65511,0,11363
9,65494,65511,0,11387
9,65494,65511,0,11411
9,65494,65511,0,11435
9,65494,65511,0,11459
9,65494,65511,0,11483
9,65494,65511,0,11506
9,65494,65511,0,11531
9,65494,65511,0,11554
9,65494,65511,0,11579
10,65494,65511,0,11602
10,65494,65511,0,11627
10,65494,65511,0,11653
10,65494,65511,0,11677
10,65494,65511,0,11702
11,65494,65511,0,11727
11,65494,65511,0,11752
11,65494,65511,0,11778
11,65494,65511,0,11802
11,65494,65511,0,11827
11,65494,65511,0,11852
11,65494,65511,0,11877
11,65494,65511,0,11901
13,65493,65510,0,11927
13,65493,65510,0,11952
13,65493,65510,0,11977
14,65493,65509,0,12002
14,65493,65509,0,12026
14,65493,65509,0,12052
14,65492,65509,0,12077
14,65492,65509,0,12101
15,65491,65508,0,12127
15,65491,65508,0,12151
15,65491,65508,0,12177
16,65491,65507,0,12201
16,65491,65507,0,12226
16,65491,65507,0,12252
17,65489,65505,0,12276
17,65489,65505,0,12301
17,65489,65505,0,12326
17,65488,65503,0,12351
17,65488,65503,0,12377
16,65488,65501,0,12401
16,65488,65501,0,12426
16,65488,65501,0,12451
16,65487,65500,0,12476
16,65487,65500,0,12500
16,65487,65500,0,12526
16,65488,65500,0,12551
16,65488,65500,0,12576
16,65488,65500,0,12601
15,65488,65499,0,12625
15,65488,65499,0,12651
16,65488,65498,0,12676
16,65488,65498,0,12700
16,65488,65498,0,12726
16,65488,65497,0,12750
16,65488,65497,0,12776
16,65488,65497,0,12801
15,65487,65495,0,12825
15,65487,65495,0,12851
15,65487,65495,0,12875
15,65487,65495,0,12900
15,65487,65495,0,12925
12,65486,65494,0,12950
12,65486,65494,0,12976
12,65486,65494,0,13000
10,65487,65495,0,13025
10,65487,65495,0,13050
10,65487,65495,0,13075
8,65488,65497,0,13100
8,65488,65497,0,13124
9,65489,65499,0,13148
9,65489,65499,0,13172
9,65489,65499,0,13196
10,65490,65501,0,13219
10,65490,65501,0,13245
10,65490,65501,0,13270
12,65490,65500,0,13294
12,65490,65500,0,13320
12,65490,65500,0,13344
13,65488,65499,0,13369
13,65488,65499,0,13394
13,65488,65499,0,13419
12,65487,65498,0,13445
12,65487,65498,0,13469
12,65486,65497,0,13494
12,65486,65497,0,13519
12,65486,65497,0,13544
12,65486,65496,0,13569
12,65486,65496,0,13594
12,65486,65496,0,13619
11,65485,65495,0,13644
11,65485,65495,0,13669
11,65484,65495,0,13693
11,65484,65495,0,13719
11,65484,65495,0,13744
10,65483,65496,0,13768
10,65483,65496,0,13794
10,65483,65496,0,13818
10,65481,65496,0,13844
10,65481,65496,0,13869
10,65481,65496,0,13893
10,65480,65494,0,13919
10,65480,65494,0,13943
8,65478,65493,0,13968
8,65478,65493,0,13992
8,65478,65493,0,14016
6,65479,65491,0,14041
6,65479,65491,0,14064
6,65479,65491,0,14088
3,65483,65489,0,14112
3,65483,65489,0,14136
3,65483,65489,0,14159
65534,65489,65488,0,14184
65534,65489,65488,0,14212
65535,65495,65499,0,14240
65535,65495,65499,0,14268
65535,65495,65499,0,14296
4,65494,65502,0,14324
4,65494,65502,0,14348
4,65494,65502,0,14372
5,65494,65493,0,14396
5,65494,65493,0,14419
2,65494,65492,0,14444
2,65494,65492,0,14468
2,65494,65492,0,14491
6,65492,65494,0,14516
6,65492,65494,0,14539
6,65492,65494,0,14563
10,65489,65489,0,14587
10,65489,65489,0,14612
10,65489,65489,0,14638
10,65485,65482,0,14662
10,65485,65482,0,14687
10,65485,65482,0,14712
6,65482,65476,0,14737
6,65482,65476,0,14760
65535,65480,65475,0,14785
65535,65480,65475,0,14813
65535,65480,65475,0,14841
65526,65481,65479,0,14869
65526,65481,65479,0,14897
65522,65483,65488,0,14925
65522,65483,65488,0,14953
65522,65483,65488,0,14982
65523,65485,65494,0,15009
65523,65485,65494,0,15038
65526,65487,65498,0,15066
65526,65487,65498,0,15093
65526,65487,65498,0,15122
65528,65487,65500,0,15150
65528,65487,65500,0,15178
65531,65487,65501,0,15206
65531,65487,65501,0,15234
65532,65487,65501,0,15262
65532,65487,65501,0,15290
65532,65487,65501,0,15319
65533,65487,65501,0,15346
65533,65487,65501,0,15375
65534,65487,65502,0,15403
65534,65487,65502,0,15430
65534,65487,65502,0,15459
65535,65487,65502,0,15486
65535,65487,65502,0,15515
65535,65487,65501,0,15543
65535,65487,65501,0,15571
65535,65487,65501,0,15599
0,65487,65502,0,15627
0,65487,65502,0,15651
0,65487,65502,0,15675
0,65487,65502,0,15698
0,65487,65502,0,15723
0,65487,65502,0,15747
0,65487,65502,0,15771
0,65487,65502,0,15795
0,65487,65502,0,15818
0,65487,65502,0,15843
0,65487,65502,0,15866
0,65487,65502,0,15890
0,65487,65502,0,15915
0,65487,65502,0,15938
0,65487,65502,0,15962
0,65487,65502,0,15986
1,65487,65502,0,16010
1,65487,65502,0,16034
1,65487,65502,0,16058
1,65487,65502,0,16081
1,65487,65502,0,16106
1,65487,65502,0,16130
1,65487,65502,0,16153
1,65487,65502,0,16178
1,65487,65502,0,16201
1,65487,65502,0,16225
1,65487,65502,0,16249
1,65487,65502,0,16273
1,65487,65502,0,16296
1,65487,65502,0,16321
1,65487,65502,0,16345
1,65487,65502,0,16369
1,65487,65502,0,16393
1,65487,65502,0,16416
2,65487,65502,0,16441
2,65487,65502,0,16464
2,65487,65502,0,16488
2,65487,65502,0,16513
2,65487,65502,0,16536
1,65487,65502,0,16560
1,65487,65502,0,16584
1,65487,65502,0,16608
2,65487,65502,0,16631
2,65487,65502,0,16656
2,65487,65502,0,16679
2,65487,65502,0,16704
2,65487,65502,0,16728
2,65487,65502,0,16751
2,65487,65502,0,16776
2,65487,65502,0,16799
2,65487,65502,0,16823
2,65487,65502,0,16847
2,65487,65502,0,16871
2,65487,65502,0,16894
2,65487,65502,0,16919
2,65487,65502,0,16943
2,65487,65502,0,16967
2,65487,65502,0,16991
2,65487,65502,0,17014
2,65487,65502,0,17039
2,65487,65502,0,17062
2,65487,65502,0,17086
2,65487,65502,0,17111
2,65487,65502,0,17134
2,65487,65502,0,17158
2,65487,65502,0,17182
2,65487,65502,0,17206
2,65487,65502,0,17229
2,65487,65502,0,17254
2,65487,65502,0,17277
2,65487,65502,0,17302
2,65487,65502,0,17326
2,65487,65502,0,17349
2,65487,65502,0,17374
2,65487,65502,0,17397
2,65487,65502,0,17421
2,65487,65503,0,17445
2,65487,65503,0,17469
2,65487,65503,0,17492
2,65487,65502,0,17517
2,65487,65502,0,17541
2,65487,65502,0,17565
2,65487,65502,0,17589
2,65487,65502,0,17612
2,65487,65502,0,17637
2,65487,65502,0,17660
2,65487,65502,0,17684
2,65487,65502,0,17709
2,65487,65502,0,17732
2,65487,65502,0,17756
2,65487,65502,0,17780
2,65487,65502,0,17804
2,65487,65502,0,17827
2,65487,65502,0,17852
2,65487,65502,0,17875
2,65487,65502,0,17900
2,65487,65502,0,17924
2,65487,65502,0,17947
2,65487,65502,0,17972
2,65487,65502,0,17995
2,65487,65502,0,18019
2,65487,65502,0,18043
2,65487,65502,0,18067
2,65487,65502,0,18091
2,65487,65502,0,18115
2,65487,65503,0,18139
2,65487,65503,0,18162
2,65487,65503,0,18187
2,65487,65502,0,18210
2,65487,65502,0,18235
2,65487,65502,0,18258
2,65487,65502,0,18282
2,65487,65502,0,18307
2,65487,65502,0,18330
2,65487,65502,0,18354
2,65487,65502,0,18378
2,65487,65502,0,18402
2,65487,65502,0,18425
2,65487,65502,0,18450
2,65487,65502,0,18473
2,65487,65502,0,18498
2,65487,65502,0,18522
2,65487,65502,0,18545
2,65487,65502,0,18570
2,65487,65502,0,18593
2,65487,65502,0,18617
2,65487,65502,0,18641
2,65487,65502,0,18665
2,65487,65502,0,18689
2,65487,65502,0,18713
2,65487,65502,0,18737
2,65487,65502,0,18760
2,65487,65502,0,18785
2,65487,65502,0,18808
2,65487,65502,0,18833
2,65487,65502,0,18856
2,65487,65502,0,18880
2,65487,65502,0,18905
2,65487,65502,0,18928
2,65487,65502,0,18952
2,65487,65502,0,18976
2,65487,65502,0,19000
2,65487,65502,0,19023
2,65487,65502,0,19048
2,65487,65502,0,19072
2,65487,65502,0,19096
2,65487,65502,0,19120
2,65487,65502,0,19143
2,65487,65503,0,19168
2,65487,65503,0,19191
2,65487,65502,0,19215
2,65487,65502,0,19239
2,65487,65502,0,19263
2,65487,65502,0,19287
2,65487,65502,0,19311
2,65487,65502,0,19335
2,65487,65502,0,19358
2,65487,65502,0,19383
2,65487,65502,0,19406
2,65487,65502,0,19431
2,65487,65502,0,19454
2,65487,65502,0,19478
2,65487,65502,0,19503
2,65487,65502,0,19526
2,65487,65502,0,19550
2,65487,65502,0,19574
2,65487,65502,0,19598
2,65487,65503,0,19621
2,65487,65503,0,19646
2,65487,65503,0,19670
2,65487,65502,0,19693
2,65487,65502,0,19718
2,65487,65502,0,19741
2,65487,65502,0,19766
2,65487,65502,0,19789
2,65487,65502,0,19813
2,65487,65502,0,19837
2,65487,65502,0,19861
2,65487,65502,0,19885
2,65487,65502,0,19909
2,65487,65502,0,19933
2,65487,65502,0,19956
2,65487,65502,0,19981
2,65487,65502,0,20004
2,65487,65502,0,20029
2,65487,65502,0,20052
2,65487,65502,0,20076
2,65487,65502,0,20101
2,65487,65502,0,20124
2,65487,65502,0,20148
2,65487,65503,0,20172
2,65487,65503,0,20196
2,65487,65503,0,20219
2,65487,65502,0,20244
2,65487,65502,0,20268
2,65487,65502,0,20291
2,65487,65503,0,20316
2,65487,65503,0,20339
2,65487,65503,0,20364
2,65487,65502,0,20387
2,65487,65502,0,20411
2,65487,65502,0,20435
2,65487,65502,0,20459
2,65487,65502,0,20483
2,65487,65502,0,20507
2,65487,65502,0,20531
2,65487,65502,0,20554
2,65487,65502,0,20579
2,65487,65502,0,20602
2,65487,65502,0,20627
2,65487,65502,0,20651
2,65487,65502,0,20674
2,65487,65502,0,20699
1,65487,65502,0,20722
1,65487,65502,0,20746
1,65487,65502,0,20770
2,65487,65502,0,20794
2,65487,65502,0,20817
2,65487,65502,0,20842
2,65487,65502,0,20866
2,65487,65502,0,20889
2,65487,65502,0,20914
2,65487,65502,0,20937
2,65487,65502,0,20962
2,65487,65502,0,20985
2,65487,65502,0,21009
2,65487,65502,0,21033
2,65487,65502,0,21057
2,65487,65502,0,21081
2,65487,65502,0,21105
2,65487,65502,0,21129
2,65487,65502,0,21152
2,65487,65502,0,21177
2,65487,65502,0,21200
2,65487,65502,0,21224
2,65487,65502,0,21249
2,65487,65502,0,21272
2,65487,65502,0,21297
2,65487,65502,0,21320
2,65487,65503,0,21344
2,65487,65503,0,21368
2,65487,65503,0,21392
2,65487,65502,0,21415
2,65487,65502,0,21440
2,65487,65502,0,21464
2,65487,65502,0,21487
2,65487,65502,0,21512
2,65487,65502,0,21535
2,65487,65502,0,21560
2,65487,65502,0,21583
2,65486,65502,0,21607
2,65486,65502,0,21632
2,65486,65502,0,21655
2,65487,65502,0,21679
2,65487,65502,0,21703
2,65487,65502,0,21727
2,65487,65502,0,21750
2,65487,65502,0,21775
2,65487,65502,0,21798
2,65487,65502,0,21822
2,65487,65502,0,21847
2,65487,65502,0,21870
2,65486,65502,0,21895
2,65486,65502,0,21918
1,65487,65502,0,21942
1,65487,65502,0,21966
1,65487,65502,0,21990
2,65487,65502,0,22013
2,65487,65502,0,22038
2,65487,65502,0,22062
2,65487,65502,0,22085
2,65487,65502,0,22110
2,65487,65502,0,22133
2,65487,65502,0,22158
2,65487,65502,0,22181
2,65487,65502,0,22205
2,65487,65502,0,22230
2,65487,65502,0,22253
2,65487,65502,0,22277
2,65487,65502,0,22301
2,65487,65502,0,22325
2,65487,65502,0,22348
2,65487,65502,0,22373
2,65487,65502,0,22396
2,65487,65502,0,22420
2,65487,65502,0,22445
2,65487,65502,0,22468
2,65487,65502,0,22493
2,65487,65502,0,22516
2,65487,65502,0,22540
2,65487,65502,0,22564
2,65487,65502,0,22588
2,65487,65502,0,22611
2,65486,65502,0,22636
2,65486,65502,0,22660
2,65486,65502,0,22683
2,65487,65502,0,22708